p td 200 396
0 2
0 3
0 25
0 36
0 90
0 107
0 118
0 162
0 194
1 2
1 4
1 9
1 14
1 20
1 69
1 79
1 143
1 150
1 167
2 3
2 5
2 6
2 7
2 8
2 10
2 16
2 26
2 27
2 40
2 64
2 67
2 71
2 88
2 105
2 113
2 126
2 127
2 129
2 140
2 158
2 191
3 4
3 7
3 11
3 12
3 13
3 17
3 18
3 22
3 24
3 29
3 35
3 46
3 48
3 60
3 62
3 67
3 81
3 85
3 91
3 92
3 95
3 97
3 104
3 105
3 136
3 157
3 165
3 172
3 180
3 195
4 5
4 6
4 9
4 11
4 15
4 20
4 21
4 23
4 33
4 34
4 41
4 45
4 48
4 64
4 70
4 71
4 77
4 78
4 84
4 87
4 96
4 120
4 127
4 135
4 138
4 141
4 145
4 146
4 172
4 176
4 184
4 193
4 196
5 15
5 27
5 31
5 52
5 78
5 83
5 131
5 189
5 193
6 8
6 16
6 18
6 19
6 25
6 39
6 40
6 56
6 73
6 75
6 80
6 96
6 98
6 101
6 133
6 137
6 155
6 174
6 192
7 13
7 28
7 31
7 33
7 34
7 50
7 58
7 94
7 100
7 109
7 110
7 152
7 186
8 57
8 59
8 72
8 82
8 146
9 10
9 12
9 43
9 51
9 79
9 163
9 181
9 185
10 30
10 43
10 93
10 174
10 177
11 17
11 132
11 160
12 19
12 26
12 56
12 114
12 173
12 177
13 14
13 22
13 23
13 30
13 36
13 75
13 87
13 122
13 157
13 170
14 32
14 37
14 50
14 74
14 89
14 129
14 144
14 169
14 171
14 179
14 198
16 153
17 46
17 59
17 65
17 140
18 21
18 35
18 38
18 52
18 57
19 53
19 103
21 24
21 86
21 112
21 117
21 120
21 123
21 142
21 168
21 183
22 62
22 178
22 190
23 28
23 29
23 32
23 41
23 49
23 66
23 72
23 100
23 188
24 38
24 44
25 51
25 53
25 86
25 164
26 82
26 106
26 132
27 37
27 47
27 141
28 54
29 63
29 151
29 154
30 49
30 68
32 115
33 55
34 60
34 80
34 88
34 93
34 123
34 131
34 143
34 188
35 39
35 42
35 44
35 108
35 119
35 124
35 137
35 166
36 133
36 152
37 148
37 181
38 54
38 92
38 121
38 175
39 55
39 91
40 45
40 47
40 122
41 42
41 61
41 102
41 106
41 161
42 95
42 101
42 156
44 70
44 154
45 68
45 77
45 81
45 102
45 115
45 125
46 135
47 109
47 183
49 58
49 98
49 99
49 125
50 84
51 85
51 116
52 66
52 74
52 169
52 190
54 61
54 166
55 108
55 128
55 147
56 153
56 179
57 130
57 150
57 197
58 69
58 128
58 167
60 73
60 94
60 99
60 147
60 189
61 63
61 161
62 97
62 104
62 139
62 164
63 65
63 113
66 76
67 148
67 156
67 198
68 170
69 126
73 76
73 117
73 136
73 142
73 149
73 160
73 185
74 110
75 199
78 83
78 149
82 118
82 187
83 89
83 90
83 184
84 107
85 111
85 112
88 158
88 159
90 111
92 182
93 103
93 151
93 162
97 114
98 121
99 186
101 119
101 130
104 116
106 145
108 176
108 196
113 124
113 165
118 134
118 144
118 159
122 173
123 134
126 178
129 155
131 195
134 138
134 182
134 191
138 139
144 163
145 171
147 180
158 197
160 168
165 199
170 175
176 187
180 192
191 194
