p td 200 784
0 4
0 14
0 141
0 176
1 4
1 5
1 6
1 7
1 9
1 12
1 13
1 18
1 21
1 29
1 32
1 34
1 43
1 49
1 53
1 76
1 79
1 81
1 89
1 103
1 114
1 122
1 135
1 154
1 170
1 176
1 190
1 199
2 4
2 5
2 6
2 7
2 10
2 12
2 20
2 22
2 26
2 30
2 40
2 48
2 49
2 59
2 71
2 80
2 100
2 105
2 110
2 155
2 171
2 192
3 4
3 5
3 8
3 10
3 11
3 13
3 14
3 23
3 24
3 25
3 26
3 33
3 37
3 40
3 42
3 43
3 45
3 46
3 49
3 54
3 60
3 69
3 89
3 103
3 127
3 132
3 138
3 151
3 156
3 158
3 160
3 184
3 194
3 197
4 5
4 6
4 7
4 8
4 10
4 11
4 12
4 14
4 16
4 17
4 18
4 28
4 33
4 38
4 41
4 44
4 52
4 59
4 65
4 67
4 83
4 85
4 123
4 130
4 140
4 145
4 148
4 163
4 168
4 188
4 196
5 6
5 7
5 8
5 9
5 10
5 13
5 15
5 16
5 17
5 21
5 23
5 26
5 29
5 31
5 37
5 38
5 42
5 51
5 55
5 56
5 58
5 61
5 63
5 71
5 83
5 85
5 90
5 101
5 108
5 117
5 121
5 122
5 124
5 128
5 129
5 133
5 135
5 143
5 150
5 151
5 160
5 163
5 171
5 183
6 9
6 12
6 13
6 15
6 16
6 19
6 20
6 21
6 24
6 27
6 28
6 29
6 30
6 31
6 32
6 33
6 35
6 36
6 40
6 47
6 53
6 60
6 61
6 65
6 71
6 75
6 76
6 94
6 99
6 109
6 110
6 119
6 120
6 130
6 133
6 134
6 142
6 143
6 149
6 157
6 161
6 164
6 165
6 177
6 190
7 8
7 9
7 11
7 18
7 21
7 23
7 27
7 47
7 78
7 92
7 106
7 107
7 108
7 161
7 169
7 173
7 183
8 66
8 107
8 189
9 32
9 34
9 82
9 92
9 144
9 157
9 168
9 175
10 11
10 15
10 17
10 26
10 28
10 44
10 50
10 54
10 58
10 59
10 63
10 71
10 73
10 81
10 82
10 88
10 91
10 94
10 98
10 107
10 109
10 123
10 133
10 136
10 146
10 152
10 157
10 161
10 175
10 176
10 182
10 193
11 16
11 18
11 19
11 34
11 53
11 55
11 72
11 84
11 87
11 95
11 102
11 115
11 121
11 152
11 159
12 14
12 15
12 19
12 20
12 22
12 24
12 30
12 32
12 33
12 37
12 38
12 41
12 42
12 43
12 51
12 54
12 62
12 65
12 66
12 74
12 76
12 78
12 81
12 82
12 88
12 89
12 94
12 95
12 96
12 97
12 103
12 111
12 126
12 136
12 139
12 141
12 153
12 154
12 167
12 173
12 185
12 187
12 191
13 43
13 54
13 57
13 82
13 84
13 115
13 131
13 181
14 36
14 45
14 56
14 131
14 136
14 150
14 198
15 17
15 19
15 31
15 60
15 62
15 112
15 120
15 134
15 154
15 162
15 166
15 195
15 196
15 198
16 20
16 31
16 45
16 63
16 79
16 93
16 125
17 40
17 42
17 68
17 69
17 105
17 123
17 139
18 22
18 24
18 27
18 44
18 57
18 74
18 92
18 142
18 148
18 175
18 185
19 22
19 23
19 25
19 117
19 129
19 140
19 154
20 116
21 64
21 78
21 105
21 116
21 146
21 174
21 192
21 194
22 25
22 44
22 45
22 46
22 55
22 67
22 85
22 111
22 112
22 119
22 153
22 167
22 174
22 185
22 189
22 198
23 27
23 35
23 36
23 70
23 78
23 98
23 101
23 126
23 137
23 150
23 179
23 183
23 197
24 25
24 57
24 80
24 96
24 122
24 159
24 172
24 180
24 193
25 30
25 35
25 39
25 57
25 62
25 66
25 70
25 87
25 91
25 100
25 157
26 28
26 35
26 37
26 52
26 81
26 91
26 115
26 145
26 162
26 186
26 195
27 29
27 38
27 41
27 47
27 48
27 51
27 73
27 92
27 95
27 106
27 177
28 39
28 41
28 64
28 67
28 72
28 123
29 51
29 72
30 48
30 50
30 56
30 102
30 169
30 171
30 188
31 61
31 113
32 36
32 64
32 74
32 86
32 113
32 121
32 199
33 34
33 39
33 52
33 58
33 69
33 87
33 104
33 152
33 177
34 48
34 50
34 86
34 109
35 49
35 76
35 94
35 122
35 171
35 186
35 187
36 39
36 47
36 55
36 62
36 79
36 90
36 104
36 117
36 118
36 124
36 133
36 142
36 151
36 168
36 173
36 174
36 187
36 199
37 68
37 75
37 103
37 165
38 85
38 178
39 69
39 77
39 83
39 84
39 97
39 99
39 125
39 127
39 138
39 160
40 120
41 114
42 46
43 66
43 73
43 96
43 107
43 113
43 116
43 136
43 141
43 153
43 156
43 163
44 79
44 90
44 99
44 111
44 113
44 134
44 148
44 182
44 191
45 46
45 60
45 70
45 80
45 128
45 143
46 128
46 142
47 53
47 61
47 64
47 75
47 89
47 93
47 97
47 109
47 114
49 50
49 52
49 74
49 88
49 91
49 98
49 132
49 191
49 192
50 90
50 141
51 68
51 75
51 86
51 149
51 195
52 65
52 88
52 101
52 118
52 163
52 169
53 58
53 59
53 77
53 104
54 63
54 77
54 149
54 184
55 56
55 127
55 178
56 150
56 162
56 175
56 190
57 87
57 112
57 119
57 138
57 188
58 166
58 167
58 186
59 138
60 70
60 84
60 96
60 100
60 112
60 166
61 77
61 119
61 126
61 137
61 147
62 73
62 100
62 129
63 155
63 164
63 170
63 174
65 67
65 68
65 99
66 93
66 177
67 72
67 93
67 182
67 187
68 80
68 179
70 117
70 139
70 159
71 116
71 132
71 155
71 196
72 130
73 108
73 134
74 111
74 172
75 127
76 83
76 124
76 140
77 164
77 172
78 98
78 120
78 135
78 144
78 156
78 199
79 86
79 115
79 126
79 145
81 105
83 95
84 97
84 167
85 110
85 158
85 168
86 189
87 104
87 114
87 190
88 140
88 185
89 158
90 155
93 101
93 106
93 128
93 172
94 146
95 162
96 158
97 102
97 110
97 118
97 129
98 106
98 130
99 102
99 149
101 132
101 147
102 161
102 188
105 108
106 164
106 169
106 193
107 143
109 144
110 118
110 125
110 170
111 192
111 198
112 135
114 124
114 152
114 180
114 189
116 121
117 125
117 173
118 131
119 156
120 137
120 179
121 146
121 181
121 193
123 182
123 194
124 176
125 148
126 195
128 137
128 178
129 131
129 144
136 166
137 160
138 139
138 165
139 180
142 184
144 145
145 147
146 147
147 151
147 153
147 159
147 180
147 184
152 197
154 179
156 170
158 165
163 181
164 178
165 194
167 191
170 196
171 181
171 183
183 186
191 197
