p td 1000 4000 
215 708
855 981
715 625
736 680
924 813
678 255
685 45
459 118
299 673
834 247
293 176
701 744
319 738
882 642
875 548
818 622
845 498
367 369
604 185
220 756
265 614
911 471
519 756
852 232
565 359
602 885
462 480
654 77
654 86
601 999
917 565
634 429
594 476
129 466
182 429
847 232
36 1000
150 264
822 498
859 923
818 416
821 118
498 128
20 102
207 311
381 58
477 881
764 167
341 978
39 429
927 834
761 216
498 655
934 961
538 909
573 961
373 330
1000 487
628 94
773 594
386 648
2 512
797 647
883 812
476 537
601 10
300 366
323 465
745 980
771 264
84 332
860 393
74 223
850 428
257 465
404 727
198 644
402 150
454 476
260 941
576 260
574 437
950 355
190 70
474 90
139 229
914 141
603 758
499 59
212 171
467 676
996 136
279 559
150 136
823 836
187 1000
700 56
727 408
699 583
241 879
336 73
496 958
235 144
774 981
493 75
114 508
883 642
289 213
460 108
731 960
102 846
520 870
96 1000
593 94
546 83
259 416
699 393
202 817
266 190
774 28
469 863
265 99
272 231
460 497
547 340
984 966
69 269
87 286
231 55
8 952
907 47
926 107
557 905
207 801
538 810
15 43
867 590
961 402
785 255
680 608
823 459
950 96
793 221
69 319
920 574
770 388
739 376
782 725
198 912
122 746
725 657
250 322
209 914
128 37
711 80
118 460
854 932
356 882
802 623
291 917
725 343
377 875
794 321
827 80
808 675
586 987
414 575
429 849
351 195
446 33
156 851
878 177
108 152
797 518
920 985
160 810
727 129
683 413
447 310
59 935
844 685
352 668
824 888
972 259
737 898
783 152
139 718
145 803
251 949
974 170
541 665
337 425
554 739
352 389
547 507
792 5
135 608
995 603
689 838
209 321
621 140
466 909
498 236
407 459
169 550
680 284
533 53
195 909
123 330
424 464
636 283
520 475
132 438
210 589
427 643
677 236
559 123
538 992
164 162
996 318
178 524
761 82
309 475
409 347
889 172
687 31
842 224
321 202
351 87
697 961
796 383
903 628
998 383
574 676
237 462
406 869
744 521
673 947
133 634
872 155
42 346
392 420
747 382
918 914
856 916
788 99
747 150
767 388
306 706
777 273
792 966
873 295
121 110
116 363
81 822
495 270
328 649
261 621
835 824
719 731
417 81
34 707
391 680
219 902
182 934
101 589
168 44
607 813
459 665
530 628
55 358
729 274
211 299
520 290
245 243
676 999
535 335
525 550
143 46
884 507
216 746
956 861
644 543
177 394
898 285
131 343
715 58
702 150
535 560
400 936
367 570
679 849
456 267
201 406
849 198
98 652
261 312
34 937
511 399
789 254
464 699
826 910
322 738
571 414
768 756
488 407
10 445
380 220
291 571
974 318
478 205
915 549
874 929
552 34
679 945
719 999
321 819
179 956
791 546
144 793
778 583
560 713
662 979
802 41
366 409
76 274
445 531
588 648
420 452
880 295
352 630
668 772
996 332
263 207
795 362
273 781
113 913
183 83
60 778
744 892
325 535
44 87
949 395
610 25
308 228
830 474
154 800
459 966
193 224
52 875
234 896
117 761
238 414
98 646
807 569
132 722
419 532
397 211
665 731
287 94
874 591
532 553
829 198
260 839
762 796
276 619
725 600
387 561
891 822
410 515
556 174
51 858
722 974
85 103
229 495
575 157
268 408
918 956
958 281
284 314
660 489
163 233
43 128
386 25
720 970
399 249
587 984
868 371
213 675
130 451
647 159
560 872
744 207
849 567
562 377
235 920
919 280
449 190
450 236
738 922
657 842
989 54
253 146
445 343
565 843
955 265
748 38
705 316
183 109
31 902
331 107
151 414
38 449
517 175
552 98
360 971
419 188
793 37
193 311
808 251
765 695
188 362
978 931
987 734
88 570
621 119
956 272
758 873
56 36
280 731
378 88
818 884
452 532
761 878
644 79
171 581
855 710
639 775
937 708
801 636
24 924
91 811
497 115
528 689
310 813
937 636
524 745
698 257
711 327
982 694
91 496
83 140
138 782
917 962
275 580
465 214
599 668
693 212
377 501
718 7
648 7
994 381
942 976
650 48
621 835
615 349
143 616
972 847
380 716
681 4
596 683
363 569
110 294
916 434
237 466
888 175
522 681
493 544
795 169
611 782
430 537
547 478
397 912
414 902
437 282
634 166
416 575
881 425
910 329
35 990
295 392
280 168
599 103
879 932
927 272
562 735
289 860
892 520
444 458
614 720
715 124
916 658
956 456
628 47
160 546
90 676
331 688
15 925
983 471
121 446
834 361
565 213
974 407
132 967
475 796
237 591
228 690
133 307
673 460
108 950
428 598
750 139
150 247
679 230
496 635
801 286
143 590
716 537
533 392
380 438
81 735
211 271
940 180
184 973
404 846
117 494
589 339
373 911
51 307
618 471
280 4
640 533
917 93
502 242
544 952
736 535
850 3
773 109
140 59
55 301
307 427
976 71
872 537
869 655
376 90
463 11
557 760
72 591
454 614
650 315
828 817
372 124
471 186
976 118
316 841
626 847
197 155
844 608
909 692
12 894
362 637
337 938
690 800
381 660
792 602
192 460
718 395
848 720
749 669
38 389
597 918
526 999
602 91
107 835
797 816
831 739
302 11
324 368
73 947
36 927
27 292
388 831
193 724
159 423
799 322
410 9
389 652
299 128
313 819
51 879
242 775
795 764
32 27
900 72
789 540
517 35
85 181
886 601
387 367
255 650
754 445
971 189
551 125
828 986
862 607
16 851
19 324
489 877
531 486
867 784
109 955
765 969
111 44
778 474
356 703
218 424
859 834
796 864
344 661
733 792
77 658
917 905
253 604
946 200
485 523
589 463
470 677
568 890
490 795
508 464
280 385
2 960
757 230
713 477
344 40
854 60
763 768
4 996
604 923
936 351
509 925
67 784
645 16
274 754
834 212
315 193
19 384
343 913
432 669
456 933
857 437
250 759
542 212
132 82
558 415
728 512
40 856
855 45
432 167
778 509
339 15
150 662
37 606
346 885
189 213
801 494
803 409
39 953
917 908
436 555
46 165
519 884
763 344
717 651
631 72
75 515
247 370
126 203
898 788
857 606
222 177
661 788
81 115
748 366
812 620
541 322
588 482
975 176
87 616
949 13
808 583
110 298
147 146
364 732
325 701
358 240
242 364
962 464
377 516
450 700
797 985
838 63
582 83
190 280
42 885
466 581
814 682
26 634
339 297
836 458
815 240
392 244
249 865
358 362
678 265
347 733
548 794
201 228
578 627
271 501
28 355
933 631
700 566
659 812
622 478
774 15
309 99
336 993
82 930
236 654
646 822
833 13
958 945
522 975
444 406
384 592
563 715
196 496
445 298
348 278
145 662
3 469
729 788
34 104
457 174
607 634
165 775
467 468
489 124
672 960
353 761
612 198
779 338
628 338
301 597
40 206
60 514
944 987
238 117
987 424
210 949
682 888
583 587
825 186
723 682
441 9
835 821
987 604
24 132
902 144
593 547
653 188
402 633
174 574
585 842
109 363
511 972
613 277
493 376
440 207
577 132
612 459
704 109
940 492
703 615
856 290
178 905
845 397
831 268
911 576
915 977
746 75
448 650
898 632
7 407
486 30
161 41
507 163
389 422
167 892
868 548
155 116
74 868
632 888
442 315
280 548
238 991
97 536
356 471
906 188
704 155
118 16
193 55
70 188
959 904
987 124
907 474
617 899
478 45
907 994
670 259
542 730
367 302
801 871
413 854
767 173
161 456
435 974
282 50
227 449
533 488
212 945
855 882
289 256
974 181
986 439
776 111
727 322
930 243
21 943
102 547
461 429
644 775
611 717
67 23
532 410
989 724
843 439
471 292
973 534
206 890
760 279
580 758
572 177
24 669
105 269
217 462
464 501
711 787
367 48
820 292
474 672
550 443
362 822
151 663
433 705
881 226
979 181
904 755
307 9
274 641
368 606
40 2
400 179
46 535
824 13
824 228
475 869
254 977
78 599
536 843
505 26
567 91
729 618
163 964
214 136
658 592
388 968
101 61
869 858
139 375
367 42
912 377
400 874
97 852
86 640
46 700
151 725
318 477
814 939
800 119
388 269
986 307
934 10
456 939
587 579
764 611
871 450
292 596
216 361
163 90
981 629
829 928
904 975
443 787
206 51
145 232
231 308
522 627
435 265
641 310
200 373
971 235
826 186
607 230
487 742
757 517
458 438
966 737
905 756
415 393
910 839
66 639
450 176
294 78
383 45
173 686
494 854
556 600
473 354
406 597
182 966
506 844
44 387
148 645
946 696
44 468
42 631
360 66
971 780
711 294
660 862
386 183
132 336
930 419
886 101
717 575
628 497
721 627
188 810
880 460
74 328
126 500
475 692
896 842
98 200
75 307
126 848
158 521
962 744
796 756
493 637
321 704
368 986
941 199
20 188
283 756
494 665
793 960
993 307
999 376
464 568
807 918
796 167
396 589
717 681
803 519
898 946
475 606
733 200
279 175
32 984
77 867
134 804
673 243
418 38
581 418
557 930
680 526
635 358
499 52
964 724
644 489
387 199
372 534
104 488
482 791
318 562
126 112
744 296
208 240
107 883
69 617
829 145
779 314
971 452
92 123
119 533
20 641
853 885
894 245
625 488
206 322
923 538
224 858
86 415
332 824
926 723
438 775
462 150
269 676
25 255
532 638
208 857
634 14
489 494
208 323
228 76
667 10
782 341
392 62
830 39
468 526
150 900
28 86
257 404
71 189
527 135
62 9
622 29
358 114
438 595
178 30
440 331
768 443
132 205
434 512
385 998
909 424
505 555
790 292
893 15
96 400
853 255
174 531
560 761
473 230
556 729
476 45
75 343
422 134
468 641
321 579
182 99
198 350
315 826
880 1000
157 56
72 248
560 238
720 642
812 609
565 701
5 68
120 231
289 884
595 155
241 486
391 100
283 142
534 820
995 333
163 771
226 875
624 747
862 646
864 151
728 249
207 549
895 293
495 229
253 33
653 148
477 955
943 849
379 409
230 62
355 421
305 117
258 419
777 324
82 656
670 142
917 827
987 204
840 656
309 308
359 458
121 703
849 238
406 955
609 697
338 67
950 439
513 47
846 722
958 395
741 184
744 893
44 333
302 554
26 284
642 626
69 516
250 873
813 383
713 578
441 339
125 156
997 707
673 291
369 889
803 838
952 449
205 343
151 367
521 951
530 997
183 692
874 374
340 486
131 645
793 779
757 425
611 277
168 868
142 688
908 79
784 121
449 105
826 955
47 43
659 885
717 986
908 713
530 783
88 734
447 780
495 78
389 196
40 831
809 771
115 211
230 317
475 435
393 913
928 564
354 45
647 915
917 271
241 375
180 73
337 385
485 927
200 639
876 562
35 679
973 972
484 513
709 702
863 101
637 556
958 616
301 727
453 281
458 710
318 255
164 967
286 688
542 478
321 249
167 113
771 505
590 956
688 988
291 524
759 618
834 717
650 604
345 855
609 435
999 129
357 869
701 846
846 171
507 227
544 961
589 405
185 124
786 120
342 740
485 934
135 713
679 69
760 94
729 622
631 463
653 805
734 239
864 975
285 620
801 81
255 891
62 160
468 892
220 846
766 984
762 147
803 344
779 261
793 129
207 973
174 922
312 404
362 132
854 559
279 178
513 462
905 508
942 923
850 71
272 188
143 332
914 662
182 982
651 816
978 65
364 453
525 463
868 487
8 345
315 280
178 935
900 606
545 378
153 969
399 239
744 630
207 376
543 695
499 7
924 502
446 926
918 833
181 443
134 938
108 560
181 136
901 926
1 108
431 564
2 723
215 372
658 547
762 276
790 166
776 88
437 212
389 540
3 439
472 501
22 713
598 879
518 272
405 680
298 214
801 74
543 806
165 524
112 719
851 413
68 647
563 568
907 803
124 830
770 316
952 175
116 97
252 852
164 33
592 768
186 521
344 208
665 175
140 677
369 660
31 528
216 753
962 109
508 125
442 985
438 147
663 573
629 69
678 46
297 937
498 385
867 285
122 939
539 873
603 426
881 669
547 344
642 696
513 649
479 519
380 15
126 202
112 705
215 614
763 602
939 343
692 873
367 511
928 580
828 231
716 904
663 275
439 920
839 800
607 205
576 722
660 103
674 7
769 368
622 311
510 129
748 486
97 546
302 707
469 898
387 761
924 592
458 691
79 109
776 97
109 504
543 128
485 275
338 234
968 949
110 920
570 252
194 834
811 161
21 846
89 476
391 720
289 477
863 605
27 901
450 360
512 172
51 903
188 54
479 810
479 102
691 30
391 57
666 990
178 270
582 545
563 16
392 586
82 248
521 30
123 814
858 592
143 156
819 89
219 100
498 20
712 893
51 652
832 583
758 454
93 251
200 447
195 434
541 464
1000 82
33 981
918 817
3 453
839 531
160 418
725 759
696 852
890 512
484 509
238 228
902 242
186 87
895 482
65 858
954 401
44 133
17 670
880 829
524 462
662 183
737 537
387 146
656 410
503 456
759 777
418 593
836 423
18 697
179 895
293 96
944 954
933 992
154 423
421 460
894 379
535 40
25 963
657 311
16 6
325 324
151 911
504 808
392 827
540 162
587 588
761 342
48 877
710 304
600 909
742 671
119 412
613 394
969 187
144 163
89 507
67 923
518 598
313 597
590 298
571 711
721 73
527 385
150 570
696 242
476 452
500 521
83 556
719 770
769 444
945 317
317 881
138 220
857 301
826 493
83 526
129 768
615 976
36 755
779 978
30 1000
266 107
268 373
120 477
950 915
249 173
947 721
35 907
425 905
463 549
231 673
838 659
792 867
751 445
7 447
694 805
800 941
305 789
299 332
760 192
903 391
721 805
533 94
859 797
859 469
729 732
72 791
845 145
842 561
168 579
591 393
962 866
915 347
808 745
322 136
730 622
659 219
889 720
543 272
391 908
436 381
475 466
569 197
466 731
438 580
809 392
197 582
400 370
814 850
710 749
949 678
478 175
998 656
211 424
830 407
466 694
176 317
479 460
591 553
362 341
746 720
358 441
508 700
981 265
82 950
789 205
18 200
807 43
850 250
830 389
464 577
875 504
294 543
753 238
725 707
134 597
632 713
761 845
108 648
646 376
596 401
917 1
682 80
879 802
963 190
154 689
891 439
679 674
378 484
669 241
694 838
482 514
873 809
232 573
37 895
384 270
596 903
999 241
879 993
715 492
113 403
365 369
706 161
129 61
141 657
418 806
902 988
3 870
269 664
876 546
371 701
349 744
259 631
915 946
476 751
93 14
726 603
372 453
610 223
985 372
802 352
115 699
186 813
492 111
139 135
668 908
410 429
269 606
668 734
681 69
488 694
595 162
894 152
831 792
724 385
969 809
396 168
292 42
84 279
512 316
123 178
788 769
909 372
895 789
907 80
654 200
599 449
901 868
227 792
206 860
137 755
660 409
807 26
916 50
337 796
992 73
246 420
239 639
514 675
986 946
57 91
898 522
613 919
410 716
745 263
882 195
506 706
979 582
413 875
109 801
464 97
208 520
267 280
95 915
98 530
262 333
320 548
486 877
692 138
419 195
316 965
669 264
429 944
446 516
935 984
444 574
19 756
477 487
407 513
17 754
308 804
856 100
225 51
785 22
918 451
574 511
639 82
709 446
971 179
181 601
600 94
482 19
744 403
54 453
860 62
772 4
543 188
662 826
60 745
947 915
695 149
545 831
860 889
479 560
50 190
777 876
852 312
340 462
651 832
933 88
77 733
212 111
802 194
794 570
209 884
608 168
465 208
265 172
73 146
63 969
589 937
610 109
252 693
422 380
642 567
357 731
75 1
412 338
275 319
407 71
814 113
501 526
350 371
617 287
451 738
748 147
368 227
443 79
822 431
229 463
524 583
250 584
658 64
992 202
530 34
90 765
698 979
388 609
459 342
888 815
544 770
745 736
196 576
982 871
477 9
5 920
543 418
187 601
976 892
434 222
210 186
44 541
578 16
979 793
314 404
763 199
714 500
955 894
237 238
649 648
522 186
202 578
18 900
342 218
319 799
114 61
646 832
374 664
280 907
158 258
606 97
9 459
60 329
118 499
282 108
363 245
783 665
131 625
761 184
484 697
977 296
758 856
926 930
831 119
22 63
723 763
529 482
665 522
534 668
724 396
984 478
483 987
498 848
721 378
231 553
866 313
840 769
984 156
833 734
782 5
833 690
42 723
732 391
822 210
791 864
191 734
15 584
725 629
920 672
923 978
393 199
602 86
383 760
739 684
954 719
196 230
349 493
232 680
860 482
24 54
695 745
21 515
766 788
848 560
51 682
137 595
887 604
980 30
981 380
70 283
949 815
156 469
956 998
300 796
444 312
469 804
464 476
365 680
735 497
877 533
375 208
575 147
912 919
146 918
12 607
882 745
313 514
739 630
4 108
188 622
222 321
274 492
27 483
92 530
520 915
925 814
509 790
580 27
976 990
466 562
788 314
689 423
651 196
646 554
298 303
517 542
111 342
220 132
334 810
372 231
400 711
277 9
163 281
754 557
44 996
477 881
206 346
605 44
743 46
205 381
793 246
405 463
688 200
536 791
218 615
572 610
641 115
717 886
626 612
107 48
941 71
688 212
409 98
229 720
233 378
771 937
517 844
455 20
958 375
237 354
762 227
975 993
350 964
332 207
573 82
667 144
289 641
37 56
86 133
800 355
494 312
826 157
161 602
526 640
730 959
732 181
956 753
208 314
404 603
569 462
2 210
42 304
924 853
998 319
346 676
161 525
180 507
268 260
599 868
139 86
842 929
483 239
69 424
256 653
5 753
667 215
690 942
479 353
685 181
109 298
168 904
836 69
878 385
317 149
781 67
878 574
957 473
879 895
56 428
680 343
451 385
189 163
134 246
571 528
566 314
585 398
905 568
936 854
401 421
272 941
153 423
127 768
423 423
592 940
357 651
226 515
688 354
130 816
309 427
475 128
289 44
67 9
977 247
437 993
379 231
590 461
42 656
217 683
884 906
142 53
999 375
782 503
672 352
182 76
836 889
907 271
693 572
499 223
661 872
616 317
197 292
923 393
895 196
569 536
996 673
653 474
30 472
98 583
257 433
716 899
754 182
778 562
54 801
555 261
455 22
571 340
662 850
294 861
609 993
939 451
717 696
496 93
38 996
493 463
218 593
875 910
894 790
519 230
992 66
399 60
189 172
222 908
6 641
383 926
737 73
58 844
490 223
381 223
40 301
660 98
834 901
869 471
417 420
72 18
973 162
524 269
599 850
366 504
540 587
543 711
836 139
564 485
97 670
789 795
332 142
448 477
526 113
743 454
747 981
683 428
52 881
18 849
265 165
26 582
168 880
209 733
366 888
111 885
683 884
418 908
202 754
799 268
778 72
649 233
308 618
811 560
539 258
384 279
373 717
876 295
445 37
125 435
713 997
773 714
791 15
796 679
565 582
874 15
884 150
40 736
193 653
759 516
41 776
913 69
958 402
478 781
567 4
357 448
260 707
625 879
694 674
788 594
907 640
398 341
95 692
437 758
319 389
25 787
841 548
780 913
387 225
732 3
405 62
358 790
422 44
416 227
258 617
483 156
220 161
588 284
196 460
335 578
526 781
907 639
346 357
138 401
373 105
286 920
504 825
941 216
93 665
798 465
694 903
530 845
519 97
381 99
502 120
199 285
216 308
996 840
224 277
879 142
953 458
91 801
206 29
501 216
754 387
765 944
143 877
567 612
769 391
723 112
590 935
196 756
6 735
70 250
784 985
982 961
783 980
262 898
233 998
716 230
15 78
317 456
411 746
599 474
10 581
581 404
204 855
356 207
140 814
418 307
752 734
180 988
552 192
4 31
954 534
156 326
44 896
462 142
398 287
606 857
830 655
720 335
56 471
892 88
121 150
539 85
871 709
521 525
205 382
146 670
539 579
221 752
191 580
701 529
527 68
932 770
647 512
268 738
944 478
696 869
707 542
385 726
798 640
448 113
387 134
536 599
603 429
377 209
922 171
424 148
849 418
281 20
371 270
458 651
732 564
692 804
532 78
192 539
263 674
766 47
385 190
271 242
888 390
460 291
935 78
906 777
541 203
262 960
738 205
506 986
897 670
809 122
754 295
616 12
511 303
745 247
223 943
944 373
943 345
411 71
959 446
201 758
246 155
273 870
526 736
836 417
750 396
184 219
676 972
126 591
337 221
686 254
470 709
294 779
590 824
785 777
636 631
854 247
511 721
596 196
711 696
9 185
271 734
414 71
666 560
276 292
98 639
26 402
102 735
482 773
770 798
535 797
935 482
666 203
785 165
975 676
157 433
551 481
837 168
290 506
481 15
223 985
288 131
332 358
988 108
491 621
303 365
260 121
3 410
145 581
196 601
852 230
584 858
645 691
354 334
729 29
740 496
532 804
25 679
645 379
380 269
843 822
415 49
525 929
842 207
78 263
824 975
28 334
562 256
262 636
485 232
849 195
193 211
191 290
843 322
261 925
569 231
893 47
296 615
425 195
879 891
801 234
552 545
601 933
269 923
300 485
103 586
10 828
821 33
434 982
387 769
279 394
60 636
63 153
385 209
379 2
923 710
585 949
551 156
52 120
749 485
382 390
731 9
920 670
677 583
591 133
570 942
259 709
891 976
342 107
947 591
3 95
166 848
702 244
146 361
237 854
966 96
979 120
92 494
838 98
617 920
169 99
105 859
904 706
198 381
360 885
630 898
385 802
936 498
540 331
119 8
628 946
553 748
41 767
968 354
421 683
266 931
236 714
120 649
965 513
59 592
585 462
837 185
877 933
431 647
238 699
922 626
403 479
807 608
421 877
30 607
626 682
123 209
964 835
862 106
935 898
98 562
509 459
215 996
54 602
446 444
976 639
917 236
994 491
547 326
870 180
619 143
266 217
871 936
290 941
421 926
430 309
994 516
577 253
599 757
606 252
396 723
547 720
388 302
47 904
371 616
896 7
1 758
552 325
43 106
631 472
4 647
939 269
584 592
877 107
503 393
820 380
929 426
252 991
933 208
870 185
667 356
440 526
61 534
642 388
560 260
850 365
775 248
180 265
662 174
82 359
862 177
319 954
69 865
540 525
325 934
147 691
807 212
718 344
288 196
220 109
709 97
152 543
843 256
127 875
325 331
312 786
949 857
469 500
876 370
649 179
956 174
804 852
204 558
304 303
928 650
527 240
805 309
992 346
373 363
843 977
912 322
700 782
701 940
369 243
173 750
720 284
245 849
817 861
684 98
902 600
425 842
658 870
81 497
525 428
23 33
333 23
864 38
18 161
239 994
556 838
695 294
31 945
534 802
976 616
184 754
861 586
190 407
452 644
742 510
934 814
599 659
905 386
338 353
394 699
688 282
608 451
901 130
689 562
270 386
325 489
247 411
4 629
477 321
543 190
66 162
885 159
428 669
521 320
794 644
739 556
735 717
367 313
730 445
227 185
462 495
839 965
999 582
813 97
105 369
521 475
63 603
995 635
836 604
707 672
460 747
709 787
884 509
255 612
363 831
231 535
139 154
654 850
367 948
140 337
412 517
844 117
165 177
722 985
564 94
572 539
855 665
625 106
228 863
83 504
848 716
20 151
957 157
267 130
105 593
197 168
795 149
146 418
267 572
151 920
479 382
595 542
256 839
47 409
384 57
501 520
39 739
848 982
446 588
346 854
821 344
704 666
539 971
841 738
75 118
283 988
259 253
755 29
395 13
162 975
413 496
714 962
62 538
556 92
692 496
659 294
882 506
237 243
159 346
614 885
956 420
372 868
372 854
48 616
138 886
461 183
703 494
767 111
239 293
429 12
382 706
981 54
930 362
143 205
727 641
351 229
618 850
646 506
327 921
726 821
960 718
119 138
358 780
205 41
101 222
806 785
886 494
891 147
262 679
528 720
463 934
999 948
927 492
18 847
136 918
693 479
149 878
92 960
776 175
993 486
162 546
64 528
333 687
303 945
420 476
724 621
242 666
147 281
296 811
973 720
35 487
872 176
845 180
587 475
657 850
375 94
785 130
290 712
828 879
7 540
401 705
670 200
64 301
990 490
56 163
550 648
213 486
25 502
78 726
99 357
764 475
348 108
99 421
883 983
942 521
974 841
325 577
546 3
361 820
677 69
1000 430
263 608
262 28
113 158
503 669
923 658
244 550
617 52
232 535
661 826
688 345
265 533
885 355
554 237
526 976
369 204
977 599
746 314
719 700
932 39
28 734
178 195
63 800
900 634
48 196
958 271
548 897
836 985
292 979
131 788
347 754
376 81
695 302
104 708
375 9
713 444
888 106
5 81
412 728
354 198
450 996
595 521
739 154
660 398
345 812
899 515
266 706
276 683
836 153
220 548
210 661
927 873
606 804
449 758
511 881
66 307
689 821
193 893
455 665
191 502
665 242
792 608
25 565
868 638
345 44
100 45
272 885
663 244
680 354
637 411
650 833
441 413
348 576
338 751
463 213
497 2
956 108
995 881
774 635
166 805
685 914
368 995
366 182
110 788
866 639
979 48
374 292
116 991
18 732
563 801
889 956
601 536
659 74
861 340
924 195
843 575
542 636
262 699
863 898
145 154
580 902
1 20
91 811
524 490
792 635
679 890
969 592
53 715
819 217
535 49
349 906
599 406
988 894
416 185
181 277
676 29
572 990
62 161
859 102
291 733
210 250
760 386
982 331
199 525
316 3
473 72
841 741
817 139
592 285
113 884
936 13
42 116
180 299
286 819
737 468
529 814
423 284
130 636
264 279
228 962
886 364
136 90
959 606
480 173
418 622
139 351
835 665
50 598
444 136
890 989
598 987
932 342
484 829
588 262
768 818
617 201
577 978
639 931
291 127
988 507
974 752
766 199
857 27
393 588
976 951
431 709
120 112
878 107
771 973
420 471
336 853
17 289
505 187
161 712
385 404
828 333
138 774
270 1
397 965
260 80
411 491
967 323
902 99
51 620
444 122
696 775
604 428
604 851
835 117
127 876
161 241
153 159
824 211
757 859
182 728
245 631
902 105
752 501
969 341
291 985
922 486
946 777
652 265
952 592
87 839
243 199
540 311
733 312
474 169
429 48
931 786
719 634
57 39
212 325
204 139
307 42
136 714
286 605
182 717
499 122
610 345
640 554
431 351
432 344
238 696
259 499
541 509
483 46
384 452
295 719
934 597
67 755
103 220
885 806
507 558
999 293
209 843
704 958
293 93
523 631
268 175
759 357
993 299
976 402
815 498
247 619
146 321
724 61
460 488
683 182
595 721
489 733
988 285
46 626
147 899
226 754
616 43
928 241
532 142
408 641
485 85
792 727
284 733
814 55
750 567
166 106
588 143
469 670
89 607
923 161
956 410
336 498
813 909
101 412
380 620
17 177
717 217
960 800
441 30
729 618
257 712
868 169
294 928
688 982
726 277
973 740
982 220
590 983
144 909
703 880
634 576
133 737
433 906
621 8
839 572
787 758
211 438
982 417
13 305
834 812
41 772
799 471
387 419
928 109
713 913
914 287
91 342
563 770
624 999
164 501
545 652
595 141
225 182
10 764
79 610
985 404
885 299
259 58
733 921
41 887
608 818
858 191
395 204
492 371
765 644
580 231
860 19
997 644
553 544
227 553
844 237
69 819
31 797
156 338
630 680
298 64
275 131
95 144
574 218
812 822
776 578
605 969
206 737
78 42
991 948
762 675
987 137
131 207
178 140
895 619
446 127
950 373
654 922
731 903
725 939
769 487
230 111
644 767
26 302
410 76
842 774
422 403
694 662
427 868
573 434
57 119
4 677
604 293
739 422
772 610
574 967
433 817
586 130
635 872
146 869
393 302
977 879
748 912
518 145
727 917
136 188
847 125
778 972
611 780
316 85
688 999
462 777
183 471
705 251
220 838
626 561
416 908
391 192
788 954
991 289
403 486
332 78
322 359
686 21
656 169
349 400
719 227
695 420
110 447
572 809
306 525
444 265
411 374
974 32
734 547
842 740
959 928
109 210
414 379
992 545
323 115
78 709
354 389
6 932
747 238
749 965
922 268
299 860
438 224
544 339
207 128
971 712
243 566
905 354
470 576
289 645
170 861
964 88
150 589
711 458
8 577
582 206
877 21
939 620
563 408
861 301
40 351
710 839
572 874
564 497
64 733
289 291
958 52
264 138
203 260
375 969
947 258
239 935
207 373
66 738
136 233
387 629
754 535
460 894
147 243
650 631
667 742
271 791
619 238
237 764
906 827
582 31
320 756
206 503
979 137
294 906
989 939
787 830
415 450
712 342
883 756
609 344
903 551
709 863
295 84
519 89
570 101
810 592
47 484
934 520
823 112
7 2
816 78
980 307
199 995
869 613
544 868
456 20
218 812
237 308
856 209
849 723
227 955
268 347
209 337
236 622
611 528
906 815
711 290
469 349
367 318
651 39
800 51
189 771
867 773
139 532
260 31
235 522
749 766
592 773
698 764
171 689
847 211
789 691
105 511
875 517
564 303
1000 625
344 534
899 802
990 35
659 865
666 287
548 44
728 807
527 743
193 201
872 665
141 599
870 816
3 236
280 704
193 437
213 627
116 824
706 360
813 848
128 516
805 53
135 169
287 440
832 517
159 828
455 853
690 681
974 875
269 665
710 943
168 579
630 628
185 8
611 602
187 311
835 518
582 608
844 833
546 934
224 112
751 782
551 567
677 978
503 214
595 231
853 610
489 394
133 500
802 315
51 189
317 719
39 525
704 7
158 886
29 344
282 302
725 900
396 108
519 519
518 414
129 11
947 745
34 808
456 925
911 636
717 717
36 359
366 521
1000 278
367 819
767 674
785 275
901 102
793 637
686 915
644 839
889 847
411 684
137 467
184 448
450 84
640 485
628 95
799 989
71 731
316 108
810 535
24 841
966 604
441 46
155 28
51 77
940 315
738 124
847 175
185 827
724 737
304 592
754 674
309 265
537 804
474 633
179 738
571 687
904 722
368 260
712 451
998 245
93 644
886 716
461 567
369 480
427 735
176 778
433 70
407 668
217 301
327 199
331 660
113 683
393 514
335 597
17 194
773 505
736 988
947 645
660 607
887 710
75 628
636 802
621 58
961 847
624 777
66 654
348 636
852 36
116 919
602 851
421 192
152 635
11 935
979 499
148 200
876 245
88 838
753 204
921 641
912 646
762 194
814 294
807 571
842 335
375 595
438 674
180 622
606 943
369 554
514 428
500 590
621 920
57 847
141 512
144 127
410 559
917 542
621 769
192 316
938 494
233 715
296 628
969 6
42 966
429 517
38 553
809 880
600 135
891 387
920 560
839 444
673 548
393 200
102 288
839 980
409 530
909 554
333 796
542 572
441 427
969 709
820 994
779 267
331 851
443 302
225 426
154 736
497 857
205 159
936 449
588 391
766 303
221 583
597 976
626 694
767 385
218 695
826 87
86 384
690 584
137 509
869 340
310 284
730 708
590 142
203 738
316 671
608 227
918 381
98 70
952 924
251 226
52 87
391 690
824 22
141 418
285 788
488 659
576 917
921 480
701 893
768 462
955 579
556 887
468 867
732 837
567 352
837 455
508 831
700 593
245 757
805 304
521 904
777 173
661 353
901 588
836 257
274 216
565 222
406 491
513 15
411 562
992 982
622 882
343 432
705 110
219 237
931 377
679 558
305 168
345 729
899 104
348 610
424 309
516 720
723 781
263 546
534 652
7 305
216 916
622 8
806 87
746 239
190 995
848 97
679 385
884 959
689 320
817 757
972 522
687 81
170 604
910 456
221 270
591 919
350 966
489 141
858 238
918 317
369 3
912 729
288 532
95 952
808 55
889 384
345 906
870 785
938 187
473 287
837 156
589 722
626 122
89 739
638 316
909 616
41 559
383 72
827 41
179 731
842 708
938 38
297 828
692 478
731 968
985 16
105 123
263 741
75 554
621 865
377 729
770 97
563 768
34 316
613 210
887 125
875 305
990 896
377 138
153 106
247 223
383 516
1000 2
791 634
319 271
818 321
678 926
825 479
689 480
10 630
93 67
719 131
791 241
954 345
258 436
860 687
639 978
84 933
324 955
587 26
758 304
441 685
320 534
370 154
486 24
145 493
893 124
482 321
550 402
516 313
43 341
354 30
719 859
619 421
490 629
154 176
633 677
19 846
271 863
135 61
79 487
984 845
635 727
186 143
102 367
929 939
421 676
335 129
202 677
820 896
767 875
527 834
581 431
914 963
488 954
398 113
478 70
636 424
980 919
471 988
827 466
494 803
67 256
241 460
237 319
596 97
898 413
171 608
524 822
878 35
334 646
626 893
607 494
897 758
801 538
505 27
548 891
533 167
427 414
36 963
730 18
417 599
641 341
158 510
609 630
418 680
195 487
273 738
760 563
942 944
660 965
801 889
1 645
641 211
160 731
196 727
796 509
982 971
962 959
693 836
547 658
453 873
50 154
7 831
747 163
855 367
780 437
154 156
961 751
76 956
33 884
686 202
458 73
156 9
334 542
502 130
657 775
352 7
111 546
319 990
36 909
105 548
551 605
950 392
748 891
991 70
570 766
492 464
546 252
522 89
889 609
689 253
886 58
752 791
652 884
327 41
811 424
85 791
57 84
625 845
841 642
342 770
212 426
873 491
252 82
661 329
27 708
156 143
336 496
314 759
930 953
91 641
222 922
269 458
507 185
933 409
656 794
256 624
972 621
844 302
858 733
707 875
158 422
984 178
421 466
968 256
435 284
97 493
424 856
596 246
982 383
549 937
878 231
241 347
853 112
124 840
397 736
902 193
544 381
298 308
127 886
720 756
677 456
428 613
298 429
638 191
88 569
393 869
455 805
279 47
353 301
68 326
754 919
137 262
868 266
983 963
485 899
911 456
618 514
922 778
493 123
435 483
421 212
590 347
157 785
519 114
658 609
157 520
123 382
706 226
651 744
75 767
524 616
662 392
379 741
567 160
78 208
482 618
679 35
70 533
523 800
949 103
771 180
572 416
124 111
454 769
1 421
983 180
832 250
562 763
766 22
528 709
134 43
158 884
882 231
439 768
485 56
512 803
984 778
952 517
352 556
184 630
311 417
497 840
652 842
746 30
498 629
768 749
878 155
247 504
202 542
264 157
298 350
336 354
720 115
532 584
193 363
650 566
863 944
784 13
575 460
796 298
70 276
778 79
928 74
751 659
156 877
13 920
154 532
356 510
37 171
150 119
533 759
682 47
180 173
471 186
818 405
296 120
207 392
912 848
931 869
541 499
816 382
737 632
149 173
402 54
834 135
697 732
786 205
249 164
337 351
815 502
25 628
162 811
4 402
939 160
252 139
254 229
171 888
742 339
215 737
625 34
324 684
657 451
546 792
903 495
162 558
502 519
197 788
103 537
185 705
462 528
742 841
56 593
79 164
583 274
999 879
320 746
770 532
559 37
326 401
482 576
47 447
975 860
844 354
985 964
245 547
47 618
575 81
417 391
997 778
340 389
458 484
339 963
331 930
534 911
477 386
107 55
108 159
26 1
539 847
634 618
656 464
832 157
109 299
24 573
893 147
385 225
696 331
385 316
749 17
848 517
865 577
975 10
433 651
538 67
229 256
737 484
182 773
643 941
398 569
777 268
163 65
101 630
965 485
268 160
571 84
340 133
280 4
454 224
124 812
107 402
253 431
257 665
638 351
885 811
844 991
475 833
949 927
122 651
436 850
791 874
442 789
291 809
135 304
445 797
683 70
680 932
625 493
259 787
284 135
663 913
563 951
885 219
521 357
668 789
663 812
923 181
475 199
749 282
685 235
135 339
379 674
416 62
227 882
136 992
483 106
563 70
16 703
633 401
926 138
381 695
775 7
151 942
502 664
12 464
475 274
986 224
141 574
653 669
857 408
187 829
492 815
705 207
889 161
836 171
989 420
687 997
729 538
199 639
437 543
700 880
383 253
936 371
463 360
44 188
410 109
16 961
722 556
155 78
255 207
459 850
466 457
342 586
621 904
787 816
242 860
736 481
427 276
685 143
585 350
476 356
963 937
341 439
315 77
623 806
829 708
660 926
