p td 1150 4600 
527 63
1005 900
189 1128
746 313
1093 1064
861 241
578 97
143 1085
858 835
313 547
342 536
15 170
888 431
245 45
973 359
537 79
361 266
181 788
589 855
562 467
812 368
926 326
307 789
34 369
458 992
42 905
59 943
1088 54
575 623
911 660
964 872
134 191
304 193
553 311
301 106
734 209
1019 248
363 748
1124 1015
1012 623
215 834
219 198
543 726
885 1067
186 907
89 979
1044 482
761 889
938 263
830 340
1037 120
591 364
412 514
472 255
704 1019
1095 542
312 559
509 956
28 1078
1138 970
971 983
861 833
661 186
1105 69
228 614
830 583
256 1150
982 482
144 604
523 638
795 278
1087 766
866 422
3 62
1022 351
527 1103
560 328
1051 1022
273 812
715 222
864 936
186 950
828 1037
146 1052
179 225
245 216
834 593
580 124
1113 962
53 706
562 941
340 42
463 743
619 14
930 218
706 246
768 778
957 675
960 778
965 373
38 1130
35 754
826 354
981 906
834 1045
45 487
607 1068
640 772
893 444
613 1116
360 215
1121 490
884 799
192 17
713 6
495 379
759 571
820 678
767 1097
692 720
678 987
407 1098
845 7
728 534
891 504
518 117
199 1001
343 282
764 1088
264 302
599 22
276 689
1032 1134
108 106
454 643
988 403
392 989
147 193
725 775
61 70
628 189
414 157
641 298
756 747
634 436
597 227
337 851
796 1048
905 774
803 862
1044 527
33 275
1143 9
175 644
473 896
172 390
158 647
119 630
318 487
679 342
615 742
713 54
801 6
94 431
1131 1090
454 536
600 1014
1049 731
1049 495
802 814
816 806
923 802
78 1003
514 465
969 857
240 108
842 108
1067 867
681 141
124 222
712 89
388 405
309 101
718 887
741 1123
759 511
366 554
731 861
320 286
541 228
303 114
658 716
207 927
321 514
564 881
728 1092
1058 638
959 1030
933 443
2 16
739 1011
632 917
713 439
444 699
1132 526
283 267
366 541
196 194
753 308
396 633
926 413
796 1126
615 988
60 640
301 177
547 155
599 248
54 1024
819 1131
1006 191
131 366
518 85
382 917
532 393
1049 204
817 42
289 244
78 905
920 175
507 569
996 602
718 452
621 550
979 760
313 575
163 535
953 129
853 861
960 182
624 1033
199 1123
71 670
218 118
516 577
843 393
563 199
977 84
658 98
283 186
786 514
750 701
142 459
524 551
983 443
378 570
226 624
725 995
902 572
821 429
396 888
1047 877
344 50
133 655
444 412
1094 311
1148 799
828 137
419 56
13 779
789 220
504 130
655 943
209 880
586 455
919 665
847 784
886 186
93 342
129 1086
293 798
745 408
35 50
630 192
1007 871
448 771
920 427
310 419
802 478
550 715
336 578
542 1001
118 1073
1049 484
573 1107
1084 371
963 923
826 210
103 271
812 185
873 1086
1096 810
1140 22
912 1061
1095 977
880 538
637 702
465 791
24 317
662 921
175 969
872 533
991 62
73 820
682 897
1035 149
542 183
788 378
160 1092
525 739
453 952
884 133
809 647
208 1013
46 1133
345 809
159 658
628 358
398 181
47 782
999 554
1068 1010
289 547
428 1087
148 1046
143 615
679 492
809 1029
447 886
932 245
830 848
299 802
120 1096
297 431
590 653
314 1002
800 832
700 178
671 1051
1124 488
438 1010
944 496
1002 782
702 795
513 66
64 538
79 1015
399 252
680 584
925 476
110 830
300 563
588 848
941 899
499 939
331 35
961 223
873 35
471 391
1043 694
1045 480
654 459
844 318
695 924
38 757
710 554
639 148
922 461
360 85
301 54
984 807
490 888
676 57
1091 690
681 1134
253 597
504 675
484 989
1036 584
1076 395
1100 775
465 501
162 613
342 577
752 964
992 423
1074 50
853 1106
574 323
904 828
776 349
889 678
282 710
1106 476
627 778
741 927
502 97
1047 795
491 1110
336 739
364 764
198 130
716 91
999 170
75 478
741 82
55 829
20 603
946 43
575 900
919 623
613 519
36 1080
302 546
301 519
67 213
522 719
203 612
1104 518
1146 610
335 956
578 919
950 1133
380 220
221 710
650 1085
402 666
268 137
882 310
110 854
495 690
665 122
377 46
668 559
1003 590
1108 59
756 1010
1070 1021
222 173
1101 604
977 184
693 288
861 513
136 18
116 827
368 1096
319 1058
595 581
760 207
538 1011
839 59
734 388
977 254
901 299
118 803
128 1045
1017 582
850 479
167 436
1091 774
586 880
661 65
617 456
316 1093
1133 712
121 24
671 680
33 438
365 931
126 762
294 544
281 336
802 346
573 448
278 666
1030 485
1030 1110
769 291
117 901
747 132
1103 5
234 176
473 888
722 514
456 134
1038 194
17 480
874 1114
570 1008
370 194
614 908
588 985
48 625
992 547
567 446
870 888
13 468
762 253
949 541
280 503
256 468
100 745
619 681
43 549
671 785
958 812
886 260
69 420
440 565
332 399
950 48
925 773
192 635
1039 820
560 152
418 268
147 1040
918 742
1034 349
806 377
841 649
677 649
771 763
868 1039
1095 532
153 168
254 984
393 1024
522 460
1122 226
467 528
435 62
334 55
883 1133
935 791
152 662
655 978
944 1097
771 1019
445 915
24 883
742 553
650 935
137 449
4 713
614 268
1114 1018
94 245
651 369
1116 702
214 52
775 14
955 620
639 1082
682 239
685 382
488 1023
219 344
962 60
65 823
466 694
411 621
615 588
567 900
211 150
415 1054
427 159
974 287
1118 204
551 465
706 292
30 7
645 59
464 635
733 877
481 1117
497 264
334 603
730 387
247 757
229 1037
932 983
964 516
248 244
288 1086
632 812
924 538
743 930
266 513
1133 217
444 868
964 508
915 654
183 986
353 455
523 886
621 800
31 443
715 454
600 108
106 1014
192 435
731 626
270 874
246 985
366 606
549 149
852 51
516 476
117 72
790 586
325 88
576 438
320 766
162 920
822 254
34 873
1137 872
1133 929
689 337
1106 713
1103 895
629 21
1023 1075
242 918
576 506
964 700
550 599
264 500
458 409
175 1020
1029 1044
711 497
36 991
652 184
1042 1030
434 877
1127 347
209 828
1056 455
313 116
254 277
512 387
39 671
70 26
929 558
1006 868
907 1110
743 566
215 451
1132 677
940 99
791 659
958 1103
227 534
917 247
777 830
535 272
319 46
512 628
402 679
903 26
897 436
763 1041
191 1149
189 280
836 475
613 420
1062 319
470 430
197 40
863 783
56 107
609 428
1012 117
556 515
233 1089
756 896
435 162
1142 1016
378 984
346 379
68 967
515 10
271 281
1141 913
1080 757
150 528
111 511
298 250
160 634
632 71
886 852
290 357
821 754
112 1112
620 175
656 2
25 299
317 458
620 402
565 193
1061 139
713 103
536 795
1134 114
1062 398
203 791
385 572
462 5
403 144
976 274
430 540
996 958
1028 58
426 416
48 684
449 222
33 1139
659 794
306 37
134 128
720 909
810 1001
313 262
145 1110
802 380
169 120
853 872
228 254
810 796
962 3
619 31
428 407
1132 735
294 1056
709 631
743 115
977 97
88 453
170 635
752 426
189 845
937 848
648 1065
992 54
877 272
190 47
44 626
149 382
51 1039
992 804
574 316
629 747
711 413
488 511
684 364
822 359
149 128
1039 997
1038 706
450 719
209 925
919 991
37 432
851 1112
307 563
280 579
965 624
146 270
1145 754
633 954
438 1078
896 1092
267 685
1098 252
1047 198
137 415
613 25
792 698
830 66
866 479
980 181
1043 976
111 676
1089 508
1045 5
1073 820
70 672
506 269
62 398
214 727
576 324
811 290
519 475
191 130
47 333
61 636
134 160
564 530
364 963
260 522
709 590
665 246
228 582
515 572
479 5
700 365
944 1088
235 693
886 766
112 1111
325 68
149 648
1014 129
755 394
715 975
816 1009
516 1072
248 690
512 763
940 1048
267 791
677 874
429 1086
907 801
133 937
224 275
878 576
143 211
678 728
986 1010
1090 864
1118 49
1083 173
653 148
386 718
680 434
480 405
1028 780
841 1010
106 1059
1130 1009
248 244
772 955
859 178
656 1117
28 352
1108 662
642 1055
331 1128
529 995
535 25
341 1026
518 561
740 270
1092 880
576 181
13 761
654 912
145 195
237 1147
351 267
1149 415
355 689
658 200
42 248
21 700
525 861
183 726
501 722
1148 549
118 1106
994 250
186 863
980 437
428 660
1110 958
498 868
1026 1111
6 697
808 819
979 959
395 481
967 355
643 208
79 89
984 400
401 501
817 417
502 280
767 1087
402 141
460 1082
541 684
24 1132
226 638
291 373
1140 53
338 695
870 598
817 1078
1041 586
86 821
644 93
59 656
161 713
1089 976
1126 206
1144 686
849 776
282 122
113 1142
930 720
72 839
1012 485
443 174
91 1144
1014 293
618 780
413 1091
877 264
632 557
1026 363
115 53
669 892
173 1055
292 1048
1124 355
1096 536
584 1124
341 1098
180 892
69 137
204 896
31 1052
477 1010
27 732
450 662
581 244
60 694
442 873
630 307
44 407
234 513
680 148
199 611
780 737
264 136
1083 1123
1092 1080
612 176
793 1047
1114 514
181 709
362 334
471 1126
733 223
994 107
327 8
34 921
386 321
125 13
300 974
896 214
953 902
211 771
247 1085
801 50
704 109
620 282
74 628
673 597
654 208
330 758
553 324
1079 603
88 584
616 418
740 902
414 285
268 34
923 856
409 160
681 863
186 685
289 430
522 1099
182 298
126 957
487 851
318 839
670 932
144 957
146 711
518 224
523 925
554 598
311 573
766 975
1019 314
564 615
555 342
250 32
764 1143
557 144
306 27
751 615
467 935
648 362
136 728
179 362
598 305
1035 66
271 437
381 58
898 481
1087 971
752 43
1104 825
44 912
528 719
121 907
689 480
426 834
55 847
940 8
479 53
354 796
259 526
775 544
558 735
70 748
804 1030
286 971
251 853
62 847
113 1080
467 980
1101 1031
1016 760
936 197
112 900
495 437
439 631
437 225
1071 509
191 472
586 1028
727 133
687 615
985 781
1080 806
269 479
69 210
528 178
647 967
258 89
699 707
950 380
1065 450
538 957
285 855
1133 1076
1 388
966 926
308 35
514 180
1017 544
773 903
732 48
331 257
391 947
757 442
933 275
719 526
920 520
430 1121
155 1089
935 734
658 99
178 313
824 1102
399 744
793 137
710 723
677 1125
806 40
108 90
1112 1058
209 996
1022 109
52 1142
609 484
355 878
1046 399
201 599
1019 921
217 910
299 387
33 728
435 768
683 747
939 284
856 376
43 914
675 797
1113 944
793 503
1075 1142
534 53
444 435
523 532
316 596
82 734
915 782
815 871
738 701
49 361
247 96
544 161
811 63
1145 416
805 940
836 391
483 707
865 253
552 451
565 233
110 465
813 135
1128 367
627 274
687 1142
453 175
811 530
1099 442
628 995
466 321
402 327
139 936
1084 672
390 297
35 37
1044 601
1044 1144
365 1035
1102 911
1130 727
793 18
711 390
792 380
677 417
390 802
246 1102
296 352
1071 840
953 289
355 834
412 720
102 327
1078 174
629 231
536 363
302 858
962 651
485 314
326 1084
247 1047
1124 646
849 838
74 391
883 149
903 827
754 861
255 51
346 877
645 432
525 83
470 1048
897 800
470 931
731 5
936 799
116 78
853 984
1065 447
768 370
602 407
828 703
1136 453
413 520
893 1114
241 797
915 637
479 561
290 743
522 652
122 489
863 980
557 104
383 1004
846 965
243 69
1083 63
222 1147
822 333
330 664
658 1107
472 792
112 467
955 1020
873 537
324 833
1065 438
688 1088
659 586
938 685
212 727
790 995
634 771
279 140
223 394
893 1119
298 555
154 569
1009 393
668 921
809 278
227 982
1034 509
672 96
112 1030
317 1080
104 873
12 987
769 881
644 1091
900 331
210 1048
900 734
119 1022
862 212
106 898
1057 1046
169 584
781 827
196 354
729 260
706 540
786 1051
125 292
1035 825
1036 463
42 18
438 1081
439 507
570 311
635 974
243 639
736 845
293 570
1039 696
1008 1051
755 694
226 914
9 276
966 749
678 749
948 626
902 832
271 957
210 1059
316 778
426 1079
744 255
1104 1132
50 854
704 1012
199 1129
1038 543
846 771
101 259
670 856
583 4
1051 931
895 257
419 1024
361 658
1149 580
99 1111
786 189
127 1
347 959
181 835
585 199
466 890
800 393
852 480
282 1114
981 358
422 143
56 455
1097 335
757 618
219 320
471 641
712 674
1056 654
779 618
408 43
1056 931
238 64
473 1097
856 205
571 843
289 648
125 316
408 383
1127 100
966 1112
658 920
986 178
367 237
202 480
1035 895
1029 840
263 345
227 34
591 53
650 1054
669 314
700 153
410 533
898 417
902 736
1090 99
1030 470
593 578
205 487
106 949
376 793
642 720
740 719
451 45
68 506
170 869
132 957
390 698
1038 905
574 731
413 258
47 430
229 597
50 819
982 196
636 926
413 831
431 507
385 521
21 908
1127 424
466 917
10 307
107 1038
822 739
590 416
728 181
441 193
917 806
155 277
510 174
922 1056
480 1057
969 1085
672 403
243 527
1053 983
1072 474
677 449
247 994
405 135
1026 338
997 932
572 360
445 684
688 385
451 644
345 891
1150 17
26 847
272 37
240 216
889 23
552 32
570 206
644 775
969 384
379 903
977 220
1118 640
627 755
1112 847
564 196
23 1001
1062 330
235 109
390 1124
30 1031
1142 1143
485 1037
501 515
811 491
22 1104
982 1058
357 240
31 868
72 1047
1136 463
64 385
445 607
716 511
206 175
416 499
814 325
325 496
373 975
1102 368
643 458
1090 1065
25 75
1082 605
834 378
711 457
518 827
20 659
257 852
878 1018
964 330
754 642
496 194
761 749
293 890
577 8
89 241
243 310
376 980
585 681
283 641
657 429
714 762
771 163
1105 310
698 1093
938 774
228 1117
428 564
650 78
1126 617
421 923
1021 284
55 663
749 610
755 948
175 413
946 85
298 674
40 256
940 940
563 566
382 665
50 1123
1125 128
906 894
444 1043
728 363
378 1136
424 639
278 124
628 124
664 230
307 759
127 874
760 445
674 975
857 915
659 986
256 1002
198 92
712 75
544 789
1036 584
936 900
995 504
419 277
997 485
1043 99
236 733
774 92
802 266
360 297
657 587
1147 226
19 1071
795 210
411 553
471 845
324 267
1103 597
1082 680
504 762
419 1109
160 227
755 635
873 53
413 608
668 229
848 357
484 604
668 259
843 1
216 1068
957 288
930 758
880 364
48 901
999 522
699 1138
1101 683
796 641
340 43
632 859
1106 1051
68 941
406 107
558 454
275 48
1147 677
790 313
610 714
836 966
746 336
844 419
361 453
641 679
540 705
375 308
211 756
235 422
99 340
50 647
210 1147
649 718
83 448
991 310
765 1051
601 832
796 611
964 580
1029 542
243 465
1124 40
989 769
243 805
526 286
674 46
191 1042
470 536
1079 1134
52 303
897 714
896 862
1006 153
874 131
1083 7
408 1115
271 485
192 712
32 403
514 665
976 797
1009 558
321 361
684 414
606 957
1059 193
1043 285
375 575
117 515
157 231
255 206
109 131
599 576
114 985
443 13
725 1134
323 212
1121 445
655 839
506 680
916 416
674 848
1097 775
195 46
766 345
612 483
485 825
661 787
1024 1001
83 267
251 248
759 122
318 167
741 741
959 427
433 174
569 993
720 80
975 370
749 826
797 1125
1098 820
876 922
912 162
916 438
688 536
232 249
53 810
844 779
59 153
400 225
153 114
860 649
40 229
893 679
457 1001
1028 354
575 915
998 1070
571 49
760 648
44 286
572 256
332 281
552 696
839 536
107 406
1027 836
432 722
1058 572
41 53
475 493
890 489
92 11
670 399
164 525
969 300
1044 763
194 116
312 349
130 295
237 412
738 437
718 121
1071 409
586 1149
159 829
1112 984
1048 823
777 178
926 826
862 366
801 1107
45 625
563 955
753 675
1121 322
707 469
32 845
968 827
38 1014
696 660
691 1099
87 217
892 392
991 499
922 105
486 772
1088 430
452 858
1026 40
1134 430
1094 911
769 1045
1142 24
981 143
560 857
1093 426
774 983
723 23
1028 993
539 579
349 287
1087 22
388 169
1030 441
799 743
680 976
30 735
741 534
690 636
830 36
656 862
28 45
846 159
315 67
222 516
435 532
373 823
408 860
519 49
864 771
987 336
536 556
180 48
848 1020
219 767
650 620
1097 1112
1143 310
335 930
840 202
536 852
723 280
326 376
889 632
1084 880
48 101
197 348
737 60
1093 293
783 35
115 474
495 475
800 402
339 1074
213 175
1134 812
660 890
461 664
36 586
565 1096
1079 1000
277 671
362 39
159 1137
945 835
665 1118
1059 240
19 891
152 113
1006 1097
1076 221
1147 301
271 1141
1058 693
146 890
1027 877
357 1135
63 126
1096 293
197 1127
214 882
687 890
276 1031
1107 1147
394 98
81 224
683 223
660 574
221 683
592 918
743 559
482 872
1125 976
764 1129
1149 831
163 284
163 533
239 953
718 223
162 916
261 629
723 540
123 416
130 593
135 990
285 740
1084 700
293 732
170 124
770 34
7 308
631 146
671 96
865 1044
37 99
741 281
78 681
1138 53
535 157
639 1100
262 621
1059 1017
16 543
430 97
1019 835
744 720
697 1005
6 1045
163 116
1016 328
34 183
454 715
515 558
910 829
498 1021
426 804
844 785
530 1136
726 331
210 941
907 31
517 1138
643 9
1061 276
679 24
226 190
371 170
708 166
213 1080
741 539
101 1094
926 545
1035 1070
948 738
1091 76
193 896
822 363
925 499
423 866
853 667
453 378
632 932
898 558
1148 125
766 259
38 1023
799 105
49 1079
936 1149
956 872
1123 797
765 97
438 674
415 593
82 122
1067 1118
1 210
974 259
704 602
293 780
148 348
197 815
89 580
568 654
190 438
429 1016
690 166
641 123
93 804
1041 937
759 256
1025 482
517 371
330 1137
571 16
843 474
902 310
480 632
1040 347
1032 792
679 577
223 1010
288 803
511 1076
1082 553
633 1063
210 23
556 1123
981 261
652 842
606 823
1141 1051
1144 732
36 782
619 489
491 655
546 61
424 1117
145 959
111 1108
814 835
256 670
542 1024
220 589
227 988
733 700
335 1010
946 988
495 403
1009 623
557 827
920 134
675 1027
1037 823
820 621
682 366
1111 862
78 627
903 602
614 451
429 303
1009 790
1088 206
674 429
111 1086
487 1040
969 549
62 431
630 1135
1035 619
862 916
681 494
132 1009
831 156
206 845
883 1040
587 682
113 680
611 839
372 717
331 672
524 1003
68 1061
581 758
98 971
455 504
163 915
711 469
192 890
865 277
361 803
711 827
354 195
244 895
1125 29
1081 152
467 703
683 1029
152 331
583 990
261 68
993 191
929 220
1036 1111
42 951
1050 575
704 1028
481 887
330 1141
1017 855
573 484
726 409
81 1114
898 591
549 848
872 472
591 189
175 596
886 171
589 997
453 51
568 712
283 272
372 274
637 675
752 616
852 478
114 630
268 681
1150 901
443 949
671 191
174 795
802 972
818 770
246 893
807 44
777 816
182 896
1150 961
76 955
449 64
327 1050
797 766
984 569
1114 686
268 192
635 167
780 751
734 939
939 1087
388 127
455 199
235 362
769 811
943 559
527 689
989 294
62 1018
817 901
141 32
719 879
439 828
36 745
846 137
752 305
979 1
607 546
384 1039
574 1065
1022 229
722 86
640 1068
582 653
236 125
111 600
243 1043
1105 102
191 663
588 1068
343 456
491 1054
316 302
401 540
1100 384
614 132
680 3
1146 743
44 512
350 414
1139 1004
80 28
710 474
349 1123
1053 495
696 796
1022 697
82 620
463 51
232 984
915 198
570 29
794 838
725 461
1143 117
112 133
291 719
846 779
734 3
706 865
69 496
227 1005
777 13
815 806
527 583
629 952
933 761
968 456
375 478
231 279
773 262
121 141
118 912
645 564
1114 946
25 288
878 376
88 432
186 780
462 705
583 860
248 1099
477 1051
564 149
71 324
381 82
977 854
646 678
1012 1118
94 1108
814 662
250 653
786 271
1144 691
520 1139
1096 315
831 354
591 475
161 255
819 201
641 318
75 228
840 382
1083 818
141 950
617 500
441 572
1056 88
1104 839
37 48
722 421
849 482
331 762
911 461
367 211
373 314
247 82
101 1049
498 152
376 591
629 1065
472 283
53 1044
111 684
863 256
1045 573
681 1003
151 468
1010 1005
607 387
1079 873
605 671
901 848
244 971
865 192
306 601
873 99
446 164
96 1094
603 571
985 451
866 159
331 305
361 736
22 816
370 146
959 405
301 41
359 38
610 205
178 602
633 980
384 258
199 1053
464 988
692 317
585 1133
1146 177
486 49
187 834
129 788
602 891
735 332
667 1068
832 630
377 1148
621 967
535 1083
340 715
185 171
895 362
740 437
1081 20
951 24
889 917
1074 1136
273 987
956 957
354 86
1070 475
256 697
803 381
85 483
549 897
238 413
860 458
804 789
689 585
188 658
670 1131
323 734
546 659
969 1062
951 1021
692 670
125 127
93 471
25 982
796 281
253 831
490 15
500 1043
349 477
481 377
214 21
528 548
505 518
916 877
456 829
919 523
850 240
278 579
214 705
892 774
358 149
7 1067
1116 941
211 986
1040 466
353 296
419 934
1120 242
866 180
1081 694
172 332
374 893
138 587
979 873
228 361
1005 1018
534 813
172 25
294 1029
1086 594
957 14
673 738
715 973
990 1026
833 798
93 405
120 906
1084 82
254 139
814 321
415 912
122 83
1024 296
449 437
503 145
445 282
1143 898
625 1143
586 1061
1085 1071
968 531
85 825
996 48
856 607
896 130
649 43
940 14
398 749
1129 831
235 861
903 1106
157 946
107 725
985 549
1011 983
770 1089
827 797
202 984
488 286
239 1133
889 445
586 29
794 1062
717 1049
562 617
61 715
264 510
238 161
221 51
297 993
908 980
954 1008
659 49
597 335
325 877
1119 921
641 1048
301 1109
721 925
648 160
284 430
855 189
1075 1114
864 1058
366 102
183 878
596 1004
616 373
978 312
993 1103
10 468
1080 454
1111 1002
1083 950
608 352
890 456
16 1121
711 126
224 945
627 759
614 225
539 747
736 321
460 216
697 1073
919 332
172 677
285 192
710 187
1061 611
894 431
567 1081
761 913
995 676
42 938
872 226
947 378
408 576
301 940
590 725
82 38
1072 681
549 1133
315 746
556 938
687 1139
664 230
408 447
340 718
184 836
263 84
1044 635
413 175
215 1027
822 1022
115 889
1082 670
381 1058
102 555
480 495
1140 930
318 909
1090 1087
31 1028
448 495
897 196
105 882
347 430
482 445
1150 736
213 465
946 620
626 632
127 872
537 515
413 946
937 829
997 1032
218 870
678 487
846 219
516 233
1061 601
921 66
919 713
869 823
357 413
740 203
1129 894
540 853
450 1045
981 793
997 43
872 161
512 977
297 516
512 397
567 806
30 102
945 227
383 1104
426 844
366 570
387 506
649 1038
122 591
158 1042
474 368
136 652
760 99
1012 1047
3 531
583 514
267 952
1146 584
102 321
103 270
327 480
841 114
726 966
803 520
447 459
752 530
803 557
242 355
773 872
687 190
858 468
679 1123
40 312
1045 385
1108 863
433 235
516 763
887 258
747 896
592 74
941 1102
943 433
640 765
336 40
615 817
142 948
878 830
575 771
42 847
105 1091
273 863
371 249
257 776
233 622
775 1135
583 32
111 52
512 82
905 397
743 242
340 839
17 701
970 162
973 788
837 525
829 1146
449 289
597 972
588 770
931 1118
602 572
1082 519
115 814
334 319
550 999
744 826
968 899
383 719
554 605
815 705
424 1143
219 911
942 654
164 1126
1050 469
919 699
579 524
754 888
1047 705
158 431
129 89
300 647
434 66
956 239
273 1105
697 785
391 35
423 334
668 1025
1028 448
769 79
990 795
220 743
1096 385
570 265
387 809
929 1027
675 1098
459 303
539 603
163 696
622 1016
63 652
205 168
93 352
855 36
289 184
202 161
807 565
137 11
513 1006
849 381
954 280
576 529
167 438
328 611
14 78
407 724
301 139
92 342
114 629
466 739
36 208
1045 1064
939 616
804 1108
252 500
165 883
170 775
581 912
902 1039
578 58
872 883
355 721
1022 339
562 415
104 487
600 120
390 943
921 790
7 357
850 346
518 304
273 592
273 490
199 772
184 902
622 476
1123 1130
1085 140
604 808
91 273
964 473
380 20
651 443
406 770
872 675
868 742
1100 437
857 650
260 881
521 209
757 495
216 477
193 664
160 273
565 4
1062 226
84 825
1077 550
772 775
499 90
427 738
878 242
355 474
1041 148
47 125
1081 483
766 188
856 914
992 212
242 747
28 743
461 713
215 634
1147 157
225 230
976 339
489 955
614 73
1044 675
617 743
306 1016
239 2
430 557
978 399
804 477
6 791
38 71
5 768
721 1038
281 1079
1047 891
460 258
67 80
216 486
155 229
362 448
511 673
1137 994
205 788
390 660
774 547
1075 910
752 533
231 368
36 851
479 843
291 245
1078 836
905 1072
1047 965
1032 798
602 887
516 49
927 833
241 1118
621 205
1145 61
110 655
530 846
693 645
850 986
308 866
719 621
451 310
826 327
45 896
718 1143
845 714
666 418
667 637
232 385
11 1147
41 437
849 366
465 383
779 308
470 980
678 144
594 24
903 150
978 214
702 384
436 1051
57 1041
877 982
1145 198
359 315
372 712
383 199
483 681
951 699
297 135
185 556
756 345
531 61
183 235
1089 971
427 90
253 780
525 171
54 696
911 166
743 1081
1067 826
917 1094
501 406
438 833
921 793
336 489
549 378
368 58
629 97
1100 440
707 233
151 366
501 335
320 406
519 476
949 594
143 1077
593 247
580 615
389 173
552 582
1118 226
1128 907
1092 589
392 1018
402 1065
55 385
465 379
391 46
235 1061
19 1034
317 819
101 22
518 299
943 461
621 451
61 252
882 818
15 644
150 603
491 775
738 997
1062 372
184 146
571 473
162 1150
589 851
946 1060
645 1136
458 996
88 523
366 861
859 176
324 68
858 1071
841 508
742 240
888 475
202 745
392 900
515 216
954 730
544 419
921 247
987 627
763 659
439 684
994 454
293 362
471 494
783 207
78 277
416 13
697 848
676 473
961 1113
954 810
528 841
36 504
808 1021
941 429
53 561
94 386
867 7
717 270
62 1024
720 228
805 687
616 652
206 423
1142 878
999 908
93 535
762 72
1008 499
135 863
634 881
1031 470
607 428
278 816
763 860
344 953
865 474
670 303
647 279
608 622
494 126
1102 635
830 907
813 569
1137 125
837 267
223 180
574 869
564 438
1113 337
64 914
386 234
694 260
184 489
940 1073
828 141
1033 551
907 1021
694 949
615 1050
47 551
366 184
643 1105
1069 238
1054 716
1076 164
743 825
588 1068
1066 388
864 692
712 350
701 933
299 471
985 645
360 1077
588 325
91 778
741 100
480 449
194 180
523 178
243 660
963 90
1057 927
910 1072
1046 526
1050 246
594 564
147 525
687 326
151 508
202 1008
307 661
23 431
957 692
791 70
70 923
253 1133
796 1143
942 914
600 424
61 653
1 828
572 196
630 855
243 570
804 109
712 1016
420 635
1044 973
190 909
228 296
328 563
1048 745
825 482
256 315
607 839
392 452
15 823
728 331
772 172
337 150
967 443
575 635
371 875
261 93
670 573
721 369
211 666
770 280
947 1119
54 1079
1030 226
519 198
965 796
924 432
776 387
293 1040
584 297
468 122
850 678
591 81
475 1139
1078 864
1050 332
734 575
274 826
946 782
51 565
829 849
956 1013
608 810
653 990
1015 18
357 573
1140 1109
642 1009
64 406
330 1078
529 405
644 401
871 370
22 968
85 929
737 1034
1046 146
159 327
641 511
454 432
188 690
784 110
599 486
27 331
415 71
127 255
1065 458
1035 574
1101 36
46 650
803 391
373 865
1148 259
103 765
614 354
1119 88
645 983
1019 411
567 955
1046 786
206 327
854 115
304 536
74 892
253 810
541 163
464 244
823 1076
860 942
261 11
848 433
683 194
848 489
842 93
654 342
1134 1055
310 585
976 586
233 521
504 1092
943 1096
946 736
1008 693
726 652
126 358
16 399
567 443
261 1108
128 351
605 945
699 450
1023 1001
362 176
169 818
946 821
848 818
340 44
186 213
994 1125
397 531
123 334
367 892
192 815
1063 538
877 1038
235 747
34 28
91 494
873 1088
682 396
1036 756
571 478
939 530
938 384
851 767
70 319
248 989
736 273
307 267
178 994
471 489
895 612
1123 5
678 155
566 346
959 957
709 573
204 100
875 1131
33 1
508 557
112 336
131 840
19 757
657 808
983 443
340 748
931 634
988 503
1090 420
191 1008
966 789
1026 473
348 888
65 523
854 61
458 1022
37 389
512 784
823 732
363 337
813 698
565 935
825 1029
368 1122
865 375
461 673
288 1081
722 717
972 336
13 436
738 265
1006 1116
1066 268
633 60
557 181
305 925
933 1085
1046 103
1044 108
67 109
471 629
73 297
485 689
1126 23
242 935
927 1086
714 202
574 779
166 262
376 235
26 537
315 1145
448 1149
606 198
1108 901
12 693
904 90
1029 752
1056 151
798 637
1044 565
606 1094
322 840
931 820
665 280
994 1132
289 326
804 383
1014 236
539 701
534 889
672 1028
1090 607
428 649
242 267
880 265
1141 192
360 12
683 650
359 725
9 777
1091 564
638 988
447 69
849 595
1138 202
1135 205
899 279
468 97
418 147
303 823
1117 585
837 910
237 770
438 344
316 982
780 876
932 164
334 504
924 1036
667 583
1090 90
582 390
996 891
528 972
649 383
65 120
634 920
811 178
1029 365
329 1087
88 643
1034 1044
263 729
994 390
929 597
756 286
1130 1122
644 769
155 121
900 719
550 905
142 382
615 564
995 705
303 604
762 161
688 724
1045 173
5 240
261 788
1062 512
916 671
985 886
839 777
466 177
972 334
744 824
1102 649
257 634
476 573
482 94
96 722
507 1127
745 938
186 1055
109 928
173 23
618 532
234 706
423 1150
1136 64
518 363
281 939
839 1058
836 1003
356 885
63 1051
383 220
697 275
90 816
512 792
629 776
381 312
1056 1099
86 737
803 905
557 759
496 35
306 500
470 322
359 318
686 561
735 246
573 1097
772 150
886 743
963 520
932 272
626 1091
666 421
296 566
320 119
972 786
1005 92
198 114
482 56
1115 996
164 1133
684 63
1127 350
90 732
143 750
295 984
406 353
895 200
759 197
321 1014
511 532
939 756
403 223
832 877
616 333
712 351
1122 447
50 831
321 692
1067 892
1111 291
104 876
47 672
578 1025
1029 53
1121 718
487 716
186 58
910 619
885 271
767 662
278 713
121 442
730 561
1021 1011
777 1127
1142 901
206 114
607 871
236 1083
237 818
816 83
107 396
360 164
652 598
222 132
420 313
327 164
926 310
429 1017
562 1074
85 238
151 770
83 937
282 367
78 293
480 980
395 305
1056 888
51 61
940 307
334 935
25 983
85 1112
837 956
796 973
169 322
448 840
448 939
362 982
926 78
275 880
48 260
808 1040
482 164
326 1040
45 992
813 693
856 557
989 1100
413 149
664 765
200 52
616 223
940 98
1051 666
1097 236
1016 983
209 233
976 678
48 424
466 201
701 142
879 88
799 704
111 836
664 295
314 1042
200 853
26 878
1068 397
91 138
948 253
1024 1100
883 337
282 949
322 308
859 797
315 450
106 470
469 367
73 348
582 642
874 521
1087 129
990 1023
815 1011
471 55
174 39
18 277
240 494
954 403
1122 21
1040 898
931 181
410 82
71 953
469 863
233 553
288 501
33 344
805 458
1031 39
576 704
208 703
194 164
301 405
666 490
460 440
1084 744
1044 149
777 107
954 239
278 338
733 468
376 599
993 937
1021 994
879 876
1031 114
1092 609
1150 510
315 1049
942 595
422 363
459 1009
982 912
983 509
874 841
11 65
880 129
525 943
650 771
692 996
1041 444
788 1017
885 743
798 978
358 62
657 853
1131 52
125 160
519 994
1123 109
669 207
821 138
676 615
193 650
1124 635
833 887
1088 638
519 254
1149 1062
503 508
878 617
268 121
237 1115
387 1063
372 977
826 490
782 728
321 443
931 207
456 1017
402 1016
217 1105
596 1041
1107 620
851 533
487 78
773 442
579 819
489 816
880 662
668 1147
319 1068
988 560
249 1140
809 165
1008 473
1097 161
52 351
409 502
818 1044
107 926
750 1144
898 492
575 689
1061 5
244 360
331 697
54 8
758 143
802 813
466 188
101 705
46 1078
269 767
459 816
831 519
683 186
804 136
324 585
194 242
40 702
570 45
485 589
303 1141
49 732
1049 201
219 426
240 886
1115 328
54 457
510 653
372 1068
428 312
837 822
793 917
483 772
15 1109
863 92
364 233
371 231
1124 1013
288 820
616 445
315 553
841 19
909 716
851 772
8 943
398 720
717 1104
710 937
543 327
170 94
288 876
637 549
1137 884
201 558
886 406
434 903
151 236
864 133
476 447
191 748
947 321
538 789
269 896
229 716
935 756
977 838
1105 999
53 815
196 400
1058 251
226 169
962 100
1135 443
877 711
1061 558
948 45
164 1096
812 1116
356 404
393 366
513 7
1001 1150
893 1096
1036 384
146 847
906 289
857 510
322 535
249 619
563 1057
715 988
276 564
1133 97
807 685
1050 489
622 517
291 387
872 21
41 226
551 652
655 389
691 970
411 217
813 814
922 549
565 384
87 646
925 497
403 61
197 424
622 897
352 1123
394 38
495 875
372 959
494 1050
501 607
1051 387
570 934
916 37
1036 247
795 585
774 449
348 58
674 797
1033 652
953 1117
259 720
251 221
2 927
226 667
1028 771
911 865
181 127
1148 1114
981 237
573 726
791 128
86 473
12 939
286 365
78 906
536 274
1099 388
872 239
633 947
77 529
877 43
98 99
388 595
165 299
105 797
520 117
987 344
354 1038
652 1040
1145 588
972 71
456 911
146 426
78 427
292 995
334 15
873 1032
669 627
175 66
761 1139
349 700
1130 816
260 915
326 415
416 650
841 80
766 188
788 118
564 111
121 526
907 531
500 239
376 515
561 976
273 78
515 935
481 811
1120 827
1075 183
434 139
623 78
532 577
704 517
983 636
143 932
1008 929
1070 535
134 395
982 348
321 120
890 764
997 242
821 622
168 513
1100 238
285 39
810 650
314 1037
660 531
911 630
1062 251
1146 343
949 969
1150 729
1023 711
148 1129
59 263
863 850
1110 325
836 949
72 709
919 1103
542 995
74 335
361 682
283 484
134 446
579 570
173 559
872 814
563 436
663 905
112 169
1083 777
180 55
888 725
809 887
623 739
526 1122
194 34
224 839
1124 996
110 351
1082 530
506 814
50 873
762 491
674 273
664 271
428 548
635 757
9 420
336 12
1135 956
155 47
837 1119
99 595
656 355
824 380
253 142
41 105
1111 556
609 754
965 236
351 612
280 254
135 759
731 204
285 208
641 670
373 590
907 560
843 323
26 930
782 498
947 365
907 820
853 581
561 891
1085 622
1091 320
714 744
314 414
117 1111
48 366
385 887
700 1095
212 52
232 211
523 640
174 560
608 958
547 572
952 737
804 52
1100 788
330 502
1059 449
318 668
940 807
1079 946
210 843
317 541
882 411
1087 196
542 665
720 911
324 540
799 118
44 813
756 278
465 966
1064 1138
7 894
793 224
864 687
65 736
493 71
1080 131
660 83
595 288
201 255
767 136
642 672
813 260
696 880
966 948
986 877
617 18
874 153
160 545
1102 3
975 102
95 1057
161 200
101 172
1018 214
416 866
353 760
378 1093
378 110
698 537
205 154
279 1036
91 964
283 853
385 950
968 311
839 459
781 500
957 384
1141 972
332 122
289 312
52 512
24 605
394 1060
666 962
383 649
821 865
662 359
1135 586
1058 939
108 344
1024 543
161 159
857 888
225 151
984 304
337 1047
524 309
252 81
685 23
739 432
1103 917
965 850
888 32
988 516
278 151
286 255
33 893
32 1132
805 494
138 1090
732 305
583 331
936 759
207 100
356 755
54 1085
455 148
245 102
661 615
719 998
429 833
189 239
69 245
275 246
477 943
781 431
766 115
743 867
408 3
943 895
664 707
209 1103
1130 262
1112 1120
903 435
877 650
5 917
311 487
302 921
669 713
625 139
380 102
953 337
936 79
477 173
752 619
335 70
451 533
398 145
263 941
490 1134
114 179
359 710
826 278
248 838
64 1006
870 837
246 559
121 553
303 634
409 1004
273 455
603 245
746 154
103 886
1141 686
837 480
76 119
216 980
959 1030
602 184
417 789
651 297
246 897
207 507
993 297
309 572
74 227
939 277
399 1040
728 651
529 962
330 672
804 485
739 27
302 739
707 246
508 856
461 259
11 834
210 177
379 618
134 833
240 157
142 276
173 66
506 854
961 115
369 1016
529 882
812 1140
238 416
244 158
446 1028
739 559
86 211
927 997
491 196
297 458
398 293
277 436
939 745
490 713
1047 691
1040 426
865 452
596 793
164 117
591 187
107 847
942 447
1107 846
1085 73
372 322
814 489
29 550
475 331
804 301
1020 777
87 1082
1100 845
213 891
282 27
564 1148
269 600
478 302
706 415
152 920
412 566
848 270
479 174
352 170
1056 966
72 815
1133 940
209 964
1017 1108
236 635
440 440
91 384
166 46
64 422
1003 1108
214 1129
168 610
457 373
837 855
190 153
497 489
1068 1039
525 144
688 975
316 178
174 332
388 192
191 332
363 342
22 188
256 396
1104 1069
281 1018
16 284
923 551
560 90
254 847
198 352
24 569
775 655
118 189
37 271
105 183
807 642
684 567
1063 497
740 8
967 1137
1105 775
464 1000
1109 1082
850 146
809 161
1093 585
197 1
200 999
509 949
591 541
714 726
210 591
548 691
658 77
400 773
923 396
547 493
242 143
118 862
972 8
860 649
1048 796
830 27
276 365
797 395
1060 854
749 332
871 226
955 774
1131 274
623 951
1054 738
11 876
595 1010
507 984
459 920
370 1071
124 370
47 119
702 262
407 231
585 451
379 741
648 16
7 1002
667 960
710 842
676 380
936 37
459 775
834 31
198 2
1145 673
139 1067
358 740
969 856
310 532
39 435
172 98
1109 1004
928 544
115 810
792 15
573 830
367 123
491 593
1138 817
17 987
1026 536
1124 311
584 343
92 682
430 187
470 794
290 440
254 626
647 112
363 96
20 703
1095 347
1132 743
9 752
602 638
961 752
1048 311
535 53
455 54
802 1047
987 1011
477 561
383 364
892 847
487 872
222 900
1024 589
765 1018
668 289
929 649
57 269
9 1101
115 42
1099 947
537 552
1010 136
244 182
993 457
586 1046
717 138
929 496
328 348
1136 579
171 1130
152 1136
1058 560
28 357
208 608
784 1129
163 170
976 27
1012 33
752 985
1144 58
868 427
885 184
1089 63
112 7
804 763
455 773
1086 402
121 937
734 487
564 1033
57 943
1016 493
11 1049
325 459
933 344
1006 84
572 347
593 86
599 172
94 222
467 235
1140 179
1102 355
604 848
893 156
486 935
841 518
98 768
626 532
216 33
854 662
508 432
58 174
201 1024
507 387
712 780
1077 109
337 825
954 225
1020 84
281 265
232 795
763 786
404 174
138 1015
733 148
814 469
952 561
801 903
320 562
585 283
150 310
621 777
582 741
385 1119
955 891
692 630
325 475
402 1044
638 315
866 915
520 693
43 539
75 658
656 73
631 1019
717 707
371 752
793 250
258 374
918 486
852 110
635 833
354 202
686 549
373 119
545 616
1112 307
396 722
206 528
291 117
308 818
275 984
122 1076
859 70
590 366
23 607
516 920
545 846
489 47
372 516
795 407
143 680
489 1070
683 920
143 845
407 416
1065 282
598 24
754 22
668 219
1140 600
1096 1045
342 641
430 851
715 981
898 20
324 192
342 337
240 741
560 954
964 33
872 168
826 461
53 625
912 1095
635 638
542 843
1104 491
149 641
265 225
590 587
916 5
809 1073
261 11
206 153
922 1051
263 803
951 184
1058 944
1150 159
332 590
649 456
528 802
66 31
838 1
696 82
115 723
897 156
651 743
320 598
769 569
246 1002
930 642
813 362
675 523
1131 615
163 532
356 331
312 586
215 444
307 294
757 443
994 680
609 746
1114 306
197 710
155 920
1039 298
527 159
617 813
918 1023
526 1002
78 297
166 915
698 413
390 247
443 937
105 161
335 134
396 353
11 449
373 420
761 993
1140 331
1027 407
124 147
519 635
689 912
1116 751
891 710
509 543
52 912
396 949
841 876
317 897
1083 922
678 973
278 1106
676 1052
689 722
213 1048
1094 549
148 521
257 461
41 23
296 24
462 446
889 1093
1098 418
977 897
789 453
549 1105
792 276
231 103
855 195
703 677
75 541
663 150
789 15
1028 133
1144 275
517 200
295 1144
267 283
987 368
921 845
939 294
1032 206
461 1069
1101 1051
99 971
1065 291
917 220
576 981
65 638
778 239
1046 164
193 782
429 687
985 371
338 651
329 93
596 1081
303 540
464 301
438 987
488 740
740 1038
23 86
458 310
565 100
397 549
812 162
449 351
27 102
1107 122
118 980
114 595
374 596
143 499
6 1105
412 219
933 110
509 710
606 437
619 1056
268 599
437 422
933 431
719 187
735 795
433 829
87 873
725 672
316 278
400 730
1110 933
97 944
604 125
176 308
229 919
557 810
863 21
898 300
883 953
775 850
153 3
453 715
1070 1016
459 544
1127 78
256 28
939 861
99 963
850 881
769 807
954 51
742 676
810 648
341 906
398 683
491 902
69 427
666 266
33 477
576 991
746 416
722 757
674 866
902 250
1046 4
1072 324
1149 99
79 219
279 774
757 935
517 338
828 321
333 551
705 989
1098 509
511 822
476 408
123 652
453 935
788 303
1 173
1043 288
507 205
748 905
15 110
165 1092
1144 1129
702 136
380 430
183 980
26 298
964 870
61 1137
670 268
31 803
669 768
321 314
296 556
797 829
146 167
655 162
1051 242
511 433
816 830
1096 289
513 418
187 725
383 527
957 71
808 121
931 309
716 699
577 1025
1094 827
612 479
193 998
597 254
466 514
902 109
1022 251
673 800
1060 481
651 365
771 875
239 877
698 190
861 268
829 798
973 456
990 413
767 656
455 1007
799 773
185 621
325 195
453 359
865 506
778 469
316 894
902 373
621 228
848 734
477 64
17 320
232 367
752 277
525 397
30 326
909 623
69 37
469 741
805 495
371 1036
82 867
423 102
979 25
888 295
492 1073
633 298
849 1123
390 513
396 1109
1012 554
497 594
819 168
844 313
1064 566
285 754
843 459
1038 292
884 716
357 660
98 1061
719 795
585 852
824 1083
60 198
779 881
915 414
269 449
138 211
925 622
792 566
1089 777
807 125
215 631
170 333
1022 633
165 276
277 771
65 1072
16 724
29 146
383 192
313 837
452 1140
1108 555
230 171
671 475
121 779
1124 946
1094 1041
523 588
470 886
225 314
800 736
77 383
339 126
566 199
899 452
24 840
739 339
10 582
794 72
90 337
743 491
1106 508
184 578
119 990
303 1011
1091 311
1143 1140
879 893
177 905
61 62
1009 655
1057 1114
82 199
886 811
1089 216
689 826
678 1104
632 307
1101 607
577 837
371 203
363 982
399 1035
870 307
124 813
432 208
787 20
772 303
777 259
479 1103
998 439
