p td 1600 6400 
1342 1298
268 585
1265 519
108 858
1511 849
463 69
573 68
1351 683
1300 1173
104 1518
288 1447
856 1405
803 907
594 348
711 1000
748 1010
627 1372
1056 1165
563 242
501 274
1009 1266
1177 122
684 121
639 822
341 1594
936 1249
1129 471
1329 335
1300 830
63 792
331 381
266 1327
1497 412
982 587
187 182
250 904
492 279
939 1239
86 254
999 1156
841 166
1151 1027
525 922
21 1264
1245 196
529 1325
147 71
88 292
1145 34
1441 343
1580 1347
620 1202
760 616
884 1266
1049 1330
506 1131
635 1498
1320 1459
489 1394
1196 404
670 1150
331 1097
1471 1283
417 628
875 9
1144 509
1105 181
1198 1571
797 287
474 248
1510 325
152 1213
191 1404
671 833
1104 500
59 360
965 807
1328 797
68 242
1541 844
328 220
1041 915
281 1435
161 124
1318 249
1115 506
34 842
343 511
336 1391
1130 1502
6 1592
1497 322
868 1111
1099 1117
1 892
1053 476
740 1055
1566 429
1088 1583
286 763
1186 722
1249 186
1226 790
758 333
353 1418
49 608
636 272
1563 799
1239 1490
240 312
1384 13
1000 1359
702 592
1168 948
578 1317
555 922
519 58
900 1006
369 593
191 618
271 1138
887 1388
1240 540
1066 651
987 1104
1473 1548
570 782
913 430
1546 1090
794 608
332 947
425 150
41 1282
1166 583
707 18
16 1522
909 476
550 1141
1043 453
978 376
376 1146
799 801
530 123
1463 847
198 174
120 319
1214 88
145 1583
613 159
958 1534
1239 697
1241 541
1094 226
396 479
373 680
11 739
1567 1140
249 921
933 737
799 1499
958 994
924 1377
1565 1073
838 1229
348 386
1353 345
1192 426
1164 795
1321 1191
889 1427
1457 584
247 1413
1361 1564
1029 752
1337 297
858 831
910 693
198 23
980 308
975 593
407 898
942 888
158 72
1178 354
756 351
740 693
531 331
1335 260
397 531
704 210
1505 1535
577 1348
107 1361
280 1197
1562 682
412 1165
1538 447
554 1447
774 59
1419 419
657 886
678 1481
570 1159
19 1428
555 932
683 874
1439 1203
1084 1484
561 448
102 177
474 1362
721 27
1039 804
915 902
749 577
230 1444
710 919
830 366
954 611
851 568
846 19
361 854
517 12
1318 243
443 958
73 1144
1280 255
209 1292
309 1050
416 530
674 1476
88 1101
710 1521
502 445
207 1406
917 1510
675 1094
591 1051
544 1462
468 1465
861 1527
514 544
957 374
30 1292
514 1562
1298 680
1043 541
1370 1178
1499 1489
820 306
1456 818
529 1211
314 398
1151 1173
251 631
1386 823
171 729
840 712
396 255
693 740
394 553
1184 1520
432 1551
1145 390
1360 1560
478 804
669 1066
431 1307
1190 230
542 662
932 467
1441 1120
614 1026
812 1287
763 475
856 1016
1107 871
1596 1067
1540 58
656 1250
755 1015
325 1322
867 596
720 492
1557 1042
681 897
1202 1440
626 1073
943 946
37 1444
1169 340
1027 275
1073 319
1417 771
1199 70
1407 332
41 415
1316 86
321 1002
865 776
1337 540
606 341
525 535
797 884
108 868
1231 1083
255 1318
1577 571
1321 266
775 104
743 1467
463 31
1159 1404
17 160
1485 1362
1012 1555
23 215
1273 846
885 1008
198 969
788 590
1103 454
495 1028
325 1195
839 274
603 1236
1111 383
1327 808
1506 1503
821 898
1265 141
1297 554
563 804
348 567
386 934
704 863
177 487
103 273
669 158
179 1107
149 1010
143 879
1090 439
394 803
1249 1084
913 1014
766 764
1409 1204
767 291
1579 1210
602 1257
574 168
454 686
1466 821
238 992
262 653
1173 1527
784 1028
923 1181
995 690
419 683
1338 413
19 1350
904 866
1167 1211
1202 481
214 1197
823 610
198 1347
1204 532
1087 346
1230 1281
1461 405
1172 991
615 810
761 568
542 380
1253 884
1132 1517
769 637
1027 368
678 532
1474 1204
257 210
1209 1201
342 1504
1297 43
1165 1168
709 261
257 235
296 183
427 282
879 25
299 878
930 944
403 502
324 1437
1005 1173
888 1549
1536 76
376 17
222 582
1015 1445
143 842
350 1552
824 808
1449 1533
526 166
381 602
548 1309
1590 1109
1507 1115
1468 955
307 1024
1489 243
684 680
678 921
1337 851
454 1348
1574 844
844 213
168 28
1066 429
1363 1475
354 1474
1079 139
1367 750
336 1151
18 1544
261 965
1312 708
851 25
435 1120
1235 955
1248 354
1140 1162
1006 83
947 1479
1069 959
819 1517
1062 1168
119 740
164 802
206 378
263 483
1206 664
1194 1005
587 226
918 1334
1585 1348
1235 652
365 1241
98 1234
1593 1423
601 815
1534 630
1231 435
18 97
26 769
908 794
752 1370
817 736
585 387
281 1480
1313 882
865 46
982 729
965 605
692 921
756 1004
409 275
975 1381
1056 492
1074 631
1448 671
529 778
383 461
1460 1383
101 181
492 1064
1079 48
771 1155
692 609
1047 603
50 1125
4 998
20 1388
130 1212
1093 1434
1225 500
649 848
809 1454
631 451
46 155
78 507
206 1309
420 468
1344 650
1346 283
601 1130
895 290
953 343
193 722
1294 759
1588 1052
1392 544
1550 1458
1214 1505
594 887
1422 786
923 720
484 282
563 984
1145 1592
814 698
719 268
538 1464
1045 350
1458 642
429 1395
1481 523
1196 1453
717 1054
1380 650
357 1386
72 226
610 615
622 1251
701 599
1489 1438
563 1146
999 1420
1218 119
11 650
384 1528
1135 872
1365 1458
293 1514
558 561
483 1487
724 1022
1435 1585
931 120
815 668
793 879
615 688
1076 1550
453 202
1027 1068
235 1110
1232 857
155 1545
207 82
974 1554
1430 196
1186 1110
175 171
671 1581
544 1465
413 101
821 1383
942 307
1353 832
623 649
94 1119
817 1488
1516 135
867 774
1516 269
514 1204
1436 1515
765 967
764 749
256 292
556 516
1375 942
1284 1534
514 329
1251 1046
941 1337
341 1058
425 455
70 879
325 415
1519 1061
928 668
408 973
97 339
845 1543
332 1556
1353 1169
144 1591
563 931
1362 561
1035 847
393 1116
90 579
1198 495
802 71
797 1389
637 1069
909 1022
1284 900
539 191
115 613
825 1058
557 480
1493 693
757 388
913 1499
489 683
1015 348
8 1420
691 529
863 1221
267 1592
626 543
850 1289
409 696
1177 630
1261 518
1147 48
43 697
1479 1109
501 266
1028 560
928 589
31 1037
449 113
284 729
641 2
1501 899
1311 502
786 185
116 10
1303 1405
368 486
787 15
1133 1497
878 21
877 758
270 242
526 1405
1555 402
106 1483
864 29
623 1472
1455 997
1469 105
156 556
1263 83
1191 302
359 637
1107 738
315 779
870 1556
360 64
960 438
651 1258
1067 1142
960 210
1440 940
572 1083
372 933
1453 350
1099 479
744 961
468 394
396 509
1015 346
282 319
4 1572
763 786
73 1349
1233 1009
414 773
708 913
492 152
1440 854
253 262
359 413
70 886
1507 1158
607 135
149 17
605 823
197 1513
104 769
1550 247
389 629
1178 1067
271 1064
924 806
1480 1551
235 1205
749 1508
1442 1300
16 31
1030 692
90 1277
283 1056
290 1152
1097 692
1592 1102
1128 1038
764 1211
624 1522
454 941
1329 1364
1293 1112
1382 688
735 511
1427 241
1149 1149
1106 795
656 65
327 412
1272 322
773 1577
637 492
1280 955
16 480
164 1235
295 608
1036 1339
1315 398
1302 456
884 39
737 1277
801 740
850 509
687 1592
998 271
1510 1574
817 1281
1346 830
1137 796
269 583
1472 560
978 174
429 626
1217 1147
1207 1118
1277 1378
1137 1269
545 420
135 330
386 843
1223 341
806 144
256 906
1182 1324
1211 1564
72 307
736 473
77 1530
420 1415
381 164
548 758
1072 1517
933 358
94 528
1057 1095
448 831
53 461
112 990
1437 592
327 1539
990 1151
319 1290
450 804
1145 1263
725 1330
269 123
88 426
1425 655
905 318
541 234
232 170
1169 714
834 81
312 954
557 167
950 274
747 1183
878 1392
1230 516
351 612
433 1064
657 294
36 269
1125 1389
1058 866
821 802
813 1541
687 1200
1027 576
1458 291
606 726
454 1028
676 193
359 1165
390 1007
821 1481
1536 483
818 1100
1344 1559
391 758
635 1521
197 319
761 296
336 1595
1413 1558
1365 46
1328 576
754 484
1502 430
1278 141
786 177
1291 147
1499 945
1279 1562
854 1162
1243 748
922 63
867 1119
1437 792
954 210
93 1124
193 114
1035 1387
779 588
796 374
205 1166
699 918
490 712
538 1463
727 976
436 1348
255 1166
867 135
701 999
347 1537
1407 1045
659 1036
830 560
1102 105
591 826
62 1495
668 1544
747 21
1533 765
1147 1141
99 165
1409 1441
217 1589
1393 923
196 356
1361 292
1272 836
783 340
186 926
1225 1136
1144 290
100 415
788 1422
1167 661
1019 887
1516 91
279 614
142 226
646 1417
279 897
758 1406
92 1038
473 1293
719 1600
1469 607
1060 1155
1117 1154
1381 1235
939 597
1128 897
366 1470
1232 323
397 93
622 1326
144 329
1273 685
1154 1153
794 1056
1052 410
1012 1060
497 356
463 556
333 529
23 1306
1076 1496
1085 1590
1170 534
196 1583
41 740
740 67
485 526
800 271
1001 1591
586 1290
518 781
1023 676
1492 262
520 567
1083 1424
1287 1029
1549 982
583 69
263 919
651 893
420 14
1532 331
715 2
1281 794
143 939
556 1600
773 1216
403 1446
33 876
872 184
656 719
485 1426
747 650
1589 160
171 453
994 784
714 1140
475 1343
48 1133
541 840
1262 1372
714 1567
532 904
481 112
946 1205
211 745
68 52
1219 1489
1017 1234
221 100
904 288
215 993
961 49
749 1163
1016 292
1544 768
689 944
1495 131
1288 1575
1209 1063
1535 792
568 955
665 698
1455 1414
182 1314
1514 1513
201 1492
821 121
252 1039
826 636
1078 462
1028 790
371 936
277 518
651 1216
744 36
146 1060
1489 337
1073 356
589 1391
350 528
1001 1165
512 1544
889 571
744 1201
125 1273
853 746
373 445
6 1098
1109 412
401 1219
89 811
283 450
14 767
1329 1245
261 1003
553 749
225 885
1132 198
480 185
1026 1154
1182 1037
389 380
1530 591
480 30
50 356
293 108
529 485
421 1338
1088 1374
151 144
1072 741
471 128
1047 1430
634 43
1048 1259
161 1351
1295 572
748 76
859 1424
397 750
1054 399
1229 1553
1006 957
516 1097
1381 440
437 1420
701 1231
226 93
1074 471
323 710
174 360
1029 1349
1594 29
139 811
432 652
213 861
782 624
788 808
663 854
1506 921
1570 914
1284 887
494 1456
242 824
458 1105
425 789
1583 799
441 408
278 1480
501 131
1585 1392
1319 666
1415 506
747 794
545 964
726 1364
1139 23
1555 347
1425 1298
718 1371
453 940
1592 154
893 1119
711 856
708 1595
1022 368
92 370
1258 692
1479 176
1454 982
162 317
207 1353
1105 217
330 480
913 731
1525 1456
36 530
1170 59
574 893
144 1114
649 436
768 518
361 1289
183 1184
640 372
1357 63
1555 971
451 310
612 315
242 1028
1254 1479
553 504
1008 882
304 804
636 933
1120 680
931 1517
308 703
785 622
1451 1275
1343 1137
1333 73
1353 883
1460 944
981 240
314 1142
78 277
1415 207
1460 891
467 808
218 450
122 1395
1275 1145
96 856
1330 923
518 1223
1085 185
924 1178
945 565
1420 275
963 413
1575 236
282 1427
380 1493
715 104
998 1038
1436 656
1156 1103
1443 371
880 148
770 1415
988 697
799 1583
1191 1236
1523 1478
666 291
26 45
1005 495
1434 77
1462 1593
199 422
328 718
1553 305
27 1279
607 1165
332 1101
1044 154
1118 1567
161 379
629 1214
1275 1401
144 724
1377 1490
558 240
1436 227
1271 891
617 1149
1451 1422
1196 1539
298 809
178 708
357 559
1589 1248
1175 887
1503 1023
714 467
1273 258
274 1590
1403 37
94 1350
76 1218
420 865
225 1421
688 491
989 906
46 373
863 446
900 733
1373 1477
424 184
412 1103
918 23
9 1335
919 433
1157 1285
275 258
1261 1569
1084 1486
484 623
319 1459
852 247
98 659
879 497
877 1062
125 327
129 1550
1212 272
549 1308
1270 607
925 160
319 105
696 770
830 456
1544 801
1456 1223
1351 1008
499 1125
526 1294
1135 35
198 1241
1503 38
63 196
706 870
1175 190
1387 840
777 99
779 1366
499 1269
988 1543
727 874
294 54
669 878
1220 132
1482 657
1444 1082
462 528
1172 792
1079 433
1241 1439
137 1334
1206 1417
1066 346
1342 1174
1461 1557
1141 415
328 81
655 1565
304 968
810 1552
916 1283
1530 233
1468 1024
1125 615
445 330
1156 131
952 1262
1495 394
252 496
492 846
1454 77
679 483
1361 176
1176 990
109 302
733 371
608 755
509 294
1207 1208
452 1253
576 392
766 646
332 893
497 956
1035 1403
1193 524
902 260
1298 654
1094 1098
899 667
313 976
251 1359
81 1058
1370 273
125 839
151 151
732 1235
878 374
97 1371
1363 62
592 1483
1114 152
455 441
714 241
627 1582
219 182
1482 1008
662 1588
161 396
1365 336
1476 1193
1428 1354
498 697
375 1091
268 1562
1168 1319
582 146
472 1526
1039 1088
1218 1294
232 411
846 537
361 980
1513 1458
1101 1562
1083 188
869 134
675 466
379 1577
634 133
1050 1520
1019 1229
174 17
1345 1309
325 160
261 419
941 304
568 758
430 1329
1180 545
701 1425
860 765
1011 1406
1494 874
17 687
128 706
208 1302
769 573
375 1400
1071 678
1498 1162
805 501
1188 536
277 884
829 104
169 516
723 889
1520 522
1066 779
579 700
9 296
1396 1
335 858
110 483
1364 651
664 214
989 287
302 1274
383 1266
1327 1345
407 382
1118 773
623 736
763 800
1289 1148
192 1448
1275 183
1099 1259
35 1158
1407 756
164 46
723 832
1137 487
955 1228
182 362
1158 438
1005 388
447 661
70 659
1548 56
1460 61
455 152
686 1300
897 847
1389 483
689 38
1266 1374
1540 1498
1570 1586
325 413
393 530
1242 648
249 530
173 1261
929 281
559 760
1036 1052
936 241
156 1268
1280 44
775 1007
1363 765
1531 860
1315 313
244 530
448 267
1482 845
69 259
1046 1024
1452 695
1577 1421
849 1102
1231 547
195 490
307 645
604 1144
1585 530
967 19
955 1325
1033 77
87 195
1570 549
52 1598
1107 1296
653 241
988 1404
301 1462
1287 1062
812 128
322 868
1278 454
1120 824
306 621
1536 1481
609 724
910 57
973 279
774 554
138 1332
587 1164
1281 123
394 641
519 871
1229 1230
188 1165
1138 1017
1230 338
779 1157
656 1530
1182 814
1046 656
283 1102
1189 526
28 1548
144 1125
565 1236
416 441
1088 254
367 305
1094 105
1388 1501
660 383
498 1387
564 145
1580 504
928 1514
143 8
1187 1107
1335 428
444 280
820 1469
931 1180
1396 846
790 313
291 131
171 847
736 147
285 1427
968 919
503 1422
871 32
325 1128
44 641
622 1345
1467 739
515 1017
447 662
937 911
1402 1144
1207 957
206 185
398 874
342 1203
1006 778
114 913
813 948
909 1330
1089 674
549 539
888 148
1540 1578
207 1469
45 282
382 1307
616 747
1467 18
733 550
1147 1399
488 275
486 361
709 667
1359 846
665 894
829 1217
167 925
156 1265
1273 1185
656 744
1380 1246
1532 1367
628 1333
757 1247
1214 684
412 1255
356 692
840 980
467 33
1216 1310
1426 414
46 1397
430 1298
870 1569
1359 1538
1352 880
1146 351
1118 1564
1333 49
718 977
649 1013
794 352
116 1181
176 1217
902 845
1174 1207
1431 1271
368 575
1077 786
1359 5
244 295
1338 1469
220 1091
1485 386
1020 365
298 416
644 683
481 1270
1356 940
1269 962
903 933
1580 1542
1167 53
959 739
889 1508
1156 1313
690 1483
194 929
644 393
545 872
882 4
1197 1138
324 995
1398 668
44 1204
798 345
944 1002
866 29
26 941
1349 823
834 545
1324 337
374 128
858 1474
256 1050
247 137
90 183
469 1196
322 1090
1230 988
797 612
793 1476
1033 310
946 1594
1137 1370
969 257
1069 614
202 166
517 1050
261 402
518 115
560 644
1260 1490
1591 1030
1441 653
864 1191
208 8
637 1299
1318 1238
414 905
1302 105
519 1340
705 628
1544 60
1305 806
1367 9
103 473
1060 834
1570 963
594 757
673 386
341 193
1474 657
1093 1377
228 1177
1063 1466
553 1432
842 168
873 1247
55 857
426 251
45 914
1471 1415
676 27
438 564
690 488
1188 425
931 1436
1479 1108
1211 895
996 188
500 277
1219 1542
662 695
369 823
311 1454
1573 913
1394 1596
1525 420
1498 404
366 780
672 422
115 747
779 1200
799 158
1538 1142
3 419
82 947
727 1006
1413 795
1144 924
607 716
261 902
222 87
1479 1017
1353 56
1426 2
240 1581
1543 1215
791 269
303 270
1508 1177
986 565
1147 505
402 315
451 979
1187 228
519 1328
841 100
1369 1443
1265 487
1497 8
618 806
308 561
1589 743
1279 342
1421 1016
279 881
343 1036
1502 1182
1548 1505
993 616
904 176
1549 1294
1281 70
710 1146
85 538
27 497
361 280
699 976
225 124
508 631
820 529
1402 507
36 503
1402 1404
323 213
106 582
271 131
174 1302
499 326
322 908
1028 1401
1085 1107
1373 965
346 1441
472 225
1119 1189
815 372
1523 713
881 1573
628 1241
49 105
861 265
712 571
977 800
1092 598
1004 203
981 961
1392 333
746 85
884 1361
11 610
626 1167
1558 899
1364 370
183 462
968 1414
271 65
323 1346
276 731
255 1054
102 448
917 42
1243 1006
1302 884
604 1387
746 101
519 962
47 1156
1226 1467
764 1061
1176 460
477 298
217 873
1591 728
409 1438
1009 600
467 1149
281 1345
284 307
1576 1295
64 679
889 1335
782 24
590 1506
213 819
356 518
1097 191
1423 669
1011 559
615 72
1199 309
1597 1569
1438 1352
1121 1241
884 905
562 1015
246 678
710 1480
508 964
1537 896
784 1420
696 87
1226 711
1438 637
626 1541
831 152
1180 90
801 98
130 898
1074 1113
639 612
351 188
1257 1287
568 996
1401 589
1108 770
1468 903
620 1106
1330 1434
755 605
389 901
507 982
1148 121
50 651
1200 23
1283 1505
585 1290
870 1066
273 677
477 351
73 1282
1073 253
376 340
176 836
1096 283
1553 1227
1111 1193
714 1222
1228 700
1298 1214
757 1338
206 948
977 1131
1161 456
199 791
1339 541
1389 886
1468 137
250 622
1388 814
1381 183
1509 292
1509 1063
732 933
1593 1534
1276 1042
1218 436
274 725
589 1447
229 347
162 732
1457 930
1078 1102
418 481
1100 60
662 1316
706 984
935 933
90 702
513 1257
331 961
1492 949
717 100
1371 914
1565 1353
460 744
354 1445
415 669
435 408
129 1361
534 1450
1287 1036
1410 951
353 123
1388 1208
1357 66
492 907
1509 1126
988 931
1435 897
1033 1064
1434 1580
1161 417
545 111
1404 1317
1561 424
1534 271
1037 939
874 106
104 70
552 1194
1043 787
1313 1053
458 734
1 769
481 1253
342 127
122 1599
25 962
468 127
1275 491
621 666
165 1039
1436 1555
20 678
854 15
1421 72
967 132
176 98
530 182
168 108
790 925
303 42
154 1265
1082 1572
273 12
632 1145
661 1504
1493 1523
920 1073
1591 1050
1198 1103
101 1427
1050 188
1375 1200
828 407
1294 1020
944 1216
1484 1576
1236 1225
1108 280
462 525
878 468
1191 503
610 515
90 1253
514 1050
1212 457
286 1121
984 369
615 1161
1443 1379
507 730
1137 202
1262 1309
1369 393
447 498
997 1376
701 1581
1294 1230
768 401
279 1504
534 395
472 715
1599 1159
578 499
672 1559
726 1116
826 1177
33 1579
38 259
1100 813
536 778
941 1546
1369 1509
953 394
124 55
899 371
832 818
1573 568
180 55
543 1454
396 238
231 996
1079 898
967 1576
1579 339
100 945
113 665
1554 1155
968 164
525 221
735 868
1459 1040
689 1234
1109 69
1311 1080
353 591
1388 1173
1174 1162
479 1222
690 687
1142 847
627 916
79 158
421 140
934 1469
658 361
91 913
966 631
682 1304
133 1218
1493 1421
532 339
703 1362
85 56
1161 497
581 1043
293 940
387 1484
1559 1490
356 1088
1303 431
1360 1277
1529 664
904 103
357 867
660 416
1062 655
162 702
1162 721
450 1425
352 930
1058 82
335 1277
1202 1488
451 960
666 1073
595 124
991 1073
777 1534
909 1573
917 896
850 802
692 862
1005 208
344 830
551 887
1400 506
1105 1422
553 902
423 414
877 1484
288 1249
337 700
1118 1479
1309 939
53 966
321 233
442 930
1234 526
1459 227
154 299
386 205
559 1133
283 357
774 19
1343 1045
378 257
1586 1171
682 74
294 843
182 1077
717 645
226 1062
85 751
407 242
39 1353
102 74
1105 547
475 1458
1302 33
1489 1402
147 1146
1114 28
1367 372
613 1089
39 417
881 1387
92 1406
148 1290
763 578
311 487
853 533
416 65
714 297
94 283
864 219
1202 222
488 672
794 995
994 1070
725 1202
495 1374
275 317
76 1533
1454 1567
104 132
294 37
1135 604
1478 951
286 892
363 717
1356 843
1427 58
420 790
729 721
1413 124
201 1437
1382 636
1090 217
665 211
1148 1202
1522 545
583 654
1421 443
683 1333
1541 690
985 30
261 1354
769 441
1188 1077
1233 44
238 1025
787 166
1242 1284
1562 974
1028 1249
1589 1130
1311 204
521 823
1256 334
577 454
818 153
1364 1004
1058 304
774 780
247 463
1385 1069
934 1034
686 806
596 156
835 1572
1124 821
1077 220
749 382
153 835
1308 254
1334 1593
359 787
810 1523
28 539
1437 78
256 1276
217 318
1395 1194
1493 1127
1134 1542
257 113
511 1599
279 1485
1419 1518
666 117
197 623
765 528
17 514
819 481
1559 952
1411 994
223 899
304 1092
913 1035
340 607
918 475
839 818
950 133
1390 303
709 914
829 1362
899 1448
184 331
621 933
1587 1308
326 1426
175 1114
1128 325
768 588
568 799
660 1318
867 576
1527 1267
300 1564
1458 1072
1311 634
1182 1277
947 291
299 1270
894 1555
709 274
1073 1443
666 76
567 300
764 594
957 595
1238 1390
57 1160
1573 1409
184 480
187 973
605 700
83 974
183 680
1439 837
205 1408
463 912
1251 1132
132 801
1356 461
1368 1368
1567 1343
806 1336
891 1595
1063 1193
787 293
1180 538
1574 1598
644 196
644 1266
913 1124
1229 1454
1022 702
371 1107
1297 273
860 576
1308 1513
65 1001
1525 1510
968 191
109 1440
623 1102
707 230
663 394
1094 545
123 1211
319 853
1423 1234
1045 7
269 1442
697 1256
482 837
107 1052
64 886
502 183
363 1469
649 1078
894 1023
161 791
1244 1331
99 507
935 116
1324 1307
842 608
757 1266
1064 1575
119 1085
357 1351
432 1260
345 768
1508 844
1441 684
620 1598
712 285
967 369
630 843
217 1517
1292 990
646 1282
123 1376
395 650
294 76
483 170
1434 551
7 815
1121 1416
1445 699
1130 861
947 848
481 1361
304 577
1451 662
101 460
1406 1568
445 119
1053 1085
245 1494
985 1289
790 181
1529 96
319 460
1114 226
970 1123
1283 1139
307 891
1349 145
1214 1011
1174 690
1127 1015
682 803
1569 1122
414 1431
170 1495
983 53
1008 1227
22 623
23 766
664 266
233 297
747 816
141 44
754 1236
117 483
783 1309
422 302
610 90
269 639
664 16
785 274
1161 846
1062 135
1516 1340
869 1358
1261 497
563 332
1461 668
519 916
1126 519
673 595
383 240
122 12
1087 166
865 914
945 783
470 81
1408 626
305 742
884 245
1151 924
1053 198
1232 1225
1028 783
554 441
543 326
267 893
1484 1349
681 1490
1412 1436
383 263
981 1360
1433 747
1474 1520
203 1332
550 1241
782 69
1596 1587
1055 197
1056 695
727 489
552 815
912 516
801 550
601 1230
300 435
899 967
249 1300
785 1
826 1313
567 227
269 632
808 1081
1069 722
951 1387
1016 22
704 598
894 524
1453 795
667 1350
357 943
32 706
293 409
470 777
360 643
1095 851
1270 149
795 1177
1179 887
1312 1452
448 530
19 456
1382 1050
822 350
419 935
1146 862
1163 1559
633 277
119 620
245 943
1082 669
1105 327
194 1258
368 481
91 1431
966 685
952 265
839 747
742 1025
301 735
1187 1489
1357 673
716 200
317 849
1174 371
624 355
1182 1047
554 906
49 1050
1392 125
1370 540
591 1187
1340 509
1143 901
485 1214
886 1288
1320 1550
1566 1264
28 1290
153 308
1442 1480
1015 1464
92 424
1055 607
1531 1316
1106 515
1202 807
1492 1291
508 96
643 456
1117 678
1375 86
1405 1197
1480 1238
1569 1201
354 1526
816 294
620 1317
1390 1131
871 483
134 538
1092 1510
38 773
220 878
655 1202
315 193
383 357
380 423
1174 60
833 747
1162 1351
557 1058
1598 1338
1490 491
970 907
410 1228
1323 658
38 1239
186 1162
1497 836
360 1420
21 710
830 1367
476 677
1057 1061
1133 1481
792 485
1155 69
411 1099
760 207
467 1466
649 1012
1304 1253
1387 369
481 1357
374 730
607 498
825 1349
435 1184
1578 722
764 1360
445 759
1547 1070
1134 1453
1493 1011
542 1394
618 724
516 1337
1271 788
1394 1057
1494 434
86 259
941 53
1339 738
191 682
298 271
532 667
1024 1509
661 1313
661 1108
897 464
326 1255
199 501
749 1080
1262 1239
223 472
1536 984
141 442
747 1217
1225 502
434 364
1337 1248
220 1504
416 782
166 204
877 1138
131 638
590 1247
1201 771
344 60
245 196
828 672
627 1464
1201 1236
1347 650
58 1333
1588 395
1361 1187
1580 23
1475 1467
1460 1549
834 232
545 1575
737 1486
365 728
1426 1236
1171 102
260 931
601 466
864 1162
728 872
980 1385
1055 281
1418 540
693 1495
1453 294
653 114
846 1279
717 188
517 1479
45 1001
346 542
407 683
1563 258
797 248
528 730
89 1313
214 1079
597 536
126 201
1128 1116
233 925
952 1025
1212 593
1052 1106
78 1149
24 504
249 206
299 659
400 987
518 1021
617 58
1054 816
652 133
1116 150
1202 463
617 355
936 1465
1460 325
955 1077
1223 1500
453 429
157 549
1381 840
1496 1448
930 1435
33 905
1058 867
1131 629
414 479
1559 530
24 441
407 762
987 1287
1054 1395
799 53
1113 786
862 242
442 996
789 1388
352 68
1058 682
290 1461
715 351
1165 56
629 924
154 516
484 941
562 1248
825 817
134 543
1447 994
1291 1198
634 42
60 136
1256 509
796 1398
463 159
496 252
212 714
1583 1174
1459 1417
385 285
1438 1128
235 1476
1282 613
1131 1417
141 1217
373 1022
1123 586
1023 1288
1165 185
723 1052
881 1089
1328 458
586 1122
1167 251
1276 1026
231 1113
178 128
758 423
1384 1439
1087 1504
761 788
1184 668
701 740
1507 1008
1110 919
1313 806
461 257
169 633
552 1433
358 440
561 29
238 286
366 527
111 769
245 207
1471 405
1317 146
930 1507
171 310
899 404
1457 841
774 131
902 283
685 297
1391 1378
1550 249
1219 547
112 858
635 1291
1399 593
191 925
1408 610
1228 1176
1066 251
572 522
1465 1422
1201 763
25 516
343 408
1223 951
260 782
833 662
237 508
538 218
19 73
389 1031
1306 1245
15 82
905 603
69 1580
873 295
570 935
1178 597
587 1439
1032 947
16 1423
527 1054
1197 824
878 1555
952 198
1502 962
1122 59
1418 1495
1198 227
1533 657
863 1461
72 1271
77 1424
1380 803
949 702
1558 992
58 32
209 971
598 9
780 70
265 798
1 1034
123 66
686 231
1406 1396
1427 26
630 910
1049 203
1174 526
676 971
262 834
125 139
536 596
1470 617
1092 129
948 815
1572 1047
1050 531
1102 12
541 1317
710 420
382 178
62 1130
1292 1041
1386 1512
1492 1560
307 877
1209 1434
1217 1050
762 1255
460 5
1449 906
698 1058
1082 453
887 327
765 1228
1032 1103
401 1509
767 1206
591 449
148 822
280 25
1108 1222
826 1003
505 1039
565 590
1353 834
355 1400
1038 1252
1385 917
1377 146
53 95
803 1292
60 59
1187 1429
1504 953
1375 1284
399 243
461 1113
540 1289
636 1032
374 422
1399 642
1344 547
196 531
1399 33
1494 249
541 676
729 1214
1043 388
1387 267
1330 1570
995 1286
1497 150
711 1555
870 1498
1494 116
273 830
439 910
736 433
425 1301
761 268
704 247
933 153
870 41
819 217
244 1023
1284 1359
1238 1463
306 1192
887 1015
1544 347
606 601
145 552
1042 540
263 587
184 1546
863 958
1358 1053
954 733
771 33
997 308
543 846
986 393
1386 1590
1277 458
748 866
775 310
1540 1300
790 337
1271 771
1019 167
606 574
308 565
194 605
735 664
947 1091
1465 177
581 615
510 498
119 1065
921 529
463 972
76 1083
563 346
219 1134
276 443
211 668
1204 1095
584 559
898 910
1163 540
657 704
463 155
417 1291
1107 1006
1131 319
1455 87
1596 958
28 320
150 227
813 989
963 214
1582 687
350 1204
168 884
1433 1049
146 734
203 18
1339 1468
889 1142
970 1530
428 115
1343 1222
467 488
1456 999
575 1161
1081 526
157 1544
356 1478
73 676
1058 533
1352 634
408 707
595 1381
13 758
1043 1014
932 567
218 819
607 1060
1425 1286
53 1035
1542 790
1335 280
893 1455
623 995
1485 419
1505 653
1068 759
1113 1112
440 1436
1469 1438
16 372
1494 152
823 88
736 297
460 1219
1413 745
1565 1040
540 950
1056 1469
735 31
1025 811
1167 1129
1450 1475
678 1147
899 161
799 1112
501 1394
842 1099
1555 1522
1044 509
58 988
775 1347
1012 364
105 1556
993 670
254 102
7 1454
222 771
1256 807
1558 65
437 583
1183 275
1164 307
643 24
1456 220
1499 1148
1080 115
1046 771
463 311
574 1600
925 124
562 1279
197 1596
232 1380
824 768
603 125
325 78
1 1312
1516 310
1545 1120
351 214
666 853
1006 875
135 1108
799 292
58 1369
425 1521
245 365
741 1421
683 1297
237 318
417 607
682 1256
284 1284
1015 199
105 329
1562 599
1051 1368
197 540
339 1139
872 265
1215 824
548 953
147 1390
524 361
996 597
1480 1546
192 858
924 1499
752 1232
936 66
517 1177
1381 729
1277 1040
1380 1101
1105 413
735 750
1210 353
395 1114
1488 100
665 1235
1249 242
1550 1463
332 794
711 1583
226 664
453 840
1396 1262
571 1243
152 474
1288 448
1592 1305
866 1023
815 560
1368 95
210 581
1121 1491
1153 632
855 4
1112 1105
69 1397
685 657
214 63
970 1003
1277 255
192 667
644 493
118 277
140 770
1081 1007
318 1303
601 494
694 1441
682 1439
397 1113
567 843
1419 111
778 25
741 305
720 944
1201 630
1421 1358
1505 554
548 358
240 292
436 309
334 1340
56 719
1528 1362
1082 589
328 1542
727 106
1241 198
1136 1600
505 575
1559 225
989 418
1220 624
284 1523
13 722
47 1297
978 206
673 785
1107 825
3 423
1264 1311
1109 486
1316 63
961 289
836 1355
1505 716
72 1075
710 1587
228 545
1545 174
388 565
885 751
770 1470
797 53
678 941
449 1240
873 524
240 1439
106 1115
565 89
1098 1065
968 1057
1188 173
929 175
970 1235
1012 625
114 582
894 847
991 893
866 436
350 672
339 281
526 157
877 41
287 301
216 562
17 1024
845 577
183 614
933 427
1369 364
1017 386
1237 586
938 687
875 1285
515 557
11 1061
832 1024
1191 480
649 1158
804 298
829 1015
149 268
1500 915
1001 374
555 602
285 181
1570 238
1573 1316
25 133
64 1286
181 1007
384 380
1389 817
701 1150
1466 31
1180 799
1035 437
525 1089
55 67
550 418
66 595
26 1577
423 145
714 294
1496 712
627 649
877 1007
1595 1549
85 117
351 290
1245 1009
1054 1083
1156 1464
1087 1355
174 977
934 603
253 462
945 1538
1309 1068
163 714
1521 365
685 1177
1429 889
1067 1154
808 854
1324 1323
1359 408
778 257
1185 616
1395 1102
633 1281
93 145
301 250
869 758
574 1501
232 105
390 1435
1485 137
1579 566
879 251
1217 1163
327 1015
38 930
1351 923
1235 705
760 972
252 226
1000 931
1444 630
1050 867
1344 1178
522 786
844 154
943 546
1411 551
516 306
1168 129
1007 756
42 403
731 355
755 891
122 590
1485 1293
217 1485
1303 463
544 168
204 448
1121 769
1497 715
492 1396
773 1068
803 1366
186 1178
883 1168
354 798
591 320
1067 860
1338 1532
248 812
1073 1316
496 1210
1168 781
1100 1330
1064 239
238 1485
1191 1325
1067 1576
344 1080
1352 652
793 1456
1091 907
680 26
204 607
1053 458
1025 1243
635 1524
881 1074
1117 802
125 708
1413 1065
401 200
219 1512
1511 582
140 12
365 471
368 654
271 196
757 152
933 1547
1558 875
11 1339
173 1
1566 1352
221 82
419 80
1439 281
1396 1394
265 669
1592 1284
1214 990
556 369
172 1446
1229 1133
545 1446
1083 1313
51 1540
352 255
25 892
389 112
1511 17
1437 195
1533 261
59 851
329 31
737 1237
193 443
1399 1258
110 414
165 1023
529 1452
524 960
1013 29
1579 800
305 1266
856 474
1162 1538
988 158
187 718
687 577
257 936
959 634
835 672
820 1332
99 61
34 281
68 1588
290 956
1342 346
183 120
1038 933
1542 1123
633 1382
1128 1074
1178 147
799 263
736 690
566 1416
449 1326
376 1495
1007 821
1189 702
1045 1532
80 1140
120 525
433 1438
258 1598
1557 1324
1336 182
125 818
670 49
1085 1460
194 287
1280 343
1206 471
1133 1439
41 1269
213 1307
1347 1085
818 1495
664 1597
373 56
1291 1247
775 1518
1132 1413
1335 1341
842 90
458 1031
66 926
57 446
111 1096
381 237
1211 1568
846 1133
148 581
208 1439
1348 342
371 319
906 52
1220 1102
1521 2
544 1393
1084 751
1022 951
828 1196
77 135
1239 1413
1027 1454
1181 607
786 215
119 1085
1511 1306
110 1060
764 1520
1096 1385
1517 738
853 41
1303 116
114 120
1536 530
291 1290
361 775
1153 470
727 461
965 10
116 38
1463 612
154 1420
246 446
1016 327
378 738
22 1148
42 550
523 922
1133 861
89 131
1397 1314
133 1327
1365 225
1086 1216
1431 866
1485 1023
238 263
494 1540
341 201
1221 1583
1091 379
1480 1299
918 1599
1598 1456
1313 33
471 1336
1377 621
113 1047
1030 425
1086 1394
160 218
1029 27
679 1376
1263 1241
1026 597
281 27
505 1344
609 407
1247 211
754 1044
626 110
282 1165
1583 1528
1247 1425
709 100
1000 1310
1340 1369
1380 612
538 727
445 919
356 1479
318 1412
364 1593
1459 428
543 1373
604 1080
409 1530
1176 904
868 1198
1182 615
549 175
298 157
391 1184
1175 377
1244 988
1195 1133
1264 1445
765 228
1458 1596
788 1304
1115 445
739 216
112 1113
769 597
1409 1315
770 534
383 1091
1116 1134
1027 126
390 118
1088 1048
771 834
324 75
920 346
451 1337
992 466
203 794
1096 1243
192 1334
456 1417
1466 398
1 1125
1049 1435
849 424
405 198
992 1454
741 352
153 5
985 205
358 252
401 480
1226 786
1521 763
1288 885
1508 412
31 288
815 1333
108 868
1523 207
288 1289
263 1204
1339 234
565 154
688 1556
523 1389
484 1027
1469 1468
1229 271
1510 382
241 1280
488 525
847 543
341 137
839 352
120 729
881 793
895 1384
1339 742
1207 645
1530 81
950 1574
1118 1051
901 446
246 1011
1335 19
469 1127
1458 1335
235 823
1597 715
1177 110
1312 903
406 1135
1232 503
1392 1153
308 1239
119 1149
820 419
395 41
1219 959
503 1575
1252 1451
253 1471
392 540
907 1443
415 398
859 414
1461 760
1415 1568
1020 26
547 1363
1068 187
416 1543
1247 1267
1247 899
1049 22
204 585
964 579
599 1209
767 266
221 1185
974 1474
196 930
1252 1410
258 1436
305 66
826 70
1363 66
198 1363
298 1044
1085 452
161 1378
583 1481
640 1307
347 692
1350 407
731 1476
1537 481
892 1296
1507 293
542 1151
1266 1347
951 313
59 1293
1525 1505
1587 425
1303 69
1475 1345
114 1076
855 406
1507 1102
1252 498
97 1072
1135 1420
416 221
1044 1344
458 810
108 1319
534 508
693 971
1315 580
1416 745
824 965
1574 346
639 206
336 207
1405 698
534 879
1543 816
1093 1578
659 890
137 1278
741 606
808 396
998 635
1125 1257
1140 59
1404 593
966 783
462 1096
712 1164
862 300
770 158
1483 408
1084 1076
571 1098
82 811
804 1085
865 1367
641 798
765 1353
1093 1190
463 983
626 1481
366 341
25 172
1321 790
753 1128
715 213
910 1528
417 413
1261 567
1518 1378
305 1281
585 1227
320 548
1594 106
909 186
971 73
15 497
1510 1110
138 1466
942 982
800 273
1517 495
1150 1259
874 834
596 452
761 705
1088 1530
660 1459
569 481
750 1458
1208 713
238 1155
1239 1014
14 1088
1136 1435
986 1167
596 33
1119 934
1588 1257
696 1425
356 436
68 1576
366 1156
1488 38
513 1195
1018 874
694 881
857 1479
125 930
753 1495
1563 900
483 437
1495 96
1589 576
963 1381
1177 1078
1583 1070
818 765
890 1141
458 1518
602 608
1161 1332
678 279
975 47
704 87
520 1451
104 1374
332 322
419 735
1323 661
1004 665
128 356
784 424
793 1067
1521 1221
1420 1598
1013 288
445 1331
791 195
1402 874
539 939
1243 92
1258 77
273 1184
1574 283
1204 1329
158 1189
783 482
1225 1049
691 1162
47 920
101 964
400 829
1118 242
950 1224
493 1481
831 232
216 1025
725 13
1300 1570
1466 355
864 1236
468 205
1243 739
1389 688
738 1556
174 413
1043 1323
1373 530
1277 155
1381 912
972 855
247 1487
15 900
1319 1264
148 203
1245 1225
833 787
202 136
895 1396
343 1240
93 656
814 1521
1237 181
221 757
863 856
749 1546
729 1325
403 1162
1236 911
7 1441
1351 571
1158 1315
30 1140
400 128
402 473
872 1436
1294 978
828 245
1217 294
891 1280
730 489
659 1187
729 380
1248 851
1174 186
1397 824
1170 1514
931 433
1488 561
351 1198
1264 503
1230 1090
627 467
747 914
1077 1104
1015 522
26 824
1261 855
641 1346
987 1232
477 979
282 1061
429 247
851 835
277 150
459 618
870 1015
1235 258
1591 985
678 658
151 475
990 85
1110 451
526 575
1332 1362
1335 614
1481 407
114 1367
986 963
141 663
1341 727
914 984
741 477
708 1235
756 119
1014 1186
252 1114
488 570
1535 1270
232 1126
831 1354
411 800
279 1600
1003 1136
859 87
800 999
432 1125
1392 154
1516 368
390 1128
1106 560
832 940
1203 135
1143 1148
618 1332
547 1093
747 1455
1274 1436
1562 1326
1191 118
852 1121
217 184
473 374
1104 294
1358 741
160 996
126 55
568 1128
1069 44
1002 972
446 840
913 543
958 1386
1350 791
1271 268
437 1457
439 1015
951 1311
1281 138
1443 1286
118 599
1031 342
263 727
829 1020
1267 163
123 444
255 190
1168 1582
987 728
1433 718
484 1039
670 236
407 902
1214 197
469 714
787 1208
793 1424
1399 173
1039 824
66 1397
774 465
1367 498
1439 1224
1413 1159
769 801
815 712
235 922
939 1362
790 918
1482 1451
987 1087
624 1238
100 1120
856 1088
414 727
833 445
708 95
337 455
666 445
1147 797
178 1277
837 1342
705 416
1471 1334
623 228
897 778
411 1199
1412 604
1590 504
883 1066
1403 135
120 394
1092 828
1113 1124
626 570
1163 1428
997 899
918 1555
263 1068
1000 1453
1330 340
164 610
793 1226
1214 694
1197 959
1538 841
877 1347
1006 905
730 1279
700 993
340 197
1044 484
600 1462
1522 42
741 149
667 706
977 1020
411 405
621 1520
652 922
383 1561
78 436
1404 1083
1263 708
1373 282
1084 387
1110 163
422 771
1550 1389
135 244
1546 668
814 117
1363 1550
1389 226
1322 1378
1465 444
1037 376
1470 1206
665 797
1198 1600
841 1305
1145 1302
487 416
314 1489
1257 1562
932 161
1460 423
1189 1432
1271 845
1451 567
1047 288
1192 777
29 1007
1525 1405
127 769
1405 1332
1030 72
524 901
1214 923
1441 206
1115 717
158 1073
264 1074
1131 748
189 169
796 458
490 1228
1024 409
510 1188
222 531
509 1317
409 406
1123 25
1501 1228
766 1272
679 65
1169 409
630 1448
1294 494
229 917
744 1076
227 1383
303 1252
986 484
1061 1009
654 1056
634 1370
221 1385
3 228
1183 1197
1347 446
1560 441
1407 773
4 1270
1083 1119
856 1089
34 1280
733 1508
1343 430
769 1540
40 475
1564 1126
1002 1350
1589 475
1456 1476
539 378
217 1452
725 1421
1532 972
1057 891
461 350
1559 960
1577 123
642 59
1010 1385
377 1396
858 1497
88 1033
409 1082
762 849
440 740
914 309
990 856
1487 1549
693 1463
640 353
1583 560
513 547
735 1044
1404 1574
819 232
1268 711
70 1491
609 701
183 302
697 757
1108 1450
1173 999
1037 1437
610 894
473 1259
1589 465
503 230
957 728
1184 212
480 888
1347 765
1146 404
791 84
2 289
1235 1285
924 617
808 1426
667 902
172 656
784 179
783 498
1050 236
775 49
50 110
822 971
784 885
127 1083
368 1357
1305 186
1555 420
113 258
247 1516
187 1158
1546 63
880 308
599 78
860 490
164 407
1389 543
1475 114
355 1295
636 1111
1082 1424
14 1212
112 1301
242 1056
520 1330
1330 1070
93 342
467 971
840 367
166 55
327 573
539 194
170 136
518 1572
471 625
156 726
89 1278
439 13
1523 434
1185 20
881 1212
600 1371
116 483
1514 983
1044 1118
883 610
58 328
681 821
312 138
139 508
568 393
46 360
1398 1113
296 1512
1391 102
328 121
656 264
1491 192
687 1454
758 168
290 1006
847 1010
253 846
1033 505
864 695
560 383
413 211
108 703
84 259
366 512
122 111
255 216
1255 589
1456 572
347 1332
1126 535
52 350
1147 1114
130 547
1250 716
1303 1166
820 1342
430 106
1180 276
408 905
905 1285
740 133
1511 781
1302 62
218 426
742 143
1551 785
938 854
200 1228
953 919
653 783
658 926
1179 259
1334 580
690 31
974 38
82 368
845 986
76 151
1426 640
392 687
1311 1240
1379 1478
467 728
879 70
1430 1429
135 822
569 260
998 3
974 907
877 211
1350 1321
846 1592
860 939
485 1470
131 768
907 1285
877 1528
192 1142
137 762
777 777
460 272
1165 1529
1280 983
797 1093
1149 101
556 1449
662 871
1061 6
569 588
306 260
254 236
1149 106
242 660
405 1016
1323 1037
988 178
1111 184
433 1518
157 1181
517 356
1409 340
1487 750
41 941
398 949
19 1473
819 828
1463 403
970 623
1516 844
402 720
1445 658
857 1010
14 1159
1410 1094
559 86
1555 674
921 1186
1168 238
265 335
1122 1481
1073 1321
699 218
245 918
1175 1183
1531 649
492 1073
1550 1087
306 1009
1502 5
334 420
625 357
682 92
732 880
697 726
775 1600
131 1317
1479 1347
412 809
146 661
1109 403
1411 929
1569 953
229 196
160 1294
177 963
1189 22
192 52
457 1569
1064 1542
714 1508
247 626
385 1295
388 635
1009 1370
1513 435
684 1427
1147 1094
1309 703
1108 937
1486 1256
22 1248
1548 236
386 1209
1265 1468
632 1556
1533 1411
684 1210
406 1441
647 950
780 355
1146 187
1085 209
969 704
109 791
655 840
1126 64
562 931
52 1221
1522 840
306 842
1166 210
499 808
184 1206
1349 929
193 1030
513 765
1375 256
830 1369
1474 1025
1141 1050
116 1594
1442 510
981 1582
1214 765
1432 1350
227 541
23 201
979 737
716 347
31 1204
1186 1563
664 17
533 1480
1574 587
557 285
566 1339
1192 1397
87 1328
1559 801
122 1221
881 1311
1448 1464
552 100
686 1568
49 338
313 85
896 449
423 326
350 1193
295 1225
154 1506
211 938
246 713
1270 1467
201 1162
121 1160
910 108
1005 1480
394 1506
118 460
1082 1118
485 1315
1017 1008
1172 355
1327 812
422 33
1545 751
1483 1252
904 985
1190 1127
923 501
1054 339
213 635
616 1498
612 847
1068 1092
361 1308
1534 1259
460 711
1557 1302
794 696
1290 710
777 695
1230 594
1243 1269
1079 800
878 763
152 580
7 1129
1362 1148
878 820
598 13
549 950
45 340
463 194
671 1081
774 705
1067 848
622 885
506 1420
577 785
1490 1544
1444 1443
762 921
330 581
193 1038
1015 35
123 1266
1514 447
1507 163
365 175
1245 1223
421 1477
503 1502
1105 625
1009 1558
1512 1053
1394 74
1196 1354
40 1237
357 526
1371 259
100 1094
624 524
998 45
1098 1581
1320 318
315 531
109 135
484 1449
1353 1476
300 908
1470 1584
185 375
1572 1
1164 1340
531 791
879 700
354 687
312 862
751 647
468 856
400 1507
405 882
551 467
317 1074
49 781
1576 751
202 144
1557 411
520 97
1341 930
604 509
831 128
5 1524
1016 1459
390 1420
159 418
1223 101
621 168
368 433
86 639
685 783
964 773
1537 354
1440 410
1171 138
1576 1364
59 571
348 783
1001 1285
686 689
564 1250
1450 1282
160 90
320 1172
122 115
1307 1056
1128 389
1297 1386
52 276
1178 277
862 834
575 571
1494 1377
825 395
1456 215
718 1426
923 1406
303 133
1341 58
215 832
1227 829
1314 1121
1055 1113
418 1142
765 25
1288 160
782 1325
521 1251
79 1594
184 1571
735 43
979 165
649 1055
478 1357
1572 1064
1455 677
1522 1339
1141 881
934 615
356 777
989 1418
131 1318
1378 1268
185 1089
1025 1088
813 113
1347 82
209 917
277 721
1084 174
1033 32
971 977
1537 1539
546 467
146 1219
778 1271
1475 1172
1289 25
820 1143
545 553
339 1320
1013 1305
903 269
165 1270
965 1503
845 426
408 716
620 135
1512 342
1570 449
1567 1148
680 904
1590 108
854 1087
1540 639
64 1044
1258 299
614 372
493 1303
868 1124
1381 593
735 685
979 662
1376 1247
815 1083
1540 667
329 17
1349 515
282 1415
212 1458
677 1498
1284 26
997 1110
1490 154
216 960
956 845
1574 613
282 1480
1133 192
1008 1158
559 482
273 40
1266 105
600 121
448 1084
897 1040
506 1162
1494 532
1541 814
21 770
201 319
1099 907
459 1152
1148 166
1529 328
927 1138
257 21
1276 1279
40 915
860 769
897 1548
1475 1240
179 299
382 1144
1276 238
56 1430
403 351
1307 811
850 1579
981 417
260 469
1054 1519
300 845
656 1170
1106 564
992 420
140 1376
368 1284
32 814
968 1255
302 711
53 363
886 619
1372 1442
1462 1146
201 1341
949 718
63 800
1293 162
1116 817
162 1466
165 1347
447 1481
739 541
1586 1066
1089 311
144 1573
806 1134
463 1360
226 882
1534 261
318 1017
323 1294
859 1238
23 1084
1336 1110
243 1001
1268 1339
367 1411
1126 338
750 946
837 1030
396 950
1409 1065
501 355
1214 744
771 231
463 1313
699 184
851 650
1041 1287
898 519
1391 352
92 1575
1541 213
995 651
83 326
271 1050
845 494
130 865
664 1509
955 860
1104 2
57 1364
984 1416
855 8
502 1186
709 839
719 1200
1063 1082
806 178
633 1428
691 1127
42 1351
733 1204
589 997
1172 881
1241 620
376 1154
1165 748
766 1490
1023 1516
1244 1587
1156 979
1539 1217
1364 679
267 1465
1088 844
959 1079
378 431
1071 1330
1515 865
962 595
659 113
929 1106
1072 938
130 495
325 1064
1179 1077
638 1081
1403 1332
695 364
908 1351
45 1074
694 817
1231 15
1161 513
431 1283
753 860
355 1358
302 1568
1182 243
301 1035
749 1405
1158 220
1441 771
556 208
317 1568
833 825
236 1294
162 901
1539 1212
1257 1106
1116 580
328 1063
410 1441
1069 860
42 1315
511 499
519 1320
51 323
334 565
471 458
519 216
166 338
393 180
1316 827
225 391
421 1415
458 1367
1520 531
764 1073
1494 762
1334 73
634 1114
1383 1239
130 21
1325 272
821 1342
1355 1086
163 706
1281 1177
533 785
738 554
664 505
135 447
1315 38
772 37
1293 271
754 1011
1085 1293
1211 253
1340 5
362 99
562 603
524 1559
1588 339
499 1497
1485 1156
915 1123
803 648
277 1014
214 1441
322 985
379 1040
1045 1534
1017 1155
844 1460
967 1476
199 573
933 916
697 1372
1223 355
383 1147
1116 1180
753 423
563 761
854 1569
380 579
385 862
1050 94
278 783
1536 713
1322 959
1042 1259
1282 100
887 1033
89 1333
1132 1196
1517 531
1135 1341
886 1001
657 584
168 833
541 1331
1209 981
663 1109
708 941
236 196
57 833
1257 733
183 436
1517 185
258 1541
1570 1557
1445 884
1285 768
895 764
1538 357
391 856
381 1543
447 1587
935 928
1445 771
1446 1514
1089 971
842 1022
1584 1222
73 1151
209 664
946 167
1234 895
807 943
943 170
622 883
772 839
548 15
78 1224
1422 1373
452 1308
227 598
464 704
28 924
1274 1587
955 682
154 705
536 379
1486 1047
163 119
826 291
858 50
1566 336
777 59
565 516
111 894
193 1154
1486 55
1305 997
1464 1302
1038 526
1477 834
1068 192
43 765
895 11
770 207
898 1370
185 1266
1370 650
1250 1491
311 686
1284 289
616 1069
1536 845
1232 303
1137 875
1263 933
560 1357
1299 1136
1552 1012
52 1449
1321 123
1554 1190
66 1558
1587 1112
1499 194
597 923
566 1217
809 1209
811 546
572 248
1123 1346
90 283
1546 1432
1090 1469
1209 75
594 1036
1080 1079
233 1363
841 1545
1320 1508
1396 364
628 1208
1349 1313
264 634
1389 94
1259 1423
1303 1098
32 724
1574 1185
545 478
284 874
107 507
768 908
1518 1136
704 1442
1403 154
617 384
181 112
971 1585
881 976
453 900
921 1433
237 149
1337 621
421 511
1043 1229
784 947
1332 133
954 424
118 628
1096 560
1103 1122
618 1269
1451 1413
563 221
491 1498
1112 695
334 1342
928 1017
1088 86
964 1025
644 774
1375 937
1043 780
911 590
595 1284
1551 387
1336 700
665 1044
987 1227
192 832
834 1460
1368 1544
428 1175
1214 352
159 233
794 587
555 1586
293 46
1132 18
613 767
551 243
206 643
519 510
159 415
1233 1281
655 1575
1540 352
247 329
802 1352
1131 1379
102 1592
435 481
624 90
599 483
1506 988
278 348
1407 1491
855 1290
1038 1287
586 294
201 1469
1215 881
1155 329
1479 643
1359 1212
787 1083
221 927
1374 90
152 848
1443 1480
201 1581
1337 339
427 372
211 471
1086 1168
20 1500
1551 623
1177 319
1410 1020
941 602
513 1006
451 625
999 610
131 1407
637 1024
745 983
694 859
517 785
1067 1153
379 1348
1569 185
1171 1076
1255 351
279 436
1374 1564
395 1093
508 1477
1291 420
910 387
471 491
1522 964
968 286
350 525
1302 1188
645 1007
1247 390
547 933
540 72
1419 1446
628 274
1512 786
1211 235
814 1036
891 955
854 322
978 238
999 1077
632 130
1003 9
1474 1067
1193 422
1157 794
356 116
800 658
978 515
1482 1123
737 789
801 71
310 1379
1267 958
134 545
1357 1186
666 117
805 1599
667 692
647 970
1155 934
128 1010
880 85
1179 1599
1241 234
194 763
291 502
877 872
1359 1410
1291 224
1415 532
797 53
189 1441
1545 990
983 1083
23 356
1437 218
610 577
358 1208
1428 29
919 81
1388 1488
1327 1348
1037 30
28 219
301 735
1137 1507
95 831
505 1068
107 1059
1234 350
938 77
89 1412
409 690
754 1588
1308 1530
676 172
169 1147
69 659
1124 726
819 1390
1268 548
724 91
569 134
991 972
1553 1166
1124 1240
966 610
941 529
1398 1465
1049 785
693 441
1086 1367
1530 26
1565 218
1200 865
890 776
501 799
79 222
515 574
331 770
836 1084
1194 439
438 81
950 1110
835 772
797 1252
1284 559
657 1069
1280 881
1124 446
999 1130
19 1320
509 343
70 41
213 245
509 1212
1393 344
1500 487
1067 659
991 435
1348 675
949 861
1112 1112
953 555
1407 676
287 1129
3 771
1554 225
431 581
1337 1267
545 119
370 511
1278 386
1136 647
852 192
1503 1201
1470 465
457 307
113 805
1007 177
94 1340
613 276
91 1307
857 1265
1121 1347
85 94
77 496
1245 750
606 1489
175 226
690 728
1382 987
1371 1476
610 1393
1023 678
1173 488
916 742
170 389
1230 1173
574 52
559 1440
566 262
1059 490
1317 295
59 1592
30 112
51 624
80 315
218 1395
448 1155
1438 1528
1528 1036
810 1297
975 1277
479 403
849 684
1497 241
25 785
676 1497
947 178
908 1437
793 161
96 75
598 392
1007 297
704 483
1530 1337
1412 983
1580 1214
96 1236
1182 757
1588 1035
763 938
893 222
1114 75
1331 820
1377 708
207 1115
15 465
989 1274
967 1389
1276 8
1398 27
757 870
673 318
1477 48
1090 858
984 212
1169 655
1261 1062
194 649
1378 845
1299 1228
590 1497
571 165
353 395
729 361
179 1335
569 765
1165 1381
1376 1448
630 1000
199 653
847 920
1280 637
1024 541
1354 352
152 854
1037 1591
483 469
1262 873
1089 1022
105 921
1519 25
863 161
751 690
625 1411
857 1598
5 1334
563 1514
1149 597
27 1236
802 815
560 520
731 417
980 1590
971 192
920 1472
593 1181
544 900
646 301
1103 343
1470 293
1320 1440
963 573
983 1434
1051 1274
308 655
700 1019
402 1538
1592 863
1017 837
148 835
1488 780
276 1177
957 1068
1011 1267
275 596
281 1449
1541 494
1182 608
1005 423
1179 155
705 1470
227 177
53 362
1343 401
369 1571
86 1559
930 974
887 822
616 873
139 1542
1312 1346
1168 349
486 59
1135 266
962 172
312 428
539 1150
1356 517
574 146
1521 736
1399 1201
1071 1458
781 581
80 1097
25 179
1163 460
380 94
94 820
663 1028
996 1239
55 1405
141 731
216 654
419 1464
567 414
21 810
418 1076
748 638
784 748
1213 805
426 908
1172 29
1134 1328
856 49
91 1578
1126 1001
652 75
502 431
1018 479
846 1111
1054 761
1102 24
441 554
886 503
327 1400
883 1316
333 713
1042 452
1357 260
260 635
1557 1201
623 1010
1508 1411
1000 760
25 1502
690 1060
1157 268
1098 279
845 1593
20 795
987 1544
263 1596
24 1347
225 115
861 812
9 733
1459 1161
1290 380
185 1017
879 884
393 367
974 204
1029 277
304 1459
565 1008
754 1500
920 1368
541 492
541 785
575 1155
689 629
451 206
1336 172
1542 837
1403 1360
683 852
478 1329
1117 155
179 506
1284 387
103 1492
1174 666
1433 206
1393 195
1464 106
318 695
1479 1080
950 283
670 272
648 621
1311 400
196 1179
844 1323
1553 1463
363 352
692 89
938 1157
357 1400
1382 1140
567 1256
399 574
498 54
1512 1167
1399 368
618 643
35 651
511 1135
902 760
976 27
1056 1105
354 793
753 135
896 896
1065 600
768 1012
917 1206
1430 1336
1527 875
264 247
531 87
997 785
1259 1522
1450 1436
205 1502
1379 1565
188 1123
750 585
629 435
928 305
409 1303
443 102
630 1255
1599 1580
865 1222
262 1562
238 507
82 767
1042 1561
819 1466
717 1274
886 1314
665 1131
567 1054
1284 491
139 898
824 1021
1405 366
865 1518
293 1390
658 563
405 253
1284 716
814 1365
370 177
577 806
462 160
1183 1129
1255 840
998 1580
781 710
1243 501
1512 614
20 157
574 1278
354 579
1179 1240
1006 645
358 1128
70 638
1475 120
117 331
1106 1095
997 1395
219 602
719 1235
706 106
1232 1055
119 296
786 1529
192 1590
596 684
800 482
17 382
1246 1093
506 1107
1380 1105
270 324
36 440
957 1154
787 739
406 1031
91 626
1420 972
1163 1131
331 811
650 1271
1403 19
1271 629
226 991
1364 552
624 528
1594 290
960 734
206 223
690 157
1589 744
1187 553
415 488
1214 825
364 480
1234 1005
1179 294
618 287
1600 723
41 1566
1027 34
596 345
340 1337
1505 425
934 1215
684 812
71 1261
1525 572
11 1135
678 1145
1029 1052
1296 1327
1457 744
304 343
544 1388
1489 1405
76 64
1253 235
660 693
819 500
984 1049
1022 129
762 738
1369 49
397 855
1503 1015
354 1347
860 975
314 1434
1504 864
1027 852
364 594
1100 742
324 651
673 443
1184 309
1565 39
469 1297
565 467
1584 1158
63 131
345 1161
218 697
1103 687
1353 41
678 1417
263 493
1292 424
43 747
480 1381
676 463
370 403
944 298
1021 307
181 1595
793 20
293 1404
560 865
563 1539
1011 511
33 596
1100 685
933 739
80 594
126 544
388 1327
106 1259
852 716
766 7
1380 1224
1045 413
391 9
986 1164
1249 53
1138 473
311 784
120 1522
1001 575
55 205
1265 992
1550 1237
996 1033
972 603
898 182
770 1147
980 508
1599 988
829 1292
546 156
1477 1339
1333 400
1025 788
1575 908
1325 88
494 379
1344 665
1350 846
966 1013
554 674
1114 203
1218 910
336 1133
400 875
1215 322
192 224
124 1548
273 741
577 36
1417 451
1061 631
599 1564
920 1004
626 908
258 104
799 159
883 100
436 1213
679 858
291 71
617 685
1284 394
603 675
976 12
1358 325
1141 1030
1015 549
918 366
383 151
872 958
1599 1100
352 1128
797 1108
60 1129
249 705
316 34
580 1498
1340 1021
115 1276
1146 1326
738 1542
1502 1430
161 1341
721 1117
1310 163
1039 492
1597 1290
599 423
110 1388
233 1527
205 296
1030 653
901 854
850 570
1152 1327
1216 1089
1399 944
1006 1129
1567 568
598 476
896 334
1266 507
54 773
1467 335
152 275
507 561
1158 1304
492 1553
1442 264
1001 1449
1463 1440
85 1354
986 834
821 139
1208 1246
307 460
790 1072
1537 537
343 673
1398 1083
582 748
1586 1586
1391 620
908 1479
544 374
2 954
982 251
638 533
1185 719
1097 686
1212 1026
276 952
1398 33
571 676
1566 1349
851 1220
1098 585
677 90
666 388
1146 1201
1513 113
1585 955
256 1317
27 542
23 1355
394 1237
407 1330
240 877
799 1357
271 612
664 604
910 1537
268 297
1124 101
1242 769
916 1336
1245 444
1379 1403
1371 864
1142 458
1362 1146
1591 1220
1224 1470
1078 1343
297 1042
625 157
356 1517
1218 912
974 638
435 1477
843 513
553 990
59 356
900 739
559 614
292 811
975 815
378 1118
175 785
1262 842
1368 233
1280 658
767 1599
693 1248
853 360
906 98
888 652
1469 1182
501 380
341 679
246 1240
905 1228
1247 1100
969 151
211 119
1286 485
1577 506
1205 459
714 1465
706 367
809 592
703 1506
1389 1080
240 574
140 762
301 663
577 1303
1436 1088
101 937
134 1469
378 1043
35 488
322 480
911 1352
1548 389
971 2
319 1451
192 112
191 1193
993 1340
151 1363
294 818
1148 1509
671 933
879 1267
1259 965
976 276
163 132
1457 254
438 752
1230 1261
967 404
965 264
36 780
6 673
1198 1190
316 1366
882 11
932 516
376 1340
111 58
162 383
731 549
433 1593
288 1484
85 836
181 715
113 1087
73 1017
974 414
234 278
1175 1122
1242 336
1533 364
381 561
647 1082
986 1474
1452 1386
178 1155
155 596
66 175
878 1169
1217 293
374 827
211 110
1599 180
1139 865
100 618
660 1307
1528 856
744 477
1245 875
857 938
304 278
410 1327
273 1445
814 1456
49 1590
1009 522
344 326
855 1046
746 1505
613 274
852 100
1586 1584
55 490
1422 694
364 1515
446 1548
1107 1147
1121 1570
1549 1112
1084 1550
323 955
1395 1145
1220 489
126 447
52 1352
433 570
431 1580
1533 1412
598 1044
1259 974
969 574
208 1430
1507 1188
531 1027
380 1002
1463 281
828 516
530 1473
410 203
678 1104
514 767
1031 512
865 1329
101 1599
128 1071
946 290
602 575
245 473
962 1490
482 564
537 1062
1503 1206
244 1589
79 148
1335 182
1413 659
755 462
267 1043
378 762
240 3
873 1434
570 820
139 710
843 1511
630 909
1166 1249
113 544
916 1317
699 1521
911 162
902 1504
1255 15
1260 1278
1380 1323
644 1359
1494 707
1077 744
1266 640
700 794
477 353
1328 1054
328 1109
563 898
603 1066
617 1126
69 1519
1204 1320
907 1385
1276 896
1201 757
1448 6
605 1236
803 766
387 694
134 1006
659 780
1263 116
351 27
1239 1028
1285 1468
1340 992
948 1435
1590 255
855 1506
44 1443
774 186
1421 12
1503 775
1350 575
1304 291
1135 48
13 1108
1032 128
353 99
163 273
1266 658
350 1388
1228 456
84 103
561 68
1343 1044
146 118
1116 809
683 1585
1369 734
874 710
74 1423
324 677
1347 1163
1381 393
920 642
932 1063
592 1411
1448 294
60 533
863 1331
1371 1436
1492 798
1152 567
1294 1337
1244 1248
1437 362
1044 764
903 170
53 536
1059 1342
1404 1084
1514 1199
515 200
898 464
1305 369
516 1215
545 961
1208 73
1086 676
1087 89
675 1015
847 855
1211 32
562 593
638 146
277 194
663 1244
349 1429
1010 147
478 1143
628 1382
654 412
473 107
1485 118
234 634
1143 257
262 567
1599 1293
997 637
1319 816
645 418
1547 414
509 580
948 319
778 1062
882 699
753 1006
629 856
847 1026
468 977
784 1018
313 575
1050 1288
1139 890
241 360
1135 922
916 168
298 1261
489 1452
1222 497
781 1048
159 13
180 524
54 1229
1167 1460
740 1536
181 1494
436 1128
27 639
724 244
954 474
1214 1128
646 564
1533 732
727 1486
539 237
1123 1536
1098 534
974 1018
786 1389
1049 1563
465 446
216 549
819 1540
1058 1037
434 952
378 952
989 71
432 387
1299 1595
1467 585
928 1474
320 1218
1538 1158
343 1524
74 1304
625 503
579 1335
4 121
745 505
988 745
1435 851
433 892
1152 1296
1290 225
1133 774
344 321
368 145
418 1227
918 709
1007 1504
769 660
1598 346
1027 91
826 362
1599 750
850 1006
1369 963
1362 1490
747 943
1201 129
727 161
227 1366
297 939
453 817
1116 812
371 754
1457 715
385 170
1579 1203
963 1426
397 762
891 1496
419 1103
649 736
243 965
1321 1314
1163 1001
658 1203
1029 1134
60 303
487 1204
1419 653
184 1586
809 482
820 681
502 663
1064 1511
913 1584
1328 707
1275 906
1375 1364
507 40
1090 1583
544 751
924 197
289 83
1569 904
639 478
684 1049
457 115
44 212
1216 127
990 521
1248 858
943 23
165 704
28 763
1288 1066
1555 741
1579 1343
1509 1017
449 947
185 607
1507 305
397 1260
499 157
1109 401
1556 781
1276 525
125 629
306 655
615 12
1545 153
1386 1527
16 1396
1224 1247
332 124
1447 977
909 534
897 572
951 584
783 1450
1333 1119
498 1588
249 1504
71 643
305 1117
274 486
1497 59
1096 667
920 1331
1092 1097
601 203
183 185
33 504
1210 1034
387 364
923 1447
744 1339
883 1518
1206 529
353 1462
869 1402
607 199
554 1376
1031 1179
1132 622
891 12
854 1567
692 1039
482 1174
1504 819
188 1208
909 975
658 454
495 87
21 1535
1080 1226
1538 702
216 734
1271 798
864 492
982 1273
1416 1428
831 1510
1161 294
1594 1476
1517 769
559 1224
158 532
535 1025
1212 476
434 1330
1328 1565
166 373
1340 1383
1346 1415
564 42
1115 1048
1182 37
349 500
202 400
1433 634
1336 540
86 1268
185 1460
970 692
243 45
1130 683
1446 829
665 596
1091 670
836 842
6 422
157 404
990 1419
368 1487
266 512
1583 77
223 721
1216 59
697 1204
131 1233
109 383
332 591
401 829
514 1098
1527 28
1223 1404
523 607
848 124
1583 128
934 1440
318 512
158 974
944 467
335 1210
780 570
865 1045
625 185
527 1318
951 383
653 72
1354 582
499 253
76 627
872 1464
911 1181
62 661
890 724
440 1179
1589 296
1461 1025
1375 28
1138 1495
1152 1544
21 1331
1502 464
1483 1392
381 20
1044 353
541 268
549 1496
224 1259
849 1065
276 919
1234 757
1204 87
400 884
542 1574
793 27
616 1507
1291 424
240 988
233 760
1476 844
1509 552
267 1500
619 1535
1186 1354
971 1245
241 466
78 800
287 1173
375 342
746 853
370 1348
701 270
170 1040
263 1158
1406 587
1589 120
1365 751
1379 716
1446 1303
1089 1194
310 157
761 789
1302 93
282 1156
343 459
356 1568
1287 735
133 766
576 1220
1396 399
1467 230
590 927
1362 590
680 479
598 1310
1235 303
685 1257
875 934
1083 1462
1461 615
1158 712
277 123
588 392
272 1523
133 194
577 1508
162 955
635 306
1503 733
1212 789
692 113
106 501
643 1024
817 354
680 172
727 585
512 164
148 1230
891 18
472 853
525 1298
1449 785
805 202
1157 752
1338 1567
728 774
1198 355
1476 823
1434 434
963 41
715 1571
372 42
1553 1453
1438 309
1105 477
634 1048
599 1383
1596 1098
1216 1047
1217 683
785 450
347 154
914 891
1470 1358
133 451
690 509
1529 533
173 743
890 1274
516 634
1524 1288
193 16
296 324
939 1134
921 1281
152 167
1210 187
77 732
260 1031
364 1493
218 155
875 1202
51 212
101 634
1359 1536
115 1189
259 1018
435 620
845 732
547 1013
818 439
1380 296
1496 1304
58 908
969 862
1600 1080
