p td 750 3000 
141 667
342 132
577 373
46 372
4 319
398 699
276 536
336 727
609 146
643 120
501 366
188 227
364 541
593 184
284 611
647 90
290 629
609 299
446 134
745 552
571 129
322 432
228 476
682 25
7 157
159 360
443 26
567 65
251 158
466 247
549 683
119 496
340 670
453 626
607 549
65 328
96 348
169 615
213 2
552 287
278 247
748 348
409 201
223 519
666 388
164 392
232 348
126 5
732 124
673 218
741 176
440 345
34 499
555 577
561 182
631 402
385 479
174 356
428 543
127 368
372 590
242 707
675 632
497 715
582 437
386 438
271 741
736 543
704 178
651 658
347 721
527 56
626 230
737 386
165 23
139 65
584 139
631 534
429 254
529 541
194 631
13 470
632 368
537 226
655 623
721 685
648 331
31 32
746 283
564 574
665 521
421 418
236 125
641 701
184 585
459 416
166 6
310 493
452 486
29 620
656 554
323 92
447 624
217 203
540 415
64 255
705 286
275 401
110 734
486 371
125 204
322 34
330 125
551 224
540 453
124 157
177 84
673 346
329 282
497 616
399 596
280 608
225 449
43 133
682 174
494 429
426 288
539 490
507 741
106 377
635 478
326 476
63 398
470 366
636 356
37 446
465 329
318 272
669 703
299 441
544 191
282 525
719 393
233 495
476 77
228 242
188 519
11 255
445 439
439 162
696 559
593 565
193 365
287 654
68 115
595 618
231 266
93 140
612 126
315 93
202 428
521 566
339 331
44 632
711 96
294 553
123 327
258 113
739 438
490 716
187 727
281 729
81 256
80 86
3 455
111 331
373 625
537 476
43 538
374 624
518 619
475 76
473 123
196 369
476 317
479 480
271 129
646 329
216 182
1 386
69 473
344 506
197 702
124 229
369 144
287 573
338 221
255 303
217 37
508 304
346 66
313 9
642 347
293 445
625 344
224 560
158 187
225 261
19 724
739 662
247 89
625 254
222 546
288 207
644 390
642 390
118 733
480 591
650 65
435 502
312 365
8 455
218 374
662 87
176 120
44 354
69 294
619 695
618 393
318 563
121 65
428 738
130 417
490 628
264 232
312 297
344 3
214 2
507 191
417 241
181 474
373 175
543 363
371 404
190 321
378 217
684 518
732 284
507 622
54 376
91 492
152 441
404 489
658 309
76 722
6 408
187 565
88 584
687 497
174 370
95 541
549 124
666 565
429 619
716 403
86 695
553 601
665 547
606 316
319 156
185 397
185 680
473 718
365 743
733 578
657 520
253 749
163 700
286 443
14 620
529 216
38 542
653 327
62 105
178 399
486 12
179 357
748 739
174 628
100 155
60 369
77 322
708 514
564 75
534 650
84 302
85 16
76 155
517 659
453 726
674 405
696 683
231 393
652 244
590 705
385 555
147 328
239 424
423 22
438 258
206 271
41 67
551 629
228 554
225 620
566 113
631 551
477 637
519 557
161 59
47 155
712 443
653 297
100 249
602 637
147 335
373 65
56 66
597 122
237 637
247 483
268 181
577 345
2 100
322 447
83 485
542 638
350 462
192 6
547 29
162 258
627 639
532 85
537 241
591 688
56 621
214 670
412 68
255 25
374 2
3 423
551 180
652 597
705 566
593 418
525 221
319 355
730 413
353 379
571 186
250 266
101 610
541 690
638 11
568 659
18 121
371 451
77 691
152 556
548 84
450 571
31 501
12 706
712 25
46 703
114 426
581 533
38 21
549 327
250 696
225 339
68 123
280 472
182 48
97 597
170 646
316 195
13 153
411 238
666 639
683 363
571 736
686 455
116 305
500 722
100 487
47 100
166 372
52 20
370 458
473 632
678 483
603 520
707 437
93 556
210 468
250 95
172 551
299 8
29 365
228 248
329 540
421 684
723 544
372 12
339 154
379 240
712 652
594 571
644 535
692 365
599 497
113 645
67 718
613 222
196 745
178 63
13 442
534 698
155 281
331 269
177 565
322 310
565 457
74 70
209 647
150 457
442 315
101 176
669 487
382 572
738 662
503 441
537 439
111 632
122 150
661 714
718 236
442 107
93 105
394 550
565 164
733 223
2 372
97 555
300 187
411 556
441 82
605 215
59 176
513 402
514 82
296 288
79 596
267 99
422 169
77 382
211 100
147 502
235 70
102 295
498 298
553 20
650 374
335 129
555 231
605 430
662 151
361 105
67 485
494 75
656 478
191 543
508 700
15 401
525 163
155 577
231 729
495 658
145 411
604 672
367 413
616 702
61 571
581 514
341 487
674 54
146 216
106 144
419 291
186 88
536 732
379 95
212 247
501 344
304 541
283 381
29 712
508 503
421 286
702 504
286 528
362 339
397 250
608 420
235 337
439 285
353 554
300 635
742 343
39 249
56 421
738 451
209 455
256 495
548 541
306 611
142 215
619 636
218 317
742 199
168 637
645 338
53 553
313 375
490 180
371 302
556 309
129 541
320 294
30 536
589 639
67 146
360 395
330 386
56 77
738 695
638 346
567 137
205 1
704 402
596 719
57 512
423 9
659 600
158 749
476 398
47 349
639 333
435 247
59 473
714 269
310 165
202 711
285 377
390 33
105 711
453 283
597 307
291 194
22 521
237 448
170 160
275 231
728 645
286 418
283 725
132 270
521 18
750 334
298 646
416 70
581 320
438 179
269 393
35 85
4 243
138 372
551 464
153 142
68 76
303 6
54 11
573 7
524 250
745 151
248 199
61 161
627 486
524 683
464 118
593 117
12 555
739 577
268 150
220 271
736 71
604 217
40 474
482 56
706 440
532 343
112 193
703 51
545 558
182 150
477 730
654 284
295 631
12 697
318 297
627 307
744 111
4 145
466 620
59 692
566 734
173 89
299 194
116 568
46 717
614 440
240 192
726 616
707 319
682 564
293 150
194 300
550 150
72 454
468 565
218 507
167 48
180 269
137 278
494 721
308 592
730 328
188 440
12 432
30 523
740 477
580 673
142 61
661 700
713 155
565 18
365 191
427 686
281 496
674 710
594 25
326 730
376 31
606 204
221 696
131 171
527 99
243 105
468 2
17 443
569 43
680 511
21 122
44 500
57 10
659 683
731 247
196 688
349 715
438 180
728 638
44 501
425 162
128 93
596 574
278 386
399 660
639 645
34 24
31 419
230 390
386 244
81 469
18 656
289 91
383 298
681 477
90 290
594 635
423 551
606 642
640 122
202 62
432 294
663 309
216 468
459 691
691 529
648 196
460 686
97 455
541 116
393 241
134 97
158 579
500 492
496 173
709 360
344 4
412 680
577 585
727 713
517 673
475 17
476 125
514 454
524 591
343 232
711 137
583 365
391 693
119 504
376 134
333 297
221 724
256 561
267 475
707 374
527 588
537 220
283 230
180 501
126 144
352 506
554 571
650 650
407 83
424 248
157 605
248 653
398 695
28 8
362 570
21 599
139 636
553 92
329 455
182 615
563 393
150 446
278 213
602 12
213 523
731 746
7 512
746 310
699 77
605 62
451 591
732 612
197 680
620 601
237 171
321 432
496 436
172 89
441 418
155 199
624 555
15 570
157 568
321 76
157 713
184 32
576 563
137 469
374 715
304 32
594 720
587 382
654 337
294 713
671 456
522 598
262 744
375 677
158 650
172 490
201 275
195 310
622 715
607 264
720 32
384 697
444 476
583 382
129 742
482 373
681 316
25 187
194 553
293 661
171 58
90 138
423 640
490 480
47 690
454 691
136 276
223 533
535 246
191 133
357 412
523 533
474 663
615 571
525 734
670 364
184 631
599 708
57 368
605 35
406 293
159 615
93 9
218 6
542 728
287 569
266 605
154 633
22 685
542 448
612 44
306 432
542 69
63 68
685 438
550 744
321 531
604 418
664 514
581 186
511 26
243 139
155 235
358 39
13 327
240 678
541 35
202 607
656 393
350 47
37 213
746 436
88 597
595 13
130 222
423 749
255 340
186 732
91 700
647 327
745 385
177 452
157 741
374 434
8 380
517 701
87 275
450 516
503 680
503 558
332 722
389 703
684 73
100 329
58 652
121 219
653 610
72 388
266 655
482 570
554 340
524 376
532 372
212 712
721 262
514 410
711 57
206 544
546 482
708 23
333 52
136 260
704 520
299 296
638 125
430 297
453 66
494 685
588 120
558 209
705 505
559 471
281 725
63 659
229 637
639 54
193 549
101 540
443 661
670 508
201 4
315 715
530 446
270 362
737 430
711 593
26 110
254 712
501 75
204 442
572 410
571 452
730 83
459 415
445 661
216 714
526 32
147 58
13 512
650 110
511 229
200 415
536 623
64 633
518 305
490 211
144 541
137 138
223 554
530 221
667 400
681 200
154 685
598 48
164 526
351 118
233 503
1 232
691 384
646 678
370 591
684 607
65 700
41 47
426 46
535 4
499 234
671 420
598 82
3 337
500 171
204 69
482 29
356 232
419 539
345 470
634 529
556 263
301 436
179 292
211 295
8 499
635 677
506 246
366 456
348 662
549 430
698 415
567 104
84 523
192 5
276 473
620 578
749 32
281 158
578 69
686 12
643 92
419 12
101 590
149 582
322 691
625 200
688 305
195 508
487 268
582 540
567 281
750 288
612 565
225 508
582 611
380 96
730 262
407 605
261 217
455 51
92 392
55 110
706 624
277 315
344 302
264 103
151 110
407 392
459 721
465 579
210 385
659 135
605 256
178 668
192 298
591 125
550 151
650 199
622 580
366 520
515 685
328 622
372 155
112 442
128 521
377 519
400 257
504 401
598 423
164 32
19 466
76 561
311 588
535 363
713 272
363 288
542 199
604 128
269 293
565 181
578 721
563 273
86 522
233 716
527 589
466 470
113 518
166 153
102 363
259 149
446 18
364 329
457 733
82 336
623 90
703 483
627 288
359 746
624 147
205 437
563 657
594 265
629 134
364 203
130 585
592 733
51 728
705 515
441 29
482 726
525 692
451 132
179 343
65 615
425 441
268 734
27 170
323 750
551 381
154 484
152 294
252 191
536 513
301 320
463 44
621 721
284 615
343 203
471 166
689 429
154 177
527 737
197 249
162 95
550 251
594 13
394 433
567 731
446 154
604 179
84 545
40 599
635 572
379 140
632 617
626 201
320 250
566 525
659 613
118 623
405 80
392 711
521 451
395 452
234 391
202 637
145 95
705 388
96 133
1 421
376 331
520 617
581 564
350 750
464 201
672 114
96 595
469 110
435 547
33 517
4 344
529 706
185 639
589 7
134 393
282 81
539 537
272 463
737 556
68 741
561 480
565 185
442 406
224 48
180 176
270 255
102 250
508 315
84 457
111 126
357 371
218 641
476 196
312 559
150 660
444 630
520 176
680 140
725 484
415 116
52 345
90 567
515 382
695 247
676 685
575 95
396 234
486 224
78 335
723 645
572 659
134 366
3 185
262 19
231 338
435 493
81 152
577 682
260 493
526 320
481 424
173 150
64 67
255 252
68 357
302 508
195 577
387 640
386 3
498 271
95 597
147 397
318 514
62 254
3 569
703 307
248 316
227 253
396 695
547 286
586 602
157 201
585 197
528 710
505 480
63 647
329 341
292 563
275 45
142 53
233 514
13 385
643 298
192 682
81 623
654 358
33 197
71 116
508 740
674 28
126 314
482 284
343 87
7 741
235 685
172 24
431 383
677 291
691 414
736 300
92 141
481 478
401 65
715 73
347 547
563 575
616 563
647 494
354 660
335 681
124 113
280 357
387 453
435 683
346 707
370 24
670 84
631 555
320 522
466 460
44 1
471 620
79 421
435 79
336 579
337 133
691 150
143 255
739 329
463 213
448 600
703 186
216 510
25 344
192 33
212 370
105 335
378 652
565 125
123 560
621 602
282 643
241 392
644 305
528 60
193 636
18 641
521 285
589 24
127 588
403 105
137 254
271 625
398 440
734 130
147 142
424 517
184 672
210 441
491 692
56 448
344 241
709 299
134 608
550 544
481 545
592 133
665 530
144 91
85 565
197 617
175 503
495 39
272 209
93 492
205 740
140 577
447 475
57 265
659 631
134 493
702 223
750 25
661 27
603 429
564 534
340 239
299 550
415 21
688 728
85 403
115 587
492 613
268 385
368 373
149 152
654 681
501 745
188 661
135 409
323 585
694 281
556 34
254 289
386 170
515 612
271 449
124 509
439 147
78 371
498 147
165 515
156 350
198 271
224 103
497 114
735 283
333 376
68 681
430 89
210 120
103 201
309 326
568 305
582 170
550 71
130 749
34 163
576 229
734 659
93 350
503 107
290 241
542 208
114 202
90 32
288 468
167 334
452 736
181 374
549 40
594 554
260 319
601 387
307 580
202 421
93 678
211 224
615 588
659 705
20 355
626 323
584 712
699 648
578 154
409 494
430 720
230 80
633 605
163 67
444 154
369 124
162 217
491 339
343 117
344 543
449 656
582 711
740 571
694 271
338 304
132 534
80 124
236 55
200 183
452 105
668 539
645 250
212 732
186 738
134 340
360 418
326 381
448 229
464 95
12 555
406 182
548 506
557 225
457 589
500 719
93 315
171 641
22 489
533 435
697 5
95 717
257 644
69 63
610 323
723 590
80 488
240 332
558 28
554 588
733 719
526 130
556 179
189 353
363 643
54 610
121 233
336 102
591 169
85 271
89 35
81 546
139 530
535 520
609 578
610 118
336 15
244 584
159 366
37 366
359 51
718 583
351 54
265 663
375 743
606 234
663 463
33 691
265 64
215 344
2 91
438 83
337 195
618 252
18 672
552 724
229 427
343 306
290 532
345 547
190 457
569 290
535 492
240 556
633 325
505 592
152 558
360 22
676 289
318 90
542 633
338 510
82 29
106 578
364 605
458 579
506 166
130 729
8 677
46 445
348 340
50 101
288 281
349 384
584 325
545 238
282 120
429 448
580 176
229 533
57 744
31 180
10 138
616 436
113 450
568 294
361 238
601 327
49 151
228 681
112 522
626 115
602 566
151 90
336 357
343 452
30 95
674 470
719 34
645 120
681 446
421 46
507 367
439 197
578 11
554 94
702 692
708 304
511 459
435 681
192 601
72 276
168 337
110 469
550 481
58 589
38 450
283 224
281 358
498 386
525 214
616 27
420 128
697 694
384 266
645 704
274 197
29 24
449 287
624 545
277 490
208 9
611 689
545 737
668 147
469 23
230 371
436 182
257 578
329 510
736 37
595 246
9 515
170 461
137 211
116 685
655 610
346 45
88 659
431 562
427 520
295 436
354 604
599 238
56 662
461 383
499 19
605 527
617 553
46 133
19 200
135 192
127 743
376 711
711 404
690 610
425 675
128 685
716 667
126 448
637 139
211 463
750 568
388 90
579 309
106 24
621 438
560 693
137 206
73 433
76 246
518 545
501 529
669 372
696 239
142 256
405 219
51 264
501 717
560 619
78 440
31 532
490 101
477 646
1 205
708 7
282 406
12 744
371 384
221 697
336 260
470 429
202 551
104 457
442 370
584 581
16 365
342 300
218 148
161 578
157 497
568 681
347 447
259 258
75 388
737 486
147 586
329 260
490 715
731 735
459 582
129 303
724 150
446 580
362 310
292 290
437 419
284 27
134 95
7 466
718 8
65 384
243 391
740 183
111 622
522 57
717 139
560 88
519 556
271 288
509 707
512 283
276 208
241 33
726 321
739 591
670 359
311 652
244 356
193 9
537 467
109 431
517 210
229 49
708 326
94 181
522 640
623 641
29 349
14 254
373 480
115 105
178 531
447 519
227 504
504 740
709 277
458 188
15 194
255 414
57 537
616 114
674 478
32 694
745 429
600 245
375 363
517 223
681 375
60 714
545 23
44 21
86 407
664 311
204 400
590 245
35 85
248 659
55 527
666 661
479 529
605 473
648 643
346 202
657 681
635 514
388 376
435 80
606 573
633 23
643 453
431 482
575 352
87 27
426 399
649 554
715 84
376 409
465 74
526 46
34 200
218 540
600 24
39 159
466 422
565 290
133 15
475 744
486 129
159 44
116 97
645 289
239 681
575 388
711 333
349 171
94 146
597 336
392 105
513 215
135 254
6 602
398 533
111 490
551 477
665 50
68 120
377 197
43 541
318 125
9 477
119 48
111 536
221 11
247 733
65 143
412 395
647 92
271 245
339 142
525 145
258 682
554 256
356 456
217 481
334 582
626 394
605 285
445 61
100 269
598 300
479 355
597 300
372 404
176 101
366 629
147 694
171 302
370 731
128 346
140 348
623 95
712 379
300 440
144 237
574 314
293 129
576 449
8 620
367 649
48 69
619 615
461 377
12 41
527 311
243 550
534 503
455 717
477 121
236 288
161 189
270 694
486 690
194 413
523 554
417 171
374 586
270 336
152 75
186 622
705 507
606 103
82 549
122 56
609 692
426 422
29 460
386 705
129 615
47 426
483 449
594 93
648 296
419 32
214 115
12 192
516 632
13 660
442 745
694 436
625 553
189 123
538 631
411 585
299 734
33 623
403 14
652 34
317 16
590 507
391 464
54 88
220 662
504 548
44 444
355 88
735 389
441 577
226 571
45 522
118 467
451 48
15 344
152 343
140 268
399 448
284 465
480 744
21 364
626 416
655 288
330 89
446 67
731 610
28 193
505 461
165 737
149 476
442 199
326 699
687 704
185 270
347 411
1 455
510 694
122 219
183 390
50 249
4 509
511 354
370 450
512 505
269 516
536 235
244 217
298 118
468 507
595 139
575 103
564 282
407 212
740 47
519 65
187 527
688 740
78 304
628 618
672 381
273 143
418 305
272 466
616 188
240 142
256 555
732 215
682 664
145 579
578 608
656 57
366 623
533 270
48 519
441 42
470 454
130 372
283 175
229 283
705 4
667 560
576 605
539 270
212 404
242 447
3 70
104 357
21 443
260 464
584 161
165 604
99 423
661 661
81 735
372 44
750 566
382 483
295 369
660 562
115 79
651 470
547 337
84 587
352 553
612 558
633 13
95 5
461 390
278 305
636 359
586 630
381 681
250 286
13 536
158 53
551 215
725 258
748 556
260 56
601 466
546 399
83 31
408 437
498 735
337 651
667 54
193 143
421 640
441 497
376 216
617 683
489 99
356 719
523 648
104 192
604 593
89 525
605 211
254 340
734 717
161 186
339 335
549 366
749 232
38 525
705 204
637 48
452 608
613 276
614 149
385 103
332 598
440 26
224 150
578 442
565 91
20 669
726 523
223 569
273 155
690 613
34 629
625 195
110 115
23 429
272 307
537 669
209 524
706 743
103 526
720 358
87 567
456 125
169 461
140 46
214 281
270 573
620 89
248 467
472 674
465 437
457 442
412 372
358 535
723 747
640 545
727 737
738 3
621 387
326 89
407 689
533 121
511 622
110 17
598 216
291 272
159 398
261 304
580 283
399 648
596 228
3 467
411 516
631 60
304 305
7 48
530 33
273 208
161 123
144 199
237 337
44 509
663 378
414 520
296 721
78 20
107 480
373 591
176 403
135 154
38 324
26 741
596 303
734 600
376 67
606 487
329 721
602 68
231 173
38 347
237 459
426 636
553 593
326 583
360 211
196 654
19 390
494 288
265 256
62 546
717 445
696 604
646 542
244 56
407 154
513 738
42 366
414 101
262 629
352 639
636 214
690 227
255 377
442 512
60 95
91 690
375 136
354 668
469 491
382 509
230 456
279 512
414 328
370 495
718 360
3 41
7 251
397 234
247 349
719 693
566 409
135 658
732 431
122 154
151 407
259 230
267 605
234 220
339 132
77 263
355 332
466 115
39 593
729 673
404 108
431 232
739 437
475 355
25 470
103 55
275 139
262 277
125 540
578 275
750 444
269 327
663 470
331 251
98 587
512 552
577 625
21 390
458 567
740 544
65 182
658 650
743 484
254 574
183 46
420 459
446 628
289 496
647 221
323 584
333 494
369 549
217 71
513 204
98 705
707 397
189 744
456 653
346 82
599 731
306 2
98 211
328 517
574 750
727 277
230 72
126 369
177 408
26 510
459 486
215 456
514 310
168 318
554 435
551 723
505 695
129 255
738 500
281 599
466 25
128 11
505 250
654 198
652 157
269 105
476 463
493 281
276 315
73 407
547 60
422 711
380 127
80 65
636 725
322 207
438 337
586 713
232 425
618 266
200 403
243 77
286 403
531 520
672 331
323 637
554 635
259 533
527 459
527 638
393 597
489 429
242 581
520 736
626 136
451 472
677 128
747 216
299 453
579 489
444 332
686 282
436 178
645 405
185 123
485 11
667 411
38 44
491 255
497 468
240 296
128 208
172 441
413 25
224 506
600 140
65 297
324 206
164 399
276 677
654 410
304 218
214 546
280 336
659 713
371 25
501 731
192 164
358 337
189 580
504 699
396 31
369 549
178 621
538 713
688 375
601 306
678 252
324 706
291 301
179 147
670 259
680 514
59 199
699 24
192 691
263 556
74 299
269 136
317 525
734 474
561 523
487 419
628 108
267 463
650 105
37 80
440 35
449 549
2 645
182 455
672 424
295 544
737 187
512 360
416 748
574 568
111 3
91 596
695 673
35 182
81 113
70 542
384 677
430 626
747 395
326 335
391 480
168 332
487 371
371 660
515 309
702 701
664 153
155 325
69 17
83 476
406 93
700 244
434 280
346 650
703 547
258 89
422 214
263 292
717 224
531 704
748 529
496 350
226 250
372 746
220 415
277 721
698 105
646 414
613 396
568 192
177 208
286 456
173 134
399 702
595 495
116 594
353 34
449 95
208 633
223 519
441 411
376 679
432 223
445 404
643 381
421 342
130 397
294 168
405 541
711 177
521 159
462 737
435 616
410 152
206 598
332 256
138 76
497 352
212 292
294 480
206 247
688 108
250 129
715 550
157 660
434 153
27 356
247 253
492 575
401 711
629 79
54 76
237 335
187 483
721 407
724 601
711 213
650 116
495 640
143 727
215 368
267 25
381 519
605 475
72 499
707 64
247 271
181 458
476 504
692 264
450 139
109 591
218 612
3 137
249 480
121 249
176 422
240 708
406 554
683 467
488 107
116 523
225 528
608 515
466 321
503 526
50 397
509 444
517 489
554 658
542 31
356 585
126 116
690 122
32 187
503 462
115 715
277 428
563 326
551 307
86 642
711 502
3 475
136 100
285 367
349 663
505 7
679 317
446 636
372 151
498 313
461 152
53 442
361 600
608 180
405 598
726 534
176 156
339 384
132 580
44 166
329 714
202 464
403 746
44 380
194 310
427 22
239 715
736 477
218 558
372 392
316 729
301 326
397 284
336 298
654 551
353 500
490 731
693 628
461 420
62 124
700 400
339 328
63 29
356 193
618 733
469 329
569 8
162 489
228 603
692 256
99 53
266 670
69 464
404 199
69 195
205 453
199 420
529 396
369 122
627 302
424 76
278 737
394 750
426 463
595 60
273 31
256 313
732 102
626 107
1 230
311 284
668 528
302 40
403 541
60 728
739 330
129 575
147 729
609 512
499 665
639 439
362 239
412 533
345 583
591 278
598 334
603 433
309 418
276 44
140 202
717 714
131 391
421 487
287 273
50 52
690 115
251 479
66 460
477 161
497 107
750 31
702 642
158 460
72 461
427 161
69 345
55 726
251 278
516 720
624 20
36 469
112 479
714 551
380 461
38 727
585 292
168 458
559 186
362 629
467 47
513 238
88 402
33 419
286 372
31 221
704 46
371 128
142 464
408 206
239 463
260 137
17 120
636 513
704 727
282 216
404 574
714 184
531 61
86 269
629 97
91 401
696 679
363 478
124 472
380 681
296 270
443 387
455 290
339 32
179 583
610 197
318 54
480 549
239 564
551 76
342 589
698 217
64 64
264 295
60 391
707 622
591 644
676 226
84 589
150 45
513 604
520 181
287 178
436 601
327 212
603 271
188 608
676 540
730 674
264 616
253 15
268 417
602 581
292 70
32 356
90 718
232 736
314 261
300 672
52 331
695 459
658 382
541 476
302 26
147 667
209 280
366 30
449 463
254 259
245 363
220 81
141 674
140 709
608 369
358 234
111 589
36 146
190 646
27 504
58 319
661 440
278 226
258 79
428 358
676 594
387 726
263 649
702 413
530 433
658 366
370 727
257 344
554 274
363 395
214 196
394 266
624 678
712 94
351 67
314 509
342 182
276 430
171 712
316 493
286 558
392 496
467 742
104 546
486 391
607 7
184 685
154 505
408 425
455 655
55 683
505 385
288 687
597 382
332 168
690 114
34 245
630 185
521 640
144 171
169 546
478 599
694 140
241 404
249 421
471 330
220 525
79 429
515 1
234 685
305 258
279 591
273 173
581 17
21 259
351 377
296 621
289 397
129 457
346 320
482 711
316 29
137 459
508 629
629 745
319 360
139 573
135 441
683 250
307 302
282 366
457 209
366 543
496 619
45 524
396 93
255 217
581 417
502 41
498 246
399 482
206 467
139 86
554 552
159 294
436 496
692 535
68 397
482 454
5 235
725 222
342 352
732 407
660 628
632 546
585 31
184 22
431 320
386 54
375 181
602 466
167 491
375 615
440 536
689 272
495 32
173 465
422 314
63 662
742 127
343 625
106 82
434 477
735 242
502 83
368 371
531 319
658 340
171 223
458 647
199 191
500 499
687 260
515 349
367 462
666 18
476 167
307 734
402 290
389 357
159 111
217 327
574 563
342 391
609 645
306 143
395 234
247 580
47 193
273 209
644 21
576 359
555 466
651 191
88 403
411 307
344 362
237 121
160 544
156 221
116 529
447 53
543 338
610 661
700 647
113 212
431 110
332 171
744 118
741 448
592 735
604 480
323 605
167 17
642 379
524 301
535 204
447 215
312 403
681 76
672 140
305 64
582 160
208 510
27 49
427 505
665 711
564 298
609 123
72 293
230 174
717 207
143 727
525 531
14 201
343 532
347 405
588 451
476 664
447 54
705 561
335 339
283 388
382 230
16 186
335 467
474 258
599 65
453 35
597 210
568 47
575 724
625 700
533 159
255 97
506 470
68 432
198 705
387 696
662 160
523 81
693 88
713 658
498 693
618 230
692 590
470 513
505 647
677 251
512 451
397 268
504 210
347 489
644 20
357 584
98 220
727 655
31 8
717 573
399 126
238 441
110 5
402 413
51 379
192 316
610 259
502 609
448 361
741 504
655 90
542 631
290 487
609 433
76 45
737 37
176 65
527 371
473 470
48 465
276 597
279 615
603 167
431 7
719 610
453 94
476 286
669 367
467 383
481 626
202 299
98 185
92 274
277 451
352 389
638 7
527 626
92 325
93 11
422 544
308 537
541 471
617 509
622 708
226 422
549 645
150 251
520 13
424 224
74 72
573 507
109 694
535 473
487 131
505 455
714 740
669 97
495 659
726 178
352 430
655 186
341 369
292 219
531 697
31 670
203 484
366 395
727 392
213 25
293 352
691 53
734 675
652 633
360 617
522 26
385 390
260 106
133 624
18 48
702 151
560 630
570 228
107 115
667 109
215 590
750 688
315 545
242 724
464 740
518 233
406 423
619 82
415 363
153 201
408 741
318 465
383 76
11 194
415 12
373 717
343 299
682 218
173 102
64 587
676 376
211 393
702 63
400 648
