p td 200 199
1 170
1 175
1 181
1 193
3 136
3 137
4 14
4 56
4 80
5 8
6 29
6 98
6 150
6 196
7 64
7 65
8 43
8 70
8 192
9 107
10 136
11 130
12 100
15 17
16 101
16 109
18 47
18 119
18 165
19 178
20 90
20 155
20 165
20 168
21 78
21 117
21 147
24 71
24 123
25 84
26 77
26 111
26 129
27 159
27 186
28 49
29 91
30 63
30 118
31 177
32 97
32 104
32 110
32 152
33 39
33 46
33 98
33 132
34 71
35 153
35 154
36 108
37 88
37 169
37 178
38 106
38 126
38 198
39 112
39 194
40 170
40 177
40 197
41 154
41 178
43 129
44 191
45 117
45 188
46 76
47 108
47 132
47 164
47 181
48 75
48 133
48 191
50 185
50 187
54 103
54 118
55 65
55 86
55 128
56 107
56 152
56 160
57 176
57 191
58 84
58 190
59 95
59 110
60 171
61 180
62 113
62 156
63 88
63 130
64 78
64 81
64 124
64 192
65 177
66 147
68 141
68 163
71 79
71 105
71 114
71 186
72 184
73 170
73 171
74 192
77 126
77 145
78 85
78 138
79 121
80 101
82 197
82 199
84 142
85 187
86 90
86 110
87 177
88 92
88 165
89 170
93 154
93 156
97 104
98 109
98 132
100 107
101 192
103 107
106 128
106 170
106 191
108 194
109 154
109 172
109 185
110 137
110 199
111 192
113 143
115 132
115 169
115 179
116 184
117 192
119 159
120 198
121 152
126 185
126 191
128 132
128 162
130 191
131 190
131 196
133 168
135 177
136 137
137 147
140 173
140 194
141 197
142 158
143 173
144 162
147 194
150 172
150 180
150 197
152 192
156 196
166 168
168 199
173 190
174 177
176 199
177 189
179 192
189 198
