p td 200 204
0 38
0 73
0 92
1 13
1 67
1 135
3 63
3 108
3 167
4 55
4 61
4 178
5 58
5 59
5 164
6 17
6 61
7 52
7 151
7 191
8 73
8 156
10 45
10 117
10 145
10 165
11 56
12 41
12 44
12 88
12 190
14 39
15 83
15 190
15 191
16 48
16 174
17 41
17 150
19 136
19 171
20 97
20 155
21 172
22 32
22 53
22 115
23 91
23 137
25 178
25 190
25 194
26 34
26 100
27 65
28 172
29 124
29 137
29 169
30 63
30 154
31 171
31 194
32 48
33 40
33 98
35 48
35 192
35 198
36 74
36 131
37 73
37 81
37 84
37 105
37 170
37 188
38 65
38 159
38 174
39 44
39 91
40 103
40 128
42 125
42 131
45 164
46 93
47 102
47 120
47 173
47 186
49 50
49 57
50 69
51 185
52 95
53 59
53 97
53 146
55 87
55 98
55 160
56 84
56 94
57 161
59 151
59 162
60 62
60 100
60 178
61 87
61 151
62 180
63 158
64 67
64 90
64 178
65 131
65 168
66 94
67 130
67 153
68 115
69 80
69 154
69 163
70 145
70 160
71 91
72 111
73 83
73 171
74 100
74 153
75 131
76 105
76 147
76 148
77 117
77 165
78 144
79 114
79 147
80 177
80 196
82 154
82 166
83 100
84 125
86 104
86 139
86 148
86 155
87 97
88 141
88 142
88 176
89 150
90 98
90 178
93 154
95 120
98 135
100 116
100 156
101 141
102 123
102 131
103 126
103 198
108 175
110 115
111 125
113 183
118 177
125 150
125 173
126 187
128 150
129 140
129 175
129 187
130 199
131 143
131 192
133 140
134 179
134 181
138 157
138 197
145 168
146 196
148 180
149 161
151 179
153 196
154 192
158 193
160 189
170 192
171 172
175 194
177 186
