p td 200 2800 
19 59
1 136
182 32
38 113
70 145
93 177
156 100
163 46
57 91
140 194
129 72
49 15
51 53
97 182
161 86
163 160
71 56
8 19
147 137
175 152
25 10
91 167
155 33
124 129
10 13
135 162
140 117
114 104
124 129
71 140
131 139
114 24
60 131
192 30
167 173
3 199
88 81
124 110
161 170
182 20
148 119
63 193
15 90
199 21
135 37
179 32
133 61
167 71
144 98
10 93
5 144
130 181
9 54
17 164
121 91
16 65
103 134
169 5
40 8
91 178
39 88
141 99
47 125
195 99
55 192
92 107
109 130
30 126
17 77
184 37
176 99
63 13
105 77
20 136
3 58
137 54
106 5
199 142
169 134
4 105
137 51
71 70
161 106
31 108
140 110
45 70
23 132
43 78
31 165
172 6
174 50
94 38
130 114
86 137
32 178
54 182
171 167
32 116
48 165
55 184
123 161
155 62
169 101
38 86
42 151
20 128
182 93
111 26
188 117
9 100
29 104
135 168
57 198
67 137
78 90
38 42
138 124
145 167
182 78
58 36
67 164
136 50
192 92
54 28
166 165
14 165
48 120
170 96
8 37
119 8
109 5
78 183
85 164
90 128
18 127
18 25
59 165
159 116
167 144
28 54
65 139
164 162
55 75
134 3
36 34
96 200
56 19
136 119
114 49
170 6
171 97
86 107
77 115
70 49
162 128
176 88
116 44
153 116
80 25
55 109
122 195
71 62
178 174
6 58
38 50
121 156
13 57
174 158
128 38
12 81
88 156
34 169
199 180
1 200
193 92
156 162
47 139
118 117
172 162
165 150
112 7
59 176
125 58
126 18
76 157
128 150
88 188
156 177
92 21
98 122
144 62
98 184
186 137
4 4
131 20
89 163
70 190
19 80
8 66
14 185
85 142
151 70
16 35
87 181
128 69
14 93
112 55
105 23
124 8
153 51
15 155
49 126
116 134
113 168
137 146
137 78
29 152
83 113
147 69
161 24
26 129
124 47
59 34
181 117
127 113
158 17
143 153
72 113
145 187
130 148
57 95
145 61
156 37
57 32
88 122
167 71
17 74
84 80
117 52
197 178
86 6
67 109
194 183
57 115
132 90
119 163
124 15
16 188
186 48
8 68
137 117
29 19
112 172
26 27
108 106
108 94
105 42
94 69
110 33
45 81
17 178
22 60
62 91
73 21
99 149
182 28
52 40
168 42
3 22
34 54
105 99
72 146
54 8
12 93
71 37
76 92
145 166
97 131
144 80
125 139
83 114
119 44
30 7
70 30
51 54
174 37
81 2
84 58
183 91
79 67
109 67
7 158
3 5
53 9
63 112
36 139
49 67
157 21
9 129
6 179
53 21
60 130
168 195
25 150
22 107
67 98
57 23
191 55
54 164
36 114
118 145
93 13
80 194
127 96
94 129
168 198
162 194
131 143
177 75
171 110
80 79
65 137
106 86
133 172
58 95
143 180
93 41
153 193
177 173
47 87
198 123
131 81
36 65
83 12
79 170
82 105
103 187
4 9
93 63
132 100
78 17
78 65
94 44
120 112
112 149
126 190
112 2
64 27
174 36
150 36
99 108
17 83
168 27
128 188
41 95
170 90
66 93
86 64
198 122
158 4
16 82
200 18
34 171
189 53
13 192
9 142
173 123
151 196
128 194
188 102
27 105
79 36
96 69
163 61
12 70
85 88
60 75
3 162
107 152
198 75
59 111
18 156
47 139
137 50
89 174
199 64
72 37
190 136
96 191
133 38
50 149
84 8
48 170
138 5
155 76
117 197
47 193
61 26
98 36
167 1
150 10
118 92
65 80
181 29
164 56
181 138
154 132
98 68
195 82
160 179
27 26
60 70
77 125
188 16
130 126
162 196
13 57
56 13
69 93
189 96
171 99
48 110
191 90
66 172
112 75
5 125
111 114
40 4
85 48
133 59
55 23
95 176
39 97
106 53
199 165
11 141
10 79
144 142
181 115
187 43
103 3
67 193
185 175
91 171
30 149
127 58
66 73
143 175
124 82
123 52
23 120
170 137
56 4
51 7
101 28
109 35
72 16
132 170
112 15
38 37
1 6
128 25
132 27
198 149
73 44
131 128
155 146
100 137
71 63
107 102
144 177
23 183
80 152
160 88
75 53
25 42
23 186
51 109
200 86
41 117
97 144
147 44
72 61
57 58
34 27
174 174
113 170
65 198
195 24
12 89
69 146
66 20
151 36
140 138
112 87
112 91
29 54
11 71
85 150
14 198
74 184
60 184
138 23
139 50
65 160
107 64
10 73
140 183
161 18
21 173
17 125
16 103
187 175
110 32
192 165
19 141
132 41
43 44
150 55
150 23
71 50
15 187
11 37
144 160
153 26
190 198
21 96
19 141
192 104
20 169
108 114
180 95
168 69
136 17
28 159
16 196
198 158
198 112
62 176
166 61
132 134
195 1
74 148
122 166
44 114
37 100
134 97
73 153
6 171
120 168
145 131
79 149
187 132
48 53
38 83
93 107
133 97
61 169
41 170
16 137
168 137
45 111
116 134
51 193
160 96
59 97
26 154
135 29
151 78
111 93
66 134
120 60
76 85
153 143
33 3
109 148
176 10
148 43
137 142
109 3
38 184
6 42
44 18
63 150
190 16
142 164
59 97
92 73
79 121
56 34
72 11
6 168
55 26
147 98
51 190
97 143
127 167
195 136
115 94
24 161
164 79
44 20
125 41
135 80
89 113
26 106
104 23
141 78
106 25
47 162
170 8
58 181
60 50
21 114
194 15
167 44
172 59
65 4
52 196
36 139
18 136
113 138
90 88
178 18
191 113
86 104
160 89
200 189
106 181
138 55
39 29
122 106
53 14
103 15
115 136
114 125
62 62
119 189
126 129
166 140
200 46
122 160
176 103
178 103
20 170
137 24
152 59
138 173
195 18
117 65
16 135
132 3
61 165
137 189
70 125
117 96
71 180
73 92
103 66
169 193
115 130
196 13
172 169
139 178
163 138
139 12
70 59
30 120
163 4
140 174
102 76
80 130
51 4
165 145
118 86
153 30
33 188
126 104
27 27
104 131
24 168
31 28
2 83
113 196
46 47
32 80
80 190
12 84
151 170
170 108
195 108
10 149
111 180
131 69
8 2
45 100
14 127
47 107
33 104
145 124
52 188
45 73
150 148
157 70
81 175
70 100
5 179
118 20
166 7
111 43
11 68
175 176
69 21
94 37
79 154
111 81
156 128
59 62
128 68
112 140
199 200
71 128
85 93
139 55
156 11
85 100
121 170
46 172
113 99
65 183
117 61
190 157
130 62
150 2
39 191
46 163
140 20
12 103
58 125
2 193
101 88
17 105
126 154
35 116
108 10
165 97
34 175
191 199
160 90
197 120
125 88
100 187
135 71
21 185
180 18
123 125
37 193
193 10
15 36
163 194
20 149
144 142
89 39
132 191
174 60
183 40
130 137
99 86
199 144
104 151
103 98
96 91
117 68
48 50
174 66
169 47
7 155
129 123
165 117
23 166
171 124
156 148
61 79
193 146
160 22
119 192
45 83
45 104
169 20
50 78
74 131
141 69
96 46
97 57
112 56
146 199
16 128
188 122
137 180
191 150
131 175
93 26
157 94
123 104
111 155
34 179
73 138
23 26
90 9
199 175
65 20
85 84
171 135
56 79
87 81
19 7
99 18
103 5
183 114
151 63
38 152
179 119
183 71
59 39
104 182
3 199
148 153
190 23
159 13
142 121
106 157
167 34
49 68
36 10
37 155
137 85
27 51
110 96
107 67
85 135
105 13
158 155
160 109
87 146
27 168
180 134
33 116
199 25
121 116
134 13
99 118
156 167
182 62
200 76
45 41
115 171
157 134
49 133
121 177
42 175
59 108
53 96
69 159
114 182
18 61
31 5
199 175
18 91
48 141
24 1
197 157
84 89
61 182
19 139
198 44
93 19
96 75
189 54
113 90
111 185
181 119
34 65
5 16
188 133
70 135
69 156
14 140
154 59
88 133
147 34
12 3
44 199
149 31
117 90
180 92
197 107
118 158
44 107
187 47
38 185
174 71
119 88
114 161
64 172
21 25
138 59
183 105
85 75
180 50
85 139
165 160
89 154
62 32
185 78
69 150
101 164
200 134
177 146
27 155
4 187
187 126
167 172
161 188
137 86
38 103
129 51
159 130
124 118
187 151
35 158
139 168
137 59
172 7
116 25
101 112
89 102
161 110
136 127
151 180
163 133
8 67
110 89
130 49
11 1
128 170
92 76
179 21
198 174
143 180
118 44
28 149
39 153
132 113
154 185
134 174
153 169
170 72
129 97
9 21
55 55
85 198
53 93
44 161
86 100
9 74
177 122
21 38
97 157
72 58
13 76
59 168
190 103
27 19
103 154
15 34
46 149
52 25
93 34
105 57
104 100
189 194
140 7
51 148
192 29
41 165
153 25
174 179
8 148
167 95
164 52
92 74
97 156
193 37
191 59
170 119
190 119
30 156
1 8
37 180
27 175
71 87
97 32
117 113
123 90
52 135
41 176
42 97
109 11
28 190
34 25
155 60
162 123
81 92
50 147
179 9
54 127
77 80
9 122
51 58
162 171
15 186
36 39
159 160
127 100
98 57
72 122
32 19
177 175
197 33
70 77
184 12
178 121
70 144
68 44
123 90
128 101
52 170
39 30
79 111
77 63
180 9
4 138
52 115
169 196
143 176
11 161
73 33
115 152
158 173
51 83
139 160
49 30
81 29
117 125
166 188
16 199
3 45
3 104
70 139
127 169
33 71
38 101
116 194
76 42
66 40
38 45
9 57
48 58
89 142
54 199
9 85
190 190
46 13
140 114
165 140
160 24
182 93
45 147
190 117
42 113
127 46
110 85
6 1
69 132
144 9
137 195
180 187
89 19
86 148
124 98
4 115
182 158
79 123
18 11
190 119
31 85
152 64
111 22
81 58
109 69
114 6
7 15
34 115
92 46
170 22
124 31
14 127
135 119
80 133
165 176
61 157
160 173
96 165
11 27
106 58
154 9
91 121
60 29
37 127
141 116
88 79
63 200
56 142
185 105
171 93
148 176
33 2
101 30
61 15
79 87
97 120
89 44
76 144
81 146
97 115
62 99
40 132
186 172
155 156
147 134
152 179
112 42
82 81
138 54
140 28
66 177
181 172
10 39
74 80
199 12
36 157
181 151
142 83
132 72
134 1
182 107
188 191
176 138
167 135
54 60
144 160
56 66
11 67
132 5
149 93
9 129
53 143
1 23
18 46
71 142
20 32
170 103
199 135
4 156
138 41
197 174
60 102
126 130
58 151
62 74
96 165
82 109
22 105
182 74
91 86
164 174
134 7
139 130
166 171
70 148
13 49
160 86
120 1
152 178
91 171
195 145
116 182
19 67
14 105
74 94
9 56
149 132
93 93
70 103
147 196
183 193
37 28
148 121
23 182
100 20
57 196
6 199
69 176
44 199
64 147
102 152
123 161
39 199
94 104
28 160
89 138
93 162
73 3
192 151
53 107
101 194
158 126
195 152
55 188
63 76
137 23
13 31
179 20
189 78
24 107
145 38
180 112
78 85
3 93
54 156
70 9
34 126
169 56
187 48
66 20
155 7
37 119
106 119
89 89
13 192
87 182
68 181
20 78
171 142
153 193
43 10
152 77
18 174
119 57
143 197
157 76
23 104
104 74
186 102
16 119
128 28
161 199
98 126
6 66
118 90
22 70
15 130
74 92
193 154
70 105
12 1
25 97
188 72
180 124
195 177
151 148
112 158
113 75
119 138
91 96
165 30
140 98
188 78
168 141
102 117
148 61
180 63
89 92
135 175
90 184
24 190
198 179
197 143
78 188
49 2
148 150
37 195
13 126
176 18
93 124
106 49
64 82
29 89
173 177
29 164
131 110
62 20
33 74
74 192
50 199
61 5
140 29
190 155
22 145
43 153
144 16
107 52
175 30
163 118
22 97
139 173
65 135
171 158
67 81
120 200
64 127
173 37
119 130
134 37
50 54
126 37
85 142
62 133
164 187
68 53
128 122
41 170
149 43
120 190
167 166
87 171
120 65
114 78
31 42
104 40
200 186
177 168
122 187
117 127
38 163
83 180
146 25
4 146
44 197
36 177
194 198
38 157
103 58
129 187
22 187
76 80
24 85
200 32
82 32
169 46
55 156
9 186
114 175
111 101
23 85
175 94
185 114
107 176
143 59
96 4
86 105
93 63
136 48
121 89
68 18
103 106
188 135
39 169
77 162
145 29
33 23
104 141
75 75
191 188
176 62
27 105
149 111
169 165
152 114
54 103
70 194
187 147
99 95
118 124
18 130
115 37
72 26
137 157
14 89
77 119
34 75
18 81
154 99
76 95
184 119
166 78
166 65
112 118
169 85
90 108
45 2
197 55
144 151
192 76
46 74
13 90
162 169
84 116
62 133
81 51
187 5
170 114
70 101
82 73
39 71
194 140
123 116
188 9
110 144
121 80
37 132
55 56
176 144
58 160
1 40
111 157
11 82
151 197
76 94
166 183
195 80
162 27
102 4
167 116
136 39
153 62
89 45
180 145
170 28
91 107
147 88
11 170
11 80
178 186
53 187
180 151
117 111
128 154
72 112
144 147
138 109
64 118
24 119
96 194
116 10
139 96
1 28
2 176
185 89
117 138
195 26
150 43
14 133
44 88
100 101
65 140
178 150
164 145
178 145
125 172
15 33
155 45
160 4
3 133
88 145
143 150
50 121
108 138
130 121
154 88
115 58
45 22
108 34
41 172
61 160
48 43
173 52
53 95
13 61
77 15
199 94
78 161
157 44
94 138
21 1
36 200
71 124
70 64
27 96
159 69
49 45
183 13
112 36
137 185
191 198
103 24
142 125
137 199
10 77
2 15
136 166
77 110
44 107
14 82
113 72
24 166
147 49
36 103
6 119
57 113
118 111
191 147
83 38
71 62
31 41
83 4
21 115
162 93
189 43
60 126
196 195
38 149
191 50
25 59
92 90
67 169
129 200
106 121
165 172
159 143
68 157
10 52
159 160
144 82
47 41
106 181
179 163
42 104
143 35
77 142
126 47
103 104
91 185
149 169
12 137
128 30
102 188
11 124
81 123
46 193
188 32
35 114
85 110
196 199
120 104
125 148
51 171
152 85
96 108
12 60
59 115
77 81
149 66
151 150
41 33
34 57
31 59
135 169
112 84
89 163
198 50
114 107
93 181
192 84
198 71
16 118
51 197
165 90
102 186
106 133
108 133
173 138
140 92
115 37
12 170
65 14
118 179
14 129
71 191
155 99
125 108
39 62
8 81
158 143
119 27
183 171
144 7
62 199
23 14
137 164
72 34
80 86
9 45
187 84
99 13
41 117
63 153
176 134
38 170
52 57
131 133
16 17
35 72
29 111
179 162
86 101
175 138
44 22
87 66
21 182
188 69
54 197
26 64
112 19
181 59
189 18
61 170
121 137
66 119
87 164
107 72
106 179
167 150
51 188
6 16
90 185
69 156
141 30
96 161
96 46
13 175
37 71
97 180
119 132
80 194
86 153
34 19
174 120
196 56
113 3
37 111
170 24
160 48
162 127
2 80
77 71
47 13
108 187
175 63
61 143
90 24
112 17
71 28
112 2
142 74
84 122
150 104
110 195
143 79
156 159
80 124
187 141
114 191
4 105
178 118
71 29
157 64
65 12
14 57
37 185
56 145
31 82
100 60
130 92
27 34
138 51
81 25
14 85
19 9
124 73
106 177
161 76
137 170
33 34
196 80
3 145
14 154
113 77
42 136
63 63
120 132
61 97
98 75
190 98
69 66
114 185
176 124
51 120
171 61
103 17
122 69
83 42
168 192
60 130
134 56
88 100
195 82
73 147
78 191
101 106
81 1
141 57
104 52
65 18
76 76
50 173
156 3
63 27
72 160
10 74
34 12
113 135
137 121
143 31
83 142
51 55
62 54
184 169
195 171
197 75
108 125
21 177
24 105
129 69
70 125
127 8
144 189
95 61
165 192
20 123
141 38
164 21
10 95
82 146
138 85
6 144
194 148
37 196
134 154
25 157
90 168
54 79
180 189
22 47
190 105
135 89
19 103
154 20
7 111
104 2
194 81
184 137
92 65
19 20
81 103
127 78
115 60
134 125
166 6
3 194
103 89
123 166
159 55
142 151
174 94
143 64
99 77
144 14
35 55
56 97
45 149
117 140
31 174
139 110
184 82
113 78
10 148
10 19
159 44
135 30
46 89
26 161
145 23
144 111
160 4
95 14
37 184
37 186
120 191
89 38
198 150
33 87
21 176
13 167
55 163
158 78
105 42
22 157
76 102
90 158
54 132
197 190
53 188
13 85
70 77
156 180
14 169
74 145
59 104
90 109
96 91
182 53
83 12
57 127
180 15
58 121
105 172
151 67
168 149
21 131
66 57
171 134
86 107
14 20
134 111
87 102
39 19
176 140
155 112
153 74
192 88
160 91
127 40
135 155
53 18
178 99
28 70
30 101
159 79
78 37
25 56
122 91
149 15
99 43
149 102
170 55
76 109
155 26
58 65
179 54
126 196
194 96
5 50
13 108
81 143
1 90
108 170
28 115
110 141
91 180
117 172
81 95
40 94
114 162
176 79
104 71
11 44
90 127
14 158
53 132
186 63
109 145
143 142
126 113
100 57
186 106
5 191
173 40
79 85
18 91
121 109
146 123
94 77
94 81
198 35
33 54
188 147
131 74
24 61
18 176
21 185
144 152
199 152
123 78
88 44
173 167
42 48
66 42
140 12
132 108
29 106
27 112
160 163
47 73
5 36
151 162
119 17
157 188
100 90
19 6
101 197
111 124
104 74
121 23
160 16
174 167
34 25
162 12
16 100
117 111
11 32
83 62
86 118
101 175
45 196
172 41
172 183
21 126
145 171
99 121
64 3
9 114
16 85
145 133
119 168
191 62
83 146
167 17
53 8
75 80
12 172
176 184
132 56
177 78
45 8
14 171
109 192
155 44
16 110
49 140
168 184
91 147
143 2
187 133
55 162
35 4
140 185
46 52
48 91
59 13
22 164
43 42
38 8
50 98
8 165
87 68
154 42
118 13
42 114
140 29
164 48
189 107
74 165
186 191
129 174
129 145
194 13
53 189
82 157
12 160
145 83
28 183
37 81
197 154
159 109
161 44
40 27
127 113
15 169
198 136
34 143
45 65
155 157
55 29
161 6
165 43
6 83
105 160
97 166
61 71
88 3
4 133
123 160
5 162
198 174
23 186
100 196
80 47
135 193
106 89
34 161
117 36
111 22
84 119
28 144
44 91
104 50
86 159
21 22
118 184
69 144
11 124
178 172
9 156
127 183
119 100
93 187
153 68
159 170
20 55
109 10
93 80
1 79
15 64
88 40
30 148
106 1
198 117
128 2
168 102
46 54
199 81
55 176
73 107
186 191
47 127
93 198
36 9
96 8
39 103
28 128
171 110
109 73
91 4
114 36
102 14
44 54
93 58
188 45
28 194
80 161
172 187
15 146
80 89
139 194
110 151
84 43
6 192
116 157
153 117
166 117
169 51
197 122
29 79
195 24
164 96
199 7
114 161
27 24
123 7
19 12
142 54
29 173
20 174
100 107
133 174
25 110
45 169
179 37
39 45
33 80
122 21
112 93
31 173
121 68
191 191
21 95
188 99
159 14
48 134
83 193
98 191
159 82
29 195
84 170
69 160
96 108
135 28
163 123
31 142
92 155
128 52
162 32
32 13
172 49
133 172
96 99
115 137
152 115
77 115
183 136
193 64
55 177
85 100
74 91
67 103
192 48
77 57
160 7
137 196
171 103
25 129
20 122
96 151
86 73
133 94
41 42
126 63
57 93
106 142
165 157
81 185
97 15
52 133
195 149
47 31
168 49
157 29
61 9
160 50
56 100
52 111
86 131
101 178
168 63
4 78
2 64
86 156
109 189
1 112
193 51
99 17
148 89
62 51
125 144
136 87
171 69
166 69
88 175
32 7
83 176
195 167
177 121
139 154
101 180
77 198
108 132
79 40
70 66
124 140
148 132
185 117
58 25
84 200
86 142
61 176
140 94
172 50
70 4
30 73
199 85
170 39
29 156
146 172
130 195
68 22
198 113
10 56
25 154
175 18
12 193
117 84
88 15
143 17
53 95
122 116
130 95
25 184
52 142
98 154
113 199
77 16
59 150
149 163
125 110
84 167
103 53
87 144
15 113
147 173
175 144
99 73
102 43
166 80
79 13
108 167
30 159
4 168
115 93
143 115
17 131
6 21
177 142
185 140
94 60
83 91
40 173
190 1
61 44
88 91
89 193
2 101
96 112
190 72
40 123
147 39
200 125
147 4
170 144
197 55
122 124
145 188
98 68
71 24
77 14
64 36
114 121
66 96
77 103
16 80
191 132
4 113
159 132
13 28
55 80
60 70
156 122
11 14
36 24
22 184
80 171
170 140
147 132
56 172
132 172
126 27
39 121
162 169
5 138
28 193
2 2
40 103
128 92
175 199
79 127
69 142
144 135
156 79
166 74
126 116
144 121
188 58
51 7
161 159
167 4
73 116
128 59
147 24
89 137
55 192
5 91
112 72
32 94
31 64
95 23
94 100
152 96
64 57
190 180
98 31
77 126
163 89
58 97
6 95
197 190
81 198
141 162
71 194
80 129
21 76
99 179
157 65
139 77
149 198
76 25
49 86
100 177
61 138
116 55
9 64
184 175
71 110
9 136
191 153
7 6
36 119
78 170
44 16
193 173
132 128
11 188
96 106
39 152
14 200
108 81
105 144
90 98
200 155
183 100
161 78
40 94
99 110
50 28
52 87
195 39
52 81
46 54
13 88
185 62
61 79
84 173
154 101
58 145
71 178
45 172
12 118
72 16
139 171
182 88
152 82
140 54
117 119
113 102
171 57
57 40
15 138
159 4
56 24
29 9
194 153
83 161
152 113
31 30
5 119
94 22
6 99
154 199
133 149
168 50
115 142
103 143
153 98
67 9
30 44
1 84
198 100
22 29
159 82
68 117
125 4
77 10
1 80
162 7
73 135
46 173
156 76
42 83
138 42
7 157
84 76
117 75
91 173
129 24
113 22
197 34
147 127
92 151
82 180
184 82
76 132
105 123
177 117
18 60
150 20
29 82
14 72
179 164
11 69
189 114
153 36
47 143
7 185
198 134
74 118
113 173
66 15
128 64
6 166
188 85
45 46
81 101
8 79
16 83
104 190
110 181
25 90
30 192
166 51
179 28
133 70
124 138
24 9
164 96
45 102
122 94
160 184
94 160
165 115
79 163
197 8
101 156
78 179
19 198
163 197
199 157
59 56
135 150
139 148
197 101
67 79
130 99
96 146
101 71
52 6
64 140
193 197
172 19
62 99
185 121
153 90
157 130
122 160
13 4
73 77
33 147
182 194
111 59
194 101
18 58
62 32
128 5
82 177
9 169
135 100
64 107
103 71
114 168
125 126
146 110
22 159
13 79
58 85
198 33
115 4
44 192
146 88
14 27
99 70
6 4
159 40
111 22
11 64
50 183
192 175
75 1
67 176
26 102
104 136
168 25
159 69
5 200
29 132
112 75
37 34
157 16
160 83
122 80
27 97
34 168
46 169
194 83
138 12
57 145
149 97
34 21
105 157
60 114
165 65
102 1
15 98
103 12
89 89
163 164
71 3
17 152
124 100
11 97
153 22
146 195
121 97
146 52
99 44
152 124
122 95
99 76
189 10
179 72
158 81
26 79
185 27
86 188
90 70
8 88
26 195
98 145
42 60
69 103
109 108
168 106
60 159
133 13
120 175
12 25
55 157
50 49
75 83
14 20
1 158
21 179
120 107
48 39
95 19
125 13
173 198
114 10
27 27
180 40
92 107
67 61
163 18
48 182
174 173
24 85
141 121
6 163
198 111
180 23
63 47
22 162
102 194
33 25
119 70
189 102
161 96
68 4
129 42
26 55
189 175
60 99
11 90
34 103
14 110
96 122
177 168
25 96
23 133
200 163
64 97
59 108
41 101
110 31
77 162
29 47
89 68
174 105
99 86
57 98
74 100
123 131
35 58
89 39
85 91
147 129
191 97
114 134
180 67
127 196
85 35
136 172
39 122
105 182
8 29
158 78
22 196
33 117
131 5
71 56
159 163
191 156
31 99
87 57
176 128
171 74
147 196
39 188
29 31
77 194
192 125
67 79
157 142
154 93
186 31
76 106
138 99
157 176
114 134
137 126
23 66
67 167
193 35
170 81
129 16
117 127
62 190
95 168
166 190
193 57
163 7
25 189
144 61
40 141
60 188
80 139
95 8
198 91
43 150
107 171
107 1
52 178
107 42
66 100
144 21
169 77
114 95
189 41
94 177
53 12
91 79
178 73
135 176
61 30
82 159
23 200
25 146
93 18
50 151
150 134
65 139
144 141
156 164
131 121
40 140
133 91
58 124
177 148
164 32
15 170
75 196
32 124
62 44
159 16
185 36
47 25
1 11
176 148
14 198
81 85
21 101
195 130
81 182
95 74
154 198
71 84
2 145
127 125
128 149
67 71
100 188
88 3
185 73
141 103
150 72
112 115
85 121
127 111
177 58
66 154
102 98
40 121
146 87
