p td 200 2800 
190 144
175 70
174 74
50 47
177 49
119 142
104 35
146 127
38 4
37 15
78 55
155 125
184 34
101 129
154 76
153 147
54 8
86 156
178 47
144 178
50 186
84 108
134 44
42 31
142 67
50 29
97 27
13 4
106 187
101 53
63 36
103 171
175 111
57 77
129 198
95 148
181 79
48 123
161 140
182 137
114 174
174 169
62 190
140 68
114 196
168 31
94 176
77 99
181 183
77 162
78 138
172 146
139 195
95 165
106 64
80 39
176 52
86 46
150 102
190 68
199 185
4 48
188 32
82 175
197 166
172 147
135 169
50 17
24 164
122 118
76 9
75 169
125 159
57 118
135 42
188 23
180 193
132 120
72 109
86 47
187 159
4 13
35 124
100 114
155 172
129 3
197 78
164 85
54 196
157 84
36 188
11 46
138 181
115 105
98 41
138 87
149 94
51 167
145 98
190 105
183 32
152 54
93 18
36 144
186 163
26 143
58 199
82 78
24 122
173 18
82 141
60 168
181 87
145 60
102 124
185 104
194 66
151 70
83 123
43 160
173 50
16 10
171 50
124 128
111 199
7 178
112 143
175 16
103 91
72 12
64 135
96 82
64 119
169 92
184 13
127 59
105 171
79 48
117 51
31 32
33 174
88 76
106 130
156 126
63 39
59 32
102 103
162 102
101 150
108 57
112 200
150 96
197 67
187 80
45 104
89 126
115 164
73 79
140 61
13 108
100 64
66 146
181 108
126 158
74 177
2 116
93 97
49 134
24 103
136 3
107 118
46 99
76 129
148 129
18 192
55 45
96 152
131 138
168 190
198 144
132 82
188 176
66 38
158 59
1 32
44 154
81 114
189 178
188 141
41 200
142 129
5 57
71 69
113 45
51 118
151 38
32 93
186 96
70 136
120 190
12 156
146 170
31 45
179 3
145 190
164 104
113 168
6 51
12 6
39 98
84 48
173 169
24 157
14 93
196 98
146 97
108 72
190 146
77 152
47 167
50 163
140 157
106 44
169 92
90 144
44 125
137 80
107 71
168 103
47 12
98 21
165 131
77 86
165 108
141 129
41 188
167 92
185 200
74 123
186 100
116 138
198 55
175 105
53 109
68 8
19 19
75 77
197 105
95 178
156 86
138 40
132 103
48 54
127 35
103 195
71 147
65 12
158 57
153 157
146 9
100 135
109 91
181 148
111 138
50 38
41 133
164 94
5 93
62 161
28 197
98 119
94 11
197 191
172 165
65 28
145 2
171 5
158 25
182 136
105 29
187 71
58 12
113 38
2 126
62 34
22 124
149 8
199 189
46 53
32 190
109 173
176 183
147 31
133 185
159 89
17 194
152 140
2 191
47 143
19 165
82 186
22 162
68 153
146 165
143 140
64 67
82 62
38 158
142 9
11 110
72 171
185 159
37 149
187 193
34 19
9 46
72 195
64 153
89 115
148 179
176 82
195 137
34 173
143 132
172 184
149 198
136 164
99 80
131 12
6 81
121 188
16 143
118 115
136 86
132 134
83 93
2 42
134 182
67 86
44 166
48 40
182 179
195 63
77 116
175 115
175 165
32 42
30 126
23 128
80 5
113 9
121 17
139 163
195 48
54 186
92 112
83 12
86 135
133 120
45 149
104 42
189 71
1 48
54 59
37 62
6 200
135 12
53 88
81 130
49 53
82 53
102 18
152 130
11 92
68 197
99 22
57 85
124 176
34 154
70 78
128 138
76 189
194 75
52 87
100 168
126 33
113 39
8 18
102 187
122 76
157 154
40 157
5 69
97 104
197 96
112 116
146 177
154 86
166 186
26 128
135 53
176 139
28 4
8 168
93 53
102 131
186 31
153 117
194 178
42 109
123 129
60 57
114 84
42 162
65 40
58 199
183 56
118 129
111 23
178 154
173 162
57 128
197 28
124 142
84 180
31 70
49 47
131 25
109 69
101 12
180 106
121 141
180 17
5 27
73 46
32 44
16 127
169 9
19 54
118 96
97 17
139 19
106 157
21 111
18 169
97 185
77 166
59 23
89 18
14 171
56 79
174 10
187 18
7 196
85 122
19 62
18 167
119 181
113 153
30 59
131 168
200 80
182 21
49 112
56 113
197 73
172 89
182 120
75 123
153 200
79 151
199 115
84 138
142 68
160 196
117 31
96 90
170 152
56 96
134 161
172 69
48 76
151 93
102 8
90 44
114 185
66 53
194 21
111 122
200 126
154 106
93 187
137 42
188 198
192 175
157 79
196 143
20 122
176 186
163 141
163 39
54 8
52 8
115 7
159 27
36 129
133 180
4 108
118 177
138 125
21 82
33 78
31 72
53 30
96 125
130 173
38 105
174 198
116 82
172 103
196 200
61 58
186 13
66 172
147 86
35 186
85 170
135 27
11 152
16 32
83 87
123 111
13 96
1 156
163 80
30 178
134 99
35 23
34 185
184 192
99 166
24 180
183 6
26 130
155 3
164 36
104 43
49 103
136 95
55 194
31 183
52 56
9 35
85 48
193 90
26 138
65 136
133 110
23 132
25 156
9 190
107 21
50 5
131 107
71 108
23 35
123 179
189 14
119 157
112 189
188 81
197 140
70 47
155 97
3 25
24 40
198 26
190 54
2 16
91 72
185 9
143 101
22 101
36 148
89 117
116 103
47 196
94 198
93 52
32 66
156 13
191 45
176 14
111 93
124 168
105 165
35 179
15 89
188 197
30 100
159 117
125 40
6 73
40 80
155 144
142 47
49 162
119 137
36 9
140 79
83 69
86 54
7 47
10 110
163 41
53 110
187 170
76 180
99 10
101 128
101 78
3 21
176 196
182 15
54 173
77 183
117 47
169 67
1 40
121 142
67 100
6 176
195 29
157 170
88 113
85 107
181 77
162 30
122 129
174 114
180 107
123 72
196 97
114 133
101 3
80 9
187 51
76 115
36 120
189 143
169 133
127 111
105 192
55 72
177 51
194 128
27 150
136 51
62 87
58 172
122 32
72 135
68 10
34 33
160 94
103 39
147 158
1 161
180 125
65 97
84 138
53 51
100 157
17 82
135 44
80 75
111 56
27 118
77 181
95 55
90 139
153 178
96 11
4 177
137 7
28 4
50 88
104 147
6 13
20 53
76 158
50 157
183 196
90 48
5 92
6 99
31 84
125 120
50 55
69 194
79 115
114 97
8 65
177 33
157 24
102 165
138 149
163 185
144 61
40 57
61 78
59 196
198 87
87 188
147 192
91 54
173 145
142 45
192 62
94 145
118 159
175 169
107 113
160 28
104 97
77 4
32 150
32 87
102 53
146 145
150 175
108 19
103 49
174 39
156 143
39 165
123 39
135 91
93 126
43 122
164 196
157 83
102 4
68 99
99 153
134 174
57 160
128 195
180 155
116 137
60 28
161 70
158 196
134 18
9 35
180 67
139 199
115 71
8 21
122 72
120 72
171 155
162 76
112 105
169 31
154 75
142 7
129 7
120 9
71 199
155 36
94 158
81 5
3 171
44 173
179 199
66 21
180 82
158 36
53 191
187 56
69 30
143 37
158 23
166 78
55 34
10 54
73 109
181 11
123 2
88 29
142 110
23 68
124 191
151 1
108 166
24 41
102 65
96 158
99 137
48 85
140 174
107 142
142 129
160 100
18 35
184 62
135 123
66 35
157 147
41 148
122 79
150 4
2 110
111 127
42 125
99 48
130 174
198 152
134 156
35 197
160 114
76 19
76 169
105 72
47 104
89 70
76 20
85 23
197 108
94 190
156 98
137 193
90 173
59 162
142 66
192 88
196 7
78 40
180 95
192 20
37 188
22 187
156 95
99 150
93 121
102 14
183 66
187 45
49 36
165 68
58 175
113 127
198 58
122 11
96 141
164 95
93 122
82 114
64 150
45 5
55 93
136 140
21 30
38 142
104 91
124 88
40 26
98 142
9 180
107 103
43 91
67 100
40 167
140 81
5 72
59 98
159 133
152 127
5 128
113 64
183 8
132 75
3 189
48 143
180 9
78 45
94 110
14 123
67 27
172 126
15 10
20 161
31 106
149 199
143 126
52 184
52 94
89 144
106 2
103 2
148 126
46 172
13 42
168 53
54 43
43 135
38 158
154 140
85 179
9 81
86 50
36 83
21 177
50 169
3 81
16 162
137 116
48 44
12 56
177 2
99 53
43 199
176 91
175 180
67 195
184 104
147 56
167 165
89 132
99 128
157 132
160 196
147 11
39 108
33 21
58 82
188 64
58 129
195 128
9 191
76 31
186 136
91 97
162 178
161 107
189 135
128 134
174 41
162 92
140 63
155 127
162 72
58 110
112 193
169 144
56 38
144 185
138 45
98 124
14 21
90 200
57 103
71 7
46 191
147 111
28 40
138 128
50 23
95 127
192 25
169 22
51 133
47 31
71 126
131 1
101 186
166 186
45 119
12 152
178 101
117 118
165 147
76 13
53 82
192 92
190 67
123 61
30 146
72 63
121 157
82 156
111 45
152 94
27 114
112 123
173 172
97 121
200 192
22 35
96 116
78 32
29 103
157 143
156 90
79 38
85 118
182 33
123 32
147 54
29 114
168 174
185 81
58 13
195 88
120 137
106 172
36 166
197 151
36 11
37 192
98 126
74 74
168 51
156 183
174 33
29 106
30 122
111 65
76 4
3 91
17 168
124 111
103 68
161 78
18 20
143 175
42 123
126 9
143 147
4 71
19 132
31 187
92 156
141 72
38 115
175 168
47 195
114 160
1 182
56 176
37 11
130 68
101 171
143 5
67 167
110 169
183 58
179 194
158 199
75 27
60 148
12 34
182 64
199 99
98 192
32 139
77 185
105 143
6 196
7 1
91 15
55 167
88 83
159 119
172 181
54 90
67 74
26 155
144 87
104 150
100 19
124 78
10 182
18 154
88 141
118 85
197 14
180 160
11 2
7 50
119 46
154 52
141 93
194 83
46 57
107 73
35 92
49 82
99 178
47 53
175 14
172 188
147 155
133 104
177 22
99 49
196 155
173 31
114 148
40 105
109 133
199 1
44 7
26 71
192 24
116 64
77 80
188 109
10 119
109 190
130 82
129 7
96 150
37 182
154 73
109 40
116 43
53 113
1 43
146 145
75 111
162 47
177 157
54 163
115 51
73 182
85 153
87 80
99 75
86 132
125 48
36 144
191 52
167 151
22 134
64 50
169 200
73 127
156 53
191 187
189 142
167 130
141 94
37 18
81 161
84 87
44 166
60 121
172 182
42 169
23 54
169 89
151 64
188 61
55 200
139 37
140 84
163 108
122 162
22 22
59 143
85 98
189 51
189 145
57 48
177 136
159 30
83 191
189 193
24 25
179 59
78 144
95 68
39 180
185 174
175 26
2 150
99 133
8 10
16 25
120 78
101 133
85 88
186 26
35 114
9 64
153 7
77 28
55 70
56 2
5 49
14 112
148 18
86 43
98 27
52 119
135 155
82 16
80 109
179 181
49 131
95 57
179 19
96 114
200 21
22 12
38 51
106 200
185 46
77 168
145 158
149 25
48 156
155 67
81 169
90 192
77 141
125 83
87 149
24 200
11 38
61 109
25 28
119 133
142 48
195 4
41 29
67 127
7 167
159 166
34 89
28 103
162 138
63 144
74 189
160 106
181 77
13 35
26 171
41 158
106 149
9 146
132 57
144 2
26 63
172 178
35 97
116 144
18 3
70 185
49 61
65 61
132 139
187 60
91 56
144 163
173 110
27 125
9 4
69 133
83 169
79 130
41 103
81 144
78 170
46 117
36 99
135 158
24 111
34 196
106 104
13 166
121 186
66 9
155 112
1 134
171 36
60 38
19 40
156 72
139 174
82 87
93 80
146 86
182 40
42 45
54 179
135 65
171 5
118 61
44 144
103 125
12 193
57 76
52 116
36 134
62 34
119 8
112 20
160 111
104 6
35 11
2 24
198 116
52 138
40 180
117 38
39 74
138 172
197 73
23 141
36 54
114 61
14 197
128 19
93 2
101 93
29 15
135 21
29 67
105 151
113 63
86 85
191 142
171 52
133 145
53 131
43 17
135 170
59 160
113 152
181 31
158 47
38 179
25 199
42 34
12 42
170 144
39 104
13 200
90 136
142 19
5 192
165 37
110 112
188 83
86 72
127 122
109 44
63 37
180 52
150 139
177 39
124 102
9 80
69 7
94 84
122 129
138 137
37 198
119 64
141 147
139 12
192 112
25 23
107 42
130 27
164 122
182 109
169 44
116 143
63 45
164 96
28 77
76 188
54 41
62 122
87 159
140 128
132 5
189 193
102 148
170 38
13 68
111 27
189 58
198 53
140 200
11 11
115 121
92 187
43 107
71 52
118 191
103 144
196 151
20 128
56 10
65 60
173 137
170 172
9 18
149 65
87 138
31 153
74 35
47 190
64 67
76 42
73 143
19 177
53 145
44 196
4 80
71 166
147 23
31 172
20 60
124 96
29 105
13 162
25 23
67 157
116 25
159 145
29 74
168 186
78 19
104 183
97 5
136 124
134 170
35 128
46 149
12 129
37 40
64 161
94 97
119 199
184 58
143 105
6 80
165 192
6 199
161 127
34 38
70 195
31 175
192 191
176 172
40 15
52 104
157 145
61 2
119 135
149 61
196 121
133 13
200 191
184 107
92 49
37 176
185 46
34 68
139 99
17 154
78 187
172 113
200 71
15 77
7 118
8 56
24 101
2 35
78 176
71 200
144 160
58 72
107 145
198 116
171 78
170 152
136 74
18 156
17 195
16 12
184 5
88 6
20 155
12 137
109 115
191 92
98 161
70 188
94 174
80 28
162 82
64 99
17 108
48 30
119 187
93 160
36 84
73 190
98 144
92 199
90 200
101 89
60 14
123 61
179 172
179 91
48 60
179 105
10 46
198 110
103 35
200 178
4 180
29 189
49 114
10 107
190 88
105 136
99 190
130 90
124 165
30 190
81 185
75 15
28 69
94 58
155 33
112 176
190 190
137 126
5 172
122 179
130 38
6 187
87 176
153 149
177 184
54 167
20 111
196 58
39 151
44 128
98 112
157 6
86 18
37 155
43 178
54 69
172 169
147 146
181 77
103 99
28 109
20 199
129 191
42 108
2 68
54 139
32 113
96 123
162 75
170 86
181 143
180 186
13 74
107 103
149 97
170 92
127 91
134 75
15 121
112 61
140 120
28 65
162 25
71 80
93 102
51 146
172 98
82 122
67 146
96 47
104 170
53 130
114 163
161 74
39 192
122 131
56 153
112 74
136 87
170 95
120 36
54 132
191 167
189 90
89 80
67 176
140 21
90 111
23 188
63 152
200 187
89 26
106 168
45 198
181 168
179 160
88 182
113 181
199 106
186 113
40 35
179 98
195 185
42 105
147 104
52 139
95 179
122 180
122 94
137 61
109 185
104 37
117 123
181 137
44 32
133 99
111 200
116 83
112 123
122 19
78 47
139 2
109 80
200 150
88 12
45 47
181 94
181 7
150 175
120 62
166 26
180 19
108 60
113 107
58 154
15 36
170 16
177 77
17 36
3 194
9 123
161 151
17 8
97 78
92 70
91 107
32 91
188 24
191 152
34 52
12 147
152 77
88 91
155 125
38 153
178 69
87 27
50 51
24 168
106 20
102 84
66 130
56 17
8 45
135 70
13 110
119 55
51 113
61 46
100 68
38 153
31 184
14 39
30 8
61 193
94 36
56 23
93 11
12 108
168 74
116 40
98 188
113 147
193 86
61 194
44 172
53 148
127 113
54 50
25 25
99 111
101 6
193 100
58 98
113 166
32 132
119 181
71 165
128 147
145 121
2 102
66 31
144 146
11 75
76 80
118 81
25 39
134 184
129 162
17 143
85 189
46 200
47 142
152 6
58 3
124 185
2 53
154 185
116 129
75 33
10 137
20 56
68 14
92 69
176 85
137 33
59 40
6 1
122 198
73 193
151 95
160 9
181 37
50 151
23 168
105 52
102 18
83 66
192 147
104 86
39 117
115 152
46 165
165 88
67 134
160 168
200 76
76 145
99 83
156 144
51 85
94 42
101 11
91 41
12 100
168 135
94 75
194 71
6 42
122 99
194 117
162 171
59 184
27 5
172 19
2 123
76 72
130 91
84 89
165 13
44 2
137 37
35 156
151 72
194 151
107 17
183 107
167 128
31 174
28 140
194 99
127 25
7 18
81 85
150 134
96 179
174 164
61 46
96 161
19 191
81 99
148 37
88 105
109 48
124 15
104 6
76 136
142 25
11 170
66 73
184 129
133 135
122 36
124 126
158 62
4 122
189 76
26 24
136 81
175 129
47 145
109 167
157 24
64 130
151 29
63 55
1 102
55 155
120 188
127 33
153 144
85 118
67 89
60 124
163 105
85 28
66 117
36 180
123 125
11 152
21 194
174 82
67 13
175 105
99 129
7 108
146 53
181 200
38 189
29 76
59 136
44 163
62 135
76 148
177 60
56 137
3 35
31 49
135 124
90 64
77 42
64 189
47 2
200 20
9 10
177 114
180 155
98 145
101 6
70 197
160 91
195 20
45 39
140 13
75 131
56 104
137 139
30 50
196 173
65 177
159 178
7 149
151 158
43 168
137 50
60 76
110 79
76 181
87 122
168 27
183 77
178 18
63 166
110 131
174 28
172 40
174 182
62 139
176 76
160 88
41 139
156 159
103 88
107 52
9 26
23 12
173 157
176 172
90 134
75 156
50 70
63 188
122 107
75 100
191 137
109 181
9 60
115 29
3 6
136 76
148 42
107 129
81 199
59 14
70 33
184 76
136 77
130 153
185 2
138 181
47 60
190 54
147 152
57 135
129 190
46 49
64 63
39 173
28 116
62 81
13 122
115 67
42 31
62 67
194 110
158 193
93 23
118 184
178 95
165 98
144 64
78 102
29 152
49 13
87 31
171 151
158 132
107 169
101 29
197 106
167 142
126 8
54 59
45 183
107 159
99 138
113 144
135 180
117 9
65 186
179 101
118 7
12 41
77 126
134 72
109 5
89 145
146 4
49 77
114 157
45 2
108 10
181 75
181 115
77 69
137 97
109 81
34 161
4 125
116 32
99 43
149 136
188 74
156 33
127 53
81 87
31 62
162 23
62 86
126 57
8 8
54 196
96 116
148 131
123 117
34 52
184 78
140 42
40 175
151 48
150 17
22 133
41 3
84 194
187 193
106 46
97 23
41 167
125 189
67 186
142 117
151 200
135 170
44 121
161 171
177 71
95 43
151 96
109 97
101 110
164 159
162 11
49 161
111 133
190 90
188 14
19 42
3 142
84 135
186 59
29 64
76 74
170 86
10 197
156 47
101 36
31 48
130 187
97 141
58 198
70 110
57 118
59 109
67 71
31 61
37 126
78 97
163 70
60 4
88 112
51 30
176 56
107 35
8 162
179 58
103 54
83 44
109 171
1 6
173 141
153 40
19 195
150 34
83 200
197 126
133 61
12 179
102 182
192 172
42 111
67 54
13 39
83 188
133 8
134 141
183 147
63 130
33 88
162 119
101 62
79 131
19 75
190 179
102 172
33 70
16 170
56 199
1 63
9 83
93 199
147 144
70 71
22 39
17 37
166 90
29 58
160 126
182 20
166 137
189 25
52 93
194 104
60 16
94 181
91 20
166 152
172 138
12 8
37 61
54 123
69 142
36 73
107 165
111 54
33 93
181 40
151 40
136 32
107 119
195 161
106 116
172 170
68 22
43 187
34 88
178 179
127 27
109 77
162 113
49 192
135 130
123 177
21 103
119 180
190 70
76 78
172 87
32 160
6 45
97 89
87 92
188 128
162 150
155 56
95 86
191 180
91 166
180 200
180 92
48 69
81 134
133 82
157 177
42 178
76 79
59 124
189 151
165 194
5 68
197 150
12 93
77 119
73 61
132 191
137 29
69 28
98 111
141 7
77 43
11 137
56 167
133 128
41 186
75 58
200 31
135 157
25 186
153 82
171 53
83 108
1 39
3 18
7 6
12 194
69 194
44 160
80 149
23 25
161 92
196 41
97 160
164 46
108 82
150 82
38 161
27 22
37 55
29 148
81 18
188 92
110 117
54 126
4 23
39 165
123 51
59 73
50 58
72 38
31 56
92 190
125 9
145 22
143 53
116 34
154 53
124 172
13 59
131 14
66 34
6 112
46 37
67 30
48 170
149 199
62 13
113 43
128 10
198 198
99 12
110 69
50 188
162 3
47 150
82 84
161 173
38 194
191 18
149 21
167 126
133 120
81 161
125 78
86 1
60 6
127 124
91 136
9 170
44 19
36 62
143 66
62 74
32 125
12 34
28 20
140 155
192 80
156 102
192 118
121 76
176 42
115 102
42 129
5 68
171 172
129 105
81 65
29 29
34 10
24 99
147 27
89 180
37 120
41 12
161 168
85 150
128 80
109 39
199 166
31 166
2 20
106 153
46 133
193 12
1 124
32 116
39 53
166 97
17 24
153 46
18 188
22 65
170 3
178 44
15 102
169 34
136 64
57 41
98 25
64 25
198 97
54 179
1 152
191 155
136 199
151 131
162 17
128 176
193 107
108 88
43 29
113 20
93 57
191 121
61 74
6 66
139 132
109 16
56 43
168 37
188 32
32 57
161 87
192 7
118 180
162 33
101 23
31 175
13 20
37 29
12 67
25 123
120 165
148 19
166 179
110 139
152 34
179 162
38 191
119 71
163 79
21 193
177 3
71 77
86 5
78 41
154 24
168 140
58 148
151 122
92 82
94 120
106 30
77 48
28 88
111 75
4 3
84 196
116 26
12 112
166 115
63 148
77 185
123 22
193 155
122 6
198 100
46 134
179 178
173 110
188 178
188 127
139 32
82 174
70 196
158 176
76 174
84 154
65 88
57 180
79 94
44 197
14 183
52 44
175 24
154 61
175 40
85 171
41 197
160 90
35 161
71 61
170 116
77 120
185 61
102 61
78 49
120 163
62 1
192 142
75 60
44 147
147 15
196 3
123 190
20 119
76 45
175 98
74 113
166 60
69 62
149 44
134 164
181 23
123 90
95 64
40 140
7 177
128 4
175 110
50 179
78 143
43 49
84 95
122 183
114 18
150 112
124 28
29 24
140 166
54 81
166 32
26 3
71 10
109 31
124 60
166 34
95 71
11 147
17 54
13 13
123 21
2 59
74 55
18 150
64 16
60 47
21 103
130 69
112 149
162 83
114 127
57 89
169 9
14 36
192 185
192 59
130 73
41 30
30 27
100 49
191 46
100 193
56 161
147 166
25 55
168 23
189 145
119 103
10 121
136 195
102 195
98 3
134 24
22 122
40 154
177 138
63 85
172 83
109 54
81 12
39 93
162 161
1 194
195 111
6 107
57 111
72 64
71 164
30 71
85 178
172 109
54 144
163 11
198 27
175 35
196 132
174 65
189 132
70 54
26 81
169 90
75 76
90 118
70 168
132 43
105 111
73 44
9 67
163 126
3 93
96 62
105 127
28 127
10 41
157 8
8 120
2 59
164 113
118 22
46 93
71 194
29 144
23 183
69 151
40 160
105 110
111 64
154 26
1 76
1 83
30 58
28 22
142 16
115 43
104 57
90 83
77 92
185 109
129 16
59 81
130 40
64 4
174 75
147 96
196 171
135 163
195 111
12 104
17 166
139 145
196 114
57 85
123 72
119 174
13 198
71 180
46 113
64 160
101 97
111 15
134 118
152 99
176 28
50 155
51 24
164 190
105 54
40 21
54 43
124 164
18 143
159 2
37 33
185 110
85 122
62 115
149 154
95 91
158 164
152 174
49 181
140 175
21 67
54 120
141 147
88 179
182 114
165 113
74 47
147 3
67 54
89 194
88 52
58 98
49 73
102 34
14 45
141 14
23 185
121 5
144 36
189 6
198 126
9 184
129 73
96 149
42 88
106 89
183 32
75 28
146 109
132 17
11 48
146 82
95 61
154 102
61 158
182 74
51 192
18 119
82 17
121 163
81 120
156 190
190 107
68 66
149 123
167 55
103 53
138 35
133 123
31 154
126 46
156 82
194 110
189 157
41 32
7 118
189 108
167 12
172 97
41 65
85 28
139 144
117 58
7 168
20 40
103 114
165 76
26 13
138 84
118 54
60 34
184 101
197 188
164 32
78 124
6 11
32 9
148 145
41 22
118 133
100 189
145 137
103 90
163 65
177 136
33 185
112 42
125 20
136 106
160 198
82 54
15 25
148 195
190 101
96 88
192 151
183 172
123 52
65 43
65 198
101 19
157 116
71 129
40 195
30 140
157 164
195 80
76 143
2 41
100 13
72 17
136 158
53 172
127 19
114 190
177 109
199 186
160 74
15 73
54 56
196 168
51 106
153 99
1 24
186 126
20 193
101 154
67 152
157 59
98 63
85 127
8 152
67 7
185 9
51 196
41 159
71 24
67 55
85 85
145 79
114 31
36 200
148 78
57 60
115 20
184 158
28 71
195 187
106 72
45 189
95 101
66 119
169 107
175 48
9 39
138 189
141 142
164 198
191 169
194 77
165 116
135 11
67 110
140 143
4 147
199 125
16 162
66 58
86 64
162 35
13 102
156 187
140 52
32 84
187 167
194 129
103 145
34 165
60 154
35 113
142 24
47 95
132 95
78 21
82 121
46 35
118 77
157 82
46 192
