p td 200 1600 
93 149
73 43
107 80
23 96
6 93
42 59
25 14
30 99
50 29
136 156
35 75
102 108
47 110
126 100
92 82
167 49
140 179
180 172
141 65
14 128
6 71
69 195
81 31
160 154
66 71
21 101
81 140
171 100
181 71
3 107
119 57
196 196
121 183
158 132
109 112
85 127
162 180
87 8
128 84
17 122
63 113
147 165
182 147
109 105
192 123
41 3
8 181
190 98
197 81
91 10
54 184
194 146
155 22
94 112
158 116
41 150
37 96
79 194
181 73
16 196
117 24
187 89
133 65
87 20
173 24
172 148
101 64
47 74
121 42
130 21
122 197
57 148
102 36
124 57
199 134
136 33
69 196
142 72
111 32
77 196
49 33
166 98
158 41
171 165
159 25
27 40
134 14
50 17
10 184
27 83
76 125
136 9
9 174
62 192
2 4
52 177
4 168
71 108
10 93
58 56
40 150
179 47
72 85
145 78
39 133
117 121
112 125
157 72
91 192
142 4
17 75
127 58
174 47
152 184
125 59
84 71
94 65
88 11
174 122
163 118
23 45
1 71
47 117
2 143
100 105
117 125
118 46
111 84
5 199
100 175
143 29
127 177
187 41
32 177
87 62
138 97
89 148
46 171
165 23
120 7
103 154
192 28
143 83
159 146
163 147
14 165
77 128
18 83
51 58
186 73
5 134
123 141
186 193
25 130
167 194
54 33
118 45
112 13
46 177
170 77
15 141
103 2
153 180
116 43
6 185
160 59
8 181
152 97
146 126
144 130
123 13
29 3
82 118
134 61
129 44
116 169
168 200
154 104
149 127
37 162
22 21
58 66
19 166
153 107
141 101
81 157
178 124
197 131
150 120
45 33
193 117
180 59
22 168
118 199
111 44
161 200
191 138
156 107
120 96
32 196
51 133
153 123
17 86
191 1
151 198
81 19
73 17
11 154
25 22
24 153
151 114
48 126
4 12
144 73
40 25
147 7
35 97
55 25
156 83
184 93
166 110
51 4
22 70
8 12
1 48
141 99
43 188
188 72
70 31
74 35
67 86
142 144
193 145
40 94
85 23
155 153
93 193
55 166
191 4
170 70
55 129
66 152
90 175
39 156
41 94
190 159
152 83
113 139
174 172
43 1
192 111
47 113
183 40
73 133
91 35
170 136
141 166
180 193
92 89
178 121
141 196
65 190
93 50
128 98
167 123
46 147
134 124
147 192
38 121
3 172
5 99
94 114
15 33
145 96
126 158
91 176
148 200
78 188
18 137
134 14
49 76
66 187
35 132
41 170
26 50
51 24
105 76
67 34
150 196
64 47
82 37
111 56
160 145
168 81
78 55
79 160
71 189
37 190
3 187
67 26
188 59
86 34
161 194
198 62
75 4
88 114
173 44
139 133
87 177
141 48
55 137
38 168
30 102
78 15
39 93
59 118
18 190
168 99
12 130
64 133
193 128
118 110
30 157
145 143
13 138
76 29
96 142
32 141
139 87
185 14
51 73
85 137
20 197
53 195
118 107
105 52
76 66
39 137
183 191
38 196
75 195
81 33
17 102
51 87
180 55
162 139
142 76
29 96
162 100
165 99
98 78
59 47
106 165
14 178
148 118
41 82
119 28
45 151
64 108
25 70
134 39
189 9
17 191
33 5
23 143
151 13
128 28
15 23
82 162
93 41
134 57
108 45
3 34
88 144
43 106
59 103
2 33
94 138
33 87
156 55
34 51
19 154
31 162
134 105
165 125
11 143
61 172
179 95
27 194
68 90
190 148
32 46
2 51
59 34
164 126
156 42
96 36
14 2
107 104
196 157
146 112
183 7
102 77
105 21
15 155
186 67
172 186
87 115
30 90
119 138
152 94
172 80
161 101
67 197
188 147
40 105
24 157
137 72
154 134
191 162
98 61
161 148
177 1
140 45
139 31
149 73
56 6
166 113
66 45
120 63
179 1
31 85
173 73
93 4
81 106
168 147
107 38
124 45
200 59
155 82
51 5
87 110
73 70
178 35
44 34
144 169
17 123
9 116
100 142
139 150
152 121
121 181
148 168
175 153
26 125
162 100
42 45
112 200
161 115
32 39
187 9
117 194
152 16
160 114
184 102
31 33
152 141
146 111
89 171
144 66
56 176
27 50
198 110
120 179
76 75
85 112
126 171
48 10
24 195
161 84
21 53
143 101
163 91
114 145
108 30
40 118
183 187
187 65
80 178
137 186
103 69
25 99
125 88
105 10
65 53
87 176
109 96
116 56
136 38
30 153
116 184
195 147
32 196
147 200
50 43
99 49
69 75
171 100
48 117
173 119
153 80
159 14
182 109
97 170
167 89
1 36
163 24
55 91
178 189
93 34
88 152
132 199
80 78
82 189
58 196
135 158
120 11
179 152
85 132
117 166
85 39
112 177
129 22
10 94
123 200
167 197
152 127
5 4
89 168
124 161
155 59
191 178
39 16
35 157
121 58
61 39
10 116
197 4
156 15
53 183
182 191
199 67
128 142
38 173
87 61
173 147
165 19
84 118
84 190
55 147
76 13
162 182
143 43
107 169
186 68
145 118
180 40
161 159
88 46
54 77
120 150
3 104
175 7
145 1
199 4
47 95
149 75
21 58
154 79
172 10
85 124
31 72
141 168
127 138
107 114
143 102
64 35
199 126
10 111
125 101
36 186
82 181
86 101
143 160
110 47
58 169
76 180
155 70
193 197
4 55
130 30
50 166
184 71
27 155
54 90
83 59
182 42
118 115
100 158
185 96
155 16
183 107
132 111
180 99
124 166
71 117
82 141
199 160
70 36
144 56
77 185
44 27
129 16
58 139
191 180
97 175
105 143
10 79
43 94
29 39
45 161
76 23
138 181
31 16
11 144
111 73
98 2
55 60
175 158
65 142
137 184
136 85
67 14
194 163
184 45
72 107
22 90
198 67
146 196
81 159
3 103
164 18
200 111
65 184
95 120
27 43
132 69
111 38
166 56
44 55
138 162
130 85
109 137
20 102
59 120
126 127
161 125
97 129
118 76
28 20
64 62
37 37
133 48
103 108
178 182
161 176
195 176
111 5
158 39
28 164
109 38
94 126
99 53
68 130
58 29
22 28
23 146
114 135
59 66
64 70
154 81
168 43
93 103
177 62
149 50
149 126
130 197
114 108
156 81
23 134
143 26
67 63
18 162
116 71
106 101
84 188
37 14
48 56
65 154
61 49
86 199
94 122
139 3
118 106
77 168
89 84
67 32
109 95
39 109
74 175
163 32
55 136
25 165
74 193
159 129
52 178
59 24
181 195
5 187
160 35
59 200
65 47
72 18
174 73
126 72
40 98
186 121
11 118
170 114
127 130
117 23
98 150
129 164
168 89
51 21
134 70
21 191
135 50
136 187
36 22
70 192
93 59
108 163
99 106
35 187
13 169
57 82
17 148
193 12
127 142
172 105
198 191
153 44
8 174
65 44
184 24
194 96
58 61
31 70
155 65
181 98
47 111
60 102
192 5
132 177
86 198
107 127
177 63
13 145
101 55
122 14
113 28
106 43
122 163
166 70
56 160
180 131
168 20
72 145
145 97
177 18
45 56
178 132
178 3
86 82
109 90
173 1
178 113
177 113
150 14
33 190
187 28
72 189
186 126
110 190
178 121
168 163
1 111
76 195
90 181
129 12
187 100
66 19
9 137
170 127
56 190
88 197
74 20
65 72
68 122
105 186
200 168
185 170
76 114
7 188
71 145
153 150
169 166
112 153
45 39
47 45
12 41
186 9
143 30
63 118
73 15
196 3
196 182
114 15
127 199
24 49
104 175
96 96
163 143
126 184
164 150
3 128
39 188
77 141
11 51
25 54
77 134
36 78
197 92
152 19
30 156
157 193
94 193
119 90
192 8
136 93
81 12
153 20
151 82
14 196
29 16
54 3
121 44
182 73
93 132
9 65
37 100
170 85
162 79
27 2
128 109
99 45
60 9
155 80
77 29
59 23
15 162
66 112
174 68
114 7
80 170
70 56
188 166
188 156
118 136
17 168
129 117
164 185
79 11
146 159
115 71
191 11
138 166
45 127
73 15
32 67
149 149
16 87
20 80
70 26
112 25
96 34
41 17
51 156
189 54
167 30
145 29
96 20
111 122
124 187
60 191
15 149
97 77
128 167
110 62
101 64
49 126
29 147
39 23
138 11
20 141
103 47
36 26
55 38
158 148
114 48
85 65
109 37
80 113
107 191
115 160
7 65
175 20
140 23
189 20
62 133
158 82
127 44
179 17
139 181
102 100
182 110
118 123
66 171
24 39
87 78
128 116
17 59
83 93
130 91
192 85
60 2
169 18
77 52
57 65
179 10
55 128
93 115
26 131
171 30
19 29
41 69
86 161
113 85
77 76
160 184
195 126
175 4
187 118
17 193
104 99
71 90
89 167
173 145
7 195
88 139
45 23
187 199
171 13
194 112
69 127
113 42
113 105
161 182
9 48
74 95
175 134
157 87
29 90
190 65
75 69
138 70
21 198
160 143
181 146
191 73
60 95
80 162
93 180
81 73
185 46
132 128
176 196
94 73
55 179
118 134
16 145
168 108
93 53
122 30
166 74
60 156
69 114
80 1
162 6
12 162
54 143
72 138
184 101
154 19
29 34
27 62
77 52
143 36
13 165
181 194
65 48
118 46
150 41
174 62
150 142
114 129
34 83
6 67
90 160
164 17
68 134
73 47
162 137
40 189
126 92
112 31
149 6
91 175
173 57
124 96
49 97
48 199
75 58
195 36
82 40
184 157
31 56
146 32
182 157
125 58
86 43
132 75
80 76
174 139
90 108
5 171
103 156
174 1
50 7
198 48
52 25
86 100
161 139
42 125
114 23
131 46
146 63
99 96
5 196
81 92
65 128
40 32
138 166
119 136
55 57
93 90
198 87
152 78
184 147
101 26
73 14
40 199
160 123
129 163
136 96
169 27
113 143
137 65
128 110
48 151
154 99
137 102
18 108
22 95
153 169
72 177
122 63
93 153
26 39
100 62
184 161
99 31
156 62
41 82
76 49
121 36
159 156
93 180
86 52
108 127
167 84
32 106
8 147
143 12
61 57
83 51
131 182
38 79
129 19
12 56
136 87
158 169
38 87
163 142
59 145
12 17
167 84
62 97
92 37
42 91
47 131
126 15
92 35
24 21
180 80
173 188
96 182
75 40
164 110
103 176
125 44
173 8
93 71
6 50
195 82
137 110
148 186
31 77
68 92
146 94
77 117
143 164
154 80
116 126
22 13
198 145
81 57
179 187
156 31
175 48
157 4
104 25
99 119
77 40
63 14
62 64
152 18
14 174
141 78
165 42
16 40
17 76
4 143
58 156
91 137
124 133
78 128
175 72
161 145
57 120
96 180
162 163
15 101
65 24
189 42
80 108
54 38
70 98
15 10
159 131
152 43
4 151
199 16
62 83
26 91
173 44
39 47
26 1
108 139
99 138
191 185
186 73
82 34
106 111
152 137
90 86
73 74
69 51
156 92
152 102
181 123
191 167
96 56
132 135
38 116
84 151
106 111
14 19
118 29
62 143
82 24
57 83
25 173
137 24
50 182
126 137
27 67
80 94
144 85
82 120
41 85
20 96
13 13
187 16
70 35
132 196
59 106
183 186
147 150
143 134
199 77
101 33
183 169
60 200
73 11
159 86
167 64
149 160
166 183
136 130
24 44
90 132
37 46
22 123
110 109
65 132
93 89
187 180
133 111
99 100
153 103
61 31
171 135
190 6
97 192
99 173
112 99
89 182
22 19
18 61
92 131
157 112
21 25
163 38
67 148
45 198
110 151
152 67
188 85
139 49
131 200
61 100
103 44
90 94
187 15
45 158
150 71
62 196
8 17
70 33
138 190
175 14
87 87
70 15
146 161
186 139
23 111
112 65
96 17
44 164
53 13
134 79
152 85
28 199
75 84
18 30
64 75
81 77
152 54
100 117
113 28
48 108
134 94
184 163
128 47
80 168
93 190
91 80
144 137
133 9
20 67
135 5
191 104
200 136
48 158
199 84
115 82
79 37
156 126
31 81
57 38
178 85
34 77
144 21
165 169
126 172
115 35
65 125
141 44
63 75
89 192
47 141
161 157
129 156
78 72
116 8
120 24
15 97
135 73
134 123
77 49
165 7
164 32
177 162
192 27
122 132
70 181
38 38
122 130
83 124
172 169
51 196
56 151
9 105
129 47
87 169
23 180
66 123
97 12
177 70
81 130
93 123
29 81
185 30
142 143
161 169
190 9
60 174
4 16
48 105
55 33
110 196
31 77
54 180
129 146
137 16
138 184
150 93
172 92
66 65
4 101
132 181
182 83
87 55
101 83
171 61
76 180
38 60
187 165
7 99
102 164
70 141
25 128
158 48
165 38
193 143
14 92
14 24
129 161
37 188
93 13
101 104
152 190
152 25
137 69
138 162
85 148
51 33
70 115
8 60
134 37
56 197
19 198
183 157
194 41
155 141
108 144
36 88
164 168
73 184
1 126
147 173
36 121
66 187
3 136
87 45
47 33
62 116
151 7
194 106
46 48
180 34
68 19
92 64
142 110
127 195
157 14
1 173
130 197
31 114
92 184
107 198
29 41
103 186
195 165
83 3
34 150
158 143
167 8
110 171
41 22
53 32
158 156
71 163
190 84
82 151
140 28
163 114
139 58
155 170
192 136
3 167
199 11
67 171
169 42
149 170
73 8
41 84
97 20
11 148
194 120
93 80
187 161
120 51
42 82
161 91
165 71
69 7
97 105
34 56
116 55
51 38
168 189
167 118
10 134
121 175
166 193
137 98
46 18
4 145
156 109
54 119
62 173
51 148
195 128
70 132
70 192
8 118
193 150
74 112
91 161
177 190
10 15
53 179
55 25
96 101
160 102
80 46
66 14
124 172
45 55
143 78
144 177
198 171
171 166
54 11
179 199
120 176
27 22
161 150
119 184
89 87
11 192
133 125
85 33
38 95
126 72
152 53
188 164
35 197
94 168
87 157
56 130
106 174
147 185
94 118
52 4
188 127
114 89
166 174
129 153
38 10
3 2
92 140
110 131
34 104
178 83
38 36
133 64
71 109
77 193
115 181
118 62
20 37
65 139
123 24
129 121
22 200
59 7
62 19
75 97
78 95
93 41
59 39
123 40
79 147
186 172
166 39
123 146
17 185
140 102
127 93
200 25
71 121
31 145
75 148
156 150
163 32
68 146
