p td 200 800 
174 88
172 43
163 40
95 169
124 1
183 94
69 139
38 155
122 92
175 59
147 63
133 137
107 95
140 71
168 110
146 134
102 173
124 82
172 15
156 116
70 109
54 39
120 97
8 180
3 142
17 187
5 58
25 77
22 133
65 171
71 83
104 110
1 124
86 188
27 26
103 40
141 200
121 58
87 107
125 54
99 137
178 166
168 70
173 9
71 169
4 180
60 137
129 36
107 7
41 146
131 77
103 171
21 83
53 107
24 24
1 54
135 188
173 66
146 38
193 65
141 156
62 27
75 173
143 145
29 69
197 51
167 10
123 153
81 130
1 193
146 200
37 69
91 54
43 131
187 127
32 5
103 5
100 155
66 197
141 165
60 88
139 115
174 116
140 180
186 37
133 13
186 25
76 153
105 196
34 87
25 11
112 34
71 82
104 9
39 4
7 134
44 186
43 53
167 58
160 45
156 12
191 80
49 32
14 59
63 76
197 143
89 98
103 196
198 196
45 147
35 4
182 12
65 31
109 47
23 18
156 184
177 166
67 62
99 23
59 87
142 137
108 108
75 41
87 50
27 194
78 102
133 43
158 156
127 20
157 162
151 151
180 174
190 91
90 11
43 91
167 163
92 157
179 85
88 179
54 103
83 71
81 45
9 188
129 28
145 30
68 113
189 34
37 31
7 12
51 185
122 176
26 136
165 123
35 6
20 137
103 6
27 127
70 154
179 11
94 20
39 28
21 9
189 30
50 167
22 71
157 131
155 6
62 24
102 16
116 151
63 158
180 36
192 38
115 148
24 114
135 22
76 115
23 117
74 126
101 197
62 55
189 65
185 115
121 43
48 108
187 151
196 81
1 14
50 36
121 196
175 141
152 48
19 116
16 67
144 81
2 110
154 154
16 26
194 21
22 13
101 135
18 46
111 152
173 139
70 8
188 10
30 124
73 26
37 47
182 79
74 2
114 144
192 140
53 123
112 165
158 154
116 142
84 197
23 50
178 7
128 142
4 56
129 112
29 87
101 140
117 3
115 100
117 173
89 133
75 196
165 163
31 78
71 38
54 54
145 76
136 92
142 78
16 118
14 86
34 20
105 20
30 48
104 93
26 13
173 196
9 105
161 80
24 19
163 102
60 70
44 71
64 136
145 43
137 188
128 192
130 44
152 88
147 158
2 58
174 45
168 179
53 139
132 94
128 145
55 174
131 52
181 103
29 93
152 175
162 25
170 111
7 124
170 78
139 69
13 111
135 18
171 38
66 56
200 137
79 90
162 1
75 63
200 37
122 10
78 113
153 114
118 101
96 161
58 127
123 5
74 49
17 63
53 170
165 44
152 135
47 57
53 157
55 181
138 175
26 85
1 37
62 2
60 72
151 191
130 135
132 173
174 129
46 184
13 161
75 132
152 57
113 41
153 14
27 159
11 14
158 153
45 16
50 168
46 115
80 180
77 155
135 29
112 172
128 113
20 141
145 140
69 18
161 111
14 114
135 151
61 187
117 79
135 189
113 8
24 138
94 102
168 59
154 67
151 76
183 142
7 92
183 197
28 67
37 158
136 6
172 112
142 73
62 21
111 149
17 23
66 94
85 8
164 21
153 187
21 138
142 195
136 120
108 23
26 15
27 72
181 67
61 11
20 170
28 2
30 48
21 117
52 191
49 110
42 13
31 116
174 128
128 191
57 77
8 106
123 155
108 152
37 87
129 55
188 111
29 93
22 65
73 89
73 19
131 191
160 22
156 116
8 22
135 6
183 140
144 170
25 181
54 81
34 22
184 40
177 182
33 48
80 48
142 79
102 41
1 48
199 92
14 121
26 40
3 59
41 126
193 163
35 198
75 121
70 10
62 106
143 18
47 26
162 6
137 185
150 111
75 161
151 116
17 175
111 154
72 64
176 23
65 75
57 130
116 49
114 193
186 52
154 123
187 122
186 22
191 191
160 110
193 86
163 109
84 200
162 180
10 115
34 120
16 102
142 29
137 66
54 71
174 161
128 148
158 116
62 64
82 152
72 20
181 35
36 41
75 87
191 159
130 6
107 44
192 158
41 34
134 125
30 154
82 176
176 36
96 164
19 77
36 82
119 157
183 186
89 67
171 109
137 43
169 126
97 52
14 164
111 43
138 95
66 158
144 197
54 46
64 110
70 185
98 108
87 134
67 44
184 141
67 161
149 155
4 115
66 116
161 158
174 5
129 118
155 195
156 5
24 138
131 50
48 174
87 143
109 152
200 102
151 164
193 9
41 164
160 160
60 109
137 15
188 50
17 185
55 176
123 11
69 12
12 42
14 36
61 106
174 73
52 109
169 51
176 36
108 138
11 2
51 100
76 133
104 175
42 63
123 93
84 179
199 8
180 160
78 109
84 105
174 175
199 183
28 181
190 7
119 82
16 138
113 46
132 5
40 29
186 80
175 11
153 71
61 6
185 55
19 86
109 156
137 35
53 137
155 7
90 143
24 44
83 33
109 106
69 13
42 169
142 71
186 169
110 66
106 116
82 198
12 126
132 27
81 199
174 137
183 104
23 95
128 49
196 174
64 171
186 11
13 198
93 41
179 173
108 99
76 2
1 49
107 158
21 29
182 91
73 51
192 68
50 19
57 3
105 140
19 180
153 118
181 91
27 188
159 182
123 130
87 97
124 159
76 196
45 140
118 87
167 88
27 187
164 19
107 91
144 192
37 41
15 49
56 163
4 100
136 152
169 184
28 189
75 84
149 85
157 25
41 111
30 68
3 98
62 91
91 182
85 112
8 57
107 152
52 99
13 65
81 79
117 7
168 41
138 156
91 74
21 108
49 128
39 61
1 89
198 65
127 181
124 133
191 82
132 138
37 66
54 93
150 156
8 86
87 85
145 48
144 183
141 171
38 157
77 137
11 99
27 23
172 57
22 141
30 20
160 197
79 27
138 63
28 31
192 47
136 173
16 144
64 90
98 197
103 12
2 161
130 32
68 129
122 105
108 173
62 59
43 66
128 63
154 141
23 134
162 19
56 7
146 104
16 111
61 131
16 65
67 40
2 166
132 70
172 51
103 109
28 88
79 5
35 157
163 86
133 197
102 38
172 32
170 138
2 172
40 74
56 135
118 191
157 28
72 56
33 26
41 49
58 72
153 27
131 16
85 84
22 31
78 7
110 117
62 168
106 55
99 108
58 30
192 99
153 92
29 72
2 173
117 25
29 132
159 145
33 158
65 155
32 91
167 110
34 109
59 180
190 9
94 71
113 123
137 50
110 136
171 111
22 38
194 87
5 197
198 152
132 188
123 130
147 16
18 44
10 10
38 55
43 123
34 105
11 191
175 172
110 168
96 42
131 57
180 87
92 92
96 70
38 110
133 172
104 28
119 63
199 105
185 30
107 117
124 58
171 88
120 92
65 81
9 136
116 183
29 84
114 66
37 116
96 127
107 89
152 144
89 131
174 98
145 10
94 146
51 17
86 189
98 163
69 196
113 10
22 113
43 154
37 126
147 136
14 150
176 87
183 146
178 187
102 177
95 115
188 156
39 86
110 133
165 108
147 99
73 65
149 197
7 96
128 102
171 143
17 184
12 189
54 62
34 29
102 39
31 91
192 73
142 41
197 124
65 5
