p td 200 3200 
80 57
170 171
57 185
200 52
40 158
33 127
143 179
178 174
47 81
92 49
153 122
77 172
135 130
72 82
129 149
119 93
107 122
108 174
80 66
116 170
58 8
17 148
121 96
81 128
163 105
38 5
25 39
41 148
164 175
13 90
67 80
149 159
121 165
132 71
32 143
116 150
74 13
10 58
182 147
45 177
121 125
39 89
65 54
10 2
129 30
122 18
27 140
25 107
161 167
98 54
101 49
91 77
151 93
144 83
159 199
51 20
112 128
193 66
39 35
136 23
67 29
177 189
183 69
100 192
82 30
52 27
147 106
89 142
97 46
197 100
60 102
162 197
51 177
82 26
194 3
190 117
57 167
105 152
89 129
155 102
166 69
82 153
159 36
20 156
95 16
113 40
153 51
128 174
111 43
182 31
45 130
132 2
148 118
177 142
72 137
76 108
46 49
20 129
32 24
119 107
169 66
45 171
194 42
32 150
51 84
10 67
2 65
54 141
127 69
171 46
141 51
181 111
36 9
181 115
30 164
101 92
120 21
168 115
127 98
14 153
11 179
15 117
148 104
55 41
142 161
104 101
200 156
168 51
187 184
106 199
148 177
9 14
149 35
99 149
73 68
24 192
142 169
58 111
23 6
110 82
185 120
21 146
180 182
44 152
11 83
127 79
55 117
139 72
6 170
194 99
144 44
16 96
131 111
139 182
81 9
86 88
174 186
46 81
68 56
81 71
49 9
24 138
173 161
41 71
4 50
175 50
102 109
12 75
58 84
197 174
18 27
97 197
24 50
17 41
187 123
91 12
148 93
125 93
69 33
102 117
47 171
111 46
150 70
79 89
173 1
111 76
133 181
133 9
87 183
68 62
24 197
140 29
180 116
160 11
141 94
146 53
96 101
25 150
81 135
79 51
190 168
148 92
185 180
78 146
84 134
16 104
163 106
135 76
196 72
72 48
96 85
184 30
34 23
24 130
133 25
168 177
68 39
91 86
41 98
139 68
10 152
77 184
16 32
143 53
106 4
50 18
177 11
148 126
155 129
90 85
173 65
133 187
124 22
24 3
46 23
179 135
43 93
111 146
94 17
179 153
199 50
195 138
190 62
185 16
181 178
191 4
106 153
76 1
104 86
131 4
103 154
34 147
108 83
154 195
38 117
161 116
66 54
127 98
166 137
109 184
112 147
97 185
107 132
150 122
124 52
159 71
28 164
148 78
57 93
161 56
200 178
179 184
171 48
8 148
35 175
24 54
148 193
37 72
17 126
158 100
157 200
153 84
61 182
20 154
108 42
136 85
58 40
29 81
183 188
173 173
95 160
139 114
74 23
180 101
153 73
186 153
85 94
65 146
180 110
134 120
103 183
86 33
182 105
112 142
40 103
24 138
134 151
137 55
16 32
13 17
25 34
180 47
62 26
112 149
63 77
16 135
101 103
193 14
93 131
158 178
192 56
107 59
174 30
97 46
160 193
55 19
81 131
122 23
117 59
169 121
33 125
194 193
127 4
183 27
155 36
13 95
186 179
67 70
114 27
79 11
198 49
89 111
124 140
172 71
19 104
91 109
195 59
136 5
115 88
15 59
10 103
158 177
67 12
51 68
110 24
98 26
143 124
97 67
6 112
90 154
10 40
42 64
68 124
127 36
151 163
185 129
198 13
144 196
44 192
112 50
55 104
65 111
80 48
197 102
72 71
182 33
15 29
142 176
102 37
195 7
123 73
12 97
76 52
41 12
45 95
172 130
49 58
73 159
153 116
198 155
6 174
10 96
87 69
171 51
39 11
70 62
134 15
17 24
52 174
56 105
89 5
50 184
40 36
168 61
175 59
110 125
145 174
36 126
167 63
101 70
14 152
175 198
58 168
117 31
63 109
10 48
1 132
81 182
24 184
28 191
2 44
7 66
66 149
196 121
84 142
152 154
103 7
102 114
41 98
92 23
144 4
111 51
41 154
169 131
120 135
166 152
121 25
123 124
98 146
27 166
15 79
200 8
113 9
30 121
39 31
154 58
45 8
72 94
6 76
104 21
35 134
185 68
196 28
59 185
144 19
54 67
53 62
173 149
78 111
140 126
112 186
164 55
34 120
142 164
115 118
130 72
57 104
71 95
136 122
144 110
129 127
132 168
88 94
57 184
120 195
177 19
61 155
137 81
100 5
142 149
86 63
161 17
2 147
18 132
10 41
156 182
112 16
104 67
45 101
136 154
121 74
15 141
135 61
59 174
26 52
192 62
185 48
156 32
9 149
33 101
166 162
21 29
174 63
3 200
190 15
166 128
67 94
67 55
115 14
179 101
187 108
105 57
53 61
108 196
180 27
191 87
156 53
76 80
179 174
28 39
114 28
22 137
64 171
69 100
83 12
149 7
41 147
43 54
124 187
74 63
190 110
82 178
66 1
21 123
96 86
7 192
7 111
128 184
186 117
144 118
115 35
154 47
138 54
15 60
49 163
12 51
95 83
65 196
105 7
94 158
68 118
159 38
23 86
93 83
194 57
8 35
139 34
106 91
164 60
30 191
54 43
39 82
153 93
144 21
81 140
13 191
89 167
107 25
116 56
41 116
14 155
82 164
161 161
10 37
102 86
131 2
164 21
166 123
170 5
144 31
42 31
95 116
29 142
44 88
142 199
72 157
18 11
93 116
161 183
31 52
134 171
134 20
47 43
73 186
73 189
134 186
89 185
9 26
93 14
17 96
39 54
57 176
28 106
53 165
151 95
4 48
12 87
51 102
107 167
35 92
23 17
90 49
38 175
12 18
139 134
2 97
187 182
78 65
171 6
67 124
185 182
156 103
35 89
47 147
183 106
75 162
188 176
29 179
184 53
108 114
187 168
119 169
104 122
93 55
26 153
200 196
165 101
146 165
98 169
193 107
177 164
125 40
89 160
46 172
134 48
158 190
51 194
176 145
1 147
28 181
143 14
30 114
68 68
80 5
133 144
152 185
106 10
56 150
82 8
79 62
200 161
140 31
154 5
12 11
25 69
86 135
48 64
114 27
103 71
55 95
129 103
143 165
122 66
91 180
79 21
172 12
95 83
127 45
67 148
164 81
99 123
166 176
51 176
189 193
144 127
96 6
115 28
148 106
14 170
31 9
100 140
25 13
20 182
181 173
4 46
20 113
31 144
108 10
83 180
61 162
83 115
29 131
39 162
158 162
194 51
110 55
127 26
11 141
185 42
119 105
188 166
108 52
117 14
35 76
123 182
101 170
92 66
61 134
8 128
8 44
90 178
24 137
197 76
147 80
94 18
93 18
33 10
83 67
33 185
77 159
145 143
14 51
111 115
28 200
191 168
174 172
151 43
73 88
83 182
67 87
150 56
106 107
21 68
44 42
24 35
42 20
200 101
182 21
60 142
150 174
37 12
14 119
150 56
135 91
180 20
179 88
187 25
139 139
164 71
159 1
3 147
154 170
50 35
99 86
28 183
63 21
151 111
38 126
111 82
182 172
141 4
165 129
166 58
185 8
18 192
67 28
70 140
19 3
133 199
48 172
45 36
6 129
191 26
16 196
5 26
54 88
151 17
68 41
76 118
111 72
104 84
31 158
156 191
75 175
60 91
4 110
176 20
1 166
15 127
63 64
106 84
154 136
144 188
159 121
84 91
3 41
66 199
175 53
50 159
72 18
122 120
152 17
141 102
152 149
71 88
183 137
9 173
166 68
102 52
58 181
103 55
126 108
57 8
9 152
170 107
14 169
49 155
14 143
2 40
160 80
151 94
100 4
189 176
141 100
23 156
180 125
163 85
175 162
154 161
118 142
28 174
75 58
69 146
39 28
4 18
89 173
61 183
93 55
25 2
98 192
62 44
73 179
26 41
39 123
96 71
197 163
166 193
194 93
151 165
29 153
95 173
35 164
6 13
34 72
194 99
63 3
119 164
124 152
130 32
169 160
97 191
169 21
2 145
99 115
159 83
63 102
46 185
69 109
29 84
143 100
70 164
159 113
110 84
32 104
143 79
39 6
182 19
197 189
19 118
6 46
118 147
126 172
21 91
27 7
108 147
147 79
190 195
134 9
52 80
190 180
115 27
10 157
112 38
164 97
49 69
198 64
33 74
84 104
169 59
150 150
71 103
186 2
42 18
63 157
128 121
27 68
99 172
81 58
168 185
47 5
116 154
164 97
80 159
91 11
190 144
83 195
107 145
160 184
18 196
95 17
48 129
102 110
64 46
158 73
130 164
75 157
46 150
151 69
148 108
88 96
142 170
67 194
76 94
68 119
31 55
89 131
15 112
148 68
122 47
124 56
166 59
169 116
131 134
25 107
176 5
98 137
135 183
34 132
82 138
162 196
172 28
182 105
54 2
152 62
48 89
82 89
106 77
156 170
171 40
120 54
85 136
56 198
98 195
121 117
184 100
88 190
73 127
198 198
157 94
94 151
75 9
1 29
170 54
63 96
182 44
26 129
28 66
6 111
56 46
57 18
14 138
120 126
28 194
77 59
67 187
111 67
7 85
44 19
151 92
82 133
84 200
143 124
68 89
24 62
15 129
6 69
43 84
152 163
143 4
42 64
79 43
113 156
188 196
160 40
114 68
80 73
42 179
66 167
169 137
191 186
15 15
133 60
62 2
158 38
54 102
183 23
30 108
29 141
9 15
196 12
188 79
68 93
114 17
174 74
115 132
185 126
35 59
188 33
27 186
134 34
46 110
68 25
42 18
170 133
186 13
165 39
129 170
122 106
159 123
178 184
183 26
143 61
147 55
193 6
85 87
16 164
170 92
33 77
100 91
174 30
64 11
8 159
54 118
134 74
142 62
198 139
33 196
32 67
4 81
53 141
105 54
30 32
182 25
86 155
113 79
40 75
200 82
118 179
118 200
143 36
96 95
83 39
153 115
163 77
55 9
162 63
188 94
151 13
95 164
31 42
198 199
131 125
124 41
133 44
182 35
42 25
160 124
16 38
102 49
122 62
36 76
185 157
19 133
198 92
132 133
1 42
47 125
94 53
141 161
68 154
115 97
154 152
88 72
171 167
195 51
21 81
107 21
137 133
105 59
60 68
91 164
60 51
167 77
52 103
168 36
122 49
122 88
116 186
114 199
128 3
81 120
158 52
103 82
91 133
44 180
76 197
158 5
144 100
142 137
6 133
2 193
78 12
197 175
140 26
143 50
68 14
1 65
192 185
88 200
30 95
85 147
26 150
55 34
198 92
39 196
31 188
165 148
76 88
100 110
199 112
126 101
49 85
112 48
7 15
175 142
101 75
149 185
152 21
107 3
196 114
187 16
68 119
173 24
129 122
54 100
52 185
130 124
37 50
148 52
125 4
57 3
113 23
78 181
114 39
108 30
87 140
165 178
110 80
126 145
184 198
45 100
59 17
106 14
149 31
31 157
127 140
37 200
53 60
185 139
181 90
134 65
171 17
165 87
87 177
74 15
192 44
56 101
74 99
58 15
178 72
107 21
11 66
23 167
87 51
198 86
16 194
173 98
135 165
142 157
64 141
104 180
137 194
198 38
67 196
23 68
86 121
159 77
100 69
30 44
82 69
59 154
160 147
74 78
4 129
157 144
163 170
5 143
126 151
142 170
92 101
18 39
43 184
80 151
66 189
57 89
92 95
149 111
167 199
119 17
140 68
50 176
106 137
37 181
31 39
63 183
81 145
83 80
146 28
99 84
48 198
14 194
83 191
5 129
98 54
98 86
130 49
132 157
69 97
185 64
194 65
59 43
86 127
77 188
75 183
12 59
178 42
175 51
18 192
180 107
119 83
125 17
159 18
150 115
177 177
69 184
12 116
70 13
115 158
14 44
192 200
67 139
74 11
47 183
57 185
50 66
144 141
178 13
56 113
182 92
67 44
92 76
88 42
86 86
70 146
145 25
164 167
9 61
41 15
42 141
26 65
34 14
76 171
32 82
63 159
158 68
45 154
36 24
96 168
88 122
43 46
30 161
40 39
32 102
126 123
93 77
150 171
111 77
157 147
111 195
37 155
186 38
23 146
173 106
2 45
161 11
198 112
74 87
63 41
121 41
127 114
106 88
105 139
78 111
117 134
11 131
36 116
106 9
135 103
154 31
178 99
125 166
54 31
124 150
165 95
153 200
14 159
18 49
195 53
12 125
13 6
155 148
53 164
142 180
47 36
97 1
69 30
22 35
106 84
90 192
191 91
75 62
20 88
8 113
46 153
139 106
69 76
118 114
82 173
188 106
21 94
85 197
9 101
169 178
170 186
153 61
39 140
109 87
18 85
23 105
29 90
135 20
70 190
120 134
92 23
199 74
69 191
105 48
15 171
73 51
183 43
112 147
188 31
127 49
150 116
56 23
179 140
125 43
166 97
30 55
153 157
58 50
172 49
8 84
168 12
113 50
96 176
105 181
29 63
92 136
28 8
38 5
171 152
99 105
111 169
122 168
87 128
73 9
22 182
189 93
150 168
133 131
121 154
167 20
52 108
81 3
24 136
133 5
60 120
61 179
125 19
192 112
104 12
118 158
36 173
24 165
155 134
174 56
35 83
39 166
124 154
195 94
116 153
175 124
162 149
40 123
2 146
50 146
101 46
99 151
27 18
54 49
14 43
24 197
166 176
200 128
169 189
15 70
71 9
71 164
114 98
152 70
71 153
1 171
90 2
163 25
85 94
37 59
106 128
105 56
101 26
155 111
101 43
162 63
54 96
111 189
185 178
161 70
164 79
12 51
170 110
182 200
109 48
12 97
69 12
152 17
68 2
68 50
72 129
111 28
126 17
76 162
152 119
28 66
170 38
21 113
43 33
80 16
164 5
90 50
171 38
169 165
139 56
58 72
185 132
195 152
94 164
140 50
83 9
15 136
158 164
65 97
172 199
195 193
157 99
49 60
146 99
30 145
20 30
133 77
32 25
130 22
97 120
115 199
183 11
91 93
189 76
71 154
70 138
72 184
4 41
115 22
75 41
145 6
104 80
28 19
141 95
114 114
84 125
123 169
96 44
48 69
22 189
174 137
134 6
142 149
55 74
37 147
96 141
42 147
174 35
115 191
66 74
170 30
186 8
148 97
94 160
31 151
159 164
47 1
187 148
60 197
171 127
47 175
9 131
195 104
49 141
189 52
1 118
86 118
64 58
170 158
73 52
59 36
39 22
46 73
19 125
143 199
153 149
149 13
90 132
165 5
25 127
45 27
55 29
91 177
143 93
94 147
138 19
97 197
134 131
12 75
189 166
145 145
48 157
76 113
11 57
62 84
120 195
131 79
37 125
79 116
28 190
126 144
122 175
191 111
184 197
142 142
88 73
106 187
24 101
120 82
45 45
57 198
184 189
170 91
88 188
25 29
35 114
135 2
153 141
35 122
151 144
114 137
126 170
46 127
30 130
89 122
178 133
97 92
178 124
162 186
108 142
164 97
140 94
152 132
53 28
126 3
146 168
192 157
61 65
37 91
37 187
166 46
68 105
25 20
52 40
147 45
180 8
173 96
70 33
13 191
132 112
7 6
43 172
105 113
107 119
64 124
182 31
66 62
195 14
80 38
191 39
166 138
102 107
19 156
64 30
141 146
172 47
37 187
17 96
138 172
42 124
129 188
1 118
172 174
70 140
22 91
148 48
4 31
61 75
142 45
70 52
177 88
131 122
32 100
180 15
178 190
55 72
51 187
97 32
159 185
61 115
52 127
17 169
105 184
87 186
99 13
49 109
96 28
15 68
34 4
139 19
170 94
196 107
109 106
33 152
164 196
161 189
111 161
115 193
156 176
53 190
188 200
113 187
154 162
60 156
40 189
196 20
131 45
142 145
94 31
112 197
177 125
182 101
114 112
21 129
93 190
44 118
33 118
25 18
152 26
153 65
196 115
199 191
61 162
164 107
13 22
33 62
155 115
150 64
91 150
36 71
166 9
18 159
137 35
153 17
61 170
15 133
79 138
48 15
131 116
64 200
141 196
133 80
99 178
131 190
152 152
177 165
86 158
89 105
75 107
56 38
26 22
95 111
113 181
9 40
198 17
195 69
52 172
3 131
184 77
182 19
117 177
30 65
168 32
10 170
13 148
125 33
198 57
48 4
32 67
62 124
124 45
118 35
158 29
87 34
21 38
182 50
75 60
154 140
55 151
41 134
99 62
190 115
126 86
7 88
183 85
112 23
17 156
127 168
180 70
146 110
110 70
102 18
122 70
106 80
65 146
27 62
187 121
176 77
163 36
91 190
1 64
83 183
188 158
128 88
37 159
97 93
133 143
53 125
114 22
148 35
34 8
120 101
99 135
97 82
36 75
136 157
59 18
10 80
77 61
135 160
54 52
1 95
114 197
43 140
5 120
194 3
156 120
73 198
25 195
12 169
90 2
148 2
118 113
115 37
120 111
151 162
88 18
74 90
111 166
32 143
85 175
63 54
86 196
35 5
117 125
59 48
50 157
35 123
193 139
111 139
16 22
187 22
47 174
115 153
5 78
47 101
79 108
84 2
175 156
64 109
151 97
114 157
9 136
104 199
192 131
165 190
134 26
1 89
137 14
45 175
186 150
70 143
34 48
177 57
89 100
120 145
135 66
135 5
31 164
152 21
121 105
200 96
39 177
116 186
158 126
91 71
123 182
160 76
171 126
197 30
54 134
62 118
177 167
164 190
125 156
68 31
124 23
170 10
67 172
81 151
156 128
146 50
13 177
67 95
70 106
177 157
151 74
147 5
86 157
187 118
8 186
174 72
192 18
16 3
78 2
32 37
137 89
167 7
141 90
82 108
172 167
4 59
136 88
196 37
24 152
61 140
186 138
76 135
5 72
167 84
51 165
144 156
150 33
87 156
54 199
45 76
102 124
103 87
137 194
20 188
97 94
156 51
175 126
198 177
55 152
197 22
72 21
65 74
152 119
160 55
62 30
5 18
2 153
32 12
36 185
159 173
181 195
194 63
41 43
165 5
19 92
106 155
86 8
61 156
126 81
131 125
87 79
54 21
84 180
153 20
198 92
105 27
56 190
200 199
119 53
79 91
87 86
190 91
55 34
150 173
192 198
117 54
27 140
71 199
15 118
179 24
120 78
132 7
138 68
86 39
161 186
161 16
101 29
29 167
198 143
108 96
78 139
85 161
132 102
75 157
96 179
166 33
165 44
68 41
7 42
150 44
131 26
86 70
145 52
193 195
114 82
18 100
77 26
66 137
57 66
13 9
61 64
156 126
194 36
94 91
175 142
27 188
107 197
74 167
86 150
22 6
8 75
32 149
87 195
9 125
98 74
117 174
143 130
104 4
52 139
34 135
149 6
123 106
197 111
56 8
61 66
17 165
130 34
45 31
129 180
156 91
134 17
87 44
168 37
3 98
25 110
167 128
75 38
167 29
72 164
18 159
18 115
66 26
81 15
49 176
75 67
153 93
43 156
163 82
116 185
136 79
195 28
64 150
149 106
80 69
168 167
86 124
31 183
7 184
87 44
111 183
46 180
122 166
200 94
152 95
101 106
90 99
14 29
127 131
27 148
7 199
6 56
134 179
194 61
91 161
157 62
19 96
27 154
120 103
52 175
161 59
45 180
7 148
70 183
138 182
51 30
83 99
160 48
75 127
35 35
96 11
75 72
58 53
167 48
110 41
65 185
147 66
178 93
94 55
188 8
187 147
60 145
74 127
68 167
125 163
61 99
80 34
144 147
179 106
112 112
41 141
74 15
103 126
66 158
33 148
90 1
85 174
90 140
48 194
68 193
104 109
106 77
124 18
165 102
32 74
162 113
40 70
8 54
122 182
183 13
115 63
193 28
60 137
95 41
98 47
20 106
22 65
94 93
169 138
24 98
135 104
25 134
71 61
169 197
121 24
15 111
33 167
75 155
80 18
71 56
79 32
90 77
188 149
145 167
148 13
66 134
77 78
60 75
135 169
79 150
111 105
164 177
2 106
105 132
35 186
28 64
174 20
30 117
75 138
192 189
63 65
126 176
63 195
156 184
5 91
102 63
157 13
112 71
14 180
27 170
46 73
113 104
29 151
33 177
42 142
30 39
71 4
192 135
55 132
162 37
26 9
47 16
151 64
184 9
129 38
7 179
92 5
45 164
166 126
47 120
105 187
49 160
103 185
128 56
200 195
70 123
35 139
55 77
125 72
184 49
166 123
85 40
75 58
121 92
111 112
102 66
64 82
165 168
32 88
130 172
134 39
58 178
140 15
23 61
77 114
99 6
166 5
142 104
64 191
53 41
145 172
78 130
85 149
54 154
68 90
64 199
131 46
96 50
141 13
18 71
192 45
177 34
162 78
66 136
165 99
120 59
56 67
170 39
86 113
167 152
137 93
70 80
194 48
130 150
62 125
152 19
193 175
117 119
140 5
42 136
94 178
70 55
90 170
167 177
114 144
25 3
77 171
46 82
30 28
41 77
101 55
127 128
175 29
141 60
61 156
80 185
83 104
97 104
135 127
52 176
10 156
179 179
30 189
154 162
22 102
125 196
188 109
136 26
190 43
54 195
162 12
152 160
50 33
22 140
160 128
91 86
101 153
93 48
112 115
51 108
70 97
117 160
39 34
96 170
127 25
68 81
30 114
80 23
184 141
165 61
141 59
32 107
163 72
57 65
46 106
92 95
1 6
16 161
116 5
163 61
149 15
122 3
170 111
125 133
110 138
26 120
100 194
16 109
9 4
18 136
26 156
119 161
188 40
138 123
29 162
42 37
109 63
37 92
176 43
114 44
59 57
115 124
192 57
130 38
116 184
77 169
81 100
173 145
187 98
184 146
157 72
1 147
144 53
190 119
93 192
97 60
25 183
66 38
144 173
123 68
142 192
198 116
69 200
57 197
63 103
71 197
94 85
164 82
180 27
174 186
70 93
135 59
165 158
106 73
17 122
57 170
97 35
44 122
63 70
29 59
89 94
181 180
71 56
100 187
63 56
48 190
14 64
73 144
190 190
52 156
28 168
58 119
74 36
39 110
200 168
81 6
22 32
117 138
64 133
120 31
151 134
74 141
169 9
1 72
71 133
36 124
2 23
168 124
131 88
144 57
170 75
112 186
121 123
101 167
40 74
123 16
69 158
72 8
181 123
179 173
37 135
76 9
196 113
83 17
116 106
132 109
34 4
111 98
26 199
44 27
86 12
131 38
40 137
169 45
112 136
34 111
68 38
103 166
152 61
100 126
160 185
133 41
177 8
28 153
24 165
92 119
132 184
87 48
34 110
194 43
124 166
73 14
138 156
123 49
185 163
129 35
7 45
38 192
97 172
151 66
193 94
142 19
125 175
64 118
121 197
81 145
119 104
83 102
9 152
172 181
53 71
30 18
65 129
176 77
30 11
147 26
10 46
109 139
30 78
23 96
9 11
11 54
84 163
167 104
41 77
92 157
70 143
15 67
89 7
93 50
136 96
159 65
113 25
116 56
74 8
166 11
94 99
83 64
36 138
194 132
83 56
38 21
108 156
182 80
93 138
90 57
61 159
60 75
166 52
194 11
13 130
152 123
23 194
103 18
8 75
200 199
59 91
96 79
134 53
5 124
188 52
41 1
195 62
55 180
158 115
7 170
49 187
59 26
116 21
121 58
127 94
34 174
113 80
38 41
126 108
135 112
93 45
44 96
157 119
71 6
118 107
38 184
78 80
110 55
159 89
25 132
128 25
188 184
199 3
155 109
100 169
76 96
157 130
151 167
5 18
143 52
153 59
138 120
103 105
92 141
17 146
76 53
183 128
31 137
38 189
101 146
64 73
127 138
32 63
185 176
30 154
143 119
119 130
35 174
149 178
153 49
79 3
123 188
192 88
46 79
107 48
8 25
79 156
33 27
53 161
126 171
55 38
154 36
109 105
95 133
177 74
45 75
113 148
134 33
13 195
113 36
110 6
114 8
176 176
185 152
149 15
44 6
122 130
112 43
161 149
6 40
26 187
33 138
70 60
102 88
58 177
146 130
78 163
26 111
60 98
77 153
8 8
29 18
199 33
155 116
141 105
106 81
78 120
85 24
86 141
22 114
151 119
115 58
177 57
58 4
35 181
163 149
90 118
122 171
137 75
151 178
86 17
4 83
98 66
128 24
16 101
9 4
80 130
111 28
147 72
49 55
127 58
134 190
123 37
9 102
30 110
63 164
103 91
145 5
148 176
159 12
178 136
84 70
162 80
9 174
131 193
150 159
102 2
48 38
21 189
181 8
164 126
76 155
118 98
139 182
156 140
8 183
152 188
79 46
47 130
161 148
131 64
107 119
182 191
42 111
31 45
181 65
75 9
151 19
162 10
93 15
150 84
78 73
162 157
12 38
36 162
74 136
59 73
164 110
57 118
4 34
81 2
21 78
191 81
105 34
94 181
133 121
192 66
15 48
93 112
169 18
16 78
7 58
109 106
100 116
15 84
173 133
151 94
1 102
192 46
89 49
44 104
153 57
51 166
109 96
41 198
98 134
183 169
158 62
52 50
137 14
88 180
134 194
135 79
149 58
10 154
172 110
164 112
101 182
48 198
14 84
20 111
179 33
42 163
110 185
138 97
7 85
35 183
78 72
130 74
55 172
84 3
25 138
29 156
171 96
179 106
139 55
190 70
82 186
17 138
3 148
159 148
92 55
120 123
169 136
110 3
70 103
7 130
100 126
118 88
190 23
133 72
136 60
113 192
47 115
42 162
200 11
116 31
61 33
85 80
57 194
128 49
184 157
56 169
153 141
31 106
101 65
6 145
140 91
139 62
66 117
13 40
62 84
61 127
10 92
52 86
191 94
110 143
177 197
148 187
64 6
6 178
170 40
149 66
31 81
67 11
198 113
25 22
15 140
58 68
64 55
144 161
67 161
149 115
142 61
6 72
55 129
15 115
92 53
4 88
124 135
130 192
176 122
10 63
199 158
196 37
7 52
157 115
32 179
103 135
4 4
171 24
143 2
37 184
184 180
149 147
157 107
115 187
44 94
45 160
174 187
160 194
175 61
131 188
31 147
122 131
133 124
83 141
117 141
120 19
115 163
105 175
81 197
178 2
56 56
119 130
124 66
194 34
56 102
157 10
48 151
71 65
33 122
87 39
64 22
97 77
171 151
77 80
155 118
79 48
199 79
51 145
123 20
57 8
125 55
148 141
1 187
84 69
196 53
165 138
62 92
55 3
100 167
113 65
164 22
187 63
101 164
158 153
179 89
16 67
9 167
48 198
107 127
87 182
82 92
189 94
80 3
129 189
3 23
159 81
48 122
24 142
40 12
67 138
117 71
85 50
137 76
81 39
139 151
85 154
27 92
24 65
176 49
85 16
185 81
147 44
163 195
65 56
101 59
66 117
84 73
51 41
173 140
183 26
170 26
56 85
105 72
80 139
5 161
48 197
76 135
91 141
143 16
75 109
22 4
58 89
52 181
142 40
57 146
131 155
94 99
162 36
21 77
50 29
172 23
23 114
164 102
103 127
186 127
163 107
138 60
76 1
121 72
56 44
144 175
11 85
164 197
86 75
77 79
113 5
83 9
200 2
3 193
17 61
10 157
193 176
196 82
98 117
143 118
90 84
6 148
130 170
160 8
118 169
180 42
118 44
142 43
162 47
115 136
200 57
95 103
56 111
147 56
147 133
110 4
94 2
99 36
175 77
95 193
109 39
27 41
140 79
200 53
21 90
112 5
81 60
3 102
167 38
194 70
75 75
160 113
124 169
41 24
111 42
198 96
93 139
112 5
116 85
165 110
5 134
138 80
135 47
88 60
28 135
129 79
59 189
109 51
130 62
170 134
200 152
142 68
146 191
92 168
149 186
171 113
50 194
188 4
91 18
104 175
160 183
61 59
131 123
53 84
139 78
107 150
100 89
56 12
134 177
134 177
11 17
98 21
87 69
15 194
56 100
60 82
86 113
30 107
165 106
78 17
74 71
21 21
139 96
6 195
130 74
81 33
43 179
65 68
74 132
48 98
195 126
189 182
31 24
58 113
117 144
6 156
82 194
44 91
196 183
116 57
139 181
159 30
57 159
18 183
92 61
86 161
34 176
197 164
14 160
19 66
87 50
172 174
186 57
90 102
126 189
45 12
105 47
80 54
43 191
48 52
142 196
56 114
85 52
5 69
61 39
11 83
32 143
19 30
169 102
123 174
82 146
5 2
27 150
60 127
74 152
144 150
90 104
199 24
112 118
84 163
37 61
84 165
5 101
16 4
67 195
101 18
43 166
154 75
58 56
25 200
9 55
183 48
75 47
12 144
85 80
96 166
107 196
113 64
86 132
160 127
125 79
41 5
112 191
64 180
2 30
173 84
127 7
155 93
116 29
113 22
179 123
89 34
131 198
33 88
75 77
53 44
42 15
119 155
62 160
68 54
167 68
6 139
25 15
121 109
8 122
53 58
157 65
60 30
91 73
126 194
164 164
6 136
78 18
167 45
122 125
42 155
115 66
129 37
2 54
