p td 800 2218 
496 2
496 5
496 6
496 13
496 15
496 25
496 30
496 31
496 37
496 39
496 40
496 46
496 53
496 54
496 57
496 65
496 66
496 67
496 71
496 73
496 92
496 97
496 104
496 110
496 113
496 115
496 117
496 123
496 126
496 140
496 143
496 148
496 157
496 165
496 174
496 177
496 179
496 199
496 203
496 216
496 217
496 219
496 224
496 228
496 240
496 251
496 252
496 253
496 259
496 260
496 261
496 265
496 269
496 280
496 283
496 286
496 288
496 293
496 297
496 299
496 300
496 308
496 312
496 314
496 315
496 319
496 323
496 324
496 325
496 326
496 335
496 343
496 370
496 381
496 389
496 393
496 399
496 411
496 413
496 414
496 415
496 419
496 421
496 433
496 436
496 438
496 439
496 448
496 450
496 462
496 471
496 476
496 480
496 491
496 497
496 498
496 501
496 514
496 518
496 535
496 536
496 542
496 543
496 550
496 551
496 553
496 556
496 559
496 560
496 562
496 563
496 569
496 574
496 580
496 582
496 589
496 602
496 606
496 607
496 608
496 620
496 623
496 627
496 628
496 630
496 635
496 667
496 685
496 692
496 695
496 698
496 701
496 703
496 710
496 715
496 731
496 734
496 735
496 739
496 744
496 746
496 751
496 752
496 757
496 763
496 767
496 768
496 769
496 775
496 779
496 786
496 794
280 5
280 14
280 21
280 23
280 31
280 35
280 38
280 39
280 41
280 42
280 47
280 54
280 60
280 63
280 66
280 70
280 72
280 75
280 111
280 113
280 114
280 119
280 125
280 132
280 140
280 141
280 144
280 145
280 147
280 149
280 152
280 154
280 160
280 162
280 171
280 174
280 180
280 188
280 194
280 200
280 205
280 211
280 215
280 220
280 222
280 234
280 236
280 239
280 242
280 247
280 253
280 256
280 263
280 270
280 273
280 275
280 277
280 283
280 286
280 288
280 292
280 298
280 316
280 322
280 325
280 337
280 341
280 344
280 353
280 358
280 359
280 367
280 369
280 372
280 386
280 392
280 396
280 397
280 399
280 402
280 409
280 414
280 416
280 424
280 433
280 437
280 440
280 441
280 454
280 460
280 462
280 463
280 468
280 486
280 495
280 498
280 503
280 506
280 509
280 511
280 512
280 522
280 535
280 538
280 563
280 570
280 575
280 578
280 579
280 586
280 592
280 597
280 619
280 625
280 626
280 629
280 642
280 643
280 645
280 650
280 663
280 665
280 675
280 682
280 690
280 694
280 696
280 697
280 712
280 716
280 725
280 726
280 730
280 732
280 737
280 745
280 748
280 752
280 753
280 756
280 762
280 778
280 782
280 788
280 799
167 9
167 10
167 11
167 13
167 14
167 17
167 20
167 21
167 30
167 35
167 37
167 41
167 43
167 49
167 76
167 78
167 85
167 99
167 139
167 140
167 150
167 166
167 172
167 175
167 180
167 199
167 209
167 211
167 216
167 222
167 223
167 224
167 232
167 237
167 238
167 246
167 248
167 249
167 250
167 262
167 264
167 265
167 269
167 280
167 281
167 284
167 287
167 290
167 294
167 299
167 308
167 309
167 310
167 315
167 318
167 320
167 322
167 331
167 335
167 337
167 339
167 342
167 343
167 361
167 368
167 377
167 379
167 383
167 393
167 405
167 410
167 415
167 425
167 430
167 432
167 446
167 447
167 449
167 451
167 453
167 456
167 470
167 473
167 483
167 484
167 496
167 516
167 522
167 524
167 526
167 528
167 532
167 533
167 535
167 539
167 551
167 562
167 571
167 572
167 573
167 580
167 584
167 586
167 596
167 597
167 598
167 601
167 629
167 635
167 642
167 661
167 665
167 666
167 672
167 677
167 679
167 680
167 681
167 682
167 683
167 696
167 700
167 709
167 725
167 733
167 734
167 736
167 739
167 754
167 756
167 760
167 774
167 778
167 784
167 793
167 798
167 800
300 7
300 13
300 14
300 19
300 21
300 26
300 34
300 35
300 36
300 47
300 55
300 62
300 63
300 64
300 67
300 68
300 69
300 75
300 89
300 96
300 117
300 126
300 130
300 146
300 155
300 174
300 178
300 182
300 187
300 188
300 199
300 201
300 209
300 211
300 214
300 223
300 224
300 234
300 238
300 239
300 240
300 242
300 243
300 246
300 262
300 263
300 264
300 273
300 281
300 294
300 297
300 298
300 303
300 307
300 308
300 319
300 321
300 323
300 328
300 329
300 330
300 335
300 348
300 361
300 366
300 367
300 377
300 394
300 397
300 404
300 405
300 412
300 414
300 415
300 420
300 422
300 427
300 431
300 435
300 441
300 442
300 443
300 446
300 447
300 451
300 452
300 453
300 456
300 457
300 467
300 468
300 479
300 480
300 484
300 489
300 491
300 493
300 499
300 501
300 504
300 513
300 519
300 523
300 526
300 529
300 538
300 548
300 557
300 558
300 559
300 561
300 571
300 575
300 592
300 595
300 599
300 603
300 607
300 608
300 612
300 613
300 616
300 623
300 624
300 626
300 633
300 635
300 644
300 645
300 646
300 652
300 660
300 672
300 682
300 686
300 689
300 690
300 694
300 695
300 698
300 700
300 701
300 702
300 705
300 710
300 715
300 721
300 725
300 728
300 730
300 736
300 743
300 750
300 762
300 767
300 771
300 778
300 797
71 4
71 8
71 14
71 18
71 26
71 27
71 33
71 38
71 49
71 57
71 60
71 63
71 68
71 71
71 74
71 80
71 82
71 86
71 87
71 91
71 96
71 99
71 119
71 120
71 122
71 132
71 137
71 140
71 142
71 152
71 161
71 167
71 168
71 170
71 175
71 176
71 177
71 179
71 193
71 195
71 199
71 201
71 202
71 206
71 220
71 225
71 227
71 229
71 230
71 232
71 241
71 243
71 245
71 247
71 255
71 258
71 265
71 269
71 277
71 281
71 284
71 289
71 292
71 295
71 297
71 300
71 316
71 325
71 326
71 328
71 329
71 336
71 342
71 343
71 353
71 357
71 362
71 363
71 365
71 368
71 370
71 376
71 379
71 380
71 383
71 385
71 387
71 398
71 401
71 402
71 408
71 410
71 418
71 419
71 425
71 426
71 430
71 440
71 441
71 444
71 450
71 453
71 457
71 459
71 462
71 463
71 471
71 473
71 481
71 490
71 498
71 502
71 517
71 520
71 521
71 523
71 525
71 526
71 534
71 555
71 559
71 562
71 565
71 566
71 574
71 575
71 597
71 600
71 601
71 606
71 609
71 628
71 631
71 634
71 635
71 637
71 641
71 654
71 660
71 673
71 676
71 677
71 683
71 690
71 691
71 701
71 705
71 706
71 707
71 709
71 710
71 711
71 713
71 714
71 717
71 720
71 721
71 726
71 729
71 732
71 733
71 747
71 752
71 762
71 768
71 785
71 786
71 787
71 793
711 4
711 14
711 16
711 17
711 18
711 19
711 20
711 25
711 28
711 29
711 41
711 45
711 46
711 52
711 56
711 57
711 67
711 70
711 76
711 77
711 79
711 80
711 91
711 104
711 105
711 115
711 119
711 123
711 142
711 143
711 153
711 154
711 158
711 161
711 163
711 166
711 167
711 179
711 183
711 187
711 189
711 190
711 192
711 196
711 197
711 218
711 228
711 230
711 234
711 263
711 268
711 277
711 280
711 286
711 288
711 291
711 293
711 308
711 315
711 320
711 321
711 332
711 333
711 337
711 338
711 339
711 341
711 348
711 352
711 358
711 361
711 362
711 363
711 375
711 376
711 386
711 388
711 390
711 397
711 406
711 409
711 411
711 412
711 424
711 425
711 436
711 446
711 454
711 462
711 475
711 477
711 482
711 483
711 487
711 494
711 499
711 509
711 514
711 520
711 521
711 524
711 525
711 530
711 544
711 549
711 557
711 558
711 560
711 561
711 563
711 566
711 568
711 571
711 573
711 578
711 579
711 594
711 595
711 599
711 600
711 611
711 618
711 621
711 625
711 644
711 647
711 651
711 654
711 655
711 656
711 657
711 660
711 672
711 674
711 675
711 677
711 678
711 682
711 684
711 688
711 699
711 706
711 711
711 713
711 719
711 729
711 753
711 754
711 764
711 767
711 768
711 771
711 774
711 783
711 787
711 789
711 794
711 795
711 796
202 7
202 10
202 23
202 24
202 26
202 28
202 31
202 43
202 45
202 46
202 47
202 50
202 51
202 61
202 70
202 76
202 82
202 85
202 87
202 92
202 94
202 100
202 106
202 117
202 118
202 121
202 123
202 133
202 138
202 140
202 145
202 146
202 150
202 153
202 155
202 156
202 157
202 158
202 162
202 164
202 171
202 180
202 184
202 189
202 190
202 197
202 206
202 207
202 215
202 220
202 221
202 228
202 235
202 240
202 241
202 247
202 254
202 260
202 266
202 272
202 277
202 278
202 288
202 302
202 310
202 320
202 325
202 333
202 335
202 338
202 344
202 345
202 347
202 350
202 351
202 352
202 356
202 358
202 366
202 378
202 391
202 399
202 402
202 404
202 413
202 425
202 428
202 431
202 436
202 446
202 447
202 448
202 455
202 456
202 458
202 462
202 468
202 482
202 483
202 493
202 496
202 499
202 501
202 502
202 505
202 506
202 512
202 522
202 530
202 537
202 542
202 551
202 559
202 565
202 566
202 568
202 577
202 578
202 580
202 583
202 587
202 591
202 600
202 604
202 605
202 607
202 608
202 609
202 610
202 613
202 625
202 630
202 631
202 636
202 642
202 648
202 650
202 655
202 656
202 666
202 669
202 673
202 675
202 677
202 682
202 683
202 684
202 690
202 694
202 695
202 697
202 702
202 705
202 706
202 709
202 714
202 716
202 722
202 724
202 725
202 727
202 728
202 730
202 731
202 733
202 742
202 743
202 744
202 752
202 755
202 757
202 762
202 765
202 770
202 775
202 779
202 782
202 783
202 787
202 793
202 796
202 800
57 2
57 5
57 10
57 14
57 16
57 18
57 21
57 22
57 23
57 33
57 36
57 44
57 47
57 48
57 51
57 55
57 57
57 60
57 66
57 71
57 79
57 83
57 91
57 97
57 98
57 105
57 107
57 113
57 118
57 120
57 122
57 123
57 125
57 126
57 130
57 135
57 136
57 140
57 143
57 144
57 145
57 147
57 155
57 160
57 161
57 168
57 177
57 178
57 185
57 190
57 198
57 201
57 215
57 227
57 236
57 238
57 240
57 243
57 244
57 251
57 252
57 256
57 258
57 262
57 264
57 272
57 274
57 288
57 299
57 301
57 304
57 312
57 314
57 318
57 320
57 321
57 329
57 332
57 336
57 365
57 368
57 372
57 374
57 393
57 404
57 406
57 411
57 412
57 415
57 421
57 428
57 439
57 446
57 448
57 462
57 463
57 469
57 475
57 478
57 479
57 480
57 497
57 505
57 509
57 516
57 518
57 519
57 526
57 529
57 531
57 536
57 537
57 539
57 547
57 560
57 567
57 568
57 574
57 578
57 590
57 593
57 596
57 597
57 601
57 605
57 611
57 624
57 626
57 628
57 634
57 651
57 655
57 657
57 666
57 671
57 675
57 684
57 688
57 696
57 704
57 706
57 708
57 714
57 716
57 723
57 724
57 726
57 728
57 729
57 730
57 731
57 734
57 737
57 743
57 750
57 755
57 756
57 759
57 761
57 762
57 766
57 769
57 771
57 779
57 780
57 785
57 796
57 799
191 1
191 5
191 16
191 17
191 37
191 38
191 41
191 49
191 50
191 57
191 58
191 60
191 67
191 77
191 78
191 80
191 85
191 93
191 98
191 105
191 107
191 109
191 110
191 114
191 115
191 117
191 122
191 126
191 136
191 140
191 141
191 143
191 144
191 154
191 155
191 157
191 167
191 173
191 177
191 181
191 182
191 185
191 192
191 193
191 196
191 197
191 211
191 215
191 227
191 232
191 233
191 241
191 255
191 258
191 264
191 265
191 269
191 275
191 276
191 279
191 280
191 282
191 290
191 295
191 296
191 297
191 308
191 319
191 324
191 330
191 339
191 354
191 362
191 369
191 372
191 374
191 381
191 385
191 391
191 394
191 396
191 400
191 412
191 413
191 415
191 417
191 423
191 427
191 429
191 434
191 437
191 439
191 442
191 451
191 463
191 469
191 470
191 474
191 479
191 480
191 481
191 485
191 490
191 493
191 494
191 500
191 503
191 508
191 509
191 510
191 521
191 524
191 526
191 527
191 528
191 530
191 550
191 558
191 569
191 575
191 578
191 580
191 588
191 595
191 598
191 605
191 608
191 616
191 626
191 634
191 640
191 645
191 646
191 655
191 660
191 662
191 663
191 665
191 677
191 680
191 681
191 682
191 692
191 693
191 694
191 711
191 716
191 717
191 721
191 729
191 737
191 743
191 744
191 748
191 756
191 759
191 766
191 768
191 771
191 778
191 779
191 784
191 790
198 9
198 11
198 13
198 14
198 25
198 30
198 32
198 34
198 43
198 45
198 48
198 52
198 53
198 54
198 71
198 73
198 88
198 89
198 102
198 113
198 114
198 122
198 124
198 137
198 139
198 156
198 158
198 163
198 166
198 171
198 173
198 176
198 185
198 201
198 203
198 204
198 213
198 216
198 217
198 222
198 229
198 230
198 248
198 249
198 253
198 254
198 255
198 256
198 261
198 266
198 294
198 297
198 310
198 327
198 328
198 340
198 341
198 344
198 350
198 352
198 356
198 366
198 368
198 384
198 390
198 399
198 400
198 408
198 409
198 413
198 420
198 427
198 432
198 441
198 446
198 453
198 460
198 468
198 474
198 475
198 476
198 478
198 482
198 490
198 493
198 501
198 502
198 503
198 508
198 521
198 522
198 532
198 540
198 544
198 552
198 557
198 561
198 566
198 570
198 573
198 580
198 585
198 586
198 588
198 611
198 617
198 619
198 621
198 622
198 623
198 629
198 631
198 632
198 635
198 641
198 643
198 645
198 651
198 666
198 668
198 671
198 680
198 684
198 686
198 690
198 692
198 695
198 698
198 712
198 717
198 719
198 722
198 730
198 737
198 740
198 743
198 753
198 772
198 776
198 785
198 787
198 792
198 793
198 800
10 5
10 20
10 28
10 30
10 32
10 49
10 51
10 65
10 66
10 70
10 72
10 73
10 75
10 85
10 95
10 100
10 101
10 104
10 107
10 127
10 134
10 135
10 146
10 152
10 160
10 161
10 165
10 168
10 172
10 180
10 183
10 189
10 194
10 195
10 196
10 198
10 202
10 210
10 213
10 215
10 217
10 221
10 229
10 230
10 236
10 243
10 244
10 246
10 249
10 250
10 257
10 259
10 266
10 268
10 274
10 278
10 284
10 290
10 291
10 294
10 295
10 307
10 308
10 311
10 312
10 318
10 321
10 323
10 326
10 330
10 334
10 336
10 338
10 344
10 360
10 370
10 372
10 375
10 391
10 397
10 407
10 427
10 432
10 447
10 449
10 452
10 453
10 455
10 461
10 476
10 485
10 486
10 490
10 497
10 499
10 500
10 513
10 518
10 523
10 525
10 529
10 530
10 543
10 547
10 550
10 553
10 562
10 565
10 566
10 571
10 574
10 581
10 582
10 583
10 595
10 615
10 619
10 623
10 629
10 638
10 649
10 658
10 662
10 671
10 673
10 680
10 685
10 700
10 703
10 710
10 712
10 713
10 714
10 716
10 719
10 720
10 723
10 726
10 727
10 731
10 736
10 739
10 740
10 742
10 748
10 749
10 750
10 751
10 756
10 757
10 766
10 769
10 773
10 775
10 779
10 781
10 782
10 788
10 796
611 1
611 4
611 6
611 9
611 14
611 26
611 27
611 31
611 32
611 36
611 46
611 57
611 77
611 78
611 80
611 84
611 94
611 100
611 102
611 106
611 109
611 112
611 116
611 129
611 130
611 139
611 144
611 147
611 148
611 155
611 159
611 168
611 169
611 173
611 175
611 178
611 180
611 183
611 185
611 186
611 191
611 195
611 196
611 198
611 202
611 214
611 220
611 230
611 233
611 238
611 240
611 243
611 252
611 255
611 283
611 295
611 296
611 301
611 306
611 314
611 316
611 319
611 322
611 328
611 336
611 338
611 346
611 357
611 358
611 368
611 372
611 376
611 381
611 384
611 385
611 386
611 391
611 395
611 396
611 405
611 413
611 417
611 418
611 422
611 426
611 428
611 434
611 435
611 442
611 443
611 449
611 467
611 479
611 482
611 483
611 485
611 495
611 504
611 509
611 510
611 512
611 524
611 526
611 528
611 531
611 534
611 544
611 549
611 551
611 559
611 564
611 566
611 568
611 578
611 596
611 599
611 605
611 608
611 611
611 613
611 615
611 621
611 623
611 633
611 635
611 636
611 639
611 641
611 643
611 645
611 650
611 656
611 657
611 659
611 662
611 663
611 667
611 669
611 671
611 673
611 681
611 682
611 688
611 696
611 705
611 706
611 708
611 711
611 713
611 722
611 723
611 725
611 726
611 730
611 731
611 740
611 741
611 744
611 755
611 760
611 765
611 767
611 783
611 787
611 790
234 5
234 10
234 15
234 17
234 20
234 27
234 31
234 32
234 47
234 51
234 53
234 61
234 67
234 70
234 72
234 83
234 93
234 105
234 110
234 111
234 118
234 124
234 135
234 136
234 139
234 145
234 155
234 157
234 163
234 169
234 174
234 176
234 179
234 180
234 187
234 191
234 195
234 197
234 198
234 206
234 215
234 221
234 228
234 230
234 243
234 248
234 252
234 265
234 266
234 267
234 274
234 276
234 278
234 290
234 291
234 303
234 304
234 306
234 313
234 318
234 319
234 323
234 325
234 326
234 331
234 332
234 339
234 341
234 343
234 346
234 347
234 348
234 351
234 395
234 406
234 407
234 408
234 410
234 413
234 418
234 421
234 425
234 430
234 431
234 436
234 441
234 442
234 444
234 446
234 449
234 451
234 455
234 464
234 471
234 473
234 481
234 489
234 492
234 493
234 494
234 496
234 501
234 503
234 506
234 509
234 514
234 523
234 554
234 556
234 557
234 562
234 568
234 580
234 591
234 595
234 599
234 606
234 621
234 629
234 633
234 636
234 647
234 648
234 650
234 664
234 665
234 669
234 675
234 676
234 681
234 682
234 692
234 695
234 698
234 708
234 709
234 710
234 713
234 714
234 715
234 716
234 724
234 742
234 749
234 754
234 755
234 756
234 758
234 763
234 765
234 770
234 771
234 778
234 785
234 789
234 791
234 792
550 4
550 14
550 16
550 24
550 27
550 28
550 30
550 40
550 42
550 43
550 48
550 49
550 54
550 55
550 57
550 70
550 73
550 80
550 91
550 93
550 106
550 120
550 123
550 124
550 125
550 130
550 132
550 134
550 136
550 138
550 152
550 162
550 169
550 170
550 179
550 180
550 182
550 183
550 185
550 186
550 196
550 198
550 217
550 219
550 221
550 224
550 227
550 243
550 246
550 248
550 257
550 262
550 269
550 271
550 272
550 280
550 286
550 288
550 296
550 306
550 308
550 318
550 323
550 328
550 331
550 333
550 335
550 336
550 343
550 347
550 348
550 360
550 362
550 363
550 364
550 365
550 369
550 370
550 374
550 377
550 379
550 381
550 382
550 387
550 390
550 392
550 396
550 400
550 401
550 416
550 428
550 440
550 441
550 447
550 455
550 464
550 468
550 472
550 473
550 474
550 481
550 487
550 489
550 493
550 494
550 495
550 506
550 507
550 510
550 511
550 512
550 518
550 519
550 524
550 528
550 533
550 534
550 535
550 536
550 544
550 577
550 587
550 591
550 592
550 594
550 596
550 604
550 612
550 615
550 626
550 634
550 637
550 640
550 648
550 652
550 662
550 678
550 683
550 690
550 691
550 695
550 701
550 703
550 714
550 716
550 719
550 726
550 738
550 739
550 741
550 746
550 755
550 777
550 778
550 785
550 787
550 791
550 793
550 795
550 800
