p td 800 2189 
517 5
517 7
517 9
517 24
517 28
517 31
517 50
517 58
517 61
517 66
517 67
517 85
517 89
517 93
517 94
517 95
517 100
517 104
517 106
517 110
517 111
517 113
517 114
517 117
517 121
517 125
517 127
517 145
517 153
517 154
517 155
517 167
517 171
517 172
517 178
517 184
517 185
517 186
517 189
517 201
517 203
517 205
517 212
517 214
517 218
517 219
517 222
517 224
517 230
517 233
517 235
517 238
517 243
517 244
517 251
517 254
517 257
517 262
517 272
517 288
517 301
517 309
517 327
517 329
517 331
517 350
517 351
517 356
517 357
517 358
517 365
517 370
517 372
517 373
517 377
517 380
517 381
517 382
517 397
517 398
517 402
517 407
517 409
517 421
517 423
517 435
517 436
517 444
517 449
517 474
517 483
517 488
517 492
517 495
517 497
517 504
517 509
517 512
517 528
517 529
517 530
517 533
517 545
517 549
517 552
517 557
517 559
517 582
517 585
517 591
517 596
517 598
517 605
517 613
517 614
517 615
517 619
517 636
517 639
517 645
517 646
517 647
517 654
517 658
517 664
517 666
517 670
517 676
517 679
517 681
517 682
517 683
517 690
517 693
517 699
517 704
517 711
517 712
517 713
517 718
517 720
517 721
517 725
517 730
517 737
517 752
517 759
517 766
517 767
517 769
517 775
517 783
517 785
517 786
517 787
517 793
517 798
543 5
543 9
543 15
543 17
543 24
543 27
543 36
543 37
543 42
543 43
543 44
543 46
543 48
543 51
543 52
543 55
543 58
543 69
543 74
543 75
543 76
543 92
543 93
543 95
543 97
543 113
543 118
543 120
543 124
543 130
543 131
543 135
543 149
543 152
543 160
543 172
543 173
543 174
543 178
543 198
543 202
543 203
543 204
543 220
543 224
543 226
543 227
543 238
543 239
543 245
543 249
543 268
543 278
543 283
543 286
543 293
543 294
543 295
543 296
543 298
543 306
543 313
543 315
543 316
543 320
543 322
543 328
543 341
543 342
543 350
543 355
543 363
543 364
543 365
543 370
543 372
543 375
543 376
543 377
543 379
543 382
543 387
543 391
543 399
543 408
543 409
543 410
543 417
543 425
543 432
543 437
543 446
543 451
543 454
543 467
543 471
543 482
543 493
543 496
543 501
543 502
543 507
543 523
543 525
543 529
543 536
543 538
543 561
543 564
543 565
543 575
543 577
543 591
543 616
543 623
543 624
543 625
543 627
543 631
543 637
543 638
543 641
543 645
543 651
543 653
543 654
543 680
543 694
543 697
543 700
543 706
543 709
543 710
543 713
543 719
543 724
543 725
543 726
543 728
543 731
543 732
543 735
543 740
543 742
543 745
543 749
543 758
543 761
543 764
543 766
543 768
543 769
543 772
543 773
543 788
543 792
543 795
543 798
82 10
82 11
82 12
82 17
82 22
82 28
82 35
82 37
82 38
82 47
82 50
82 53
82 58
82 61
82 64
82 71
82 73
82 83
82 84
82 89
82 97
82 99
82 101
82 112
82 114
82 116
82 129
82 130
82 137
82 141
82 144
82 146
82 149
82 153
82 155
82 156
82 158
82 159
82 166
82 170
82 180
82 201
82 205
82 206
82 220
82 224
82 230
82 231
82 238
82 243
82 244
82 245
82 255
82 258
82 260
82 268
82 270
82 276
82 295
82 297
82 298
82 299
82 309
82 311
82 314
82 336
82 340
82 341
82 343
82 346
82 349
82 356
82 357
82 367
82 369
82 376
82 383
82 384
82 390
82 410
82 417
82 419
82 421
82 425
82 430
82 439
82 445
82 448
82 451
82 461
82 480
82 483
82 484
82 485
82 500
82 506
82 507
82 508
82 512
82 514
82 516
82 519
82 521
82 532
82 539
82 557
82 564
82 582
82 587
82 589
82 597
82 601
82 603
82 618
82 623
82 628
82 636
82 648
82 650
82 653
82 659
82 660
82 661
82 665
82 667
82 677
82 679
82 681
82 683
82 686
82 687
82 690
82 695
82 698
82 720
82 722
82 726
82 736
82 742
82 746
82 750
82 755
82 761
82 766
82 768
82 777
82 781
82 784
82 786
82 787
82 797
82 798
284 1
284 4
284 7
284 16
284 21
284 24
284 26
284 31
284 32
284 33
284 46
284 50
284 55
284 61
284 62
284 64
284 69
284 75
284 80
284 92
284 93
284 94
284 98
284 102
284 106
284 112
284 123
284 133
284 150
284 153
284 154
284 159
284 168
284 172
284 177
284 185
284 194
284 196
284 198
284 203
284 208
284 212
284 219
284 223
284 228
284 232
284 242
284 251
284 254
284 258
284 263
284 266
284 269
284 280
284 285
284 288
284 292
284 294
284 296
284 302
284 308
284 310
284 322
284 329
284 362
284 366
284 372
284 378
284 379
284 380
284 388
284 392
284 399
284 403
284 405
284 407
284 423
284 429
284 431
284 434
284 436
284 439
284 451
284 469
284 477
284 478
284 481
284 492
284 493
284 499
284 501
284 502
284 507
284 510
284 512
284 514
284 516
284 518
284 520
284 522
284 524
284 527
284 536
284 543
284 546
284 547
284 548
284 558
284 559
284 561
284 562
284 563
284 566
284 572
284 576
284 579
284 581
284 585
284 589
284 593
284 602
284 605
284 615
284 621
284 624
284 629
284 632
284 633
284 637
284 642
284 645
284 648
284 653
284 656
284 662
284 665
284 672
284 677
284 678
284 687
284 689
284 691
284 699
284 705
284 712
284 717
284 718
284 719
284 723
284 725
284 726
284 728
284 753
284 754
284 761
284 762
284 765
284 772
284 780
284 781
284 792
284 797
284 800
497 5
497 6
497 8
497 15
497 16
497 25
497 30
497 34
497 36
497 41
497 44
497 48
497 52
497 55
497 57
497 73
497 75
497 81
497 82
497 86
497 89
497 90
497 95
497 107
497 110
497 112
497 117
497 119
497 130
497 131
497 133
497 135
497 137
497 140
497 149
497 150
497 155
497 158
497 161
497 166
497 167
497 174
497 182
497 184
497 185
497 191
497 194
497 198
497 203
497 204
497 205
497 209
497 211
497 216
497 218
497 220
497 221
497 227
497 234
497 235
497 239
497 240
497 243
497 247
497 253
497 262
497 265
497 273
497 275
497 277
497 279
497 282
497 284
497 285
497 289
497 290
497 293
497 294
497 296
497 299
497 303
497 310
497 313
497 316
497 319
497 320
497 326
497 332
497 337
497 347
497 350
497 354
497 357
497 360
497 371
497 383
497 384
497 396
497 398
497 402
497 404
497 406
497 408
497 414
497 421
497 445
497 447
497 464
497 472
497 475
497 476
497 492
497 497
497 500
497 503
497 515
497 516
497 518
497 521
497 522
497 531
497 543
497 549
497 558
497 565
497 567
497 570
497 574
497 586
497 587
497 592
497 601
497 607
497 615
497 616
497 617
497 619
497 621
497 625
497 627
497 635
497 637
497 638
497 640
497 646
497 652
497 658
497 664
497 667
497 673
497 679
497 680
497 682
497 684
497 688
497 690
497 692
497 695
497 704
497 706
497 710
497 712
497 714
497 718
497 719
497 734
497 741
497 743
497 747
497 752
497 753
497 756
497 771
497 772
497 773
497 785
497 794
497 795
497 797
497 798
497 799
359 11
359 23
359 36
359 38
359 48
359 50
359 60
359 63
359 73
359 89
359 91
359 92
359 93
359 95
359 104
359 110
359 111
359 121
359 134
359 139
359 150
359 151
359 153
359 155
359 156
359 161
359 165
359 168
359 172
359 191
359 195
359 196
359 197
359 198
359 204
359 205
359 210
359 213
359 221
359 222
359 224
359 225
359 226
359 229
359 232
359 234
359 237
359 239
359 247
359 249
359 256
359 257
359 258
359 269
359 272
359 276
359 281
359 289
359 295
359 296
359 303
359 308
359 309
359 311
359 313
359 315
359 316
359 317
359 327
359 331
359 334
359 339
359 341
359 344
359 347
359 351
359 354
359 355
359 372
359 401
359 402
359 403
359 405
359 406
359 410
359 412
359 415
359 417
359 419
359 425
359 434
359 442
359 445
359 452
359 454
359 456
359 457
359 461
359 464
359 467
359 472
359 478
359 479
359 480
359 489
359 493
359 495
359 508
359 520
359 532
359 533
359 538
359 555
359 559
359 570
359 571
359 578
359 579
359 581
359 584
359 597
359 599
359 603
359 613
359 626
359 636
359 637
359 639
359 645
359 652
359 653
359 654
359 655
359 662
359 666
359 678
359 688
359 690
359 691
359 703
359 704
359 705
359 713
359 714
359 715
359 722
359 729
359 741
359 751
359 752
359 755
359 760
359 762
359 764
359 767
359 769
359 772
359 778
359 779
359 783
359 786
359 787
359 788
359 789
359 798
221 4
221 11
221 13
221 16
221 18
221 20
221 21
221 23
221 32
221 34
221 36
221 44
221 49
221 55
221 57
221 67
221 70
221 75
221 78
221 84
221 86
221 88
221 93
221 95
221 107
221 108
221 109
221 110
221 112
221 115
221 117
221 134
221 140
221 153
221 155
221 157
221 165
221 169
221 171
221 174
221 186
221 187
221 189
221 192
221 193
221 196
221 199
221 203
221 208
221 216
221 217
221 219
221 221
221 222
221 223
221 227
221 232
221 243
221 251
221 259
221 264
221 267
221 270
221 274
221 277
221 282
221 292
221 295
221 298
221 301
221 304
221 311
221 325
221 327
221 337
221 341
221 347
221 351
221 352
221 359
221 368
221 378
221 379
221 384
221 386
221 392
221 393
221 406
221 425
221 428
221 429
221 431
221 443
221 449
221 450
221 453
221 486
221 492
221 507
221 508
221 519
221 526
221 530
221 554
221 555
221 562
221 568
221 587
221 589
221 600
221 602
221 604
221 607
221 608
221 615
221 622
221 623
221 630
221 641
221 643
221 644
221 651
221 662
221 663
221 666
221 667
221 668
221 673
221 684
221 687
221 693
221 700
221 706
221 709
221 713
221 715
221 717
221 720
221 723
221 724
221 728
221 729
221 730
221 750
221 753
221 767
221 768
221 769
221 772
221 777
221 780
221 782
221 789
221 791
221 798
221 799
158 7
158 10
158 23
158 26
158 30
158 35
158 37
158 42
158 48
158 55
158 74
158 77
158 79
158 82
158 88
158 94
158 97
158 108
158 109
158 111
158 115
158 117
158 124
158 126
158 127
158 161
158 162
158 174
158 175
158 183
158 187
158 189
158 192
158 193
158 194
158 214
158 217
158 221
158 235
158 244
158 248
158 253
158 259
158 267
158 272
158 274
158 281
158 289
158 301
158 313
158 314
158 316
158 321
158 333
158 334
158 339
158 343
158 347
158 350
158 369
158 376
158 377
158 380
158 384
158 390
158 397
158 399
158 408
158 433
158 437
158 445
158 447
158 452
158 457
158 461
158 463
158 469
158 476
158 482
158 484
158 493
158 500
158 511
158 512
158 521
158 522
158 525
158 530
158 546
158 556
158 576
158 598
158 610
158 617
158 626
158 635
158 642
158 644
158 648
158 651
158 655
158 657
158 662
158 663
158 665
158 667
158 668
158 671
158 679
158 685
158 701
158 703
158 712
158 717
158 720
158 722
158 731
158 735
158 744
158 745
158 759
158 762
158 763
158 770
158 771
158 776
158 780
158 786
158 788
158 790
158 793
158 794
158 799
711 1
711 3
711 5
711 9
711 29
711 31
711 33
711 47
711 48
711 53
711 54
711 56
711 64
711 83
711 92
711 98
711 110
711 111
711 119
711 120
711 123
711 127
711 136
711 138
711 142
711 147
711 157
711 165
711 168
711 170
711 176
711 177
711 186
711 191
711 192
711 198
711 199
711 201
711 203
711 208
711 228
711 233
711 242
711 246
711 248
711 251
711 259
711 272
711 277
711 278
711 280
711 282
711 294
711 305
711 307
711 314
711 315
711 323
711 330
711 333
711 334
711 335
711 338
711 364
711 365
711 369
711 374
711 375
711 377
711 381
711 383
711 388
711 409
711 411
711 412
711 414
711 429
711 434
711 439
711 442
711 443
711 447
711 460
711 468
711 470
711 471
711 483
711 485
711 486
711 500
711 505
711 509
711 511
711 512
711 513
711 517
711 520
711 523
711 527
711 530
711 540
711 544
711 550
711 562
711 571
711 585
711 592
711 595
711 605
711 618
711 623
711 625
711 628
711 632
711 645
711 646
711 651
711 661
711 664
711 672
711 675
711 679
711 687
711 688
711 693
711 695
711 699
711 704
711 706
711 711
711 714
711 715
711 722
711 730
711 739
711 745
711 754
711 756
711 757
711 758
711 759
711 766
711 770
711 771
711 779
711 793
711 799
266 1
266 2
266 10
266 12
266 13
266 16
266 18
266 19
266 20
266 22
266 25
266 30
266 35
266 49
266 55
266 57
266 66
266 69
266 81
266 82
266 84
266 86
266 92
266 93
266 96
266 98
266 99
266 100
266 101
266 106
266 112
266 113
266 123
266 131
266 134
266 138
266 142
266 143
266 150
266 152
266 159
266 161
266 168
266 174
266 175
266 177
266 184
266 189
266 200
266 206
266 207
266 208
266 216
266 233
266 234
266 239
266 241
266 249
266 251
266 254
266 257
266 260
266 270
266 278
266 286
266 288
266 295
266 298
266 304
266 307
266 327
266 343
266 345
266 354
266 355
266 359
266 373
266 385
266 387
266 389
266 390
266 391
266 396
266 400
266 401
266 404
266 412
266 415
266 418
266 419
266 421
266 431
266 434
266 453
266 455
266 458
266 462
266 464
266 466
266 469
266 474
266 490
266 517
266 521
266 531
266 534
266 549
266 553
266 554
266 559
266 562
266 580
266 592
266 601
266 602
266 606
266 607
266 613
266 617
266 618
266 620
266 621
266 626
266 627
266 636
266 638
266 649
266 651
266 660
266 664
266 669
266 679
266 680
266 687
266 697
266 698
266 703
266 709
266 716
266 721
266 732
266 733
266 744
266 757
266 761
266 775
266 777
266 782
266 787
266 789
266 790
622 4
622 10
622 13
622 14
622 15
622 19
622 25
622 26
622 28
622 50
622 52
622 58
622 77
622 79
622 80
622 81
622 82
622 86
622 87
622 90
622 93
622 94
622 95
622 104
622 108
622 119
622 122
622 128
622 131
622 142
622 146
622 153
622 158
622 163
622 164
622 170
622 171
622 173
622 175
622 180
622 185
622 187
622 189
622 199
622 218
622 222
622 226
622 228
622 229
622 238
622 239
622 252
622 273
622 277
622 281
622 282
622 286
622 305
622 307
622 308
622 312
622 323
622 324
622 328
622 330
622 333
622 338
622 344
622 345
622 359
622 371
622 375
622 376
622 378
622 380
622 381
622 384
622 385
622 388
622 392
622 393
622 394
622 395
622 398
622 400
622 404
622 409
622 414
622 417
622 422
622 423
622 427
622 441
622 444
622 445
622 450
622 456
622 458
622 460
622 462
622 463
622 464
622 468
622 474
622 477
622 482
622 483
622 488
622 495
622 499
622 513
622 514
622 516
622 520
622 528
622 529
622 531
622 537
622 543
622 544
622 548
622 549
622 556
622 557
622 563
622 578
622 587
622 591
622 597
622 609
622 612
622 614
622 615
622 622
622 624
622 634
622 644
622 645
622 651
622 655
622 664
622 667
622 668
622 683
622 686
622 687
622 691
622 704
622 705
622 709
622 728
622 734
622 740
622 743
622 744
622 748
622 751
622 753
622 763
622 768
622 769
622 776
622 779
622 781
622 786
622 790
622 799
180 1
180 2
180 3
180 15
180 22
180 23
180 28
180 29
180 32
180 33
180 34
180 38
180 44
180 45
180 47
180 49
180 61
180 62
180 64
180 72
180 76
180 77
180 92
180 96
180 110
180 112
180 132
180 136
180 139
180 148
180 151
180 160
180 181
180 186
180 189
180 197
180 199
180 200
180 212
180 216
180 221
180 222
180 225
180 229
180 230
180 234
180 244
180 246
180 249
180 250
180 253
180 259
180 262
180 263
180 266
180 267
180 275
180 279
180 289
180 298
180 328
180 330
180 342
180 347
180 353
180 371
180 372
180 376
180 380
180 390
180 391
180 397
180 409
180 415
180 419
180 423
180 426
180 428
180 435
180 437
180 438
180 441
180 447
180 461
180 471
180 475
180 481
180 486
180 492
180 499
180 510
180 513
180 521
180 528
180 533
180 536
180 540
180 542
180 546
180 550
180 552
180 564
180 576
180 577
180 578
180 579
180 586
180 588
180 591
180 598
180 602
180 605
180 606
180 611
180 619
180 637
180 649
180 663
180 664
180 665
180 667
180 668
180 670
180 674
180 681
180 683
180 700
180 705
180 707
180 709
180 711
180 725
180 730
180 732
180 737
180 749
180 752
180 756
180 765
180 771
180 786
180 794
180 798
180 799
363 4
363 5
363 6
363 9
363 12
363 15
363 17
363 18
363 23
363 28
363 34
363 35
363 51
363 57
363 60
363 62
363 71
363 83
363 85
363 86
363 99
363 103
363 105
363 110
363 113
363 117
363 130
363 134
363 138
363 142
363 148
363 151
363 159
363 160
363 161
363 166
363 175
363 176
363 178
363 184
363 191
363 196
363 201
363 206
363 211
363 221
363 229
363 230
363 239
363 253
363 259
363 266
363 273
363 286
363 287
363 292
363 297
363 300
363 308
363 312
363 317
363 321
363 323
363 325
363 326
363 331
363 334
363 335
363 338
363 343
363 350
363 352
363 353
363 363
363 366
363 374
363 375
363 376
363 380
363 386
363 390
363 398
363 400
363 403
363 404
363 405
363 406
363 422
363 426
363 441
363 448
363 451
363 452
363 455
363 456
363 457
363 461
363 471
363 483
363 485
363 497
363 498
363 531
363 534
363 537
363 542
363 543
363 545
363 547
363 548
363 551
363 554
363 556
363 567
363 572
363 573
363 574
363 581
363 583
363 585
363 586
363 587
363 604
363 613
363 618
363 623
363 627
363 635
363 638
363 640
363 643
363 648
363 651
363 658
363 669
363 672
363 673
363 679
363 680
363 683
363 688
363 692
363 697
363 699
363 703
363 708
363 710
363 712
363 714
363 718
363 722
363 724
363 725
363 726
363 735
363 751
363 754
363 756
363 759
363 765
363 766
363 774
363 776
363 781
363 785
363 788
488 1
488 9
488 11
488 31
488 41
488 59
488 61
488 77
488 80
488 81
488 91
488 99
488 106
488 108
488 113
488 114
488 120
488 127
488 128
488 137
488 144
488 149
488 159
488 163
488 170
488 181
488 185
488 187
488 192
488 195
488 197
488 198
488 201
488 204
488 205
488 206
488 207
488 208
488 218
488 221
488 223
488 225
488 227
488 228
488 232
488 233
488 235
488 236
488 240
488 243
488 245
488 247
488 255
488 256
488 257
488 261
488 264
488 276
488 297
488 301
488 306
488 310
488 312
488 317
488 321
488 342
488 349
488 363
488 364
488 366
488 370
488 375
488 380
488 394
488 412
488 416
488 421
488 424
488 427
488 431
488 464
488 465
488 466
488 468
488 471
488 480
488 487
488 497
488 507
488 514
488 517
488 518
488 519
488 535
488 536
488 543
488 546
488 549
488 563
488 566
488 569
488 572
488 573
488 574
488 578
488 581
488 590
488 592
488 594
488 600
488 602
488 603
488 609
488 612
488 619
488 623
488 631
488 638
488 643
488 648
488 650
488 666
488 671
488 684
488 690
488 691
488 692
488 693
488 698
488 701
488 711
488 715
488 721
488 722
488 725
488 727
488 730
488 734
488 738
488 741
488 753
488 758
488 768
488 769
488 774
488 782
488 783
488 789
488 790
