p td 200 3600 
192 63
136 12
69 97
59 53
125 141
99 118
128 70
9 153
162 38
86 173
145 91
14 66
153 135
181 41
133 67
82 113
196 77
125 78
34 187
132 23
166 19
142 43
95 138
93 19
37 180
107 198
34 80
111 84
137 25
100 153
143 145
151 94
2 177
190 144
174 109
72 28
179 152
90 19
99 163
118 163
167 173
76 21
44 97
27 78
167 73
152 86
183 149
32 60
143 104
166 175
143 12
84 100
120 79
170 167
89 26
165 115
79 120
94 61
7 66
114 93
89 109
10 38
103 64
180 70
67 124
71 175
79 100
47 41
134 76
55 110
35 39
32 199
199 73
27 63
155 127
33 150
115 29
49 84
190 142
191 100
28 37
149 147
103 134
170 166
113 176
17 197
104 102
133 134
174 30
51 136
42 139
88 152
52 59
27 105
155 188
36 43
91 184
54 86
178 51
187 103
146 179
134 150
38 51
31 199
153 92
139 196
185 192
12 72
53 79
26 61
27 191
115 198
76 169
62 41
130 135
200 183
198 118
103 148
149 196
191 181
5 14
79 62
50 115
128 182
16 156
88 71
50 91
5 66
29 56
169 72
157 78
109 54
93 83
19 158
107 184
119 173
45 125
84 2
25 183
130 193
183 82
80 169
50 192
37 123
141 172
49 136
8 182
28 186
131 99
195 185
26 145
175 182
1 11
37 187
160 121
165 43
6 3
86 52
154 158
32 122
119 138
167 123
144 108
174 33
62 128
5 25
198 101
193 29
23 132
51 37
68 48
198 88
133 196
1 180
95 68
152 54
3 73
103 59
76 28
8 152
158 183
166 100
69 73
40 141
50 32
146 45
87 145
95 169
108 95
117 43
65 112
77 195
83 172
16 23
153 40
31 110
136 20
36 131
167 53
103 153
111 87
43 75
130 161
177 70
7 153
11 170
197 89
135 114
8 33
147 136
84 106
36 90
53 5
166 148
199 52
179 145
128 116
44 61
134 146
71 3
169 77
188 70
13 82
82 79
72 52
113 29
177 197
133 54
183 76
83 9
119 117
44 12
128 69
5 7
28 172
95 124
166 89
74 179
73 196
93 73
157 75
75 199
48 186
43 129
20 168
39 70
191 178
100 47
197 87
99 27
137 75
5 43
76 142
145 29
20 26
121 188
130 110
83 189
55 139
127 47
74 174
28 36
61 170
16 62
55 14
33 48
48 100
27 39
27 135
67 105
4 162
183 60
75 164
152 156
175 36
136 94
63 68
99 16
119 171
124 50
36 196
122 73
168 75
49 76
146 138
8 197
128 3
124 23
121 158
74 49
130 106
162 164
150 130
187 170
115 199
135 10
122 191
9 79
35 40
72 138
199 107
36 166
55 81
197 141
191 120
33 160
70 30
18 61
179 101
35 6
130 8
128 36
61 167
165 151
165 112
6 155
66 176
55 147
25 166
59 37
2 195
129 9
116 107
90 25
48 70
110 125
80 21
1 200
91 125
18 93
159 90
190 70
148 14
155 190
50 167
171 135
29 108
155 32
110 198
22 173
156 151
29 163
42 32
9 121
80 178
81 73
40 50
6 81
1 103
193 171
173 65
61 19
131 91
54 54
30 58
157 98
6 104
59 37
77 193
28 119
85 68
117 145
182 14
145 33
86 3
171 20
26 139
131 41
56 111
111 130
58 24
19 162
73 195
121 146
153 127
104 147
42 4
37 74
189 163
121 8
117 124
170 37
127 197
119 89
156 199
20 9
145 10
16 111
47 46
196 153
152 134
8 13
154 160
35 13
141 197
65 34
108 134
195 179
140 166
36 36
93 176
84 156
110 54
99 36
65 188
194 42
98 141
61 180
130 97
189 163
173 48
20 139
126 95
132 47
198 104
133 136
165 136
125 164
41 61
72 38
182 35
35 197
97 103
103 85
195 31
137 31
137 198
110 180
149 125
158 27
197 169
153 138
124 46
143 75
1 92
5 43
149 37
185 135
17 103
12 3
136 79
200 176
156 178
33 28
172 177
66 18
144 150
140 141
128 181
27 69
68 6
107 30
65 98
115 8
68 50
65 180
55 160
80 60
20 20
54 84
150 16
117 71
174 6
148 105
127 148
189 141
113 195
200 14
12 83
57 87
31 103
105 160
181 181
92 59
3 188
100 89
136 154
110 148
138 97
71 107
66 111
178 190
65 109
146 89
160 165
129 188
197 32
84 33
49 30
15 56
192 100
166 195
194 92
104 48
142 78
38 191
168 75
11 75
12 26
123 4
125 48
60 74
36 66
18 171
120 135
37 117
74 99
72 15
15 126
14 84
23 37
38 31
156 38
16 63
192 32
174 31
24 100
131 64
71 43
161 131
6 40
75 37
41 7
173 90
146 16
42 38
97 179
33 103
27 122
49 129
159 51
80 80
54 103
54 56
3 47
93 118
88 132
18 168
24 66
92 197
146 163
35 57
108 157
194 164
193 75
112 28
6 179
117 178
77 24
192 28
56 114
50 149
37 193
18 193
113 126
174 20
146 175
196 23
188 100
6 126
85 193
11 139
102 138
182 156
89 125
169 57
183 190
80 96
195 162
26 123
17 169
2 172
27 86
165 15
185 59
100 191
90 174
51 50
126 192
34 97
149 98
193 36
172 181
7 20
123 108
33 147
150 11
179 62
57 161
80 113
93 152
57 4
125 85
23 9
151 173
82 58
189 90
134 122
8 176
183 134
57 48
106 114
69 31
169 111
14 62
24 7
171 15
8 13
15 110
117 9
83 29
76 70
96 191
193 147
157 50
174 48
8 151
43 104
61 66
146 184
137 138
14 39
82 16
174 142
133 189
119 76
138 97
124 54
154 57
19 14
82 165
195 160
182 8
80 66
19 11
85 2
113 195
7 24
48 133
69 93
83 182
71 143
58 79
168 29
39 11
38 66
175 48
7 163
16 85
146 23
12 92
140 83
157 132
193 85
11 69
167 98
38 99
115 22
9 146
18 37
56 170
107 92
141 11
9 80
192 73
12 187
139 66
119 185
65 146
62 181
140 198
148 4
14 185
12 20
42 113
144 72
56 14
97 171
132 117
190 116
86 60
123 124
23 61
78 139
7 128
76 43
62 55
172 28
187 131
23 94
76 44
71 5
157 173
129 56
89 177
108 31
15 160
122 88
155 36
9 28
107 100
2 56
179 110
189 90
122 54
33 57
9 123
47 30
126 125
175 172
182 93
4 59
191 89
93 86
120 130
126 103
112 153
126 184
173 190
89 39
147 69
53 31
172 192
103 199
151 145
43 33
182 30
19 154
183 192
111 99
98 11
88 101
168 30
145 47
82 108
169 162
69 42
38 96
57 48
5 148
9 73
28 157
128 113
37 132
91 67
189 151
40 94
84 111
137 101
180 24
179 181
124 49
169 10
152 43
25 125
144 101
114 141
172 185
76 151
27 36
95 160
20 165
195 130
104 90
93 127
159 36
89 173
116 179
194 67
116 95
120 87
41 192
88 35
43 149
103 75
109 99
79 173
93 11
140 136
166 132
107 89
17 33
169 28
184 121
90 92
3 166
14 132
49 180
141 112
60 109
112 27
171 78
36 61
63 59
166 14
105 200
33 36
94 192
18 173
120 136
114 131
7 188
91 26
164 137
74 60
26 127
153 8
60 57
140 77
87 121
30 81
161 1
135 79
56 117
82 142
46 169
162 24
114 196
88 156
157 166
141 59
102 164
191 173
81 101
76 188
146 50
192 77
193 109
27 190
108 115
164 106
151 38
165 183
154 26
111 186
7 51
81 49
157 2
133 196
28 84
166 34
115 86
117 162
27 136
109 177
57 49
13 101
128 74
153 78
85 96
108 123
30 145
78 173
107 153
157 174
79 22
144 153
142 58
96 63
26 88
161 180
65 176
43 180
147 131
132 181
152 69
49 195
191 38
2 121
23 15
11 135
103 129
176 50
116 39
93 193
176 72
155 64
47 66
85 26
4 25
67 183
89 189
56 13
91 54
29 79
73 23
43 12
185 197
64 14
154 199
16 15
199 141
159 130
16 107
52 148
45 31
151 123
10 149
128 87
171 81
147 178
160 117
64 129
193 26
155 182
127 133
163 54
42 56
186 143
181 124
83 175
59 120
98 147
57 82
111 51
199 128
105 153
11 184
92 63
162 93
17 167
17 34
176 180
152 72
5 174
112 101
138 68
56 117
56 170
103 187
75 59
118 178
145 176
180 169
172 155
160 122
46 1
62 105
86 111
69 32
156 34
21 158
198 44
119 176
49 153
52 85
41 181
193 72
159 86
152 58
7 93
26 83
9 57
137 120
189 113
141 46
135 27
144 17
167 184
126 52
27 161
182 51
53 118
179 3
66 38
33 192
72 65
1 20
159 162
161 177
18 11
112 149
19 14
51 134
180 175
150 127
72 21
1 116
174 29
47 116
144 158
69 69
172 25
175 109
143 184
169 108
182 193
104 124
77 200
63 108
81 87
21 185
109 42
85 12
64 69
18 33
147 36
159 140
182 20
7 108
112 152
122 181
104 148
92 197
87 12
144 84
10 9
109 33
95 95
146 57
60 65
124 124
76 138
76 121
140 17
109 18
32 145
106 195
77 180
14 194
188 57
104 18
24 137
46 186
16 194
82 40
186 60
39 50
112 44
30 192
30 61
159 135
94 16
89 102
30 148
159 36
105 190
44 96
21 115
87 190
82 182
122 72
187 99
9 168
146 76
104 194
193 83
31 118
38 56
174 41
87 119
55 169
40 170
155 11
139 81
51 140
71 172
26 158
11 100
12 14
103 118
194 167
44 96
154 29
48 162
91 55
91 20
99 163
49 64
61 66
29 166
157 36
104 197
90 42
53 175
64 3
66 179
165 35
111 114
177 71
195 82
61 86
10 197
7 125
161 107
157 185
5 31
181 186
34 198
153 12
6 47
15 71
129 115
81 130
39 10
191 85
185 184
199 199
83 123
17 103
162 20
44 17
176 80
36 48
62 2
198 57
36 19
17 194
182 57
33 69
129 58
200 117
24 149
45 76
90 82
110 22
86 77
99 9
73 150
123 155
41 2
20 170
27 170
194 137
113 168
6 185
13 126
141 184
117 48
81 141
8 174
116 3
176 52
185 130
146 14
83 169
79 114
167 52
11 144
182 177
128 49
150 119
2 15
35 196
13 4
1 123
167 134
190 82
147 194
40 48
155 80
120 146
53 147
53 19
172 149
15 84
26 181
63 167
90 138
1 152
36 149
139 83
183 66
141 34
173 88
192 84
194 169
24 93
193 41
106 182
168 24
165 9
36 181
62 63
110 15
162 42
64 139
111 43
120 137
119 80
167 127
85 74
156 49
131 27
111 80
78 131
97 154
200 137
47 132
158 112
1 96
92 84
149 184
105 8
43 189
187 109
98 17
152 114
9 146
36 34
129 34
172 161
102 129
184 140
187 115
37 23
28 168
186 135
58 188
149 76
148 188
123 155
192 113
124 53
44 74
105 112
194 145
87 74
167 177
121 162
92 103
51 129
153 115
194 87
149 118
13 42
97 115
188 166
78 131
151 190
188 145
20 130
28 72
124 157
43 60
112 58
79 27
192 132
93 104
190 181
61 173
81 27
19 195
43 192
11 187
138 124
111 113
28 86
7 42
130 164
192 24
131 29
49 144
167 168
140 185
102 84
31 164
40 109
158 116
61 182
137 105
189 81
143 162
42 129
175 53
120 153
116 149
104 177
59 139
115 92
154 10
147 140
132 170
122 166
186 83
148 149
54 147
183 47
177 193
32 46
160 198
84 195
53 94
11 198
164 61
131 163
158 43
62 69
181 78
97 73
11 168
149 8
44 179
72 110
3 14
141 163
103 27
131 81
147 170
53 15
44 78
179 168
56 116
40 79
101 32
59 42
184 119
118 131
61 8
148 140
138 22
62 119
27 186
30 183
188 56
151 1
49 152
90 76
196 91
183 194
40 71
165 145
128 146
36 139
189 122
194 64
158 33
115 191
7 30
25 108
89 149
108 130
199 96
62 51
1 60
65 167
144 78
123 36
165 182
56 47
23 165
154 176
26 128
23 65
193 7
109 72
113 159
152 174
161 11
134 186
116 92
17 65
70 192
112 88
11 98
198 104
142 87
173 191
129 173
118 57
19 171
152 15
15 147
37 64
86 187
52 37
60 71
48 19
154 57
163 2
183 77
169 91
197 174
95 115
167 143
38 103
48 103
158 169
89 111
71 58
63 68
154 103
100 102
53 85
60 131
180 149
127 2
155 23
108 6
143 15
66 197
104 75
96 143
27 164
24 53
85 24
152 156
168 182
12 26
176 143
27 54
45 12
60 16
94 54
20 162
183 177
142 119
105 45
7 48
185 85
156 141
181 125
50 60
38 199
143 77
192 140
79 140
174 127
181 63
122 45
49 81
76 168
109 86
102 34
5 193
166 19
139 21
94 188
32 68
151 164
86 63
7 146
43 47
182 41
48 48
120 38
48 55
135 174
188 100
142 42
75 7
149 48
19 200
186 198
76 8
114 49
140 75
200 159
181 91
199 24
174 149
186 120
159 61
192 29
85 50
83 12
71 57
136 170
12 150
187 42
1 86
134 118
127 143
178 179
105 44
72 55
81 136
26 63
180 18
16 147
174 118
59 192
148 137
86 153
76 81
111 54
70 57
189 63
110 134
132 85
186 117
140 108
131 129
74 119
185 33
111 104
158 62
140 23
38 117
11 179
50 89
84 156
145 34
143 137
34 50
60 57
182 45
97 14
88 43
155 70
7 6
196 101
11 31
195 111
130 124
44 121
95 6
107 100
135 178
186 126
98 140
37 15
108 163
199 7
77 32
138 72
61 155
68 137
150 150
4 106
62 174
73 49
183 191
83 106
166 23
120 1
43 44
150 21
177 152
158 69
92 73
124 38
147 96
43 13
85 141
45 200
145 80
161 39
21 112
163 91
30 13
175 118
189 22
192 124
119 112
43 155
89 189
101 188
99 153
64 37
83 159
3 105
197 137
139 63
98 55
80 136
122 20
35 6
133 194
74 104
120 170
150 85
45 22
44 80
67 29
194 194
155 9
166 80
157 31
171 5
94 58
13 115
152 178
83 22
167 51
42 62
67 190
157 90
125 27
99 108
190 124
57 138
32 127
164 198
103 40
7 180
76 89
110 28
170 186
57 131
166 132
99 165
107 181
46 191
183 145
102 139
8 8
99 165
176 33
141 163
195 98
86 15
179 156
117 133
103 62
130 155
166 22
120 124
66 63
139 116
164 185
179 68
191 9
65 13
111 66
2 4
173 181
52 32
141 151
63 130
156 180
6 124
177 27
105 94
159 193
180 65
144 198
102 79
189 87
83 51
15 200
21 64
72 130
73 132
83 50
9 99
148 10
160 83
45 70
106 68
46 190
186 8
170 38
151 112
94 39
179 142
55 69
59 6
4 98
28 166
1 108
98 12
57 188
127 38
52 52
160 90
79 11
64 142
51 90
177 13
182 84
199 171
180 163
75 195
163 59
84 63
131 11
137 178
65 113
34 153
5 50
65 158
52 35
105 21
1 11
44 94
32 74
40 95
178 182
52 114
158 104
112 80
88 200
183 184
137 134
49 128
127 90
81 102
101 179
134 165
41 5
93 196
36 49
28 52
73 104
30 64
185 148
160 10
16 66
86 165
150 174
133 122
197 48
52 102
152 28
45 120
72 80
145 6
74 60
20 46
18 110
9 168
149 5
146 76
77 89
63 163
53 54
43 109
13 176
70 190
41 40
41 190
113 58
172 130
127 171
167 101
199 27
196 42
33 87
87 82
151 7
60 45
25 36
113 80
23 167
180 180
199 100
186 123
139 188
32 131
131 27
84 85
35 83
15 184
36 198
136 159
42 76
1 73
178 67
187 82
56 135
20 198
171 195
40 102
77 160
107 197
125 17
83 113
157 9
116 199
20 91
45 87
71 193
102 71
148 117
38 73
174 140
115 138
147 63
166 77
124 145
109 74
94 86
157 93
187 111
110 142
93 159
74 57
78 56
54 51
107 189
156 183
192 104
112 4
86 177
5 92
61 114
42 18
70 59
34 33
56 74
33 74
10 155
95 200
101 44
38 148
123 80
123 35
135 42
116 35
23 154
138 106
78 187
185 165
112 140
132 78
183 178
165 106
133 191
70 26
200 108
47 20
177 175
86 174
167 187
66 81
11 158
157 138
39 43
91 15
49 87
190 175
100 46
6 65
12 83
154 113
83 43
109 65
62 117
129 131
112 122
172 45
151 31
27 177
198 131
104 14
74 104
131 66
54 160
33 13
113 172
57 21
136 36
187 138
145 166
146 113
79 151
130 118
200 1
33 175
187 110
190 112
154 86
197 160
14 54
123 154
176 11
91 136
18 23
58 37
169 115
4 92
136 62
176 138
171 133
168 168
52 168
34 131
105 51
145 139
169 33
12 121
124 178
37 4
172 195
118 81
100 21
155 24
148 175
163 105
145 155
135 71
105 196
122 14
190 98
42 168
122 43
54 125
90 196
87 30
64 198
174 154
88 175
144 146
154 166
113 97
199 130
66 155
174 50
53 10
41 57
91 62
87 6
168 45
98 91
6 23
68 126
128 158
24 61
83 3
97 127
181 32
13 81
114 182
149 199
67 59
26 196
93 36
121 177
197 70
44 167
179 139
149 135
53 96
127 47
173 71
153 193
178 12
1 175
85 19
125 7
6 171
176 9
62 24
120 57
102 100
92 43
128 109
17 67
97 6
129 41
170 91
153 19
52 67
115 147
164 14
187 196
32 27
64 82
124 153
98 95
87 130
113 56
86 133
70 102
199 142
110 199
21 142
114 197
179 104
161 196
70 122
122 104
61 163
174 190
89 123
114 159
88 155
47 138
56 191
116 68
16 45
15 169
18 16
96 105
36 20
128 36
51 37
68 21
26 81
196 108
57 156
70 36
66 162
13 37
15 101
107 181
1 73
122 178
146 197
65 46
48 61
163 197
157 39
11 89
186 150
7 173
156 197
124 84
101 69
32 64
40 80
186 80
51 78
66 51
56 182
74 71
71 1
187 17
31 150
44 154
121 185
68 112
103 167
183 133
158 195
106 82
161 35
93 191
110 84
187 118
5 4
168 7
177 113
149 34
194 189
132 8
29 9
128 77
134 123
141 108
17 139
164 196
81 70
155 159
190 42
51 94
180 117
83 46
110 83
198 68
151 23
100 58
149 192
124 117
80 4
67 103
183 24
91 53
34 141
86 25
40 80
149 84
56 56
175 50
83 157
19 145
70 169
41 46
11 126
125 59
87 82
83 123
200 28
104 103
95 97
72 93
86 180
151 155
151 16
64 149
35 125
73 169
166 47
184 116
16 75
200 144
86 180
12 20
75 39
158 9
8 83
119 171
156 52
86 110
192 53
160 9
183 137
152 69
74 181
99 54
153 54
147 148
20 77
197 171
78 85
53 79
61 108
198 120
32 183
125 22
103 127
138 90
107 17
115 194
13 196
183 145
46 97
119 191
114 49
109 42
121 77
161 178
93 17
47 117
45 26
189 14
200 1
48 93
129 169
133 19
151 56
152 135
183 8
23 102
4 50
46 93
163 86
157 40
134 9
8 165
122 9
66 169
1 74
74 7
101 86
157 90
165 1
115 62
50 131
67 69
14 15
41 131
47 157
38 101
194 184
113 191
127 190
182 188
66 63
107 86
158 96
2 12
139 45
77 15
133 125
46 96
80 176
17 176
84 101
84 47
120 24
177 40
180 126
68 107
57 58
191 52
84 139
114 100
139 117
85 132
112 86
174 150
144 169
129 105
8 61
97 144
67 12
167 38
119 183
176 52
72 179
184 69
51 62
130 2
135 75
124 169
6 37
156 156
59 52
10 120
48 59
156 199
95 74
98 7
63 90
106 143
21 155
136 47
121 161
164 33
27 114
165 51
22 104
183 72
1 159
52 53
138 135
94 87
171 174
19 164
85 15
79 172
162 63
185 28
167 104
23 180
138 40
64 162
71 135
144 42
174 17
5 66
51 156
35 116
46 92
124 193
44 200
131 16
136 67
98 99
54 30
158 183
136 36
40 189
159 142
99 143
36 96
61 57
144 100
172 21
50 41
136 180
16 126
21 186
144 121
147 171
148 82
73 33
46 159
111 4
188 87
183 97
51 154
143 177
126 135
139 24
144 31
122 155
150 139
20 34
37 127
39 137
100 7
200 130
104 135
179 74
77 144
44 41
196 97
122 199
4 12
187 197
128 87
153 30
127 17
38 132
55 180
156 169
101 84
25 163
131 115
145 189
188 113
62 144
24 55
161 116
118 121
160 131
60 21
197 92
46 109
146 21
170 7
94 131
28 46
148 120
45 120
118 158
186 150
12 173
69 36
149 172
34 200
174 62
34 22
95 40
134 151
138 108
35 122
56 179
23 25
186 181
98 16
188 132
148 86
174 100
157 159
8 4
111 187
138 157
142 176
20 198
166 194
3 185
170 83
108 79
53 10
177 114
78 78
10 196
1 179
148 41
187 179
129 100
155 25
149 17
59 75
114 187
179 121
171 162
5 45
12 132
176 36
64 79
128 165
173 181
119 130
126 176
193 168
147 88
182 81
200 170
136 198
19 75
200 62
45 162
102 156
100 119
75 145
40 70
93 56
13 67
99 115
121 188
171 169
94 151
86 156
109 98
34 199
47 113
188 24
178 32
56 15
114 51
175 7
153 76
143 138
41 99
131 151
188 36
96 34
45 157
167 150
10 90
179 12
12 15
111 16
181 176
162 166
22 69
121 160
148 87
187 167
22 14
87 167
159 59
43 25
126 168
191 25
86 145
56 184
62 70
125 142
24 10
175 135
69 92
100 195
194 85
3 159
146 10
45 173
196 136
29 49
8 34
71 71
174 190
144 64
158 131
167 148
140 62
136 179
14 69
170 44
94 4
182 92
102 109
66 158
55 79
153 40
194 85
178 25
55 16
14 37
69 8
167 164
168 173
83 162
38 150
114 51
137 166
26 130
4 118
49 161
110 31
183 105
60 186
176 76
147 159
174 145
83 29
91 32
120 22
154 75
131 74
185 193
30 95
59 98
63 154
191 151
88 58
66 91
42 89
95 185
120 185
139 162
54 108
185 31
137 160
44 175
70 16
161 148
26 49
94 13
17 26
195 149
120 193
109 4
173 56
113 94
99 178
162 19
193 58
75 73
8 103
194 151
42 2
118 195
170 114
32 178
42 137
80 128
189 8
92 64
120 156
104 114
16 152
35 20
61 150
17 115
63 163
32 67
96 34
169 107
15 190
2 169
71 123
56 120
77 99
177 76
33 183
182 145
183 166
135 178
131 2
4 77
60 153
76 17
14 87
100 46
110 14
20 18
134 149
167 118
157 89
96 91
118 108
76 20
71 99
83 35
134 133
115 46
29 61
46 156
116 100
162 155
134 82
98 190
15 10
143 125
146 159
108 127
83 81
167 77
148 194
48 144
146 78
49 19
53 73
57 195
18 16
91 175
191 187
141 142
170 25
80 146
29 12
107 141
48 43
62 58
181 5
136 106
157 50
50 40
31 21
99 47
119 100
48 53
132 97
197 1
46 81
145 4
189 148
42 90
110 14
142 85
68 158
78 199
88 185
141 31
109 111
74 125
34 9
127 133
57 185
157 97
162 42
129 63
14 105
185 39
172 81
64 186
13 6
37 162
160 14
184 90
88 35
131 40
83 30
193 147
101 96
64 23
200 37
21 45
30 104
185 193
133 68
10 41
73 70
144 198
40 11
48 127
30 18
43 187
161 86
27 191
58 126
169 179
79 138
126 127
161 183
188 177
2 142
148 162
187 82
112 119
75 170
133 43
115 132
39 15
71 145
54 30
115 163
187 199
18 123
112 86
173 6
107 2
46 85
89 88
46 155
148 179
28 63
103 134
193 182
20 103
129 19
179 170
24 152
66 29
156 134
6 57
116 124
37 180
62 58
55 122
3 141
124 8
57 136
49 93
178 141
175 191
41 158
26 98
24 1
169 16
89 149
177 172
122 79
132 31
80 37
163 47
77 69
145 118
177 105
28 105
167 181
56 5
153 134
150 22
187 50
165 196
123 24
93 183
6 138
191 131
127 177
83 16
160 77
190 60
96 168
164 115
99 97
160 163
140 179
92 152
103 197
163 141
22 59
150 116
151 42
33 94
47 86
150 49
114 76
138 166
129 62
165 93
82 146
196 170
53 77
198 67
144 93
125 117
197 195
5 152
12 43
24 21
76 15
165 101
144 111
35 148
118 29
9 164
168 24
88 194
12 181
42 22
69 1
36 198
170 49
125 103
31 41
95 172
26 59
30 124
92 121
94 68
90 173
69 142
66 97
116 200
13 199
26 108
159 123
57 121
196 39
73 116
8 78
144 167
105 187
67 100
84 55
79 104
199 146
123 109
151 129
116 80
66 100
142 17
105 140
151 103
61 153
32 28
139 140
91 49
174 186
62 135
72 53
79 41
26 45
49 170
129 21
69 51
128 86
71 143
88 154
30 19
31 74
36 154
5 1
111 49
51 8
173 181
168 9
8 71
8 90
147 7
86 18
194 1
1 123
92 135
125 135
191 111
48 161
95 103
195 186
75 187
7 156
150 22
167 131
112 114
39 46
163 179
131 169
187 92
163 91
169 24
153 100
174 48
127 53
10 40
186 94
101 154
137 35
35 195
172 120
58 2
77 73
93 134
31 172
107 142
121 119
176 199
147 13
153 101
111 55
9 195
44 185
78 75
38 178
43 167
126 127
178 12
200 77
51 50
42 181
45 138
33 45
17 133
101 130
122 36
156 137
27 50
180 48
163 27
142 77
135 28
49 184
82 106
37 130
200 52
108 120
154 133
156 14
123 174
160 2
18 56
67 55
84 71
38 21
170 24
70 136
69 88
149 39
183 97
40 154
37 21
29 29
113 152
20 61
154 191
147 113
78 86
136 105
189 180
42 189
50 178
20 125
3 52
164 137
131 56
31 1
2 56
27 131
50 140
96 85
31 113
15 138
22 171
72 1
64 84
126 110
99 177
182 168
166 36
31 31
164 48
122 142
167 75
16 169
50 132
44 76
127 10
38 84
191 124
24 137
45 44
102 128
37 104
18 157
51 84
176 145
152 132
86 123
163 35
90 61
194 76
82 31
105 162
93 163
128 57
142 26
161 154
116 2
111 26
152 54
128 11
59 104
182 38
141 166
125 92
165 69
117 191
35 157
157 23
142 86
43 179
142 156
128 169
82 84
77 91
112 85
72 154
122 185
138 147
56 187
18 85
196 125
140 156
98 12
80 117
61 62
14 53
186 151
7 110
10 2
200 84
87 182
39 26
128 118
133 82
168 176
171 116
54 162
126 185
96 139
129 172
51 50
136 148
132 89
42 185
74 165
123 62
179 47
80 17
129 99
183 120
142 192
59 4
133 46
158 126
48 122
159 79
5 14
190 81
66 82
123 142
94 76
2 85
7 50
105 150
160 8
58 69
166 169
135 100
123 3
195 107
58 129
13 24
36 109
40 165
29 70
10 153
157 186
38 136
110 98
181 123
20 127
123 105
47 118
90 136
41 49
160 168
7 96
117 158
162 163
157 43
190 178
137 133
79 25
73 89
89 132
193 12
190 1
167 174
28 109
192 73
139 175
10 3
32 86
84 177
146 2
133 83
155 187
163 49
17 99
132 196
170 33
92 119
91 18
48 46
67 16
60 187
54 1
46 33
174 64
8 46
2 7
105 116
86 36
124 156
50 104
32 21
25 162
34 26
112 99
54 161
189 131
75 189
14 14
172 184
129 39
196 70
180 106
127 156
150 128
117 110
17 199
131 24
58 6
81 81
3 49
67 127
106 159
109 23
81 174
37 152
188 45
138 106
160 157
122 49
19 159
82 79
66 119
120 74
120 114
148 156
193 192
95 198
131 74
199 79
59 196
183 53
58 122
138 199
166 19
14 146
66 64
126 64
105 66
6 174
42 86
102 32
52 46
133 192
56 78
91 53
161 130
174 123
8 2
48 198
39 135
127 81
88 196
154 55
60 79
161 103
113 192
127 11
100 188
106 53
77 35
151 39
49 7
2 12
18 18
26 103
58 72
46 133
56 142
91 193
20 93
2 151
41 97
179 148
75 63
100 196
184 44
61 129
26 5
197 58
107 186
187 194
164 167
63 78
23 127
152 5
23 93
187 177
27 144
34 27
28 105
151 38
124 87
28 36
186 37
80 27
110 76
141 173
69 57
153 21
7 78
181 72
124 124
166 75
171 107
41 117
155 39
121 151
116 8
134 43
69 146
9 79
146 71
85 114
60 197
12 74
36 130
191 111
144 109
161 117
92 125
121 136
113 42
138 21
14 159
140 110
75 166
21 10
113 23
121 91
188 129
21 163
42 137
194 36
105 10
190 189
59 30
117 112
4 172
23 190
6 92
114 55
129 143
97 6
128 73
61 98
86 176
188 5
43 53
100 27
137 26
105 21
98 155
124 86
145 153
130 4
133 98
172 20
104 8
112 36
78 139
149 59
122 185
95 183
11 96
54 195
32 113
11 186
188 36
80 188
109 27
191 134
164 79
125 183
177 198
129 14
50 119
177 57
93 163
136 4
139 2
159 57
14 149
87 161
195 99
105 199
117 11
194 172
45 161
69 150
174 19
125 19
48 131
52 4
77 105
16 35
79 89
41 95
153 165
20 158
69 34
182 27
130 20
173 158
150 53
14 64
130 148
170 171
108 126
17 199
25 181
160 61
121 96
163 24
173 166
187 34
109 55
130 111
98 196
164 10
180 49
80 38
110 39
31 151
83 147
110 87
141 59
5 192
157 16
146 35
179 194
176 129
52 137
1 51
95 29
12 167
54 188
117 165
115 91
189 13
69 68
13 90
38 72
63 31
39 32
109 142
32 67
17 90
74 113
1 147
44 57
152 10
152 78
180 182
164 120
132 52
66 81
163 68
75 19
31 46
125 121
168 198
25 6
1 158
130 67
3 70
178 1
109 174
8 148
7 105
61 21
47 175
196 147
47 95
28 95
80 96
65 192
50 12
196 6
188 143
46 154
192 13
192 38
60 109
144 19
103 32
55 95
117 116
130 44
149 134
91 179
84 108
108 109
138 134
182 58
97 30
84 171
143 109
19 152
5 93
192 157
100 18
85 124
10 183
106 59
15 29
60 80
191 46
94 49
64 97
17 59
192 146
160 26
37 52
184 148
181 64
111 82
104 123
143 133
151 141
161 97
107 2
85 15
10 81
42 135
34 142
39 119
163 32
198 74
85 55
59 186
170 32
86 5
9 174
109 165
92 45
81 27
133 200
43 164
7 195
41 111
182 170
30 131
110 49
178 104
126 141
91 119
133 19
101 46
103 118
6 65
47 197
122 41
127 115
181 6
57 87
80 80
199 65
38 196
121 149
165 99
152 35
145 116
79 141
32 15
165 36
91 114
150 19
1 100
4 143
130 146
21 109
38 103
28 54
109 59
32 114
149 170
134 187
55 182
50 115
155 84
110 53
173 155
22 145
120 167
48 170
79 56
19 49
163 68
60 197
28 39
48 121
123 15
79 39
185 48
118 152
99 101
193 101
48 102
146 108
146 31
187 25
183 155
84 4
187 95
99 64
47 34
138 175
70 196
86 72
117 5
58 152
148 129
29 130
24 164
97 130
149 36
137 11
95 48
132 155
1 86
66 187
24 18
14 81
10 42
154 157
12 198
63 15
191 96
108 168
89 106
200 54
15 110
128 169
102 19
13 19
7 86
121 134
93 80
184 37
63 187
29 114
178 16
162 50
193 199
91 160
48 63
123 61
28 160
23 24
15 96
75 96
176 132
136 19
104 182
116 87
96 28
146 169
175 182
41 76
99 50
12 83
113 81
139 146
95 69
123 155
170 105
128 40
36 193
10 164
153 5
178 184
114 178
107 131
130 187
6 94
180 17
80 35
65 181
131 98
136 54
118 9
166 68
195 99
32 88
92 109
100 106
176 100
61 11
22 53
108 99
53 87
119 153
59 163
15 128
9 67
172 116
198 193
153 157
185 151
132 147
170 77
19 52
163 76
38 16
82 106
58 107
184 190
100 52
126 82
121 63
66 32
30 145
13 68
152 117
182 39
58 13
68 96
164 88
2 153
87 14
180 116
54 34
21 129
112 10
91 157
153 171
188 60
192 124
87 15
110 11
134 30
164 36
148 115
160 59
124 162
184 38
43 109
