p td 200 3200 
74 21
86 198
165 198
34 123
143 96
190 90
165 59
53 26
65 197
119 189
64 60
92 148
95 45
173 58
20 169
52 83
7 72
104 113
133 39
148 151
80 82
170 104
191 82
141 116
6 77
196 79
164 48
193 27
194 39
35 188
144 38
65 110
6 18
167 80
149 197
172 44
186 79
57 188
198 134
104 173
17 27
122 71
146 81
127 105
89 28
153 36
81 182
145 176
45 117
13 24
54 158
40 36
172 38
158 166
79 31
122 93
128 187
185 85
133 101
87 158
180 110
23 11
43 43
175 97
193 39
19 17
143 136
39 77
140 166
35 57
15 164
106 138
43 198
167 183
191 45
5 48
160 79
181 76
14 52
127 165
186 85
44 164
69 91
99 180
75 40
116 20
146 18
160 173
4 113
134 41
32 23
102 181
79 84
48 38
147 19
33 57
177 20
56 163
54 59
39 43
26 8
174 59
75 4
43 139
51 75
88 153
162 142
192 135
58 95
95 59
72 115
76 137
6 173
20 196
44 188
70 137
17 27
147 135
93 119
52 60
116 147
22 84
200 90
68 13
165 104
1 73
149 108
40 144
174 114
23 158
96 29
125 148
187 72
117 58
32 136
35 28
191 150
1 124
50 148
127 134
23 146
87 159
104 175
199 146
150 118
5 115
62 34
5 150
42 30
198 173
5 49
44 189
177 112
24 134
91 111
26 179
144 34
146 132
157 77
112 149
144 117
93 2
112 180
175 75
124 103
181 149
119 132
21 62
200 41
197 61
84 166
85 99
52 103
93 135
56 60
114 188
172 200
196 133
192 27
19 12
29 84
61 115
136 122
113 118
44 54
103 124
22 8
55 190
118 165
121 34
181 188
81 148
61 184
2 18
74 67
119 119
32 87
75 140
35 25
31 81
188 130
80 191
36 86
80 139
113 17
181 160
94 111
192 45
100 8
3 82
71 32
76 76
179 187
177 106
14 153
21 152
10 162
39 53
154 118
162 58
91 71
171 86
182 75
145 23
34 62
192 66
23 141
140 177
71 82
150 43
138 81
8 179
125 73
164 131
59 163
14 79
29 161
140 61
200 107
19 156
53 103
154 174
105 107
193 119
42 134
29 125
102 111
59 27
88 55
84 20
121 83
148 33
68 41
28 15
132 58
7 194
41 46
30 112
107 52
135 16
104 63
104 175
39 76
25 123
84 40
190 53
63 38
56 17
134 65
169 133
66 33
68 99
26 116
194 103
9 141
132 144
135 110
111 8
22 75
101 31
114 189
111 79
49 125
25 134
121 199
188 55
176 72
136 154
57 194
166 172
90 44
150 200
130 194
145 62
73 32
195 3
173 4
26 68
14 11
20 188
28 65
45 74
91 62
92 21
43 197
81 69
13 4
61 198
10 70
189 149
125 49
156 12
97 70
37 22
87 167
21 13
104 150
197 2
132 74
100 10
89 138
83 102
135 21
125 17
126 7
60 199
124 154
171 3
199 130
6 168
193 17
62 181
112 199
188 20
28 71
42 4
79 146
77 11
33 184
42 57
64 36
175 29
128 197
14 176
1 67
131 199
198 86
38 27
109 83
194 54
130 76
60 177
100 139
193 4
20 28
87 84
7 127
9 69
147 9
141 17
79 32
145 193
163 6
1 196
194 122
83 119
184 109
185 49
73 44
2 108
173 31
158 36
106 48
140 181
63 173
146 16
134 111
98 167
43 89
123 7
4 192
111 7
8 89
181 148
49 107
188 179
131 59
5 157
35 166
5 106
54 146
82 94
193 68
188 99
5 164
199 29
173 127
46 192
155 28
87 36
84 12
130 20
138 156
113 64
194 45
137 137
2 21
197 111
23 129
163 11
96 182
200 198
20 119
48 99
92 116
100 62
187 133
7 29
19 88
7 7
34 10
86 157
60 50
129 184
47 42
193 138
144 17
67 141
82 146
77 194
173 144
187 128
67 66
31 68
139 166
4 35
181 174
104 57
105 146
149 156
22 123
39 29
155 111
3 135
19 121
76 76
27 129
88 143
99 125
123 35
29 93
80 153
70 62
36 178
161 80
8 85
54 13
43 76
4 4
155 31
104 190
191 24
50 56
71 133
56 133
93 66
61 24
33 18
131 128
65 131
98 121
187 97
15 187
50 1
28 126
186 127
150 67
19 41
147 194
200 68
4 111
38 119
101 154
200 52
65 27
173 160
86 100
170 200
199 65
195 65
191 141
141 109
136 145
109 178
170 121
78 177
131 103
49 189
197 137
117 165
76 62
26 3
4 184
175 136
10 185
179 71
16 184
199 87
180 87
39 94
120 179
99 32
127 63
112 109
183 177
156 4
159 194
27 192
40 5
187 31
28 44
102 200
153 31
175 189
25 110
128 158
5 137
94 27
119 26
69 13
123 109
186 153
148 112
152 94
165 164
100 107
9 100
110 95
40 83
73 152
137 23
7 28
129 192
165 1
189 15
84 42
195 40
67 118
196 27
161 103
88 24
118 22
141 173
136 48
167 185
129 23
8 185
124 82
133 195
76 160
103 40
73 168
178 163
57 6
125 33
92 198
199 115
187 64
21 145
171 95
93 23
199 5
88 103
102 182
161 56
85 19
141 157
16 20
195 11
16 166
135 194
122 146
165 44
182 173
47 1
125 192
58 172
63 107
178 126
14 53
186 46
133 22
121 127
60 97
190 33
195 3
24 22
24 24
139 35
132 107
35 46
52 38
31 31
18 159
98 151
71 120
117 193
160 46
165 198
193 113
136 16
94 81
184 141
65 73
134 147
50 198
81 160
5 94
70 68
81 86
125 198
16 143
87 82
34 34
62 2
154 15
45 134
107 111
179 42
110 123
94 80
128 198
100 91
126 24
77 112
192 142
46 40
122 58
156 121
200 147
17 162
128 40
91 124
92 101
189 164
5 23
186 164
51 38
34 103
26 67
140 47
19 2
186 122
127 85
192 32
161 69
115 44
186 50
85 14
162 138
121 139
167 49
46 196
4 47
44 45
119 191
33 90
119 31
84 104
110 70
143 196
153 18
133 102
108 94
130 156
39 28
69 9
60 154
79 146
22 55
49 125
94 40
32 135
70 4
104 134
136 125
1 106
42 95
192 174
137 41
89 46
148 135
161 6
178 91
47 198
153 127
161 175
60 17
2 198
43 30
36 109
57 197
76 144
189 80
59 178
172 78
85 14
79 179
124 30
88 85
150 16
89 49
79 13
197 39
72 112
29 186
113 130
122 153
143 7
169 74
6 36
89 62
75 68
56 88
28 177
129 81
196 200
49 58
47 97
32 102
54 48
126 30
175 59
56 122
172 151
140 186
91 134
104 133
137 137
1 81
26 104
129 105
57 97
175 143
63 18
90 47
184 35
125 113
124 132
17 165
84 114
15 186
116 110
128 158
102 50
197 29
58 103
94 7
99 123
143 162
49 196
147 27
148 43
172 40
154 122
172 106
141 200
37 68
31 33
174 147
23 32
7 101
176 115
41 74
51 22
191 139
124 129
16 162
34 195
159 106
3 40
115 162
26 12
122 196
116 143
72 146
108 93
146 132
172 156
139 93
175 19
184 179
51 137
106 157
155 136
185 154
28 82
75 95
9 180
12 170
164 140
132 21
3 134
86 81
104 162
26 10
103 67
190 190
197 191
183 144
20 161
150 108
144 63
44 46
108 68
198 103
130 88
154 65
113 134
179 92
46 159
109 55
120 160
81 40
89 120
49 34
72 181
16 31
5 187
70 146
176 41
74 32
159 163
169 138
168 141
49 66
173 192
157 114
100 64
124 6
164 98
109 12
192 83
88 40
45 135
193 33
5 129
27 110
78 54
194 57
46 177
192 175
27 2
43 3
131 97
52 172
16 94
106 109
154 103
3 1
49 129
35 134
94 65
145 136
136 93
199 48
112 182
118 33
135 87
15 31
173 58
142 19
65 187
198 79
16 162
23 68
70 49
115 55
1 22
183 161
185 161
44 144
171 93
29 81
110 139
194 54
104 26
10 190
35 87
55 82
22 14
109 1
148 193
185 52
125 27
25 19
144 127
98 7
48 133
98 97
4 96
136 126
4 67
22 101
38 175
136 71
156 197
128 157
38 128
150 1
180 133
188 180
135 175
59 80
158 102
1 148
109 71
63 66
114 87
13 63
200 155
171 106
102 198
99 13
12 18
172 100
102 52
163 43
160 144
164 150
6 107
184 103
85 37
28 151
98 104
146 41
108 90
41 105
52 95
120 32
195 76
189 196
113 164
127 65
118 168
180 67
28 12
159 143
109 81
97 76
61 174
182 143
46 26
121 32
119 170
38 107
146 36
72 9
59 34
152 181
59 28
184 94
182 103
139 182
27 11
174 101
132 196
58 59
72 169
65 92
98 27
181 89
164 72
16 23
186 57
59 95
100 16
10 170
160 122
93 142
88 150
10 35
117 96
97 179
163 169
27 19
165 140
162 99
157 46
10 114
136 16
139 130
17 69
81 71
109 80
12 152
21 43
129 181
11 161
161 157
73 107
81 176
5 182
127 187
186 99
56 111
82 63
116 48
164 191
128 163
49 41
182 65
129 93
36 168
191 46
192 2
11 122
196 89
15 110
160 44
73 171
70 61
135 95
57 91
49 10
33 104
124 89
18 70
13 151
141 32
56 30
28 83
25 175
124 198
143 138
10 35
166 163
125 33
28 46
73 86
13 86
45 76
84 106
153 103
177 187
179 137
76 64
71 110
17 165
57 151
108 158
54 99
180 60
183 89
185 60
77 174
200 96
136 53
128 92
186 178
100 92
198 196
167 162
86 49
130 163
161 58
128 115
1 44
42 1
34 110
5 163
194 57
89 51
194 87
157 144
120 49
53 31
95 38
115 189
83 25
72 174
5 31
113 87
79 132
21 50
114 42
1 166
19 50
3 92
14 130
199 111
175 61
89 184
198 21
3 22
146 51
63 94
49 169
152 186
121 9
10 175
143 128
4 200
159 66
195 5
74 105
101 160
60 9
181 133
53 82
137 95
37 108
91 181
139 128
181 124
183 9
25 95
94 118
66 186
40 26
49 177
85 147
135 199
113 182
98 25
128 175
78 95
54 79
29 183
76 26
43 109
109 159
158 195
19 78
174 37
27 79
44 196
160 28
130 58
32 138
39 115
157 30
143 6
44 196
30 39
177 40
173 132
131 197
110 127
10 139
153 139
12 126
193 40
18 89
161 169
13 62
78 188
17 173
34 43
188 43
71 172
154 143
111 77
181 14
199 180
194 132
136 177
179 19
110 148
105 40
199 193
33 94
26 8
59 64
2 110
31 171
169 44
52 41
55 156
187 99
123 96
124 112
177 178
85 5
47 136
41 75
163 67
132 81
87 192
22 30
48 75
127 196
47 3
30 79
105 30
170 14
31 56
168 104
59 25
183 47
98 59
18 185
21 168
126 29
181 197
47 22
142 106
40 70
64 103
168 33
167 26
88 117
63 37
57 75
110 2
185 138
151 130
115 123
59 102
18 130
57 105
193 66
20 97
184 143
28 168
63 162
104 17
45 115
89 110
168 196
69 130
177 47
168 163
18 115
83 98
22 79
57 181
98 151
168 134
3 83
158 117
88 182
13 102
197 164
20 93
187 122
107 74
155 160
63 183
162 184
83 7
46 199
167 146
114 56
196 185
137 48
152 49
32 26
132 69
5 101
21 85
148 123
83 88
162 130
136 91
194 185
82 53
109 161
96 7
54 55
55 139
28 11
10 178
167 19
114 189
59 39
29 127
166 146
113 200
27 61
162 142
98 124
167 41
74 42
167 129
20 4
154 39
194 117
119 37
31 44
133 62
62 13
57 31
108 173
81 27
162 56
196 66
169 171
173 122
113 34
158 29
19 77
166 186
160 49
40 34
22 195
182 125
18 55
191 122
120 123
9 190
99 50
173 194
85 61
91 161
124 9
43 87
21 143
32 51
172 101
160 128
149 162
61 188
135 190
18 130
77 28
103 59
46 175
22 133
87 15
129 97
54 119
80 158
171 52
22 39
2 69
83 142
124 53
196 52
135 18
40 39
114 31
179 154
35 163
77 9
145 31
116 178
181 41
33 116
121 15
48 129
176 166
92 54
140 32
93 97
61 183
199 112
32 76
156 46
148 153
151 8
140 121
121 94
189 108
45 174
51 109
148 103
166 131
137 119
137 99
176 94
26 142
179 188
140 146
78 151
6 163
200 6
67 32
13 132
170 126
200 79
196 22
66 93
80 175
55 189
146 3
122 32
31 170
60 16
11 59
18 118
87 136
111 37
24 42
175 66
6 102
31 200
30 44
90 20
160 119
73 94
42 58
22 149
196 123
158 32
153 178
72 43
185 3
185 152
111 144
145 62
77 36
62 53
69 95
132 56
193 78
28 142
198 94
138 160
9 141
172 198
119 125
82 84
49 37
200 46
90 23
161 20
187 127
41 186
80 3
18 38
77 164
146 119
52 75
124 20
94 121
90 118
198 100
90 92
117 108
20 197
138 64
200 99
54 48
59 32
96 179
121 150
88 79
54 101
16 75
110 111
11 43
177 39
124 81
70 195
200 15
127 38
173 66
136 176
186 16
118 98
86 167
33 88
25 116
41 41
102 69
24 63
58 180
181 157
68 98
84 58
18 121
27 10
89 138
25 18
106 139
174 116
192 43
84 105
107 101
67 127
122 63
3 72
12 18
125 7
150 54
139 14
35 72
126 99
34 8
126 200
131 52
155 134
3 2
120 110
3 91
100 47
178 68
14 175
32 100
180 19
23 18
150 193
119 12
107 95
105 83
199 11
4 1
57 157
122 13
198 24
30 12
187 102
119 182
83 53
143 79
149 41
103 100
69 12
21 112
141 46
183 136
65 30
33 31
104 141
132 75
87 186
145 198
187 115
46 132
147 7
166 53
62 82
123 77
9 40
1 132
58 109
76 148
169 83
151 140
70 124
39 187
109 61
106 173
129 61
127 192
53 123
13 10
86 172
117 50
72 10
183 35
95 125
128 49
47 65
130 166
11 134
25 165
20 40
134 95
157 118
193 108
8 12
53 179
100 78
100 113
29 183
100 82
148 131
106 48
20 100
198 140
69 126
22 36
28 105
148 14
101 75
12 49
23 178
108 20
32 175
164 104
181 21
38 164
92 16
170 113
38 197
57 49
148 49
62 55
38 43
109 200
16 89
150 170
65 122
145 106
99 17
111 133
192 28
145 32
189 62
187 158
100 10
130 68
112 2
131 187
185 18
25 36
81 85
168 169
42 8
128 2
14 151
74 122
9 115
183 191
85 83
51 9
154 79
190 40
17 103
101 53
41 122
101 172
164 177
127 88
36 195
108 188
104 93
67 82
14 30
85 123
83 76
8 157
2 196
184 161
112 100
153 150
52 77
74 155
111 54
24 189
185 13
163 192
98 160
122 44
167 94
4 26
14 23
146 47
109 139
107 169
4 164
38 27
55 57
189 88
185 128
89 47
58 130
170 60
14 22
25 129
133 83
20 120
117 97
158 18
153 66
147 137
73 162
193 145
34 186
116 33
144 158
105 175
172 39
101 120
22 161
184 35
117 134
125 50
22 61
163 139
184 173
108 82
3 39
125 73
148 30
121 146
22 38
47 137
173 89
85 56
166 89
173 42
84 93
133 73
54 145
25 108
77 148
69 73
66 25
193 176
49 103
97 60
70 84
156 127
39 87
13 189
69 188
190 36
192 168
69 144
134 190
142 105
22 131
63 52
153 115
198 179
98 162
151 98
86 142
142 76
16 22
162 54
153 155
88 115
82 91
31 90
188 181
43 24
186 163
68 119
128 180
169 58
84 119
80 39
131 89
163 49
112 119
24 72
13 92
62 134
131 192
2 184
137 56
169 130
73 126
126 99
16 86
189 125
114 41
157 61
45 175
60 150
114 19
165 142
61 37
59 100
42 62
107 135
79 168
43 137
190 67
99 178
91 76
139 124
174 96
110 180
165 147
186 188
45 90
156 198
184 134
194 154
106 111
84 36
133 41
178 168
78 28
197 17
164 58
9 25
28 65
126 135
124 56
199 175
183 65
70 183
142 181
178 73
10 93
178 81
67 120
119 186
143 23
137 130
11 80
1 42
156 98
26 193
113 145
22 43
65 158
34 183
65 93
103 200
26 63
46 32
44 14
199 32
34 174
119 62
58 155
95 27
182 64
2 123
158 17
161 158
4 149
168 22
191 47
177 27
46 17
123 30
44 27
38 123
85 176
26 118
174 194
83 83
194 10
4 125
158 101
159 87
154 74
191 34
149 110
162 36
108 197
115 126
112 140
32 196
18 161
99 102
92 66
182 9
106 42
58 124
135 22
90 125
51 103
48 9
122 150
168 169
43 16
190 34
168 61
83 120
66 189
140 104
185 152
178 97
57 128
87 84
12 19
75 3
171 27
6 42
9 145
145 156
135 47
23 175
160 46
66 124
188 29
46 138
135 126
74 183
88 139
107 26
1 127
1 61
128 89
42 92
149 136
121 72
142 97
115 158
154 69
166 93
185 147
45 191
169 188
13 188
158 73
18 170
125 132
162 93
168 182
149 62
23 74
16 43
39 127
149 74
79 139
58 135
103 32
131 110
124 131
5 65
182 199
75 57
80 181
155 172
156 156
138 9
37 40
130 111
149 1
37 2
185 78
48 42
133 125
83 32
54 32
132 36
166 66
134 42
35 157
26 102
37 57
175 145
183 178
35 184
4 105
123 74
43 199
105 114
135 180
73 145
193 156
115 156
62 105
19 53
39 196
159 86
200 169
69 55
135 156
182 79
111 187
75 63
66 127
190 44
195 107
137 61
14 71
92 104
82 48
51 82
55 97
102 121
109 30
92 104
181 68
189 30
200 68
49 187
111 200
183 76
47 42
41 56
138 189
156 182
195 29
156 95
38 86
166 20
112 5
65 181
80 57
68 130
196 118
1 124
171 174
174 57
95 147
25 184
56 199
36 134
179 154
90 47
75 120
94 106
129 98
41 93
49 17
102 150
198 158
135 156
76 71
140 73
170 196
58 146
42 38
92 78
167 85
53 73
188 30
144 40
151 10
159 168
66 179
156 141
166 86
27 116
49 48
37 51
69 17
133 71
95 19
141 129
3 117
161 98
137 95
15 63
50 8
99 37
52 154
25 94
1 185
13 188
41 81
122 184
41 186
79 160
199 173
72 127
169 127
20 199
162 28
51 21
29 132
37 71
59 41
200 66
164 76
170 17
65 152
51 98
198 110
143 68
2 29
191 40
54 87
91 155
47 105
162 20
132 20
49 91
97 151
115 53
106 13
104 101
51 177
182 37
99 63
157 10
126 114
183 117
161 196
158 150
123 193
158 37
164 121
105 95
20 96
113 86
135 63
178 45
8 41
172 43
151 162
82 147
81 162
61 31
59 42
28 68
56 50
114 179
99 120
4 64
178 151
181 61
182 72
171 23
103 70
184 4
68 163
165 149
25 170
126 81
153 130
70 188
2 107
84 63
126 6
103 164
100 113
190 73
128 152
135 141
43 80
29 126
107 198
63 131
10 28
180 26
62 193
126 121
200 45
47 188
92 18
156 123
116 29
133 192
115 184
127 77
129 84
150 188
12 58
141 50
172 128
119 128
29 108
157 190
70 56
6 157
26 119
156 76
77 83
134 133
155 183
39 181
33 103
147 68
101 165
146 192
161 1
80 74
175 150
131 39
132 29
106 61
44 135
174 114
32 50
169 72
59 166
62 65
41 31
105 34
169 62
73 111
179 116
64 107
87 5
171 187
154 105
19 22
148 100
137 112
181 115
100 70
46 18
20 196
181 41
12 128
190 91
73 107
167 67
65 168
76 72
68 145
18 98
47 198
27 6
47 103
68 63
171 135
94 143
143 169
100 108
9 189
139 39
79 104
173 66
26 46
185 181
9 74
141 170
90 197
47 58
144 17
131 188
24 99
80 117
197 176
188 54
121 12
35 124
141 145
94 152
176 51
40 200
145 1
69 121
20 6
150 18
78 68
81 108
45 139
123 122
55 99
150 154
107 31
26 107
183 17
181 7
42 71
7 165
148 46
25 168
21 70
93 87
26 154
151 42
116 39
87 69
48 36
140 100
169 24
170 184
152 152
99 173
134 162
4 124
55 104
36 155
180 19
184 102
111 130
41 170
180 64
81 28
182 122
94 199
19 121
149 158
126 119
123 137
153 92
140 110
79 143
81 187
48 28
120 108
119 143
87 51
111 55
85 75
29 22
180 187
86 1
107 169
189 173
86 13
25 20
23 200
93 66
6 145
141 102
2 109
14 199
85 54
49 117
57 47
64 114
99 24
119 32
2 158
186 152
82 186
63 20
133 36
103 91
77 96
109 178
68 116
48 141
114 183
147 4
77 170
151 144
86 181
126 162
190 72
175 5
12 47
97 181
200 43
111 97
33 61
87 183
109 39
37 70
49 5
145 111
114 116
200 160
61 166
4 41
73 2
175 191
139 190
185 143
150 133
80 131
195 164
43 58
10 105
33 38
130 59
184 94
136 166
165 69
181 39
96 59
109 77
133 20
154 26
36 75
62 152
127 24
141 120
109 39
92 162
84 28
104 128
184 185
72 86
20 135
197 70
102 146
14 104
199 3
199 57
126 141
45 113
134 152
149 150
125 148
31 165
106 28
90 69
133 67
182 93
29 180
7 115
172 107
65 186
138 181
51 118
139 73
69 21
78 129
72 70
152 8
189 2
115 79
105 149
185 104
131 193
2 148
62 160
120 112
196 42
36 51
126 175
128 109
148 106
106 189
14 77
23 150
171 139
155 144
73 67
155 165
62 149
77 182
55 51
111 195
180 176
33 20
101 129
126 113
28 11
188 134
14 24
113 163
112 122
165 20
169 36
14 12
180 112
157 148
52 63
141 82
176 56
108 129
58 163
109 183
137 183
84 97
125 115
15 87
189 65
43 189
68 157
119 7
98 58
164 108
98 176
21 168
188 42
112 200
182 93
167 2
151 34
153 48
2 148
76 36
159 140
30 44
75 182
182 37
107 74
187 193
49 37
160 16
15 149
200 33
132 183
44 169
34 43
117 102
29 176
22 58
58 3
185 94
97 175
174 196
2 45
102 4
88 170
13 131
113 155
13 122
152 113
180 40
96 60
86 19
185 73
7 196
67 182
151 137
41 179
181 89
57 77
123 87
122 53
171 199
127 88
62 125
63 125
194 158
183 132
114 72
124 117
51 71
170 68
37 83
185 31
174 47
2 113
127 63
35 123
6 17
135 164
40 137
110 128
22 65
49 109
143 106
163 89
96 129
65 69
191 20
82 144
143 73
77 159
129 94
32 44
121 99
50 24
180 20
161 52
55 16
62 176
167 61
134 148
96 26
141 144
170 159
164 11
147 125
24 148
87 76
179 76
23 133
57 157
106 20
189 126
154 191
62 65
82 152
116 63
3 115
127 56
49 175
101 137
51 192
33 9
21 116
126 105
162 40
58 176
120 72
7 130
113 7
55 23
147 27
105 34
120 90
142 184
2 192
66 5
27 188
142 182
32 91
33 86
106 187
76 116
23 91
61 50
52 98
47 157
112 14
180 58
170 152
139 181
94 101
160 119
156 63
108 111
48 94
123 170
189 33
70 50
136 137
166 38
95 157
5 130
139 97
194 53
159 75
70 166
77 186
175 98
184 58
35 173
19 97
55 175
146 71
25 25
96 39
4 131
129 33
161 111
77 147
71 190
147 148
13 63
94 128
95 103
157 35
49 5
101 16
189 51
9 176
122 159
31 131
69 49
66 180
23 48
52 153
128 134
79 107
137 103
135 107
32 90
97 194
142 44
105 89
141 83
148 171
131 110
15 185
148 69
10 29
33 95
146 71
105 9
176 113
197 120
42 37
177 10
186 129
133 167
90 11
8 183
28 170
13 166
92 188
22 92
173 161
118 181
45 96
59 184
10 164
47 39
6 167
36 50
181 152
3 150
82 164
177 10
58 4
173 32
69 191
113 74
69 170
182 43
49 69
185 47
163 141
145 4
73 110
23 3
22 35
111 139
182 106
91 118
14 150
192 45
133 184
68 142
158 165
120 87
110 128
102 139
133 193
156 131
116 123
26 179
42 102
131 7
183 124
2 181
174 174
134 40
142 183
159 188
65 74
102 74
110 72
169 163
65 177
116 89
145 75
70 91
13 174
111 71
101 32
47 23
10 96
100 22
190 83
157 71
123 163
29 178
94 103
197 25
97 195
49 195
94 71
133 79
118 133
85 12
53 177
55 138
14 50
62 49
110 187
104 186
136 185
193 127
44 183
7 123
149 133
164 110
113 69
144 190
92 112
156 77
154 23
85 149
55 117
43 101
177 21
183 66
149 105
77 60
69 50
21 110
32 179
171 105
52 111
19 80
17 174
150 129
46 63
151 117
16 83
188 129
162 2
108 81
35 9
156 39
98 7
58 74
122 14
107 200
188 82
104 154
129 92
183 25
130 119
45 118
58 164
17 185
73 200
171 46
189 99
18 147
181 175
69 131
82 94
60 155
142 157
95 72
135 38
81 100
62 138
114 5
29 146
21 186
27 93
120 113
137 198
111 5
19 88
192 20
159 152
52 8
155 104
17 60
33 162
132 90
157 148
140 14
138 75
183 178
145 126
9 133
55 14
85 131
92 41
61 75
153 30
115 167
163 65
145 106
13 100
184 130
7 107
114 33
37 170
43 41
123 98
56 90
88 83
104 18
10 192
84 81
145 118
11 61
13 65
30 141
80 24
58 39
180 41
83 168
153 87
191 109
3 96
114 29
78 183
52 138
64 173
153 72
20 195
113 97
112 164
165 103
102 34
141 96
185 81
82 116
125 139
115 2
133 173
64 176
74 140
51 83
4 19
194 7
174 152
185 144
6 16
96 180
31 40
112 5
163 82
102 28
139 136
66 4
153 131
57 46
50 174
6 126
48 143
117 70
31 192
82 64
26 94
36 200
141 174
6 103
157 102
4 173
1 59
124 31
43 93
170 112
103 176
24 179
106 14
41 77
93 44
56 184
81 195
43 199
184 70
176 29
167 85
147 108
31 10
189 100
139 60
101 97
172 47
90 20
180 67
138 52
147 90
166 44
107 60
76 165
29 168
98 65
47 95
192 109
135 34
122 159
174 87
35 150
47 166
30 142
129 82
98 8
42 31
142 111
117 171
105 43
156 89
124 192
159 200
72 200
80 91
95 114
103 183
90 114
173 182
113 126
174 178
139 58
4 77
34 122
137 11
121 103
42 45
99 163
123 59
118 60
97 29
154 103
97 169
19 142
188 178
143 4
102 60
175 47
172 51
154 2
133 122
195 84
10 14
149 78
103 106
62 155
10 137
199 157
1 152
99 60
78 13
156 38
25 41
42 173
74 64
43 59
95 25
168 121
5 11
43 20
117 111
166 127
50 9
69 125
10 88
44 86
175 108
69 159
56 147
105 57
55 177
167 144
74 11
84 150
119 9
33 72
176 40
111 37
37 111
7 118
52 60
72 89
102 182
80 116
1 64
148 142
188 47
95 198
49 30
50 94
87 137
111 159
104 37
150 163
135 31
151 12
37 94
24 51
8 12
47 53
118 197
82 13
132 198
119 194
116 15
120 150
111 179
14 17
6 171
197 88
8 92
60 93
200 147
92 165
165 147
105 197
171 111
33 44
38 125
98 187
56 168
64 152
54 106
156 128
18 162
59 157
62 128
190 184
101 113
192 126
25 191
18 197
78 162
32 192
90 111
29 186
167 145
76 99
54 28
44 32
136 5
84 12
193 150
7 129
35 24
63 190
84 156
38 122
192 26
174 105
127 98
116 91
161 178
95 63
53 27
144 159
14 138
21 5
150 52
21 89
73 189
137 130
117 13
123 183
171 136
66 13
43 69
167 4
147 138
15 109
77 168
73 95
97 44
16 173
22 95
114 128
165 115
143 47
123 112
65 129
169 106
70 98
167 118
59 131
165 170
93 162
179 182
57 32
144 200
3 28
113 136
102 186
42 169
188 200
77 16
88 38
22 8
12 163
137 19
93 155
194 167
25 77
33 56
58 152
191 37
155 182
147 165
110 165
161 106
103 170
171 34
98 20
183 12
4 138
40 76
96 150
133 159
106 164
47 104
131 5
133 101
28 14
135 169
18 178
170 46
28 123
23 18
146 12
176 76
125 184
182 104
8 160
25 31
100 46
135 22
2 59
98 25
84 132
178 90
66 23
54 128
71 74
129 192
64 144
128 165
86 38
44 97
114 96
24 191
82 113
98 12
195 80
25 1
188 104
98 148
12 24
111 88
47 126
69 31
111 2
130 80
44 133
183 98
6 163
48 110
161 50
170 42
106 23
150 5
129 79
23 147
190 114
154 96
145 142
103 39
7 117
179 107
48 101
83 19
23 185
150 80
11 172
128 181
125 30
61 172
