p td 200 2800 
55 28
139 42
37 132
47 143
16 120
153 14
154 154
96 198
101 117
23 195
66 137
71 51
143 31
52 113
152 169
145 12
181 150
160 151
93 36
195 157
50 11
107 21
169 196
63 146
105 168
113 21
106 24
81 14
42 109
80 3
132 122
17 199
40 95
89 188
108 199
121 125
186 120
37 76
192 40
83 138
2 131
186 112
53 69
114 174
103 126
148 164
187 77
115 113
138 13
123 162
84 124
160 1
185 63
2 152
162 164
132 119
170 135
45 196
177 45
106 122
123 31
170 155
105 63
5 193
187 95
87 142
198 9
111 112
171 78
73 150
113 194
107 175
73 38
107 104
147 122
73 78
40 33
118 4
58 145
3 113
47 167
192 166
160 51
191 82
117 193
193 107
169 163
66 84
53 65
109 125
61 78
150 106
110 78
124 59
38 144
48 167
60 176
72 44
22 40
110 194
74 5
49 95
38 145
18 4
112 129
200 67
47 187
88 76
12 124
41 80
157 181
69 114
18 106
128 40
200 3
185 87
7 112
166 112
160 166
31 112
49 135
66 11
65 156
3 30
86 68
89 86
152 106
188 95
44 133
45 74
65 180
83 186
133 153
154 131
136 142
8 117
165 51
49 142
109 171
18 42
120 37
1 7
74 31
170 33
127 165
29 15
63 167
83 8
28 9
65 63
61 179
84 124
175 8
71 57
133 91
6 174
123 160
42 62
66 68
28 19
117 26
127 85
85 159
65 165
12 51
77 109
176 181
166 159
41 17
21 92
50 176
103 88
156 145
132 130
133 191
36 194
22 143
180 126
180 177
159 157
71 149
81 9
36 45
158 79
166 148
11 8
125 176
196 168
104 45
170 39
48 143
120 153
126 181
155 137
43 72
14 100
64 131
47 18
122 80
39 32
84 15
66 3
51 174
51 143
28 115
180 161
34 127
57 70
83 171
200 151
84 9
184 11
155 104
90 5
194 85
143 5
103 96
42 92
49 54
29 154
166 165
129 101
73 111
183 107
98 159
169 48
39 90
118 187
90 143
162 29
20 6
24 123
114 28
10 121
186 104
117 199
139 180
122 66
115 94
85 88
186 116
65 43
173 131
170 132
47 164
2 27
179 4
50 187
146 188
68 57
193 138
129 148
21 136
98 170
126 23
167 95
132 117
105 69
135 116
183 183
104 46
157 116
84 70
184 135
175 121
126 65
65 106
26 62
23 132
56 100
110 134
197 41
29 94
93 129
180 173
109 24
65 138
192 76
122 71
86 25
106 27
60 52
158 126
12 180
192 58
111 172
77 177
45 122
143 127
6 98
40 163
61 77
80 144
71 90
108 34
121 139
55 49
14 134
168 79
93 193
122 78
166 167
80 71
36 32
74 46
48 62
9 176
191 24
63 64
65 26
141 24
55 188
128 111
44 37
192 16
195 153
192 154
35 194
100 65
67 98
127 107
190 29
159 152
73 137
193 102
86 192
100 178
187 62
28 63
37 34
190 172
157 24
30 181
156 145
193 47
118 168
69 32
89 48
63 116
41 72
182 128
160 143
116 149
43 120
105 190
88 75
13 94
109 70
155 177
77 42
66 112
54 137
2 28
50 142
188 66
179 123
19 160
79 18
184 103
11 106
56 72
61 4
147 124
164 190
178 27
23 89
11 157
141 21
21 8
18 9
39 199
133 172
52 14
175 185
66 149
44 8
125 177
102 176
2 85
61 120
45 84
87 81
145 180
184 152
175 109
117 156
181 49
19 138
3 13
133 111
113 122
77 24
93 140
162 34
141 160
59 120
84 15
41 7
82 137
19 152
14 159
8 120
99 69
119 99
68 165
108 27
31 96
40 118
6 176
126 105
97 24
161 189
194 102
18 158
193 36
90 66
86 188
20 70
153 14
70 191
65 96
60 73
31 148
18 112
23 100
159 3
60 143
137 93
12 106
41 195
156 19
100 39
195 7
75 150
198 189
171 81
171 188
80 112
43 4
131 40
31 80
122 157
187 185
198 44
24 178
180 106
147 69
150 176
200 62
140 97
152 2
67 74
168 168
124 140
154 119
174 70
102 55
79 172
168 120
97 123
65 171
10 162
186 132
59 115
65 127
183 26
12 181
104 49
71 99
69 3
52 133
90 138
98 180
90 113
81 175
136 100
136 80
170 20
47 196
73 198
93 122
28 8
134 177
120 18
131 89
66 32
119 191
191 5
55 170
160 174
137 178
30 166
94 199
18 135
124 193
119 39
94 35
12 95
72 157
34 155
79 57
28 184
109 200
93 153
138 80
132 112
37 95
199 86
85 162
71 40
44 122
156 67
104 173
53 3
37 130
3 40
77 18
186 187
2 112
174 193
130 142
77 196
160 85
11 47
82 184
86 64
156 120
21 52
174 177
136 124
116 156
173 18
109 93
135 48
3 26
14 20
103 173
183 103
33 145
13 14
147 130
6 167
185 9
75 111
62 148
188 163
100 36
184 103
151 29
150 32
177 171
82 32
134 32
33 93
22 9
44 195
52 111
148 184
127 198
64 97
125 29
98 115
135 113
101 115
140 157
154 13
143 19
151 41
118 38
124 5
195 58
46 137
8 28
115 55
51 149
100 196
200 165
125 137
50 76
127 56
129 57
61 58
16 20
85 71
99 115
120 47
23 186
197 39
173 2
79 190
169 108
81 200
162 65
154 181
91 157
94 120
2 45
138 89
5 182
54 38
147 74
132 64
113 8
169 4
176 39
114 20
98 45
124 124
10 165
129 35
186 96
156 153
174 101
178 199
145 197
39 96
178 15
41 21
196 98
103 192
72 147
25 108
61 97
125 67
171 109
164 25
17 185
164 91
105 28
59 61
27 161
38 109
63 58
114 58
87 5
43 97
67 81
98 187
145 187
67 95
191 179
30 67
143 96
32 7
140 154
81 176
35 103
125 14
97 41
53 143
183 86
142 32
161 66
18 79
189 117
77 26
45 69
143 194
81 199
152 129
148 21
154 173
187 146
160 178
141 135
140 55
55 162
26 147
75 5
58 104
28 143
53 94
93 86
64 68
7 4
83 8
154 88
29 180
27 163
79 22
157 137
127 50
15 67
72 67
27 12
119 134
77 81
124 115
166 30
168 126
2 164
140 93
30 25
62 48
117 41
44 187
101 125
35 36
182 178
31 160
97 199
34 104
165 177
141 124
161 34
100 66
111 96
121 174
144 18
170 160
49 66
136 132
27 197
9 148
85 147
193 105
15 20
23 179
180 29
147 33
34 141
140 66
66 162
124 191
152 98
117 184
29 127
155 64
150 114
39 190
78 4
100 106
68 71
166 183
89 105
177 112
10 63
133 126
93 36
195 103
12 189
177 25
48 124
4 51
163 148
10 79
106 53
161 43
34 190
185 112
106 185
108 182
109 178
30 130
50 105
137 4
194 190
160 15
23 14
171 2
137 95
14 96
118 18
194 196
4 32
81 9
149 178
137 163
150 133
42 120
53 163
121 28
73 111
174 10
102 28
72 164
35 168
176 127
110 142
84 86
100 153
9 77
178 69
54 9
97 12
191 113
114 170
29 72
39 29
109 195
98 52
184 169
136 76
13 45
177 168
174 63
23 196
159 26
156 135
52 21
191 78
78 17
132 101
157 9
117 52
94 111
21 163
89 24
32 18
22 184
176 100
49 27
15 34
133 115
87 20
8 50
165 180
183 72
12 100
69 62
163 155
97 119
59 133
70 32
192 51
10 167
188 79
159 45
195 200
138 189
180 60
120 87
57 197
162 136
79 103
108 59
56 159
187 177
22 114
36 35
56 172
64 50
12 107
128 37
62 191
199 41
144 77
185 104
194 93
65 117
83 4
76 61
83 38
103 90
129 173
59 41
74 169
85 97
197 193
54 118
101 156
83 136
73 130
5 81
85 140
121 41
143 36
162 116
151 72
126 25
148 182
93 176
26 106
45 130
132 1
115 8
75 199
89 144
181 112
70 17
27 54
179 138
131 114
25 71
20 163
76 125
56 68
28 182
125 116
94 88
83 111
46 192
85 180
112 178
106 196
134 133
131 46
23 185
120 11
171 191
151 118
34 14
130 183
133 19
3 90
165 38
155 65
5 30
96 144
196 18
141 181
10 149
180 176
111 191
12 37
36 20
123 101
77 29
67 19
126 181
93 19
200 40
24 106
64 150
103 115
43 151
78 143
166 95
147 91
15 42
164 74
109 166
159 182
66 178
122 35
123 182
146 4
5 48
20 55
197 35
53 145
179 161
104 2
90 12
199 76
94 188
151 20
167 139
38 52
162 30
96 146
35 33
132 188
184 160
149 180
122 16
175 175
126 73
32 177
49 182
25 4
42 165
118 103
31 18
8 71
61 200
134 35
93 85
123 87
121 33
45 56
154 122
110 149
169 36
36 158
156 92
7 72
99 181
69 94
192 83
68 27
133 159
37 84
134 155
53 132
39 109
98 157
152 148
144 162
194 86
44 68
56 168
104 23
180 33
54 77
3 138
29 104
122 42
4 56
105 124
68 98
5 6
60 32
3 19
140 194
162 83
181 60
65 144
200 140
25 58
93 195
140 200
90 164
145 56
199 91
61 61
137 196
168 15
122 67
1 123
91 179
139 163
75 44
88 78
74 157
55 41
118 95
153 190
139 165
56 136
25 57
198 158
140 184
50 144
60 115
78 140
132 72
25 62
177 145
118 109
100 54
162 61
64 15
109 75
154 127
36 58
83 126
157 36
198 40
26 118
96 110
7 31
75 110
184 86
32 73
29 36
166 51
126 17
18 20
50 68
181 92
10 197
19 85
130 38
1 58
181 113
163 127
112 194
117 78
114 70
86 130
116 63
103 91
150 10
11 47
154 56
87 7
85 182
40 34
95 60
8 42
85 39
137 93
55 178
154 69
84 195
91 146
1 70
42 164
161 173
123 166
11 136
110 1
47 85
160 165
16 21
64 160
68 74
42 20
119 28
25 13
181 79
52 146
91 157
6 142
47 52
152 127
110 36
33 81
5 12
85 153
27 28
105 98
69 180
35 161
200 197
171 122
114 44
182 118
67 72
16 106
97 114
156 158
2 133
145 190
117 17
102 184
58 99
40 71
175 74
74 89
156 104
52 105
150 165
15 58
119 56
111 147
88 180
74 200
116 143
167 142
157 41
184 164
80 137
43 168
51 80
15 22
109 59
27 166
175 23
62 147
55 162
43 16
2 47
161 103
143 188
22 139
107 123
86 19
109 93
31 3
40 73
195 8
134 168
56 83
73 14
54 183
150 60
152 76
75 48
16 179
96 12
200 61
21 23
95 194
79 164
139 51
8 97
51 33
175 23
197 104
170 13
140 88
153 23
63 26
92 30
189 64
57 125
162 27
74 188
35 96
5 191
5 130
176 192
145 169
60 188
123 90
101 34
70 148
124 193
8 110
181 96
162 26
167 77
102 133
2 116
57 46
96 60
51 2
187 52
74 35
115 55
9 178
69 62
117 74
27 82
199 112
91 146
88 55
51 175
3 77
199 197
30 50
143 175
23 109
5 93
152 51
34 36
155 173
68 46
121 5
163 170
99 14
98 145
115 1
112 134
104 106
12 32
167 35
17 144
74 20
14 43
158 16
51 34
192 29
79 140
16 189
127 122
199 18
76 99
193 164
57 151
104 172
119 180
133 181
173 183
65 144
84 131
28 109
37 122
107 122
157 175
84 49
76 62
135 146
166 190
175 14
198 167
40 69
188 161
190 17
50 132
187 132
23 92
153 146
165 179
54 175
9 28
5 55
61 157
156 12
62 168
153 39
28 165
86 156
132 161
38 49
144 153
121 130
123 56
200 19
138 164
100 161
57 151
65 11
61 120
16 56
197 115
42 32
136 34
62 53
109 142
151 55
197 57
100 145
51 171
184 172
169 165
90 63
132 105
70 121
12 187
144 60
1 100
192 66
141 165
190 195
170 142
133 77
84 47
34 102
52 68
146 58
63 58
87 140
12 129
162 200
200 193
33 125
42 40
196 35
149 2
29 85
84 125
57 116
117 116
102 146
152 153
143 186
64 163
40 12
166 5
22 68
37 90
14 83
129 107
131 149
198 141
154 19
158 32
177 134
59 129
53 189
48 103
37 113
154 46
69 131
187 136
51 31
40 121
132 1
4 151
66 109
178 146
153 51
131 154
95 6
145 83
173 141
49 179
183 170
184 190
151 85
84 181
77 144
63 182
154 53
38 75
168 178
160 173
88 71
90 57
115 76
200 199
166 51
113 180
193 103
108 170
180 113
132 10
150 36
62 70
24 97
48 96
79 133
181 134
100 100
85 171
96 43
60 30
174 111
85 140
10 176
87 57
38 192
146 79
41 49
49 42
15 93
40 148
77 131
100 176
149 161
177 172
90 94
110 160
34 107
171 190
52 200
131 194
145 174
39 51
59 178
80 63
95 173
191 25
188 64
12 49
73 85
133 11
56 17
29 57
101 114
187 169
134 64
176 11
106 169
27 149
162 187
60 61
45 195
195 11
18 78
144 61
126 139
172 81
166 40
91 53
166 161
29 69
54 34
148 72
145 26
162 185
88 198
38 89
189 175
181 69
60 140
5 155
64 5
94 190
105 108
196 138
131 70
115 171
173 107
166 72
117 155
121 81
198 127
49 37
176 43
13 198
170 34
17 36
141 39
88 40
112 2
61 93
9 100
81 87
20 195
191 35
61 53
163 38
197 21
122 63
183 174
7 174
120 27
160 197
99 157
75 128
42 52
163 177
155 79
170 161
134 113
17 135
104 32
118 25
70 93
144 42
192 192
117 149
38 107
35 33
128 129
138 193
184 139
171 93
7 20
127 167
1 170
187 113
179 100
60 152
128 81
55 141
64 127
99 97
185 3
146 26
98 73
160 45
27 138
57 193
13 105
102 130
186 187
56 176
56 31
4 159
83 4
81 52
16 70
42 157
53 197
114 129
136 41
54 103
2 119
22 114
137 27
15 13
176 62
193 151
62 113
80 36
151 19
40 146
103 132
97 98
68 178
122 119
42 35
145 13
180 157
128 175
115 92
168 35
94 123
5 187
33 199
124 135
156 41
146 35
44 22
134 53
142 50
113 2
11 176
137 56
19 103
63 183
113 124
141 39
107 120
94 52
136 128
109 32
14 81
143 7
100 49
129 147
120 189
67 132
13 67
130 83
51 141
88 112
179 174
89 65
79 82
113 23
14 74
83 94
123 72
174 180
33 115
60 166
186 177
54 74
149 123
113 6
53 82
94 2
77 11
77 46
129 39
70 161
54 6
110 88
44 7
22 19
58 101
40 110
38 78
50 73
118 85
85 192
80 157
31 32
33 191
44 74
188 104
32 197
63 60
9 19
99 96
117 84
30 139
63 50
177 197
146 63
186 30
31 18
7 155
146 162
167 81
197 89
138 184
186 36
16 85
182 99
34 192
140 149
180 32
108 49
4 157
117 85
178 34
186 92
171 18
111 132
31 95
190 81
119 115
115 134
131 178
139 144
63 18
96 125
12 99
179 143
150 71
156 35
46 195
111 1
85 146
174 55
189 100
2 7
37 169
195 49
152 189
165 133
62 76
166 41
123 72
19 139
59 84
41 2
25 106
113 108
66 23
40 27
54 114
71 113
135 53
187 194
148 183
154 39
100 42
149 174
14 111
50 31
75 155
55 136
106 163
184 26
27 152
43 12
88 124
162 23
38 52
150 109
196 67
114 102
32 161
103 164
180 52
13 120
173 70
64 160
12 31
24 97
149 27
183 77
171 40
55 61
10 157
150 19
78 133
127 165
188 145
197 167
164 9
147 69
80 173
50 171
30 25
50 29
72 169
139 66
173 162
37 28
77 90
42 10
193 119
28 33
154 137
63 109
24 58
69 47
35 91
89 61
140 162
49 7
3 63
169 93
98 174
48 30
64 44
185 86
158 48
25 126
8 93
70 157
165 2
25 174
58 28
65 136
155 168
119 115
200 74
26 182
22 76
89 43
119 51
81 48
184 9
106 86
50 20
128 113
116 136
193 138
50 185
71 5
153 63
63 171
146 104
103 40
138 34
153 44
88 78
141 89
85 65
112 56
151 117
126 7
115 19
187 86
63 67
185 11
159 151
14 99
50 72
92 76
42 5
78 196
17 195
150 176
191 76
51 160
40 165
128 20
108 109
171 100
92 65
51 51
166 63
32 75
117 31
51 42
141 52
179 71
63 129
176 129
160 175
79 96
17 150
25 33
58 137
120 84
24 52
194 149
115 68
134 194
107 58
159 165
162 182
110 59
80 166
192 34
21 196
147 127
21 127
32 57
189 23
71 200
16 137
76 92
89 16
173 68
88 44
8 72
44 66
101 82
161 107
131 41
103 127
127 137
163 176
88 139
47 141
128 46
162 64
92 20
63 25
30 62
30 193
154 130
3 190
165 95
134 127
115 32
148 87
2 54
36 74
106 111
107 142
174 44
62 160
11 162
158 73
15 182
114 178
5 180
88 143
78 160
185 161
91 183
9 33
3 156
159 179
180 68
66 166
139 53
104 81
104 198
121 75
88 77
200 93
165 88
198 37
191 3
48 76
112 117
57 87
101 192
108 6
15 148
29 137
102 60
85 141
178 191
111 191
134 184
133 166
42 93
9 14
1 103
10 76
43 187
177 183
122 149
185 10
22 200
132 76
33 111
197 64
156 55
14 54
80 71
147 67
30 152
16 113
160 120
103 60
23 17
98 109
55 154
124 198
78 8
82 11
139 86
58 200
199 190
181 165
56 84
176 170
179 118
61 131
14 106
181 44
163 24
1 90
74 54
156 130
22 47
139 84
91 117
161 62
60 188
122 70
58 116
111 178
22 91
151 117
74 107
126 183
115 50
183 2
126 23
164 138
150 100
127 181
171 121
65 28
155 195
94 200
197 183
140 122
114 135
155 9
50 49
174 165
48 198
57 77
2 114
63 15
165 125
55 42
98 128
180 5
70 139
144 80
66 43
107 63
58 195
191 132
49 38
51 189
56 160
144 45
108 102
199 174
30 145
67 197
120 187
4 55
114 196
28 173
126 36
59 38
188 1
132 17
180 182
148 144
172 158
46 82
58 74
43 183
127 189
182 145
80 170
143 32
176 100
107 8
21 184
179 168
172 46
6 187
58 37
27 118
27 136
166 79
75 141
136 9
86 67
93 122
55 170
148 130
108 30
193 158
5 97
15 193
154 92
148 24
199 4
186 114
118 110
89 188
46 130
174 23
133 95
172 192
93 107
147 86
10 3
89 143
7 188
123 182
34 131
129 180
180 153
169 25
152 87
54 120
103 127
11 77
53 132
2 182
35 150
129 191
152 91
108 182
147 93
16 4
83 26
186 197
169 160
160 36
34 197
180 105
95 40
61 79
131 41
19 144
170 170
17 193
173 53
94 4
163 41
159 199
42 184
162 190
81 197
54 57
161 69
106 179
191 125
153 169
147 62
12 167
153 57
32 80
89 166
128 88
82 153
170 85
29 127
118 156
118 200
171 73
52 22
118 107
56 141
180 110
18 110
190 173
25 94
46 121
65 96
2 159
49 6
73 141
152 60
9 194
85 3
107 101
175 131
151 70
55 118
47 43
176 156
62 88
99 58
184 37
118 199
166 102
28 119
179 142
178 15
55 124
67 183
194 116
28 153
141 167
70 155
23 176
169 100
73 170
19 52
90 163
200 28
143 151
13 132
52 58
151 160
188 23
133 151
57 83
182 167
72 21
119 157
98 61
139 150
76 43
190 176
30 3
102 119
32 112
63 168
148 35
95 32
190 54
170 29
192 61
63 86
182 149
32 135
154 193
58 53
60 13
40 181
79 30
54 178
84 44
6 166
95 192
39 16
14 163
193 180
41 12
74 44
17 164
128 194
151 102
4 124
23 100
142 191
67 134
53 187
190 195
60 58
30 62
117 21
22 142
105 123
69 170
54 96
37 45
101 24
71 47
151 86
135 51
81 125
65 14
148 139
80 131
19 30
180 29
75 177
147 55
183 194
100 104
57 178
85 192
56 52
163 107
77 120
28 171
15 178
169 52
30 179
192 98
8 186
93 200
22 64
19 166
53 42
173 121
56 134
23 69
65 45
121 13
36 140
45 80
137 98
88 185
186 55
17 145
145 164
45 45
153 178
109 44
33 41
174 154
175 176
168 145
3 63
193 42
16 120
47 176
170 193
118 40
136 125
190 62
6 45
45 32
115 109
100 127
44 198
142 58
93 15
153 36
100 127
133 79
16 183
139 21
100 32
173 190
23 77
138 164
125 176
169 147
121 84
11 179
36 41
129 171
103 53
141 73
93 50
5 141
190 100
29 198
162 90
113 77
77 33
141 113
150 143
187 108
187 126
129 13
129 6
158 45
85 13
157 71
147 46
6 24
1 82
149 137
1 157
20 74
146 90
87 23
78 193
104 18
175 68
152 113
59 81
39 124
2 27
7 187
123 47
123 196
181 66
140 152
157 200
179 125
8 146
22 141
164 160
173 176
28 61
123 22
184 89
20 1
111 140
15 134
120 132
31 121
181 156
196 177
186 155
28 67
115 122
35 10
144 33
185 1
5 6
139 122
74 142
40 70
185 156
84 35
195 191
161 17
98 176
63 10
172 182
106 85
150 130
27 51
184 94
27 1
144 29
80 77
134 162
33 89
56 53
65 71
184 8
108 58
111 45
99 183
33 67
64 74
189 59
139 140
123 97
8 174
172 41
116 30
36 103
90 154
25 17
161 44
73 37
12 188
194 61
146 172
55 67
182 18
107 142
55 28
164 185
87 24
174 193
167 36
45 135
97 133
93 50
177 20
137 102
53 166
44 120
92 22
11 95
25 88
73 89
1 28
104 187
174 151
120 200
97 67
106 21
132 108
90 79
98 68
123 119
3 54
171 43
171 145
150 111
84 39
145 53
187 164
84 174
66 77
82 183
130 89
50 12
189 77
18 15
2 35
63 114
109 153
6 137
62 185
9 199
186 134
143 65
119 148
71 100
11 38
108 126
14 139
147 72
148 102
48 34
82 167
87 40
150 151
180 107
39 94
190 178
187 58
16 200
49 148
4 192
117 178
120 129
120 125
199 19
7 164
127 130
74 46
49 195
85 66
166 181
142 54
5 67
127 57
74 89
29 19
9 7
168 134
4 109
63 27
23 5
17 179
135 148
89 69
190 115
51 172
55 190
124 158
125 8
162 76
91 115
193 199
83 47
119 94
88 78
177 119
169 98
104 6
87 40
33 100
8 93
102 70
178 24
199 83
155 146
76 51
45 185
51 77
98 3
42 151
38 124
7 77
164 194
86 62
172 11
136 190
158 19
191 61
72 101
180 194
151 188
131 12
55 68
79 143
187 167
140 112
192 57
170 128
176 114
100 22
38 176
150 157
87 40
102 103
93 128
106 178
107 197
132 114
156 110
9 199
103 86
153 144
147 107
43 8
105 13
97 141
53 69
111 177
15 156
115 15
89 141
42 93
102 36
53 11
120 81
99 190
10 99
11 15
132 62
151 41
68 139
88 129
121 51
197 30
153 109
135 20
100 1
139 91
161 110
17 79
112 83
43 82
76 196
37 118
61 76
142 39
146 160
47 109
162 153
62 20
1 31
2 23
30 62
184 151
48 77
132 14
145 34
65 19
37 103
84 13
79 155
2 90
154 192
73 86
172 191
181 157
75 106
181 112
87 181
94 50
98 101
141 62
67 148
60 181
155 40
37 124
64 144
166 109
69 150
112 197
48 143
138 146
182 185
199 29
187 65
170 152
86 177
62 92
1 93
185 90
131 164
49 1
167 34
114 12
133 111
87 138
160 176
27 164
64 24
199 16
157 158
4 195
108 75
16 183
154 193
149 140
100 122
59 178
106 121
132 199
194 117
67 26
9 78
134 58
168 116
93 105
171 179
130 59
9 196
166 152
73 197
24 105
50 94
76 144
137 104
115 59
192 108
13 121
72 187
40 101
139 132
169 16
196 68
67 40
118 195
77 156
111 156
50 180
51 8
167 180
162 13
110 96
56 192
73 184
141 125
119 105
61 114
26 21
120 192
197 129
160 181
185 157
164 109
190 105
116 26
72 123
154 108
74 60
136 17
133 198
132 6
59 137
54 145
162 15
182 49
115 104
50 91
191 123
97 114
8 192
127 59
53 170
100 113
167 111
102 129
66 156
98 83
60 89
97 85
44 102
83 15
45 11
81 13
12 139
166 74
176 10
131 3
161 3
198 130
122 60
121 26
128 175
20 183
97 117
182 27
57 15
7 187
154 30
34 63
32 141
179 9
118 180
123 92
87 163
27 115
6 8
114 175
158 92
57 5
154 130
3 140
106 20
112 35
184 78
125 46
32 65
69 156
73 191
194 199
173 14
89 179
42 178
141 122
184 9
120 48
126 131
19 5
55 190
16 157
70 149
131 56
28 55
133 92
99 185
72 187
186 195
185 57
49 164
14 110
104 25
112 197
146 61
192 95
28 150
39 18
18 143
47 178
63 30
28 179
113 147
164 111
143 146
200 68
38 73
190 95
146 72
100 139
138 62
136 134
85 123
25 175
88 192
190 72
29 6
6 14
53 43
141 37
163 143
60 116
123 175
168 83
2 75
112 77
100 65
116 164
55 107
50 15
