p td 200 2800 
69 174
3 144
104 34
118 200
193 50
27 136
78 88
199 6
49 72
17 177
158 186
164 134
121 138
54 147
131 192
198 51
153 29
5 46
76 61
140 116
30 136
100 69
35 26
41 187
2 140
169 183
133 98
34 43
116 1
126 128
12 167
23 21
34 200
80 117
17 130
3 113
139 131
57 169
197 87
90 149
3 19
110 101
143 178
54 20
188 25
48 76
186 96
109 50
193 33
141 104
91 111
28 163
78 34
132 80
96 41
173 53
53 177
107 118
93 176
53 54
146 55
1 18
190 185
107 87
167 46
97 147
94 16
186 139
24 175
135 48
158 149
32 21
180 104
26 161
156 19
101 37
103 116
111 21
73 138
78 85
85 31
73 196
125 38
113 9
12 125
170 58
70 174
68 34
65 163
9 7
145 166
199 68
60 166
18 44
72 150
48 98
48 111
1 10
169 85
101 55
61 149
151 197
77 166
28 151
152 6
68 29
152 145
64 44
42 57
185 89
189 153
163 158
96 155
71 10
45 144
101 46
167 200
20 17
173 181
173 36
195 121
10 122
41 29
112 130
188 100
174 126
150 92
41 72
158 131
3 167
49 194
92 42
104 149
3 44
189 185
85 188
141 87
125 154
174 78
61 132
154 39
174 1
158 94
50 118
67 100
109 53
151 25
52 18
134 98
163 117
102 141
4 92
45 54
57 167
67 122
86 181
67 102
124 103
145 1
132 41
130 115
80 141
88 28
151 133
41 107
93 132
189 22
92 35
106 102
40 192
99 159
188 36
164 135
178 112
173 150
94 86
163 57
135 133
107 103
162 185
53 5
142 77
181 119
195 152
13 118
21 128
199 120
20 131
125 111
194 51
181 90
27 61
36 182
74 145
128 87
93 51
117 65
109 132
48 116
10 118
140 119
6 146
43 95
195 12
26 130
14 173
99 66
103 199
197 49
13 139
91 34
172 93
101 192
7 47
75 148
197 188
60 75
28 143
23 17
8 99
33 29
145 176
61 188
4 73
70 38
138 54
81 15
58 59
111 145
92 58
159 27
70 116
57 25
74 48
175 116
14 169
112 23
121 126
13 46
54 140
165 40
80 27
184 131
21 93
63 9
13 159
55 178
113 186
80 63
147 68
3 108
45 82
151 95
181 47
1 77
8 133
197 116
162 151
144 194
169 74
190 145
118 195
195 146
24 55
199 133
10 88
16 132
122 121
48 165
13 22
91 83
134 49
155 186
192 1
195 134
71 105
123 95
113 173
13 117
92 136
79 164
31 64
116 78
190 10
163 63
69 8
127 159
33 184
86 173
125 19
10 129
168 15
39 188
132 163
149 107
56 22
52 172
170 94
152 74
56 38
85 117
147 128
197 57
158 122
139 38
114 157
131 194
20 163
99 107
137 181
176 135
176 186
59 174
22 90
34 159
143 23
62 187
91 78
182 150
54 31
46 21
146 36
55 67
45 166
38 197
127 171
190 85
135 23
7 34
54 143
69 93
177 164
19 80
200 119
61 145
89 158
165 163
29 110
111 113
146 12
25 105
145 38
180 140
158 84
188 100
177 180
118 108
198 189
50 168
130 13
150 113
141 162
175 185
127 13
145 114
62 155
167 21
54 194
186 138
42 106
38 66
76 31
94 156
35 25
93 120
52 130
19 66
79 43
97 113
200 113
124 174
198 130
112 187
137 81
183 24
197 198
145 129
162 128
135 68
93 51
103 192
63 198
164 136
183 131
139 14
129 114
158 2
50 158
83 130
13 89
17 108
17 60
96 37
75 85
140 9
135 193
34 99
68 31
7 67
132 46
189 163
57 31
124 85
64 199
154 15
170 148
125 160
45 45
163 118
56 50
85 159
152 56
28 7
17 151
112 30
120 190
55 174
138 197
71 143
23 186
192 192
87 132
113 162
153 12
29 188
32 59
47 38
147 66
35 195
42 79
40 102
17 60
67 173
155 89
107 144
75 45
37 2
118 119
25 134
162 59
169 187
101 15
109 2
60 199
47 80
150 129
22 1
126 18
19 180
85 141
143 124
159 8
135 59
103 131
185 99
30 67
174 177
40 102
100 149
28 129
104 74
95 45
6 78
36 142
25 158
11 165
113 91
3 30
71 75
66 139
156 163
70 23
22 198
81 111
100 168
13 95
139 112
11 88
109 7
164 91
150 183
189 197
175 6
105 92
31 42
88 199
50 2
25 128
90 174
54 41
85 21
104 192
84 166
76 30
169 84
33 172
120 54
7 69
142 132
190 149
52 23
181 67
173 84
181 171
134 59
150 79
126 33
52 156
140 113
165 133
9 148
4 113
8 24
26 71
64 147
83 119
63 86
177 169
73 69
164 101
69 81
105 99
20 169
77 149
181 118
196 141
123 198
191 110
180 88
3 73
153 28
109 146
161 136
138 160
114 113
117 133
99 199
129 121
180 152
134 162
188 86
195 136
15 107
103 126
182 37
28 58
73 194
104 61
178 52
136 96
121 110
135 120
79 170
152 50
73 197
153 71
63 137
91 10
38 107
4 88
33 110
54 175
10 59
146 157
168 17
71 69
151 40
42 196
94 196
176 39
72 190
143 114
137 173
45 166
118 134
175 77
125 93
123 165
91 133
109 104
83 167
197 13
132 4
135 184
179 4
155 36
38 142
175 41
175 172
133 156
7 120
73 195
126 34
90 59
173 80
173 164
46 50
90 47
73 54
148 66
166 32
61 23
179 185
151 107
148 78
63 136
29 153
112 136
113 91
103 55
68 115
86 55
39 173
30 135
34 38
91 150
55 50
191 90
31 75
1 159
46 186
74 133
191 173
68 59
27 197
107 126
103 148
97 154
90 2
68 174
114 192
111 3
75 165
170 86
32 110
192 200
57 39
87 23
92 12
47 5
18 4
95 14
31 168
167 198
181 48
48 68
146 64
7 150
10 168
20 114
80 176
27 100
84 92
97 152
137 19
57 127
159 50
75 168
192 19
79 164
138 4
62 126
61 121
63 57
195 176
155 31
113 38
175 143
162 100
192 145
70 57
25 48
188 96
97 117
175 11
22 65
148 87
10 14
8 57
49 194
49 88
119 184
34 6
15 91
62 91
47 60
194 49
115 127
124 152
35 73
118 117
176 49
158 86
15 147
73 20
80 180
189 21
107 175
106 182
133 148
182 108
146 51
90 76
166 194
121 98
130 42
95 76
67 26
81 12
153 13
127 169
32 157
106 29
61 19
181 156
71 22
177 30
92 67
141 107
183 139
117 135
47 43
97 164
76 175
85 89
173 97
140 80
29 70
98 111
14 107
121 177
110 45
198 42
65 154
112 169
148 26
33 175
53 39
83 72
24 110
41 150
37 84
115 91
191 2
35 69
4 105
65 25
33 71
8 166
160 49
156 6
39 188
104 125
39 44
136 148
15 180
99 73
9 171
130 132
108 103
151 3
177 119
31 64
69 24
152 68
166 111
22 168
34 157
71 103
115 147
197 141
195 40
23 35
23 132
176 99
144 61
112 127
160 197
106 152
10 161
120 98
3 158
181 164
193 19
100 103
20 101
52 16
82 188
193 100
173 39
140 145
88 91
104 120
161 155
197 99
77 178
102 3
10 183
130 107
98 17
108 171
197 50
5 91
130 158
115 112
200 71
189 193
181 156
12 44
154 29
72 197
159 102
12 104
191 94
93 76
58 84
105 39
65 144
74 112
52 76
48 159
157 46
166 185
85 1
178 45
173 32
77 174
122 136
162 179
176 131
196 8
165 78
3 56
24 38
21 7
173 149
39 134
185 186
103 103
167 196
6 12
39 20
108 168
180 137
119 52
52 82
148 21
28 111
87 44
131 189
179 162
102 72
120 74
2 2
200 58
174 5
83 86
68 28
74 50
137 60
23 42
178 64
162 40
125 21
161 175
42 175
112 13
141 137
96 139
3 69
184 95
20 50
7 93
188 193
29 127
179 181
60 44
164 50
157 144
196 89
5 38
173 131
15 158
147 63
7 121
200 101
50 95
160 112
14 175
189 118
29 29
67 50
2 90
195 179
6 149
149 72
52 198
46 186
200 164
105 11
146 71
107 63
181 47
49 10
194 154
118 24
50 80
39 191
21 145
67 36
160 32
189 80
73 98
122 64
2 131
42 197
197 146
111 124
92 151
85 50
12 133
43 94
82 94
90 62
199 55
171 4
29 14
121 54
70 199
108 9
174 155
71 99
116 144
107 166
155 71
89 104
6 188
192 157
44 113
24 91
162 139
5 44
19 7
70 79
168 82
76 64
154 51
61 187
114 145
8 154
17 1
27 69
106 9
197 55
31 42
170 185
102 126
138 14
195 92
14 137
12 4
143 29
97 143
55 118
92 24
6 105
130 7
130 56
57 146
134 31
147 192
19 3
25 97
123 66
117 163
101 39
81 105
36 2
61 150
44 152
68 122
189 200
56 61
76 21
196 54
153 79
19 81
93 165
171 105
178 55
119 113
86 138
191 28
33 13
71 31
175 156
143 7
29 1
52 134
30 167
176 148
147 19
91 46
19 184
167 94
102 54
72 187
134 94
18 150
80 197
12 114
45 64
147 174
155 60
9 161
129 130
78 161
14 34
120 51
63 16
115 153
151 155
180 69
22 73
142 113
176 171
27 50
196 164
120 198
200 189
182 169
199 63
113 57
130 195
17 174
45 200
138 85
36 56
14 88
95 78
197 3
152 135
188 160
123 3
27 177
130 22
179 124
112 46
78 124
75 131
171 138
75 79
3 171
31 47
185 126
165 120
101 171
178 44
126 122
57 55
116 59
133 131
193 116
195 18
2 70
56 34
183 108
175 122
70 147
178 58
159 155
164 116
167 37
4 136
137 16
136 199
123 9
28 100
56 5
54 15
105 143
137 136
1 21
103 25
29 29
97 88
151 154
152 44
73 196
69 78
7 5
148 164
24 190
99 53
141 75
71 176
1 199
142 175
41 67
198 136
147 136
148 132
162 13
151 101
105 197
185 177
73 98
187 136
23 199
125 192
76 3
152 137
149 78
38 10
71 94
160 22
192 51
193 58
74 153
8 73
170 146
51 2
151 36
36 25
44 146
104 66
133 23
196 127
151 62
182 191
26 87
50 29
120 23
193 153
162 34
15 157
161 74
168 26
33 77
172 135
69 146
94 155
26 128
40 22
143 120
170 139
6 1
105 136
166 121
66 166
17 52
96 146
43 190
110 104
17 124
74 34
63 145
101 118
60 157
174 30
68 4
125 154
114 82
172 3
68 86
168 126
3 93
2 28
83 193
88 154
66 42
123 50
159 81
101 161
2 198
42 4
143 4
12 104
91 15
96 151
122 189
157 29
139 112
79 62
27 16
24 68
58 191
48 14
61 167
23 31
157 2
12 27
174 155
184 131
35 169
26 53
29 31
190 199
120 179
51 144
73 72
145 64
95 184
130 66
38 193
169 86
44 90
200 169
84 187
123 145
191 22
76 182
7 32
188 188
54 19
96 190
6 121
20 174
113 28
49 132
147 4
157 122
191 94
45 191
85 23
111 159
81 188
19 58
55 5
89 183
162 106
38 149
131 60
160 74
169 129
181 127
84 196
110 89
129 86
21 159
100 75
114 114
94 143
163 183
136 57
136 157
27 158
50 60
154 106
17 126
125 96
90 116
96 124
17 46
51 4
3 11
198 160
163 166
165 198
99 87
185 106
193 17
96 28
165 18
26 61
104 126
126 162
133 90
71 120
166 197
146 145
29 187
112 58
185 166
178 28
64 180
123 81
84 69
51 51
128 5
30 65
41 53
135 143
155 190
99 176
32 107
163 44
185 103
12 78
198 133
6 17
123 39
190 161
16 43
189 14
35 148
102 44
175 36
129 109
74 150
97 65
188 27
122 13
149 94
118 169
164 158
80 108
77 185
5 75
165 67
81 82
159 197
191 53
167 145
61 142
121 137
128 52
58 107
179 168
35 156
152 131
176 197
67 162
171 34
5 136
177 73
14 147
62 82
135 122
47 117
196 28
61 159
11 174
4 83
107 156
85 101
88 91
100 176
153 10
88 27
14 124
95 117
150 58
150 98
76 141
28 4
195 153
57 3
109 190
169 197
110 127
44 108
175 164
191 47
168 126
156 174
51 98
149 111
73 200
189 146
92 41
5 166
10 76
10 74
64 129
45 20
88 179
171 135
75 28
104 121
76 139
44 51
12 175
65 72
3 168
123 161
150 37
97 186
132 30
8 61
88 119
198 58
164 183
163 54
142 178
191 149
110 128
29 86
96 191
155 173
200 119
181 5
188 167
199 107
83 10
143 169
67 54
106 190
191 6
32 81
114 107
119 173
20 36
140 122
176 27
107 6
7 112
50 62
37 170
47 172
178 69
166 169
134 195
9 84
179 12
183 170
150 45
172 178
13 71
25 15
137 155
47 78
132 179
43 14
131 56
10 139
113 189
114 182
157 107
125 86
38 97
179 1
107 41
90 116
18 155
13 200
180 109
1 3
38 68
133 97
37 196
118 5
39 56
73 140
146 118
17 37
194 4
33 116
3 146
123 118
182 187
14 73
52 132
197 27
194 132
167 138
30 62
171 128
43 124
154 15
147 14
17 200
51 125
17 110
1 110
126 44
4 164
4 130
121 5
115 187
60 141
63 57
108 199
27 173
60 45
161 9
16 75
182 200
47 75
38 196
72 44
73 6
104 38
122 55
172 68
108 46
98 85
17 83
59 163
195 196
53 17
121 48
151 134
76 140
84 154
130 82
162 54
111 70
176 50
63 107
47 185
105 83
200 12
13 54
185 190
11 127
178 102
11 160
76 37
53 128
63 91
107 149
5 64
136 38
27 8
74 86
74 198
33 50
150 164
88 74
60 60
158 138
15 2
159 118
174 191
42 76
163 126
126 195
156 138
124 187
139 159
147 131
139 4
17 24
90 185
7 134
102 180
57 131
120 100
122 80
158 175
90 57
108 70
97 30
147 86
176 45
23 170
84 28
137 164
9 148
197 11
154 139
51 50
11 73
15 135
42 97
5 185
84 150
66 37
7 197
196 20
144 14
21 73
162 75
186 143
121 68
155 10
92 77
14 189
34 118
128 143
67 195
182 178
29 36
119 1
103 128
158 59
131 171
76 165
91 27
4 160
134 38
18 1
69 134
163 147
80 14
154 82
115 82
186 197
92 151
26 175
5 145
52 68
63 106
25 198
195 38
95 75
21 29
81 54
155 180
167 151
28 126
152 17
93 21
72 27
33 63
27 186
99 191
18 185
2 25
193 144
114 65
176 110
29 35
41 150
197 60
96 154
183 171
77 140
84 90
139 3
156 126
20 105
156 60
195 77
103 166
4 170
55 165
89 31
71 95
83 131
103 141
84 11
169 70
173 83
6 25
49 118
75 89
10 107
191 130
153 89
141 200
150 116
125 128
134 15
70 9
110 32
23 48
18 93
20 118
18 38
73 69
164 184
6 149
180 36
90 22
35 114
5 164
25 56
180 40
31 16
9 109
133 177
176 15
174 171
99 111
197 115
86 169
185 8
74 140
185 159
43 186
113 136
84 13
6 182
24 118
106 141
152 77
128 22
93 137
180 108
142 73
155 44
15 179
49 95
184 169
141 135
79 50
52 5
149 161
70 192
126 80
29 146
93 103
41 163
40 164
90 85
176 24
1 169
6 186
153 101
44 180
53 19
157 63
136 123
184 45
78 189
107 196
102 108
46 160
53 100
157 137
177 167
26 10
76 37
37 119
139 181
100 198
149 185
69 51
180 63
36 177
115 124
39 198
44 26
61 135
198 89
62 72
144 23
131 32
113 115
100 172
135 142
8 99
158 83
174 112
32 2
29 150
153 135
13 53
24 43
20 184
123 96
52 44
127 174
37 171
19 81
28 186
65 27
97 89
186 41
147 75
195 22
178 58
170 12
160 64
160 4
101 56
161 57
54 102
140 84
191 11
26 2
198 70
55 117
174 113
59 11
65 17
95 81
65 45
10 194
155 93
141 195
124 184
18 29
139 73
66 163
80 161
156 26
45 195
188 145
148 168
87 5
140 194
137 169
160 85
137 18
18 118
75 23
148 173
30 5
156 79
14 44
141 181
192 170
66 126
68 82
107 109
14 28
27 118
187 177
173 57
178 38
174 53
185 117
22 7
20 55
35 67
35 185
112 67
129 82
193 125
91 52
82 176
131 21
70 194
63 127
178 121
47 20
64 63
69 183
24 105
6 190
120 38
24 78
80 115
19 35
94 157
169 121
120 51
166 2
71 182
112 184
37 144
187 78
102 2
111 46
112 135
83 194
47 113
128 74
161 115
51 137
181 83
199 107
99 171
1 185
131 117
114 46
54 29
44 80
154 29
8 39
88 199
141 194
105 98
5 169
8 187
128 82
48 189
112 180
16 13
108 100
31 155
53 91
188 20
192 2
150 2
188 62
165 199
177 91
124 19
183 90
194 144
108 165
143 115
131 76
14 145
55 195
19 108
68 160
67 17
27 97
46 161
26 126
194 175
126 27
114 196
99 73
72 77
121 41
126 14
62 19
163 164
131 146
163 85
37 60
2 47
161 156
200 55
98 172
200 154
99 168
93 73
184 60
168 63
46 159
78 36
57 146
55 133
196 90
133 70
92 9
31 170
12 99
153 96
110 99
50 29
172 95
44 72
55 84
71 121
162 189
3 59
88 164
77 113
169 109
188 86
169 79
199 15
166 76
57 149
42 5
157 184
127 62
76 51
124 52
67 137
175 189
88 5
50 187
98 157
200 145
34 140
4 2
66 22
167 46
77 128
172 46
136 61
27 143
58 142
28 58
183 23
14 108
197 45
125 41
127 124
79 125
74 141
165 57
83 119
104 12
169 23
38 164
69 178
36 86
109 150
189 95
94 193
81 38
13 142
173 88
142 19
152 167
111 198
126 24
61 108
96 109
73 101
68 15
102 109
200 81
194 17
173 175
82 37
154 73
104 27
62 11
70 102
106 127
137 13
107 182
37 70
6 81
152 53
144 168
147 154
86 56
107 110
52 195
47 82
159 95
21 90
200 162
173 52
80 35
98 102
125 54
87 13
7 26
122 64
181 188
41 99
135 106
58 25
116 5
186 166
78 178
160 43
121 58
137 137
115 189
80 16
181 6
7 166
181 172
35 165
58 110
169 13
165 114
189 41
132 45
118 25
56 5
16 192
26 8
43 140
185 27
186 189
96 192
133 169
187 68
110 40
166 3
156 63
138 141
34 138
89 154
43 22
79 153
80 150
116 126
49 31
121 182
43 50
153 59
1 54
130 169
110 196
164 159
106 172
91 176
162 116
8 120
104 39
97 90
57 177
93 193
147 110
65 122
141 66
11 175
188 190
116 104
108 64
4 15
174 175
169 73
97 75
97 117
75 162
72 77
114 138
181 70
134 4
6 86
170 57
198 64
109 103
85 65
81 166
74 181
140 191
46 147
108 56
113 174
134 68
129 141
83 72
147 164
20 53
105 70
149 157
87 161
139 21
33 158
116 178
69 157
183 4
183 22
138 59
199 180
163 184
118 4
22 64
98 185
95 51
101 157
13 185
95 72
34 13
102 116
159 35
171 76
111 24
10 159
110 161
54 182
188 99
90 31
107 59
193 137
107 182
19 61
8 189
28 31
193 187
14 66
20 2
80 19
54 78
68 86
198 161
98 28
65 54
168 35
65 24
27 126
32 92
61 160
39 200
31 11
2 180
185 96
104 19
138 164
49 170
2 48
106 5
10 29
12 73
107 114
20 193
126 107
81 173
156 167
33 73
36 145
158 181
181 178
8 156
163 196
25 28
95 10
141 87
81 112
127 15
174 13
98 72
70 73
91 15
48 19
96 39
170 2
46 67
149 19
147 171
90 36
77 55
23 198
125 49
136 67
44 90
38 16
170 109
37 192
131 46
8 198
17 148
166 156
88 180
99 75
194 77
163 126
11 29
9 88
40 98
154 86
40 182
78 24
77 142
36 19
96 36
69 135
147 76
155 171
23 52
137 99
163 52
199 73
96 59
19 104
54 141
137 100
190 166
189 150
151 113
67 7
154 126
3 66
109 135
91 73
93 184
186 18
178 155
182 65
5 12
158 38
95 49
147 72
128 35
5 197
30 81
190 74
119 130
109 119
109 98
96 5
13 12
136 181
164 162
72 65
160 178
199 173
30 87
2 145
120 186
49 81
188 100
137 25
125 74
116 187
149 125
114 156
169 82
37 14
199 35
97 125
109 29
3 24
115 151
24 108
47 168
176 98
112 44
137 29
120 112
147 40
103 51
149 147
198 14
136 56
59 62
63 62
33 42
173 162
198 146
136 114
69 35
127 69
141 58
111 130
9 150
194 115
17 16
22 141
176 5
47 107
70 181
149 15
2 28
59 88
25 46
36 125
125 60
29 174
106 171
188 128
147 168
50 47
11 88
191 92
127 60
151 91
18 68
151 107
154 104
103 133
180 178
113 167
99 124
121 143
34 78
185 186
176 60
146 99
179 30
185 62
137 123
131 136
144 12
165 195
69 149
17 122
152 159
171 123
195 153
91 26
47 43
61 98
104 4
200 38
154 168
75 31
141 148
7 86
93 79
130 59
95 49
18 55
13 104
9 12
72 57
136 43
13 162
145 176
200 196
20 157
155 122
98 126
110 158
151 172
108 108
75 26
194 37
64 167
56 38
162 137
37 7
164 188
172 175
90 127
81 59
175 109
192 63
120 179
116 82
135 187
86 148
82 135
76 52
55 177
174 165
132 154
191 48
71 67
33 113
17 10
114 1
194 146
166 81
194 85
115 192
91 185
36 123
172 111
106 154
188 42
107 155
51 161
127 147
126 192
31 172
66 114
87 49
115 23
2 28
49 138
167 86
184 66
40 189
83 119
191 123
65 49
21 65
109 21
144 37
186 181
176 121
94 21
170 23
154 192
18 176
158 84
16 65
134 124
8 101
32 199
19 124
15 34
22 118
53 90
169 60
145 17
116 91
193 181
166 162
56 61
32 120
189 139
200 112
97 44
44 107
57 199
109 37
142 76
195 147
66 36
57 57
74 53
19 184
45 49
125 26
23 106
130 188
153 137
196 92
36 23
55 191
105 71
87 90
34 74
77 157
101 14
170 79
19 60
132 55
101 142
93 39
151 2
117 133
44 73
140 196
59 68
70 184
21 198
161 110
38 11
161 157
199 30
140 77
107 46
43 1
110 162
136 140
33 81
182 179
74 103
4 20
113 151
182 165
39 13
115 185
110 95
185 20
38 73
105 158
120 73
156 117
53 108
30 172
42 2
163 50
163 69
3 12
45 156
168 188
185 61
134 179
125 17
172 113
16 22
106 156
169 10
61 176
114 15
184 168
114 137
92 90
170 6
193 108
140 12
158 39
140 179
173 112
108 101
5 32
29 18
11 122
113 57
76 28
63 46
114 89
102 128
65 168
192 4
194 137
74 159
187 129
52 179
63 170
89 39
70 114
77 146
38 95
149 199
200 105
137 177
2 15
153 117
56 125
103 98
90 16
182 157
11 59
185 154
133 103
49 106
121 34
185 34
94 110
191 61
124 109
6 73
19 147
89 54
181 82
68 95
153 165
75 38
43 123
58 54
100 182
159 111
190 132
87 182
74 74
128 65
111 99
187 110
177 195
36 107
134 181
134 120
140 144
181 47
68 66
120 96
160 184
154 193
162 123
117 180
21 71
141 10
108 122
59 155
62 168
73 10
153 40
25 187
23 2
129 54
88 153
20 189
132 51
139 107
23 117
133 12
39 188
12 149
58 99
99 32
73 129
10 114
31 75
53 98
128 158
176 45
62 97
125 125
37 118
3 169
108 32
5 178
179 46
6 71
118 113
143 194
196 145
194 87
85 43
182 1
146 7
122 73
186 179
101 65
172 182
89 8
10 45
156 189
144 27
117 82
176 159
18 15
45 118
166 103
141 134
116 111
25 41
181 40
52 4
143 32
97 105
126 103
65 156
14 99
26 137
77 135
136 193
89 128
62 73
50 131
169 184
20 118
158 113
134 17
97 129
63 57
2 91
160 104
84 108
180 129
79 46
80 34
166 2
103 128
62 21
188 75
141 168
5 44
152 124
34 66
1 16
189 13
21 49
111 139
54 105
25 76
164 155
185 177
108 72
95 7
119 53
4 147
114 169
19 148
160 61
101 188
184 134
3 89
23 188
87 95
191 109
5 110
101 178
137 193
51 73
53 140
60 178
147 47
87 71
66 166
150 178
2 164
83 41
72 17
98 37
127 111
181 118
77 179
101 8
152 126
104 193
57 31
128 93
148 74
129 19
123 111
112 150
24 156
102 154
131 57
176 53
197 86
42 162
123 133
21 75
64 119
134 194
84 58
138 98
108 15
39 6
48 74
35 162
136 29
37 105
128 152
154 102
129 40
185 43
113 62
185 77
79 8
26 184
8 72
158 109
61 5
101 125
34 46
6 40
177 134
76 166
115 88
104 47
24 200
71 188
80 196
84 185
84 139
158 118
138 179
70 85
18 53
72 84
184 143
160 104
13 199
195 105
120 191
199 127
63 4
198 172
130 89
77 197
118 142
169 125
100 13
147 149
150 176
63 54
113 197
80 155
192 58
10 54
139 51
188 146
40 160
169 199
