p td 200 417
0 90
0 100
0 197
1 13
1 75
1 84
1 100
1 103
1 104
1 157
1 175
2 134
2 155
2 158
2 167
2 171
2 175
4 16
4 21
4 80
4 172
5 38
5 130
5 145
5 149
6 25
6 93
6 99
6 198
7 100
7 103
7 104
8 113
9 16
9 96
9 129
9 158
9 185
10 19
10 38
10 44
10 55
10 61
10 134
10 142
10 144
10 178
11 30
11 51
11 183
12 75
12 83
12 123
12 126
13 74
13 82
13 142
13 164
14 30
14 63
14 106
14 149
15 39
15 59
15 107
15 131
15 158
15 191
15 198
16 31
16 109
16 111
16 156
16 177
17 32
17 59
17 161
17 182
18 141
18 151
18 157
18 158
19 61
19 172
19 177
20 33
20 44
20 49
20 51
20 71
20 116
20 176
20 186
21 100
21 150
21 173
22 52
22 60
23 124
23 156
23 167
24 55
24 65
24 183
25 50
25 51
26 94
26 151
27 90
27 93
27 121
28 59
28 61
28 92
29 39
29 153
29 176
30 37
30 70
30 74
30 95
30 178
31 76
31 87
31 92
31 97
31 152
31 153
32 60
32 115
32 190
33 106
33 158
33 183
34 108
34 117
34 124
34 136
34 179
35 73
35 148
35 198
36 51
36 81
36 83
36 122
36 137
36 186
37 72
37 76
38 66
38 75
38 99
38 123
38 128
38 149
38 155
38 157
39 40
39 76
39 156
39 199
40 191
41 42
41 45
41 137
41 173
41 186
42 104
42 109
42 190
42 194
43 74
44 79
45 124
45 189
46 57
46 103
46 166
46 196
46 199
47 50
47 75
47 89
47 132
47 134
47 190
49 62
49 68
49 81
49 94
49 159
49 171
50 118
50 130
50 196
51 106
51 135
51 146
52 56
52 89
52 99
52 105
52 111
52 114
52 116
53 150
55 58
55 109
55 153
56 138
56 163
57 70
57 149
57 166
57 177
57 182
57 186
58 123
58 147
58 196
59 138
59 175
59 176
60 84
60 88
60 119
60 151
61 63
61 138
61 152
62 154
63 122
63 130
64 199
65 174
66 114
66 166
69 105
69 127
69 147
69 149
70 72
70 79
70 114
70 118
70 141
70 169
70 186
71 90
71 137
71 186
72 73
72 131
73 100
73 119
73 133
73 155
74 76
74 137
74 149
74 166
74 173
75 114
75 123
75 145
75 147
76 125
77 140
77 146
78 98
78 101
78 143
79 117
79 147
79 161
81 150
81 156
81 179
82 118
82 140
82 152
83 144
83 166
84 110
84 114
84 124
84 126
84 146
84 179
84 191
85 111
85 159
85 192
86 156
86 162
87 111
87 116
87 131
88 96
88 161
89 132
89 143
90 126
90 145
90 149
92 110
92 172
92 175
93 192
94 183
95 120
95 129
95 148
96 114
96 121
96 179
97 110
97 115
98 118
98 135
98 198
99 158
99 160
100 138
100 180
101 164
101 175
102 105
102 111
104 180
104 191
104 192
104 198
105 160
106 117
106 127
106 128
106 140
106 170
107 114
107 115
107 186
108 147
108 155
108 162
108 187
110 181
112 115
113 188
114 131
114 163
115 158
116 122
119 148
120 186
120 189
121 124
121 148
121 157
123 145
123 173
124 178
125 164
125 180
127 171
128 167
131 132
131 140
132 143
132 177
134 168
136 164
137 139
138 159
138 163
139 155
140 142
140 160
141 164
142 191
143 156
143 163
146 183
147 160
150 171
150 198
151 176
153 184
153 198
154 161
154 169
154 191
155 191
155 199
157 169
158 164
158 171
158 197
159 174
160 184
161 196
164 183
165 175
166 172
166 189
167 186
172 174
173 182
174 191
174 198
175 198
178 187
182 198
183 190
185 193
191 195
