p td 2000 8000 
1030 1757
1678 1580
1141 320
997 1079
633 1037
1073 1177
461 85
1419 1432
270 186
1249 59
1515 886
1428 1694
90 420
1226 361
768 1950
901 1983
1073 1009
746 1856
1596 301
237 1904
1743 1841
1538 277
997 386
1256 1255
356 89
1884 566
378 1452
1399 967
1711 499
1345 653
214 772
1134 978
1880 1742
156 1546
299 97
758 226
1545 1498
1555 1938
1808 963
374 631
81 1580
165 84
980 1607
15 9
1082 1971
1823 1827
1413 460
1222 1490
1284 584
1000 612
60 1037
1605 532
474 872
821 91
651 942
1192 956
50 1176
876 595
329 1829
391 1685
415 1544
1573 1208
1340 100
1791 1701
1270 1930
886 1301
1562 899
227 830
789 261
1629 754
736 189
398 682
1255 1880
1864 642
1925 1207
1458 543
663 141
496 1961
1543 1878
675 1608
110 1314
821 614
1417 1333
1617 1337
1706 736
147 1065
1509 1219
1083 207
394 1989
1944 1266
1830 571
893 450
1223 625
735 1753
904 1476
1337 1698
84 1318
1430 1645
970 795
1425 423
1920 811
988 397
893 183
527 1751
1965 1504
1895 752
1024 828
1784 1912
21 794
675 530
1605 1764
424 40
1724 680
1221 109
1768 1991
1326 757
507 1312
421 1830
1388 1939
1302 976
959 1418
1140 190
1600 372
896 292
194 1586
785 156
603 560
1908 1886
65 811
1458 1213
475 217
1989 51
1093 1052
410 1419
781 1764
1501 426
1857 545
1075 1149
281 388
605 1895
372 248
65 1412
671 1965
1715 1275
1334 1620
925 641
1460 1444
1697 1203
1889 36
924 1022
1762 146
814 1404
39 1108
1703 203
361 4
1358 576
1213 65
1798 855
260 897
1465 1706
810 839
647 406
1933 492
1846 954
689 165
67 767
1553 1776
886 150
45 326
1221 794
285 613
1793 886
1225 1532
1341 450
1436 493
1591 1514
491 570
376 1122
1511 1734
1085 314
1619 1559
855 1273
1836 23
1831 941
1982 1960
1646 1593
1694 1479
524 805
1697 1204
886 437
812 1485
418 1014
1867 1207
1140 1189
1962 123
99 319
1046 1
605 864
868 49
1580 471
1194 565
1779 1774
1314 361
249 138
208 1088
429 232
1025 1376
1910 893
62 654
902 1672
1038 78
40 530
752 393
1523 576
136 1547
250 148
367 883
1830 301
1745 1993
1733 792
1081 406
1072 887
1440 697
1218 693
617 1022
973 1908
1216 245
800 64
1487 1131
826 1587
502 193
1773 270
316 618
1277 54
992 570
440 487
1982 1359
218 1908
1247 423
560 1363
1060 1862
434 299
286 1338
1454 1507
1020 677
722 772
790 1412
415 1620
1566 1072
1363 76
1620 488
1916 699
1372 1635
1425 1698
675 1178
1988 1554
1023 837
1570 1162
466 1756
1534 973
743 824
879 213
1790 1660
1045 194
1193 1252
1660 918
980 1591
132 803
447 650
316 778
1600 715
1325 10
442 1156
594 1388
477 1952
1104 1764
1029 516
1650 1509
905 679
469 1070
1651 677
1447 628
164 3
1408 1919
1260 333
1391 1
130 587
25 1159
1836 561
1484 903
1789 1394
850 9
733 1927
1336 412
1792 1758
757 1813
1662 1853
1143 828
192 1051
692 825
1848 1536
1219 200
1411 665
1763 1639
447 607
483 1646
1811 1833
1185 425
1265 62
200 1023
322 526
35 985
775 36
182 38
190 1839
21 1798
524 1083
574 324
1400 727
1552 645
448 830
1084 1867
501 1914
164 592
255 1184
930 528
1593 1948
779 1041
1416 89
590 594
317 709
1326 283
768 124
89 925
13 1118
1698 1882
1991 1520
771 1170
1964 126
1142 537
1375 43
1625 209
1989 190
617 268
532 1430
44 1785
1583 1287
275 963
1134 154
1903 1070
1355 1743
962 1036
258 629
1908 757
1153 701
1783 1390
555 1896
831 732
289 1184
565 1966
82 1372
194 1642
359 1302
529 518
1352 281
1223 286
999 1160
727 826
514 393
1026 837
1792 1908
1291 15
1813 427
1590 1328
1831 176
550 1863
1825 1182
1261 1111
47 1818
1242 824
280 201
1743 1469
1928 1734
1064 1402
332 1007
1391 293
1328 599
1547 1063
589 995
381 1528
1804 1614
619 1969
816 1818
1405 476
699 919
924 173
1239 1840
1772 244
1726 1762
965 1420
623 1315
1723 1703
1779 953
1104 1093
1077 782
367 1651
322 1376
162 1656
1095 939
1646 801
1499 651
254 683
1973 1227
80 1944
1848 490
290 1076
1802 1866
911 167
1686 133
198 949
1606 597
452 349
960 1543
190 1126
1195 556
36 1569
1887 356
1114 1534
291 1291
1055 366
538 1754
1511 1521
1448 605
1010 1616
954 1071
1581 938
1307 1828
1073 1408
106 423
368 1686
1644 1935
1512 1154
1184 1622
954 278
1035 1121
436 945
1437 332
1497 1602
197 1632
526 1513
859 1889
968 372
78 173
1767 314
530 1319
1424 1957
1131 165
1238 798
433 1119
794 1393
1000 1249
437 1446
475 310
300 1729
1395 1130
842 1789
230 1273
1683 101
772 205
1643 1352
1560 1799
1740 1432
1521 257
398 1237
789 1500
706 1530
495 1727
164 1644
1055 1918
345 780
1233 1120
473 1246
663 1901
903 157
624 155
539 1330
133 1895
1237 469
1206 855
1680 857
1326 914
803 181
1360 1213
1804 1608
730 427
1627 1648
149 1010
1320 730
536 1789
1329 1729
1300 1609
1400 379
1258 502
1087 1248
1529 7
1953 374
960 762
1721 1593
664 1238
1547 1133
733 1413
1668 1706
132 1212
250 1546
1449 279
774 35
98 1190
1612 14
352 1398
1258 692
1334 1595
1963 128
915 1388
1683 1070
1360 132
486 1748
1542 1765
510 1132
1665 45
908 934
751 242
637 764
347 1754
1480 419
1193 847
806 1325
87 748
1918 730
1104 1932
276 1535
764 406
1310 1004
1747 1807
1510 1653
514 1467
230 1485
1250 139
87 984
1241 1892
727 414
551 1546
1397 1599
1809 373
156 1397
1693 817
861 1360
1466 405
782 910
1529 983
1890 1228
1830 1715
1817 379
932 1008
1769 1001
254 819
1042 674
1128 308
985 610
1403 265
1685 1894
597 1555
294 388
1336 1231
889 818
1263 610
734 1571
144 675
1876 1279
1399 1493
1738 838
628 680
507 402
487 567
753 98
876 53
1452 1848
940 1323
960 1756
663 1444
708 1598
1544 930
308 245
246 491
1084 1025
575 1849
405 375
61 825
613 1201
1599 615
1914 980
1794 60
530 191
487 473
881 300
1757 661
1414 161
787 1441
88 603
1533 831
226 500
1190 965
185 97
1573 913
1773 361
1593 808
1337 44
1803 1144
1226 1035
860 969
67 1089
1030 549
685 1698
265 1070
1088 488
981 797
186 530
1783 926
725 387
37 7
1907 274
969 139
1020 1017
1710 454
1491 636
808 518
694 277
1203 179
1077 1491
50 989
5 195
920 279
1034 1680
206 1515
1798 63
65 1561
1767 1884
8 1092
843 1714
1393 1253
1556 1969
558 1037
10 44
1861 304
1057 1609
744 1098
1114 214
1277 1999
1868 1670
1167 1017
1814 1067
1663 985
1672 438
393 1190
1168 863
1590 1604
1233 1449
1047 114
676 1469
535 296
1380 1634
303 1483
319 498
1673 725
768 1897
880 395
759 432
1698 1754
911 168
19 972
700 146
459 1060
1041 1232
1116 1014
1629 188
1705 561
1812 1382
1153 1554
1819 992
1667 1468
1941 869
1913 1314
1921 920
1536 1964
1042 783
1005 953
360 126
496 823
1671 446
1104 1213
550 857
1707 1837
1469 1393
1302 487
821 1083
574 436
753 213
587 805
1897 808
1779 541
1258 1361
1032 1935
1760 704
956 1621
425 1339
994 929
1589 374
480 1218
699 1915
664 1684
446 1727
1377 520
475 921
730 578
270 1890
1856 77
28 1660
1214 322
1234 41
1037 1059
301 768
1027 1162
1108 1146
1589 174
1126 180
391 1069
1310 536
1555 1304
57 334
1276 723
329 1878
486 664
717 320
1076 898
382 628
168 1752
790 1962
1028 546
1741 1596
125 1815
1644 1287
776 56
75 125
608 1014
1466 528
505 1600
545 254
658 351
1856 811
355 1595
1389 611
156 1403
897 1140
1151 336
1727 926
277 217
1620 1520
187 1615
1849 1054
109 137
441 1900
218 1805
1055 1843
1957 507
227 1369
991 750
5 1916
228 96
509 1065
1822 1357
1532 893
651 989
1798 1441
1142 96
1605 1016
1022 931
1324 517
260 604
515 1637
1272 528
1169 548
1791 916
1846 799
1507 729
862 936
1756 1148
506 593
130 1768
409 512
1455 1068
314 749
352 102
948 240
1663 250
392 1290
166 1903
328 353
857 522
1246 1295
1099 1114
1837 1354
456 493
1159 803
1463 1175
434 894
565 968
1783 1251
501 1548
813 1323
441 1892
585 884
1919 1065
1173 433
1402 889
437 1510
1367 1208
908 1247
394 1000
1475 406
329 568
609 1917
11 685
635 1435
1412 1420
22 753
1485 752
1083 638
1990 51
1550 1096
165 1776
1125 1649
1211 871
1323 1400
944 1493
281 150
1163 1472
71 683
1436 1301
1250 166
1698 880
1769 889
1400 1895
139 25
738 1057
53 936
1682 651
336 1529
1453 1954
1035 1702
223 1830
853 1823
904 1946
1878 634
13 178
1144 405
1805 450
1004 277
1179 636
1081 551
1023 1531
934 1297
1463 1562
1835 1718
1263 1908
140 1375
1454 1856
505 177
1796 911
1739 1770
1818 736
1012 625
263 1715
227 1966
1530 478
1619 1538
1599 1959
936 601
969 744
1596 124
1 178
422 1201
705 790
1507 1375
1307 1582
1327 1332
1269 1342
794 1827
1178 1379
797 961
940 1329
1960 1512
980 340
997 936
542 939
450 32
1755 5
318 194
97 827
978 1177
603 245
1144 1460
1774 1684
375 665
1050 1681
1265 340
1853 1266
1016 133
1622 1258
1420 21
132 519
1687 780
935 1441
224 1142
736 328
1086 518
1586 1998
546 1484
1085 807
721 510
477 447
1669 113
670 678
765 1528
897 386
1358 818
1133 458
1950 1731
507 1536
667 877
1405 329
958 1064
687 383
700 15
1761 586
5 371
1243 1759
1337 1212
1059 1496
995 270
667 1676
573 1250
1310 1578
69 1643
624 253
1350 627
136 242
737 271
1670 1696
274 142
784 170
1583 1760
1908 1094
1170 1682
538 939
152 1839
1559 475
1730 1449
503 1869
11 1150
492 1949
1984 1567
91 810
1178 682
1841 141
1070 1435
232 1887
929 562
957 286
1445 1299
1552 798
1282 500
1475 79
660 9
609 392
671 672
890 1998
868 1458
660 1922
412 715
1118 1509
1256 1446
1087 115
1091 1614
1215 256
1521 747
60 322
952 689
196 477
3 1045
1012 1577
685 411
1068 882
1239 1705
763 1352
891 31
1491 695
1869 691
1772 890
1989 830
673 812
140 1823
1618 345
1670 878
1843 1145
1126 1529
1544 1596
696 31
1916 1798
818 1846
318 1695
899 380
1015 1607
1012 71
449 1010
315 816
1309 975
574 219
120 1576
1866 1444
300 1545
1740 1534
1371 1456
1493 486
936 314
1827 74
963 1792
1060 1124
1896 1063
1117 1753
1001 1468
741 986
54 1279
848 1119
1989 1179
1784 1791
1266 1045
18 1774
1181 1976
265 1648
1782 448
957 52
805 425
824 1627
783 1332
1120 1548
1655 138
684 1368
1598 251
114 573
1227 632
1237 1326
1001 1526
1751 65
1052 1767
1824 1631
1367 434
407 432
412 363
596 1433
1585 425
672 936
60 95
1684 43
92 1685
620 1777
1497 1708
554 954
1236 1847
963 1726
710 829
710 669
113 1404
881 1589
423 153
1089 780
944 295
217 999
1432 325
918 13
831 771
605 1846
182 1775
1528 974
1056 1735
277 1550
1874 863
1802 914
210 1789
1021 1449
269 391
920 709
1396 117
1240 298
1060 190
892 593
1732 769
1016 1105
519 1896
1120 705
1777 50
180 1437
467 1837
1514 909
877 1669
167 1228
1375 1565
1320 1290
1851 1103
1718 1316
1928 487
309 937
479 751
28 1243
1173 1546
1399 156
904 270
1923 730
1296 659
515 378
599 1098
1307 738
943 1062
43 308
1020 302
73 1248
1444 536
1719 976
61 93
1811 560
574 1968
1316 1970
1807 542
1563 173
906 497
687 1717
234 1458
1102 687
22 956
1288 836
744 1566
12 1994
1324 1182
1885 1167
1043 960
405 302
956 1739
1838 656
202 289
757 647
461 1662
726 259
903 1958
1664 1246
591 1586
545 97
881 240
1002 1133
176 1204
1034 977
192 869
889 814
93 555
1361 479
1178 1207
1763 826
1442 1686
934 1403
1645 518
1418 1472
1338 1816
1530 1751
1487 1447
1097 685
1573 1499
1820 762
715 197
1736 1177
1141 407
538 1898
994 600
326 129
1551 1491
348 85
1044 1024
40 1652
835 981
446 1999
1274 846
1001 1294
413 1186
1 297
826 1308
1295 1563
1402 503
1798 1219
1062 850
1475 426
273 1370
500 505
522 363
1472 544
984 910
1991 1116
1786 1606
665 1415
1298 1786
1922 535
612 1804
1213 364
539 1968
915 1424
1256 1452
1585 530
1940 260
1429 892
724 815
1627 957
662 1997
1070 1422
234 676
574 1422
1241 345
1821 1020
949 455
1005 1856
1234 1276
537 1059
1854 1358
1248 1673
19 1431
1048 1342
592 110
1176 452
1302 1669
1253 1087
1588 480
1915 566
21 1308
1783 441
933 1287
1591 1822
426 1281
1117 903
1576 1359
1366 614
299 1288
1661 847
160 748
1307 182
1271 1700
1676 1213
733 1022
816 843
1185 929
996 746
1379 124
930 1990
1404 40
173 1662
1773 1370
1326 629
1151 1581
1745 1338
1326 1343
1989 1819
1670 1757
207 360
1161 1095
742 162
805 1823
191 1790
571 1049
477 1023
1604 1324
1055 915
1782 46
423 85
20 1423
129 1823
1271 1144
1613 1250
593 1108
214 582
1073 875
303 141
858 862
467 615
11 518
423 1897
1870 189
1932 1974
861 218
1635 1981
1057 1569
951 604
1101 1934
1728 1791
1596 714
493 343
1373 1074
207 325
866 904
1334 843
42 292
1107 961
1038 1270
84 1664
1671 1748
428 1055
2000 151
295 439
582 1584
13 1685
1919 1735
970 384
1303 1053
104 151
1058 706
43 1215
1104 1096
1472 1306
1862 999
548 843
1388 100
675 796
1291 1121
1446 21
35 289
1319 621
1479 703
1702 424
1538 1582
118 981
737 562
753 401
120 1815
700 248
91 443
1101 1131
665 1266
1220 1787
954 1783
487 1716
1102 1063
162 322
1274 37
156 1140
1581 1282
678 1503
981 785
252 1382
1967 532
1867 1631
1744 822
1923 265
1764 1572
732 162
1775 762
814 1813
31 1148
136 1709
627 1213
63 221
252 1307
1333 1810
1106 1343
374 1179
1716 425
949 79
935 785
1113 1605
729 979
1435 1633
1956 1161
1793 1501
1622 847
1885 1845
574 1967
776 488
404 1467
1641 246
1978 1608
472 1715
542 1483
927 315
493 1086
1878 1281
482 1005
289 1809
684 1489
659 1086
877 1835
569 1211
1569 1308
1819 1476
173 1572
1673 1115
342 1732
89 1028
794 363
606 469
1532 794
1387 950
192 815
754 964
1480 219
1662 164
1516 129
61 697
846 313
1049 145
1054 1001
804 113
677 679
311 165
628 1358
276 369
346 1114
1964 112
503 616
1972 1305
1020 107
1639 1762
750 1045
1544 420
90 1507
818 1340
1392 208
957 745
1767 1854
115 1347
374 894
558 1759
1473 354
905 742
68 739
1650 1053
1348 1986
1435 668
976 1957
18 288
1738 1156
348 472
1613 1780
1542 327
1290 1098
827 100
749 61
1222 556
373 406
1443 528
532 1992
1420 945
735 874
1729 330
222 1918
601 1383
989 1252
1638 1514
1064 1307
699 456
1251 316
366 845
1616 327
1950 1108
148 1194
935 1886
1774 1930
298 1404
156 1866
589 1345
813 267
1901 705
373 1396
1791 1178
220 1075
807 977
8 1987
858 113
1463 209
689 1423
1425 583
1540 1592
92 1357
1105 314
87 1148
1709 476
263 662
566 727
1374 1135
1121 1566
819 958
904 331
44 1118
412 340
97 923
222 266
275 797
388 1342
8 1410
841 1258
1685 1032
1191 1886
454 1967
1580 574
559 1459
1979 1563
374 1166
500 799
479 987
1507 1377
600 444
1470 1547
1618 1971
811 995
799 1874
58 885
1317 795
1096 618
1545 1291
1881 54
510 499
1182 1796
528 1140
1844 1600
346 765
475 373
1974 1713
215 374
1492 710
1356 1646
486 696
1215 1077
1452 1078
1590 432
466 1916
1421 306
1332 1071
516 1176
1743 382
1268 1528
978 1837
1492 1629
920 444
948 856
1568 218
131 1170
776 1786
1833 377
152 581
125 989
1020 1827
465 1525
1605 1610
683 808
31 1813
1649 432
1906 1302
791 469
423 700
1526 1389
1515 1708
689 1472
1015 45
1128 1119
719 1195
282 412
698 306
814 111
951 546
554 712
1893 1818
1541 313
666 86
680 527
1210 105
1491 520
414 272
1164 868
1740 1109
1126 755
1247 668
1459 376
1817 1304
1566 1002
509 817
1447 486
256 1108
196 1158
1019 1210
151 98
1648 1261
170 1616
1685 185
130 1307
1910 1462
735 409
786 953
1213 475
161 265
299 1741
956 402
1503 851
420 39
163 936
1738 1153
1732 1479
48 1631
729 1813
1615 621
512 1903
1050 509
1366 1011
617 191
790 504
1617 1076
1969 729
1244 1783
967 1770
192 775
1061 873
396 1771
1318 120
1646 622
1428 1593
1066 1570
1062 1292
1994 1959
1482 163
22 1791
711 343
296 1942
947 1516
1503 1464
1846 450
1450 776
1951 648
973 909
1918 1602
374 574
589 704
1961 1541
1704 1671
1085 977
484 989
452 1748
520 550
1158 1839
1949 709
1530 538
1882 1316
1342 1922
452 719
1076 664
1266 1462
603 1780
231 455
1988 1863
712 762
1180 554
650 76
1059 828
833 1205
1666 1643
638 1017
693 819
1333 1441
133 161
927 199
1835 1076
680 690
508 137
1391 319
1343 854
1250 668
1012 967
1395 1750
110 1461
874 1707
1634 172
1680 1674
1095 615
1875 1647
531 1689
400 867
570 925
1289 1916
1608 84
869 14
1024 18
911 131
270 1811
1118 790
20 1950
1278 126
191 1004
898 1540
721 1580
1913 739
162 1574
421 1726
74 315
1386 377
323 1652
1613 697
813 1297
119 127
107 1936
1331 629
203 1010
898 249
292 1665
1291 1105
1041 195
661 1010
1546 403
285 1451
1336 200
578 1325
1295 274
1852 1231
193 1510
1567 819
1480 951
352 1164
29 1428
840 1605
1646 1914
742 1345
1754 678
516 1589
1048 1305
700 1823
573 1209
1823 1022
215 370
47 618
1309 33
1165 313
112 239
1705 1633
859 313
331 1920
370 129
1809 611
455 1459
526 1432
544 388
1271 594
629 1684
1857 883
457 1383
1486 107
1447 1857
1599 1221
129 955
1900 1737
1084 895
1161 1927
755 1540
1799 188
1849 1920
1223 1866
328 91
1009 1566
1817 1264
1018 1401
897 299
1216 1421
1166 90
1745 878
416 232
1562 1033
1151 400
249 297
1780 1089
1066 1326
1937 1025
1006 1053
1040 263
1781 736
1006 1748
204 1875
626 645
13 73
1983 906
394 1798
319 1210
1849 124
323 1887
1152 1815
1762 1363
798 1509
279 245
1414 415
990 1602
648 1320
1849 1485
1435 449
1123 1802
164 1066
948 544
458 1745
691 131
569 1256
532 253
1841 1020
936 149
1473 1101
1474 691
1047 1123
1074 1560
1681 1134
992 1024
368 1132
129 270
1071 784
1279 974
604 1550
1868 258
396 494
1318 712
903 1670
1880 1182
343 942
1270 1162
184 562
1007 910
1711 1459
1843 1097
1494 1418
427 547
961 1729
39 1336
623 627
1183 1745
1090 1827
1660 365
151 81
173 1046
1567 888
1880 1784
1817 580
77 521
296 1108
891 822
1406 1368
1828 1319
1245 1930
178 1634
1991 1392
523 932
1847 1381
1956 234
70 1714
1363 198
976 357
169 620
517 1056
832 1388
151 1490
597 1594
1996 1584
899 792
183 580
528 537
1824 224
1078 1721
1473 1173
1898 1639
1679 686
857 909
1903 1053
845 1948
928 631
638 1094
346 1294
1007 1209
293 443
1155 1122
1974 1488
423 529
1144 1678
1384 826
472 1787
822 1095
1685 1237
1598 1497
1948 1376
959 998
680 1751
2000 1489
801 461
370 1316
282 900
1158 739
1364 637
1635 758
6 1767
1013 550
681 1274
633 55
661 565
1592 390
1025 1603
1598 723
1109 151
382 587
1617 1437
361 321
6 360
1782 1591
260 1570
1452 1667
1464 1721
597 519
1830 669
417 1246
313 398
881 1987
1191 585
720 813
845 1717
1612 469
1702 1535
797 1021
551 69
890 1991
1139 655
1797 1461
576 217
922 1524
99 872
796 1087
1519 1855
1029 1784
210 1108
1169 374
1688 1103
1879 46
60 609
1264 1114
1823 308
1721 1044
1977 194
1701 718
94 856
818 1188
1105 169
1628 1102
1815 1227
1776 1802
20 577
1234 364
472 515
982 1178
1374 1228
697 539
1909 1486
1447 628
1559 1803
1230 1721
1273 678
1346 1812
1237 1475
1084 1672
1871 80
1325 1615
1906 563
1155 1787
1445 228
275 1423
1202 117
1599 1949
305 339
1157 210
705 678
1162 474
266 1007
142 1116
889 1912
1323 904
1760 945
1293 1576
832 1349
1196 1882
1248 1471
891 422
1100 1659
645 158
201 639
607 896
1042 350
1854 219
1785 759
1800 1698
517 401
693 1034
1305 1350
1859 1673
638 1773
696 1404
924 1946
1086 1320
653 1095
1140 1459
1225 480
677 1892
1062 619
1383 1636
1382 118
428 1467
92 729
1850 1983
1748 411
1757 1865
481 1775
1122 166
1965 1271
480 1493
1232 153
951 82
1689 1583
1846 1864
86 1262
1224 995
104 1552
1425 522
298 183
755 1899
47 1023
647 1200
770 221
704 987
1977 1015
1797 1149
988 260
1640 943
1648 1633
779 1096
320 1852
1840 27
1632 534
278 1683
172 615
1979 687
1736 1951
718 1765
92 1853
330 1603
1482 133
911 1781
550 739
737 235
1944 1668
943 358
748 368
842 916
1517 1549
1794 979
497 823
1027 1091
1436 811
518 42
78 1257
1985 1117
1903 213
1041 1761
751 98
387 1591
1659 420
1931 405
125 812
506 141
748 52
514 1069
318 1758
1098 430
768 775
1178 1780
1400 1105
1752 729
117 748
66 581
1920 1642
776 121
679 1581
1862 654
90 1838
279 1118
1681 1534
683 612
1037 860
664 1923
454 1985
808 1870
697 216
1318 1609
328 1577
577 156
1874 1737
1852 1735
1861 860
486 374
1293 1253
494 562
1576 1689
1801 124
1831 604
1795 332
1419 625
497 115
592 31
468 642
1011 410
1920 1665
963 298
1349 1758
937 67
1400 358
1192 268
1961 1482
1159 682
114 1870
977 452
1397 1340
111 1560
928 599
1024 414
933 1748
1111 1701
1654 371
1130 763
1176 828
725 678
490 66
745 1950
585 1269
141 1942
1748 910
1484 1566
74 970
323 1835
1890 43
1348 1520
874 1600
1893 1111
1637 1087
932 967
1051 305
234 1808
1972 291
360 554
1782 754
788 597
1863 691
1147 694
617 1033
774 490
1622 40
1701 1318
729 1811
278 1313
596 1976
1878 369
670 382
123 980
937 1281
1400 1153
69 478
1007 839
1115 960
1663 531
1934 963
1166 1311
1808 748
1829 1173
959 1850
1888 1344
891 1295
365 1675
1891 187
275 24
1554 1927
1586 1467
128 448
553 94
390 1707
60 1168
736 1973
1011 1807
920 1490
250 774
1703 562
1086 1043
360 1407
104 1537
190 1933
1907 1282
151 849
1811 1206
1198 712
1425 1934
1861 133
268 1433
1770 121
1398 482
1631 759
1902 352
1231 399
70 1636
1225 840
1174 1114
569 732
448 1366
37 1957
623 1965
1011 869
1870 241
856 1668
889 1485
1490 924
765 162
990 1724
922 1459
1640 1175
987 1442
370 971
1157 648
1821 361
695 1306
126 1587
1683 509
434 1434
357 166
1639 1851
909 1765
859 64
1929 246
1175 76
778 1405
39 1457
1747 1599
285 1864
593 196
1055 1816
223 552
811 64
647 1137
2 1658
1494 99
320 1349
811 1790
206 167
1400 1053
1809 180
52 192
1709 394
1517 614
1517 1816
601 1862
1531 1848
1339 1180
264 112
673 1388
659 473
744 1597
1303 306
1611 433
356 136
433 25
1889 1260
1669 106
1049 1859
1586 1133
1642 1436
42 1060
1286 896
283 1108
700 1115
1231 974
48 87
804 987
250 601
703 994
314 802
724 714
633 458
648 554
1724 133
1866 1215
1715 827
157 282
1903 37
10 641
217 23
552 940
1373 1725
1548 1565
506 22
1616 1564
1195 1487
206 1843
1259 403
552 312
325 607
186 1627
360 283
140 967
744 1066
139 79
230 41
1364 520
91 1668
1905 1830
1118 1690
1362 576
59 677
1004 544
1048 1726
386 1953
1856 1176
365 1392
1318 47
1903 807
1492 305
1290 182
1983 720
619 1716
1204 1573
125 110
1907 1561
168 1209
1728 1992
1671 438
391 885
1411 317
1184 1632
1686 512
512 1322
842 492
1857 423
458 1888
1183 1907
1325 719
669 18
931 1485
1203 840
883 1270
974 939
1758 1858
1658 48
823 501
1649 1182
1460 1689
736 240
1008 126
449 1195
1192 1865
738 31
799 691
609 1101
1764 95
1867 119
1684 404
717 498
962 1067
1000 119
317 674
1383 974
1107 246
1565 29
887 1584
1578 920
1760 1922
1044 1444
1559 645
489 892
635 622
631 1382
1897 877
632 1829
1884 1972
840 1963
706 1853
140 1457
896 262
1480 1248
1603 1262
161 643
285 1810
163 1483
200 243
408 85
1714 685
591 1555
493 1952
1786 1961
204 83
558 674
1178 1701
1080 1089
522 414
555 1976
1782 1547
592 541
1977 1677
376 1416
1903 225
490 1222
980 556
206 1989
148 18
1274 958
1385 534
1251 1183
283 18
1415 15
1807 780
1300 1350
1552 1081
499 1207
706 791
85 1566
833 1965
1178 1009
595 1087
586 1462
546 1347
1296 1146
1355 1654
1392 1698
38 379
881 1961
898 610
414 930
465 1538
696 1493
1358 1924
806 1474
308 935
1368 1202
304 1856
1019 680
999 1656
106 1123
1999 1823
231 524
347 236
1209 1905
1254 1315
1274 762
1153 1241
591 390
1017 875
263 654
1974 1094
1525 265
1482 1067
1597 1223
409 749
1785 1198
1668 1104
1444 169
364 1167
1874 993
472 1862
1406 829
1492 898
516 156
1187 1521
1984 1171
1216 774
1327 739
1711 1333
1530 268
740 146
1692 1328
1035 1906
1420 863
1997 641
947 764
472 1878
1085 1147
1194 274
717 560
1121 1118
103 721
276 1114
260 390
524 1540
150 632
1418 1937
1126 227
239 1403
1095 1271
1898 569
928 805
897 650
635 1651
842 193
1768 49
1387 1001
1742 318
1547 1401
1316 906
1512 1437
691 1422
1319 1443
1632 1884
54 668
1425 783
1241 625
1564 902
398 1951
132 1266
287 110
306 1521
947 1270
133 1015
1405 1616
567 1228
1659 1235
741 809
1767 102
432 956
1421 1994
149 1798
1858 112
223 1322
1064 1359
1644 641
1383 1625
901 362
427 631
160 66
988 1545
1163 623
724 1493
1942 1150
1890 1973
1742 1046
1817 1252
576 483
1619 1854
670 1778
1928 849
1190 1062
609 918
388 154
1232 26
1457 1427
1870 1622
1129 148
1620 1336
51 1297
1458 252
820 626
848 236
982 592
431 969
1683 1911
903 1533
1047 1092
93 1828
423 1535
1190 1264
879 547
581 190
1751 158
579 1487
1606 996
1538 529
1066 1634
301 518
956 862
604 1854
1040 339
1953 1353
326 288
1499 1867
435 305
1201 1484
1468 969
1528 1642
792 1353
1016 1102
282 1808
1542 1276
938 773
1039 237
1683 343
1993 783
1361 912
637 1263
7 620
1491 1119
1096 1113
1042 799
141 1566
165 187
1529 246
903 1297
455 832
506 798
549 1301
978 976
1316 1943
244 1596
1312 1679
1900 473
491 1352
889 1491
1328 98
1191 869
1864 628
438 1795
211 1894
1931 1986
826 11
1697 1610
1802 1619
28 354
509 693
1990 1693
1197 1319
1181 1722
776 1193
204 1759
237 661
708 603
626 1272
96 918
1319 1373
775 1235
444 93
1584 92
1678 593
1895 1341
1672 291
1591 4
567 1304
90 1879
811 1574
1674 1657
10 970
1116 691
1763 307
669 454
1821 1178
389 832
413 1550
1543 1648
1771 1452
1208 1464
438 158
1232 1606
1508 172
384 458
1615 47
1780 875
1012 1000
205 1946
1870 26
171 1522
1398 1751
676 833
538 1321
1005 485
1672 87
1668 1529
1575 1182
1558 1678
543 1654
1321 1676
679 1539
1010 208
514 1976
1727 995
1592 1167
910 287
1657 1105
405 1584
1339 1119
158 1754
1613 961
1684 1302
65 1981
1595 1947
459 1577
1279 712
1444 1657
921 1886
1451 311
291 726
1339 891
1725 952
177 17
763 913
1238 798
1102 1707
1661 155
793 806
1588 957
1182 709
1021 13
1262 833
1188 809
1697 898
605 701
1926 319
676 1738
1468 238
203 1692
1329 1252
874 1849
1365 538
409 1489
222 1989
1225 653
1020 702
843 1689
1363 1004
964 1291
639 631
1433 51
1138 493
1458 1613
669 1762
77 821
243 435
1602 212
495 923
262 346
526 1536
974 820
45 544
254 1087
316 695
1121 822
1416 1737
1127 322
95 1915
1777 1553
760 1036
1792 764
1050 1040
1509 1563
1697 1931
1825 1188
1665 1402
845 205
1618 1177
1476 1671
746 1846
1019 1864
754 399
265 122
718 726
857 364
1566 1409
1227 1362
1184 800
637 345
1123 1440
294 1050
1144 955
714 1612
1005 1835
138 1346
745 348
982 13
451 722
1924 1256
1124 859
1047 379
1396 1238
476 1947
953 1509
1047 514
1199 543
594 1676
486 1967
1323 1149
1609 1907
567 1596
403 1727
749 1004
975 1620
1960 1245
466 1993
1729 555
923 1302
1440 590
613 668
1528 1185
676 993
1340 1192
896 1077
1692 645
1968 254
1450 1147
1132 1270
1145 1593
108 310
1881 1374
559 1798
1075 274
543 647
1259 1507
1749 1369
1377 963
1101 1759
1886 1372
1054 34
1489 1727
339 553
1485 910
334 968
851 900
1949 1224
86 903
1610 1995
11 917
1074 1825
1279 1789
1487 1796
1925 641
1975 1903
1177 1945
763 817
219 1177
1386 1831
1936 1263
97 960
1411 344
675 74
1424 178
579 1047
1768 1440
1769 43
867 1758
450 945
1560 1065
522 1591
290 730
1320 1702
1302 321
719 945
144 1927
1111 1164
1815 428
84 1576
1365 764
1500 84
1702 1662
721 1333
459 1011
484 276
855 1040
1067 1692
367 689
285 176
1684 652
1436 1089
448 1658
653 1149
1946 273
1276 759
154 400
163 1140
1274 675
168 1405
285 436
813 900
67 1356
1371 1724
474 1092
1163 1915
1510 125
885 938
346 1808
565 576
603 376
1685 682
1110 1041
1660 1910
319 425
903 1859
1501 1496
1516 654
1928 20
1307 841
1634 1785
687 1793
1040 522
964 1176
1421 858
1757 1549
138 995
1621 1107
1743 1551
285 1031
427 1538
1739 647
1083 813
1401 1954
639 1174
1923 1571
911 1992
1797 201
1070 1215
74 937
1862 524
903 238
867 1228
1935 1390
1954 721
207 1502
870 1848
1656 1406
891 949
1582 1644
433 1243
193 628
1816 1696
662 70
1319 7
851 466
1745 781
1466 1619
1119 1544
1616 1318
704 1270
428 591
741 1338
62 1873
385 846
970 805
1562 1132
346 1654
320 1866
800 1358
1582 1298
1403 330
412 822
146 136
1303 720
1665 1975
253 1221
1421 1848
43 158
1698 562
1801 486
1383 871
30 644
516 1775
1643 1342
1430 274
362 484
1210 1173
771 545
560 78
454 1586
1971 12
1668 147
1819 1067
614 947
1861 614
1266 1236
190 282
1805 84
401 704
805 232
1074 869
1076 1540
1695 1622
1253 1735
1807 840
361 1535
1239 1583
1456 1108
650 914
795 255
803 1072
356 1221
250 1769
1480 1141
1423 1510
619 1352
911 835
305 1347
1149 287
1645 1645
722 184
1584 1952
945 956
126 1662
412 550
1456 138
205 1078
1097 1719
1356 1076
1196 1261
765 538
1423 865
827 1582
319 1335
1679 697
1101 1795
1512 24
1538 339
1478 29
1853 1856
536 772
611 750
1745 677
605 263
838 169
702 1693
1525 515
659 337
1958 729
1027 301
36 32
1599 689
940 1041
26 1344
1965 248
345 1879
1819 453
1209 846
1079 821
1286 447
1477 984
1056 181
1910 810
990 1635
871 1522
513 1660
1693 305
794 312
813 1483
1357 266
802 601
910 354
1275 437
1305 591
313 1858
155 1144
1119 274
1536 767
1393 1776
907 1653
563 649
31 7
70 1708
1918 1185
1539 688
1511 150
868 303
479 523
71 790
439 290
1542 179
372 1944
1624 681
1222 1773
253 424
869 1697
815 1072
1579 1404
434 30
648 1718
908 833
1187 1484
118 1727
1015 825
411 1213
506 1382
1427 1819
564 1067
1511 1998
1537 174
1637 1537
1774 1656
805 1354
774 380
366 1180
414 1534
306 756
31 665
1115 31
1774 1252
1929 273
942 1091
647 720
854 1370
1835 1301
1725 1312
1542 13
1711 1301
1901 1065
1735 375
1921 554
1019 381
1455 430
1236 1714
848 1505
1546 1199
1272 1869
599 681
1850 1406
495 331
1011 20
1260 366
666 1570
88 1436
722 1156
1530 636
620 499
1485 394
576 1166
206 1367
537 1757
1731 1249
561 607
1283 1881
558 1454
501 1952
329 1642
687 1456
13 789
209 1741
1491 707
658 1328
209 1965
1812 1997
1487 700
1432 1228
934 1968
1963 437
1050 587
650 1189
1303 1027
745 453
421 1386
1028 430
1884 282
405 1376
542 178
679 147
1543 41
1596 777
500 278
733 940
1608 1145
400 375
489 1900
1730 616
1919 520
1881 431
367 712
1518 1264
1675 53
464 1014
124 1540
1987 89
1768 1932
1055 932
1681 1600
1401 913
1795 422
1965 841
1759 1242
631 1445
1784 419
558 902
55 309
1130 749
369 635
1054 522
887 618
286 489
341 1283
15 97
767 1021
807 381
1221 1794
945 419
870 1442
702 91
292 735
1216 1485
1428 1473
1918 116
689 1338
1437 1355
1816 1298
219 1951
124 833
1810 1049
293 335
1558 1269
1106 303
1667 320
1450 1264
1270 1813
268 622
163 1754
1970 174
507 1098
1909 1768
1796 835
1498 1274
793 360
1837 1840
1787 610
96 471
1876 302
66 1941
1330 1624
726 1119
1907 1351
286 853
1253 813
629 1542
1018 651
1473 1022
627 1552
747 1864
4 213
1255 1431
1611 1814
588 493
152 1774
474 1576
990 1075
1137 1608
216 1792
1708 1811
1969 49
1912 255
972 508
1846 433
676 870
228 1100
605 1220
1315 411
1570 798
1616 1734
1003 246
1575 1288
1379 646
945 410
57 563
1810 918
1752 904
1312 827
319 1678
1378 1986
242 1990
1985 1067
1047 1066
100 1590
528 1417
1398 261
1680 1947
402 755
1841 966
1392 684
1258 1816
785 215
1360 1499
801 269
1580 1137
668 1834
1494 768
979 195
369 887
204 34
262 474
1897 1900
1284 204
759 1360
467 1956
1719 809
1735 110
1633 890
633 1936
1583 1507
1271 1834
1602 970
166 422
1692 1590
1297 475
1879 244
1470 1745
263 1961
1953 868
1809 1456
1598 835
590 695
787 1286
1323 766
1486 458
1590 1513
752 1943
1370 1256
537 749
294 1827
791 926
1474 532
1445 521
1291 156
773 1816
293 570
1671 848
1620 1475
1826 348
1536 1719
373 1949
358 445
1275 844
1980 1483
1341 1626
130 754
1508 573
1945 1638
972 1466
365 146
829 679
241 889
1193 284
1627 531
1480 685
538 777
1591 1682
1447 259
1744 198
902 989
48 1883
64 336
302 203
1077 1661
1566 1676
1728 1155
1316 1762
1273 1577
1131 1379
1878 578
1655 195
1499 737
896 858
1135 1162
1719 442
1962 884
1940 903
1252 1914
582 1828
1367 1784
1994 582
1193 1600
1007 819
121 1140
1202 1313
1125 448
1027 480
466 670
1669 91
1890 1198
1397 926
1903 764
817 263
551 1532
1872 1433
727 867
278 999
1086 1530
1300 1874
667 55
1833 1499
1370 1577
1302 937
1194 444
119 1279
1670 526
1325 241
1931 1564
1852 1471
402 233
196 1288
1064 1279
648 356
838 1527
1584 1874
1205 1474
1788 1029
735 861
797 1966
627 1127
411 1186
1717 523
456 411
1475 136
700 903
1636 1643
1352 1162
1152 1325
562 1661
27 964
1143 1291
1265 288
63 69
680 1293
1381 1782
183 251
213 1698
1117 1423
517 997
1448 1898
1625 1408
556 581
1719 320
412 640
1755 1680
346 442
287 929
1631 1756
1029 1731
790 1195
1068 762
1859 1824
1513 1449
1634 201
691 610
1989 326
1455 851
1728 1509
44 128
913 1276
862 1036
1575 799
1206 945
1951 1603
1576 308
575 521
1109 1496
884 801
1140 1691
1516 426
200 1087
1622 450
1621 868
1436 981
712 1863
1123 1144
1470 949
1944 47
413 61
343 1617
1161 1383
183 413
368 1558
378 1761
1494 299
1472 720
1926 362
722 1699
1747 507
464 727
1794 1175
858 1199
366 1227
806 481
833 1574
802 264
24 1989
209 221
1057 484
312 1194
521 1511
132 1531
1046 1372
569 1221
884 1298
1925 48
136 1106
355 700
722 93
1035 1170
469 968
841 1046
336 1577
1582 413
77 1183
1040 941
494 1840
1960 1031
1542 1356
1663 93
670 1640
709 1597
214 697
651 1589
1583 1372
402 435
1050 1343
1312 1453
1216 30
539 263
1198 1975
909 62
534 1837
1719 1795
259 1860
36 88
1480 493
324 923
647 33
364 647
1739 154
618 1213
1061 1135
848 1289
1030 1341
1220 1327
782 1549
544 1096
1929 1232
1461 425
1367 505
18 159
1354 999
1516 1380
1197 1145
993 935
743 231
731 544
1027 1755
799 363
1193 1757
1936 1822
18 147
15 1065
1791 297
1600 1527
1012 587
1479 1419
368 857
966 205
59 578
597 294
209 72
1852 1754
729 1282
1989 1885
362 1210
1732 228
1037 1355
582 300
220 1344
1070 1370
1377 1553
816 63
329 1588
1708 823
66 783
712 258
1216 1798
675 908
1870 311
512 93
464 673
1414 1702
261 1490
154 292
1166 1860
1338 138
1280 1289
827 1933
1654 1922
673 1994
847 657
1483 1174
141 743
420 1344
46 1125
1639 232
1010 1461
1271 1025
26 918
683 1740
735 1365
379 472
1307 1193
974 450
1869 263
1832 370
632 1353
1725 464
208 1843
1839 621
204 1597
732 673
1253 1441
1139 1714
1151 1671
1933 1550
1551 1519
1319 1033
1181 543
281 343
1741 1534
1203 374
845 501
715 191
1512 1526
417 1432
329 498
903 40
195 217
353 1079
1561 1229
898 919
164 532
1844 68
306 775
1228 1917
170 1335
687 1928
1351 1409
1488 1548
923 142
1400 1663
1209 1524
254 1073
878 1143
1584 1764
1988 1188
483 531
1998 1760
1705 1254
102 1894
953 508
641 1058
928 220
686 699
1935 282
979 1797
798 1915
72 1903
1215 323
634 114
91 929
1949 1034
335 1361
482 1811
1670 1571
123 1390
1630 1757
1937 1201
1757 15
1955 228
764 1212
1920 1584
1344 173
1528 1989
768 1136
901 1613
1881 1618
693 1447
1791 807
530 1014
830 1872
1154 1016
1141 946
460 514
1062 816
664 1929
1539 946
1878 49
97 1868
1430 10
1438 884
1124 1280
611 1989
174 696
1833 602
122 1526
405 1295
501 58
1803 859
439 279
1676 1362
942 642
108 338
1019 792
31 1940
109 557
1048 12
1146 160
350 4
1557 1568
197 201
1222 1988
432 1732
1639 1001
1896 372
1403 1117
925 488
309 1459
685 642
77 1569
804 1928
89 1703
931 1750
1315 1976
207 55
1961 1138
222 1794
311 1320
1393 973
764 1812
1168 12
125 1789
541 766
751 1172
1782 1854
641 1870
149 440
1868 271
106 1292
297 1538
808 1619
1315 1938
1097 1962
1392 284
1972 158
897 111
76 336
1439 1245
568 983
581 8
1038 1920
1715 1151
1263 1422
683 284
1682 1748
1849 778
454 1543
153 883
1813 1852
454 1883
1726 1172
1489 1367
1479 98
1361 1647
1688 833
973 901
712 1188
578 1565
464 86
779 1904
211 1170
320 1919
1262 925
1187 211
952 1060
1257 1635
98 1859
475 286
58 1677
619 1374
1803 1062
47 1702
738 1751
1001 930
1366 600
1139 1922
597 320
966 1213
759 35
472 160
174 19
1046 222
343 1231
1255 553
866 612
410 1885
883 1001
550 1799
1765 1617
1932 1852
1301 1653
805 1429
1948 907
191 1568
1146 1372
1220 898
552 610
561 672
1542 258
1471 9
937 372
1202 1369
680 1000
1590 1684
1777 51
833 1157
1916 373
199 1898
1997 1208
1511 1058
533 1893
384 1034
1774 1453
646 365
1278 1603
1342 1212
51 1031
125 1135
1521 486
866 415
1355 979
37 156
558 736
410 646
535 1220
1091 477
470 1802
231 664
1879 69
1106 1309
221 1039
438 875
1014 672
74 175
1532 446
921 1643
155 832
1466 1956
167 856
1832 132
917 754
231 751
1390 178
1223 680
552 1749
1907 586
911 1567
1071 840
861 1892
825 880
1155 405
486 1576
784 1174
1508 1372
1936 165
805 1812
1785 1455
1729 466
1147 258
1963 1337
1171 632
969 1237
1020 144
1781 1732
480 1697
498 713
666 1606
1640 1220
1787 135
1461 958
1848 1535
1561 464
595 1753
334 91
882 574
1753 1473
363 732
1448 1844
1280 1989
1218 1759
1740 1164
1535 823
539 458
1773 291
577 1712
1367 125
1389 392
18 1125
240 350
1132 319
1742 1168
133 115
1526 1103
1669 1029
788 1637
1522 1180
1194 247
570 1932
1069 1704
97 98
368 1323
7 439
1069 1100
1835 1348
906 1027
836 63
1622 1470
863 1641
1756 1493
1600 1846
156 1431
785 507
1790 1202
826 1113
1697 1207
1165 638
1540 1179
1960 1269
1801 1793
958 1059
462 1036
719 1877
1206 1484
773 1301
1982 544
79 1880
1627 764
900 793
1463 1119
1117 816
702 363
161 1911
1350 1618
235 1278
1369 559
880 504
1348 1760
127 1692
1541 1109
1409 1693
1783 223
742 843
1852 1340
768 7
1508 1059
612 15
1416 1606
727 177
449 1070
834 337
981 1752
338 881
746 1694
964 1867
1234 838
635 477
896 383
734 1064
734 1266
1117 896
1789 577
496 1170
542 507
1864 588
1310 682
1644 1211
683 1581
1908 331
152 626
1168 1478
1806 1238
1900 299
1297 1287
1610 1521
590 692
1702 1698
326 399
261 141
1454 1036
1869 306
1685 327
187 51
1678 908
695 1003
790 191
1138 1394
255 185
1890 926
1170 555
428 116
871 57
1392 96
575 1324
1270 366
1288 1426
1868 140
570 916
1071 1625
1662 555
833 370
849 1878
1867 98
1026 163
1423 1674
1506 1258
109 1708
570 1842
450 431
1882 997
1084 161
1762 1887
855 1356
978 1871
1307 1870
287 1076
1081 1400
1801 838
667 436
941 1130
1431 721
1344 1608
811 1717
415 1204
1882 243
112 1155
44 959
454 1362
1283 1674
1088 1947
395 1262
812 546
66 1907
82 58
977 859
1542 1727
1693 782
912 1786
1980 234
1226 1695
450 710
984 1715
1515 776
1124 92
1237 1402
484 980
734 1995
1289 554
1456 180
1407 500
1873 1727
126 878
75 978
1190 1655
1117 365
1175 1262
1097 267
1134 211
1016 1046
1961 1463
1267 1701
32 600
1838 664
1781 778
1499 1432
1636 72
1777 1800
563 949
1460 321
88 1227
1602 950
1517 1898
136 382
203 1648
1059 1515
806 1190
239 1226
337 97
1215 1944
135 1806
249 1344
288 1083
163 977
494 1257
1704 655
916 773
3 1311
373 313
1357 975
1132 1004
321 108
639 1640
539 1460
1213 791
703 1212
400 826
1296 995
533 1683
1355 511
1916 1830
418 1681
276 251
93 688
262 1720
1134 1506
644 575
1916 923
1221 34
1960 497
316 1347
786 199
1916 1832
957 206
1789 1522
429 1604
1844 1632
1802 1399
855 520
135 355
579 1892
194 528
242 751
1532 578
790 437
604 621
816 388
974 1668
772 145
1703 823
393 1265
1236 394
22 1238
1314 244
1628 782
1724 162
2 1360
1703 327
1288 1526
974 316
279 825
1012 1804
422 1876
1285 1346
1548 1991
1500 1911
1652 1349
30 1210
1790 1791
114 153
529 1914
1455 1433
1707 869
1198 494
863 1480
743 457
366 1841
1070 1613
1764 251
1841 892
1900 1744
1348 1635
189 54
364 884
1305 1339
1743 1795
1888 113
14 1019
815 1276
1380 87
1306 178
876 1207
1632 47
1321 1349
1756 1214
1882 544
1590 267
859 82
727 361
1575 862
335 1822
149 360
666 914
1363 687
965 900
951 756
711 1688
738 1749
1766 1768
1765 125
610 913
1860 85
1461 1609
644 118
1588 1619
808 234
1370 268
1157 1747
453 1852
1695 101
1196 1759
1458 1203
1511 772
325 1998
1457 142
1902 776
1332 871
1683 956
1323 1142
279 361
110 1354
1699 1589
590 267
726 1088
1382 1189
1215 1637
1934 946
1506 1829
1442 1237
281 1045
376 484
873 774
1262 633
1916 1912
58 1604
566 1406
825 234
1663 1923
961 250
1317 95
130 656
1491 1222
1326 1963
6 680
1076 1102
1819 329
698 1
804 407
873 1229
1209 1440
188 1130
926 1858
1040 756
724 1402
175 1676
1609 1727
1702 111
1907 279
213 426
1102 465
1714 1808
276 1768
1812 528
980 1119
502 1056
1897 507
1775 1393
526 1042
275 463
112 523
1671 898
1629 1533
1437 1456
416 847
489 677
1678 731
1714 902
369 1950
451 166
465 1203
629 375
397 443
949 366
1701 1806
1294 931
858 930
653 1137
1411 1772
1746 10
1984 1993
517 1296
1029 1949
795 930
1610 1305
101 198
1512 1918
981 651
673 1453
1407 918
987 1290
618 864
22 1075
109 577
1439 701
1233 354
678 647
288 316
1071 1349
345 1856
895 1633
581 1252
1373 717
769 282
797 414
1538 1451
1433 1698
747 472
1979 1974
1057 1113
1627 1228
1272 973
442 1780
263 851
784 714
988 1422
1698 1702
32 1387
1730 948
900 1103
893 1651
1434 792
1603 616
765 644
835 1232
1627 1522
2 554
1962 227
1008 143
1383 1332
1634 179
870 1007
517 1476
204 747
855 1059
823 1742
503 1887
407 215
215 1022
1713 1077
1457 994
551 507
1878 920
1994 382
772 1880
1057 636
423 146
1265 1928
87 1660
1002 332
799 1644
754 280
1213 919
1850 333
733 1746
1215 157
387 1506
1809 238
1123 604
1267 1325
235 1130
1502 1219
1750 1224
811 997
220 443
1578 1968
1529 51
1165 1597
285 41
711 1754
259 193
417 1565
74 1250
1549 884
1801 839
615 618
742 1741
1511 1571
531 783
1018 1115
1151 259
790 431
1756 1733
940 715
968 350
1290 598
144 624
541 1836
885 549
464 675
532 1893
1481 534
340 259
1506 741
1267 346
624 925
1232 1513
10 923
786 554
890 1261
1688 552
856 865
1193 1327
464 1669
43 1106
1863 259
1738 1523
1076 39
1616 1911
1182 758
1753 1373
74 1657
74 420
1518 1892
242 872
1811 1345
606 630
1698 55
1018 607
741 639
1557 1559
157 385
1582 1734
1211 1191
504 1349
974 1680
1343 1064
1884 1977
1349 819
801 564
963 1164
729 1622
1232 333
1612 266
396 1128
1128 1948
1270 1459
1621 1
1931 1500
997 1202
1467 671
1543 1384
1282 1964
1198 1113
1642 1052
589 232
373 332
1339 1042
667 213
1656 382
88 1449
859 1432
421 1836
1543 1224
1809 155
1665 1686
74 817
417 467
1876 935
1769 1522
901 1868
643 558
474 608
1553 872
1637 139
1971 1199
1139 176
1236 1230
1558 1962
1821 70
386 1973
1540 905
967 1962
174 654
538 1303
1368 1019
993 1516
875 55
1834 1569
482 1862
792 980
786 326
655 175
1631 644
1664 493
504 531
103 1123
1646 589
1325 441
847 1086
710 1195
1004 1347
439 51
1433 312
1419 376
1673 1475
1622 888
1874 1284
1094 47
913 1765
1509 1961
149 1363
223 271
517 1813
1722 1989
1346 1897
1202 341
1953 1338
840 477
541 243
1354 633
56 1338
886 613
1310 1627
1803 729
1341 1758
459 1980
1398 1208
1583 1222
1762 1313
1330 184
1270 992
1125 2
1805 105
786 174
1186 211
1118 1500
1061 1297
1244 1454
1328 271
1600 427
87 805
1023 461
989 86
252 1076
776 652
956 762
1437 963
724 824
247 227
1622 541
1941 849
183 1854
1867 1680
605 1538
1957 1791
1504 1190
362 1081
240 1262
1439 974
1783 180
1897 819
1815 1654
1076 53
842 1214
516 1213
1728 19
426 266
1971 97
1107 1207
72 960
1472 553
90 1255
948 536
1569 503
1626 151
1732 1279
926 253
1151 1192
413 1412
1915 1709
1935 116
1367 431
802 796
1798 1538
273 509
981 468
1722 279
1092 695
117 1588
725 1155
1480 1307
664 1105
1701 333
666 822
1901 1703
1849 1095
1077 154
877 1181
1760 1366
1862 846
476 343
1301 207
1025 844
1314 1260
842 767
867 1940
1003 110
1953 1424
1526 134
476 867
1586 1604
1207 1665
397 1352
241 1075
1606 1473
235 1190
12 377
1817 178
1523 1074
603 861
830 1452
66 251
845 150
497 202
409 673
803 1316
310 500
196 746
1233 1074
104 534
828 1591
296 626
1604 149
634 1221
1416 1761
1305 318
948 686
1648 910
1721 1548
1961 1923
472 1426
974 710
8 970
862 167
1387 965
1120 1620
654 1848
1339 1212
683 1160
1801 11
93 1555
1200 1606
1950 327
912 1831
1460 1572
1314 958
867 509
1210 972
901 742
224 1689
576 288
1292 1355
1495 757
820 1566
58 1234
192 976
715 241
1810 112
316 1256
1270 810
1987 1685
1582 57
1138 1027
1753 96
692 1734
995 749
476 184
1360 1947
1888 842
1846 1490
734 343
1716 1591
1294 78
563 192
1457 1612
201 182
1930 911
1754 701
739 712
1617 1113
982 1071
1885 778
1757 505
863 180
1553 581
353 1125
814 301
141 1612
1414 1194
565 605
602 1445
159 660
1549 1253
1793 106
523 1281
602 780
1690 437
1096 38
16 294
1586 1491
557 1425
1675 1692
378 481
658 1252
504 481
254 398
716 677
1756 1180
1260 1227
1077 136
1669 1081
1250 1242
1835 1372
590 1767
903 1725
1962 715
598 225
1366 1697
1652 734
1449 1580
1897 1493
130 1542
1873 1641
1305 1848
967 1657
3 1880
56 571
1236 875
210 460
1098 746
218 670
1648 836
35 127
1461 650
1297 1376
1826 863
1677 904
360 1515
446 472
1435 441
870 294
694 1279
1615 1217
73 57
761 430
1244 980
874 1329
1950 1088
1013 1427
480 435
1449 235
279 588
601 1615
134 808
777 718
938 121
374 1635
665 732
1841 572
130 1798
827 309
13 1149
1368 1151
1603 335
560 1116
1707 62
1280 1263
309 629
1153 52
1261 787
980 1320
1200 1419
1810 963
1115 1849
289 1159
299 1908
294 649
590 648
987 1921
1402 296
482 581
1799 279
573 1463
159 410
1321 594
1186 89
267 1901
1489 1393
1571 1274
1994 369
1667 1877
624 331
642 178
374 578
1773 1051
183 1366
1165 746
1492 459
48 218
221 197
1001 269
658 745
1421 1690
693 1173
1586 895
440 987
778 428
1692 416
3 442
445 1892
1581 416
1262 204
522 1072
1841 1053
443 780
201 1086
1840 852
154 842
1561 1012
1423 112
1776 664
1771 1951
1514 1084
904 7
1474 639
909 1585
823 927
1242 1992
248 1524
1496 487
1897 688
514 20
29 1482
811 987
1637 1406
1703 625
482 146
324 308
1891 441
595 1604
1209 803
1316 1014
638 229
1029 1440
1450 1634
1167 74
1706 1211
319 545
1671 490
233 1293
1681 1047
380 777
367 1839
1515 544
1730 191
33 1818
717 1792
559 1302
223 1631
1033 879
634 1993
897 841
706 535
1468 1660
164 1271
1934 258
1887 293
1993 1237
1744 1195
1649 1856
1425 219
1016 934
1530 522
1497 42
1661 1418
465 842
1489 1653
743 531
1396 1858
403 126
143 87
606 28
1986 1215
369 1003
1153 954
1202 1477
1496 200
1522 453
1681 1994
116 656
418 1145
1804 173
941 1392
1814 324
1333 1097
46 1656
635 1041
1604 1713
458 188
357 828
440 800
814 120
1628 1290
1806 1410
4 1900
1572 1872
8 1315
1477 1247
1121 930
893 1242
1930 433
764 1823
883 704
1626 686
1419 1725
459 499
431 1664
616 956
1216 376
1197 636
1859 1777
738 1628
491 681
1716 1954
1493 1851
1647 287
1890 1130
807 602
420 1414
205 566
619 112
1388 1837
294 1330
485 143
333 206
1976 1253
249 874
604 1719
997 1592
873 603
572 304
1671 679
1600 1388
1993 1726
29 923
1226 98
1994 922
607 120
1897 861
749 1726
598 1256
1630 1092
1370 725
459 1456
241 516
662 1038
229 911
1970 1305
1870 1372
1365 642
981 696
1279 1968
1589 1861
886 1671
1784 396
1239 646
593 1725
1661 1183
1214 1946
1553 1290
1360 21
660 1924
154 406
1034 1219
55 554
104 1165
1856 1349
246 1919
503 1048
1981 957
1411 767
1058 1139
1498 1848
1765 1873
524 612
373 1761
936 460
1114 651
1870 386
63 1348
1784 360
1875 690
782 853
156 744
560 1904
1775 513
1771 1770
379 372
1262 1550
64 1368
1008 976
763 1375
1811 1360
141 287
606 75
1628 1586
1384 514
1557 158
1977 1945
1512 1694
794 501
586 977
161 438
1769 1921
218 1472
447 211
1480 169
605 1733
223 293
1582 933
932 284
1966 1643
887 542
1787 963
886 1324
421 917
553 433
1961 1769
710 1457
152 56
92 1809
128 1057
1674 1889
1220 887
255 1662
601 1341
1843 215
50 1582
944 1594
1438 1329
1359 239
1502 981
820 814
100 1716
353 1153
91 776
1741 1744
437 3
1339 1612
316 395
708 1543
1466 365
1927 422
330 712
1824 262
1673 1664
1384 697
1950 563
906 1887
1838 1711
680 928
975 785
581 1628
183 61
1257 541
1533 754
707 1254
1611 1512
1037 1857
1186 668
170 20
1397 1348
1437 1129
648 1450
1989 824
659 584
153 469
1269 240
1739 516
484 185
879 570
1488 1749
1524 710
1536 1084
921 667
1469 289
1862 53
1163 1942
873 710
1660 1664
1219 1698
1554 297
295 1231
369 70
1506 1457
29 988
842 865
1578 1857
1229 1421
369 247
1824 228
1099 789
248 1478
522 470
1535 1572
1171 1041
1211 1359
1121 184
408 1404
1182 197
65 117
1106 60
1711 667
1615 1022
625 1369
1241 1335
1285 22
1422 1574
1097 1552
1958 728
987 102
1142 1051
350 34
1628 1153
1812 641
1600 1011
1196 1159
758 1320
1779 1682
879 342
905 683
926 1400
792 159
933 1182
900 618
5 558
517 365
1180 1698
215 489
1646 225
1227 957
1277 294
1945 1515
819 1251
239 1568
343 214
875 880
1845 1379
996 447
1704 972
371 712
705 965
433 1641
185 724
1937 1108
1136 1444
1355 1174
1679 1026
649 10
1462 1397
536 768
6 445
1003 496
1345 596
650 1244
1140 1403
445 1265
163 1724
1484 972
1198 501
732 441
1123 1032
1299 1077
619 487
1872 1243
972 1707
747 1874
759 231
215 40
1175 914
1440 1435
1033 929
398 1258
1478 1008
918 1559
1334 802
401 1264
1617 574
1916 1031
887 170
525 478
1780 1463
1279 1210
546 1200
856 417
1082 1304
1118 1270
1046 1589
979 575
1672 1440
1842 895
524 1517
1372 240
422 471
1775 609
980 806
459 1171
247 1211
201 1868
1027 1685
842 523
75 727
1416 1455
1853 309
409 1996
1738 1614
1439 450
1740 1868
113 494
1993 1880
1815 1830
1245 558
959 1050
1262 1435
1763 879
622 26
30 873
442 398
1367 1191
248 841
932 1466
393 1636
580 629
1390 1213
1748 1799
320 79
1748 746
289 1675
191 358
965 755
479 182
1882 1037
273 741
1712 46
1944 1674
940 602
278 1637
811 1250
167 242
761 1189
1527 1515
1705 1101
1003 259
130 1695
1600 1376
1653 116
1071 503
183 737
1979 262
1500 837
1358 1340
172 740
1961 1052
520 1464
1596 940
1634 939
211 1971
394 1842
1842 330
173 1105
1052 292
1706 1992
216 1598
1921 1074
1663 1263
1203 402
810 1624
1850 1654
1105 1146
563 188
1549 300
1578 101
1632 1940
925 445
311 1739
374 901
292 751
198 779
1819 1762
450 684
1419 1401
1750 35
802 1544
1266 41
1068 1214
141 663
1794 1579
187 1877
1590 1226
1979 703
331 96
625 612
1192 1197
1772 1708
652 364
647 487
547 644
1422 1178
662 1368
1879 1632
1190 1149
775 1780
1182 1
706 1416
301 1849
337 848
1493 18
1267 1592
85 1450
1180 136
677 1401
1548 336
1199 392
1597 1850
772 517
1188 1631
199 1655
1572 1366
425 61
207 447
380 1628
333 543
793 1894
142 1979
801 1942
869 1972
1816 1086
1191 404
907 925
172 1405
83 487
194 1099
840 67
98 1294
335 1662
26 401
1879 1564
175 377
29 1735
1820 1624
1301 1850
22 740
1402 929
1775 1725
397 1677
953 478
243 1545
588 496
67 51
459 1365
288 1873
454 652
1150 1855
1804 1826
1758 1860
1550 521
210 726
1475 972
456 1049
1602 1243
422 434
1452 1668
108 1825
626 523
297 117
485 1244
259 1778
986 676
120 73
147 1734
874 1931
970 1837
839 394
425 840
936 748
1794 913
606 1425
282 263
1639 329
1402 1855
1231 1784
329 1203
998 737
440 1160
932 487
256 380
601 1485
909 1262
709 1243
1292 1975
1159 129
709 1387
612 636
961 1869
930 899
822 292
731 245
181 786
609 311
815 1673
1290 265
776 646
1490 696
1112 1574
1298 1436
1771 255
1881 322
1155 1688
611 1982
1690 495
318 534
1946 1924
930 1784
1620 1189
882 1072
752 767
143 1331
1686 1156
28 1316
1656 393
1163 1936
1878 1528
324 967
575 287
1774 1500
1065 855
1604 870
537 1510
1946 99
286 21
545 1875
1727 1943
673 1425
392 1837
316 1015
1084 684
1610 1208
1253 954
203 1246
694 1096
634 200
1019 743
1778 1391
1981 524
672 1322
1711 570
489 1290
1040 1851
909 959
1614 379
994 347
1893 925
1904 1501
1770 1366
979 187
1664 599
1522 1140
41 645
1152 1693
598 444
482 260
158 1093
1462 437
35 886
337 1662
1435 1180
520 479
213 1390
1302 1402
1718 924
527 1242
129 1504
1645 1445
749 1119
1323 527
995 1677
636 409
46 378
1167 13
1706 569
619 1591
841 936
1044 777
880 665
1003 1950
1636 775
1695 1477
1257 763
849 1157
933 1946
1907 972
1791 655
860 172
437 1721
1262 281
1376 1381
91 63
73 1809
1825 79
1070 1859
656 582
1530 1643
537 1792
453 1719
404 754
875 1356
1952 1530
379 1585
1588 804
1050 847
1342 412
317 970
1149 1752
84 1836
395 386
1038 1003
1909 1890
1462 550
980 1597
181 1112
1708 511
1994 1770
1612 850
1148 277
1710 1126
705 28
1170 1775
1966 261
746 923
291 1471
946 784
420 1112
697 464
6 843
422 639
1275 335
1441 232
1484 1550
919 1723
545 1866
708 1766
302 1045
1845 1046
949 1298
1719 697
1700 186
684 1391
1695 1724
522 1907
488 254
309 1733
1557 400
1023 1518
1236 412
1456 1144
1169 217
1238 1820
1426 144
352 1782
759 1473
1799 1561
1078 1796
993 665
1708 203
1962 1463
1531 1413
1904 1710
1638 1653
1319 728
1287 1943
271 841
609 1079
1493 1886
508 1707
1892 304
1680 26
1592 149
1160 1834
1799 643
858 839
231 1967
608 244
661 1351
479 1973
1703 1940
161 1997
492 874
1704 43
937 280
930 386
726 2000
1753 472
414 717
525 1919
1700 286
1076 80
210 1497
4 1071
354 15
1439 303
531 718
797 1005
631 758
1461 1059
1779 626
1121 533
257 481
851 1902
1052 255
1402 1962
923 300
1937 647
95 1889
1043 1697
626 282
211 676
757 414
1560 1742
836 1134
1527 944
609 1616
1171 293
1486 1846
447 1952
407 119
185 775
1858 221
1335 1747
1845 504
968 470
1264 298
255 1623
960 558
1326 1716
1520 196
743 1730
967 1126
1163 976
1098 665
297 12
580 142
1902 1901
1071 472
1955 963
1784 1156
1004 241
1590 60
822 148
1400 216
51 1633
1541 586
672 358
604 601
1058 1321
649 673
476 1726
147 869
972 1576
577 124
1867 1467
1106 1774
1498 1986
1287 638
1199 1609
1897 932
1207 1702
425 518
1518 1527
1138 1361
663 1166
1711 483
1961 410
979 1389
534 1692
326 1019
796 249
274 1713
1711 529
490 799
1675 44
1809 407
1765 531
1574 146
1040 390
49 181
1484 309
1219 1717
1339 1618
1303 977
617 1263
56 1459
1771 290
503 1718
285 1480
14 1547
322 1629
724 1381
108 1729
1181 1723
1460 1948
888 1483
949 886
1386 1435
63 1587
869 1402
115 1832
1635 1434
1756 604
20 733
1074 384
1370 1571
272 1168
236 746
621 1244
471 1937
1665 1345
232 1970
878 1062
328 449
1323 1037
1199 570
413 1482
870 1137
354 1278
61 524
1018 1734
1645 1697
980 277
534 1214
811 645
1052 82
186 851
193 1309
300 334
1574 1574
133 622
1771 1273
1586 1967
1316 1413
1385 1694
1675 1067
124 411
563 1491
1471 590
507 735
710 137
1360 1336
12 1149
596 50
355 1445
1976 239
737 547
1761 833
1924 50
880 418
1934 901
1994 1692
1505 1746
818 507
1902 648
1988 901
776 674
1468 1964
375 1000
1742 1249
185 1471
1657 473
1749 894
51 185
1454 1037
1492 367
889 1418
1493 1787
588 1544
1392 620
240 621
1869 634
1814 420
518 1861
609 577
1644 1354
1015 557
253 1305
1214 1128
157 898
1781 892
675 753
303 178
978 1712
771 1664
517 1890
235 1250
498 1133
1579 1974
1571 292
1770 387
809 673
616 330
1841 43
326 1885
704 1902
1398 1948
584 981
1278 891
1218 1608
165 442
1228 593
4 456
1696 922
566 523
801 982
657 1740
1168 106
84 1615
377 1433
124 1386
368 1998
166 863
1551 1593
982 1038
1567 1948
1674 1187
416 1830
1003 734
901 442
28 1987
559 1774
668 693
1979 1347
321 1837
1459 1686
776 782
329 1571
1150 1667
1837 778
42 229
966 336
1956 458
609 526
1063 193
1736 679
1119 320
571 1688
707 1940
1223 1588
548 1552
1787 1054
1382 174
322 75
956 424
241 1568
675 1091
984 1576
150 1179
1278 1782
722 1141
1564 1074
1103 1289
1215 1336
974 1006
1980 647
1998 454
1356 1298
676 275
1202 1054
1463 346
1830 1784
302 1402
57 573
491 64
64 1109
1911 1136
1965 1875
204 676
69 1321
1829 36
797 1743
1386 1496
1912 1782
671 1832
726 1750
1811 772
1154 1516
612 1086
1548 845
1357 1429
1555 1187
1553 146
746 1698
1401 23
573 747
1761 682
1427 1082
1941 40
1719 1636
1931 1097
1113 1321
154 100
1494 777
1410 806
1997 1594
1553 1643
1843 377
1675 1693
642 1370
415 1548
30 1360
778 496
343 1755
441 125
538 1782
913 1965
1121 163
1435 1475
1961 262
1306 97
806 950
1240 1238
1096 1985
86 1194
946 1354
1269 446
1251 1023
923 1270
1458 937
550 823
401 1024
1169 1011
1222 1048
1144 1089
459 756
1920 1458
108 1157
1924 1056
1891 1987
16 26
644 642
1977 1830
1818 1068
767 1112
1697 970
1748 777
1695 468
1253 920
1168 996
481 695
1299 241
563 1456
1641 1530
734 1589
169 1593
10 1629
187 1090
1572 796
418 535
836 607
1901 1991
129 1951
1852 1292
1743 934
625 652
725 1055
1361 1322
625 906
425 1388
1833 849
1607 1358
1626 629
917 373
1765 979
217 1319
1925 1962
474 1917
1737 1514
647 1221
1860 198
1301 416
658 413
757 654
1135 281
1181 570
1184 1168
760 1436
966 671
1503 1720
1892 1068
883 1450
1491 1752
1529 906
315 511
435 1054
878 1810
299 1516
1225 884
1049 1792
943 932
1558 1090
166 103
1246 1208
702 1725
422 942
1420 233
1745 877
1203 1374
368 556
1534 344
1103 90
786 1471
274 257
255 1143
710 1094
135 1511
350 586
1261 1589
954 1834
533 33
185 1769
1314 63
1267 161
1324 1326
1512 1049
684 1800
466 1270
605 882
238 1118
935 690
946 1980
283 1829
1905 284
622 103
588 944
1413 326
491 1718
511 371
1381 1414
41 226
1049 1947
948 82
632 1338
1880 274
693 915
992 1521
696 570
977 624
30 1062
1094 1307
1229 1500
1028 889
375 1395
520 74
1810 529
156 1675
859 992
820 1479
537 1899
915 1580
468 296
455 795
11 230
1376 1176
1076 1302
1432 808
1265 671
509 1651
1603 1991
596 765
204 1359
264 1901
57 340
1776 491
904 414
1313 1715
1136 1323
591 1078
843 1754
173 1683
1678 1432
1379 1190
1073 1957
1423 490
1954 367
302 646
797 495
1831 1657
1567 317
1112 1553
1385 1997
140 1085
7 454
1668 1907
308 101
1719 385
1651 453
262 582
553 1206
622 255
1886 201
580 1743
1436 1831
897 1129
1484 718
963 1754
178 1964
1938 1964
613 639
1050 1952
1535 609
194 299
103 1816
269 1609
933 328
43 1270
816 564
1845 1963
163 1763
1495 442
658 445
1154 1530
937 1313
357 344
1804 1196
1591 277
1691 1045
1646 1809
441 38
1921 1290
1825 1470
47 699
1304 54
1807 1031
372 256
1916 152
399 446
1880 1056
529 1705
206 1704
397 1017
1675 1862
428 906
62 1823
1218 1371
1207 19
885 1634
1632 1329
1222 640
783 1388
465 393
36 902
1986 1731
290 1097
1605 1497
1721 1891
411 1611
1804 1754
814 674
702 1195
1365 593
371 1236
1152 1558
1369 1282
520 1957
62 1022
1350 1724
460 1285
657 1460
1001 1389
1154 128
289 702
1482 1728
870 187
1014 802
1804 470
1677 914
1150 1282
1703 1958
862 240
1340 1352
830 437
359 1787
1281 372
1287 400
1991 18
1698 856
1345 134
304 1666
1657 1890
1689 762
83 1929
531 158
1427 299
148 1109
1914 1903
1696 1218
418 1395
1232 347
1798 641
147 1284
241 1017
437 1608
1785 1598
1345 1296
1159 972
1115 758
17 462
1491 383
263 295
190 988
1638 722
1788 1299
906 1730
1639 308
1956 69
556 630
1219 341
636 1793
842 1723
1570 712
1207 24
1253 614
726 1100
646 1735
302 1509
1016 164
161 81
1306 1908
466 1795
783 1477
814 600
1881 1813
151 1496
1743 1039
1754 622
922 1594
1162 1854
96 1745
201 1909
1664 249
1294 166
1404 87
349 140
1989 1590
753 1504
800 898
267 825
523 1042
315 1521
267 1180
1707 1686
1025 335
110 1891
1627 20
855 909
1915 1216
1192 177
1728 147
395 350
1816 1550
1151 1227
688 1152
1760 370
405 1287
753 1850
434 1322
1653 497
20 68
337 307
1685 347
1410 1551
1669 782
1253 302
447 1728
79 1890
548 1091
1361 1862
1463 387
984 497
1738 1944
1346 424
1060 581
806 830
1073 1002
1024 508
1579 1937
1651 1160
6 1119
1854 959
50 993
1795 1578
292 440
1997 1812
75 343
130 356
379 752
1712 1916
841 298
1110 1912
405 1291
1357 831
1206 515
23 469
343 1204
1068 92
702 1222
322 538
1991 992
1400 740
1008 502
1364 564
349 942
1233 1257
226 1633
113 419
334 1226
1440 1269
1683 1342
862 365
676 720
448 1123
1260 1654
602 185
1415 969
732 606
557 560
460 15
1343 1026
1405 1355
56 1280
831 1342
463 1426
592 1051
1814 1120
33 330
1636 1418
585 172
1459 66
1150 175
532 1490
577 574
1668 171
1496 1919
1576 1410
1046 287
691 760
288 1186
1234 1662
425 545
774 551
126 1661
1078 897
1095 272
221 566
46 348
1326 134
470 453
858 1129
1743 740
1055 978
1036 398
643 1397
544 1765
317 1674
1876 59
1399 1720
1411 895
1326 311
130 959
542 1056
1351 1377
1756 563
1353 1670
456 1156
416 1459
122 932
1571 1315
701 1397
407 247
475 1430
711 121
1022 1467
871 1046
746 135
1617 891
1026 888
180 1050
624 71
247 1967
1986 1389
1278 525
1083 1877
816 192
1971 1806
1166 493
95 1673
1489 1051
509 1524
420 532
422 1019
1926 679
1563 281
78 1695
837 1817
156 1852
1656 34
441 1567
1067 553
1875 643
225 1880
1964 232
3 1474
645 1169
1756 1109
231 895
1804 1376
824 680
1800 139
21 1762
34 1780
990 991
800 787
1310 1348
1604 1586
1826 1216
590 739
1868 583
1609 445
170 1546
188 1367
1009 1965
1945 544
283 628
787 1412
243 394
305 1711
1724 458
1762 826
345 286
316 513
828 542
1081 658
1738 1893
1924 554
1755 317
128 71
1188 625
306 1907
1252 973
1308 1683
1246 764
1109 202
779 451
273 22
1883 976
621 215
1792 327
1736 171
347 1826
1134 1635
1223 348
581 776
373 1651
1882 1349
710 238
101 1304
338 1366
24 1706
762 1926
1630 741
1648 1516
144 1612
1428 779
70 1320
1982 1874
685 1125
347 1923
1739 486
1437 126
903 1154
1752 1380
1204 837
55 1080
1120 768
1209 563
1330 1043
1476 383
1512 1714
296 262
557 1539
428 1205
1570 1980
168 440
1511 188
743 1012
1944 678
958 141
1398 253
1970 1837
1161 1417
1219 1282
1281 1722
234 1704
348 1448
425 1224
900 96
1023 385
621 221
1933 24
1966 45
1841 263
1771 291
228 1683
1431 1805
149 1511
1708 708
1483 1057
416 323
38 710
1036 1686
524 1658
1558 391
850 723
1156 933
737 1595
1551 1207
480 1022
893 943
1740 591
532 1352
438 1839
181 1262
1574 1989
144 1263
5 1773
1877 1640
1768 1643
540 4
1920 1432
1563 857
207 115
1701 634
112 1998
317 1486
1452 517
328 345
1205 1163
858 1874
258 526
436 1083
773 957
350 522
878 1546
641 1752
1387 1684
1098 1429
731 1630
728 658
560 1018
118 676
725 100
1057 1728
1904 1708
1009 276
1603 404
885 621
1506 1282
707 999
1400 659
1611 1316
1696 1054
456 280
1684 1145
1729 1343
23 1966
1925 1348
1054 1154
459 583
406 1385
1241 1720
1380 106
842 859
1924 866
434 1236
700 1628
478 316
937 112
1007 1973
372 930
1787 432
3 22
722 1493
1980 305
433 1973
321 52
1565 656
968 1261
67 1022
1260 1890
235 869
1591 1451
1664 1074
1532 1300
1276 1202
155 848
120 771
1841 1518
1689 1589
505 70
586 1444
1980 701
1963 1765
1074 1084
25 1292
109 789
22 883
1566 1736
1744 1919
1035 613
604 1431
1093 465
1216 533
150 405
832 855
1538 1649
479 416
99 1830
1148 128
1279 997
151 1738
1169 1629
1251 444
1470 529
1435 962
740 708
599 607
1971 1925
842 326
1833 1558
1149 182
1627 151
1180 433
1431 1612
1364 1375
892 1554
1306 1988
1360 868
1946 1557
1184 1361
318 1462
734 1305
49 1374
118 1980
317 1844
881 875
989 1224
1299 1270
987 1920
1271 1567
891 1277
220 449
248 520
1254 1684
1209 1356
545 456
1367 1701
1829 157
821 1279
1456 1581
910 1461
1011 1171
1896 1257
1285 4
400 211
195 1486
1479 1948
1542 1060
1501 213
364 1473
1017 1101
1668 966
1670 337
512 53
241 1780
114 753
575 541
773 1030
10 704
737 1612
543 1855
709 237
1941 1203
668 1229
221 317
1343 284
289 485
1372 119
1163 982
1909 1830
1374 807
775 1242
1420 1016
611 788
85 1845
1663 796
1075 1806
592 1358
1081 1375
1288 1134
903 904
1064 4
921 1869
571 1393
1354 690
1076 231
1278 979
1099 468
1721 1466
508 1442
1961 1937
759 1776
749 735
1188 1403
1671 1796
343 424
1145 18
640 951
1478 1279
852 1720
1498 257
1700 658
1166 1173
1532 562
1924 573
1372 1412
668 760
1979 1039
26 391
1532 468
472 531
1806 1360
1879 1128
1014 1899
813 1211
1181 1431
630 14
459 1089
252 1319
1494 1071
851 648
1126 165
1371 1487
1412 1110
1125 1670
394 1374
556 1160
870 282
455 232
1333 198
18 1682
783 1064
1536 824
66 1306
982 3
454 1852
245 620
262 52
1309 323
1609 641
250 55
210 1413
510 1853
1359 1503
1145 458
441 467
602 1878
848 1256
1242 1079
1257 1575
781 335
1948 72
133 73
251 1456
727 1098
1849 56
1864 679
128 1181
892 1446
1579 172
976 1290
516 352
403 1077
582 19
1266 1323
269 1091
1829 1484
1798 1535
1222 991
1181 892
840 46
1964 1880
1065 772
904 1302
1993 713
838 1845
1836 705
1096 1146
1077 572
311 82
1682 866
1418 1083
889 110
237 956
108 297
803 1937
928 1744
96 377
1320 1356
1477 1269
918 1473
204 102
1953 505
1581 1432
345 775
1861 292
1277 1036
554 48
1604 1879
1590 228
101 452
263 974
102 250
424 589
500 1868
1279 295
1589 1453
991 620
1881 154
396 947
1004 1181
1058 622
285 916
1217 457
1737 1435
1985 1357
699 1616
1303 862
998 1321
206 591
904 454
1828 1431
1158 426
1168 724
940 211
332 1227
1159 1068
1595 759
1083 1782
1357 861
1006 463
28 182
726 1696
1220 355
48 844
279 413
668 1965
1456 898
1588 1451
1828 127
1294 1711
1438 756
403 854
1452 1894
136 971
13 785
1005 1177
1253 305
54 1471
1763 1203
602 890
1614 719
1636 725
838 1862
968 715
1320 1324
347 1202
803 1845
744 1505
857 824
1244 1529
1889 20
837 211
1464 451
348 1363
480 1197
1151 1411
501 607
569 1927
513 1876
991 1419
692 553
1915 691
573 1826
713 836
1813 577
670 461
1542 509
1407 1754
1858 161
1027 1839
506 566
374 1568
1025 1533
949 472
909 1276
504 1144
1636 1910
1884 694
1120 1756
1150 1507
1007 678
1560 157
1740 1403
533 970
516 1534
144 709
27 1996
797 997
1994 1115
236 1775
1454 1928
1434 912
1119 1389
781 481
1816 1514
1410 366
949 666
760 1558
654 432
249 1530
74 859
604 199
771 1067
1639 1068
659 1575
762 606
174 1036
1180 1405
1593 1911
753 1549
1598 482
1809 1224
656 1293
1504 253
1949 107
1623 1926
939 1248
66 1384
467 1719
647 1652
586 214
839 1953
1644 1485
593 568
1583 504
43 1633
494 1069
670 1814
844 1252
1241 719
298 776
1803 994
1149 1449
488 950
1207 897
7 181
171 1524
1460 1286
1160 133
440 1997
599 1163
1934 85
173 799
1652 1038
4 614
510 1639
226 1752
38 763
1735 62
504 1515
1689 630
338 276
1966 1175
1424 1552
1157 1444
1800 1043
1198 142
254 218
348 397
1183 588
1463 1003
1096 789
26 983
233 574
614 579
1533 637
46 1806
979 30
204 1272
1429 53
395 1658
75 810
142 975
1614 1734
542 1747
494 1225
1228 658
1426 1109
452 1213
764 1781
1803 1003
1647 159
203 1084
1153 607
1250 1218
572 838
466 1521
552 113
951 1387
646 1199
1307 1978
1223 792
1032 354
1381 1122
318 1054
371 226
478 919
131 638
552 431
6 570
864 1831
224 1779
1057 769
1032 1184
1849 104
475 247
1899 1406
1655 1714
568 437
1651 573
1537 1624
1476 1818
1521 466
507 117
1444 387
1167 818
656 872
125 1651
1438 475
1992 1784
633 1013
1395 306
1498 1771
1170 161
1222 1689
1170 1798
975 1840
64 671
1851 848
1262 465
778 685
383 1144
474 1662
389 353
780 53
588 1164
1609 479
1471 1028
1603 1571
1859 563
904 1804
681 172
26 52
498 645
932 977
1999 35
235 181
1605 2
1492 378
1193 1850
1050 213
567 1189
285 1973
1026 788
972 567
543 516
1187 1755
932 1178
818 1200
1195 1625
862 1052
1790 505
477 1694
1984 1698
419 997
226 1524
1064 355
204 1570
1488 322
1104 619
265 1162
893 1356
757 432
637 12
1670 1646
584 1379
1092 1289
1030 1908
1733 1636
334 1163
727 1171
282 78
1462 1970
977 1045
712 1900
840 1740
793 882
750 142
54 933
1217 1276
1580 1453
115 1291
713 891
761 844
513 1530
228 1058
559 257
1406 1609
795 1936
1464 1189
238 755
1328 434
885 1328
300 1224
39 807
1843 1316
1706 1102
4 1018
1106 1463
695 133
1511 1108
937 375
856 863
1453 372
1631 1933
1112 2000
1607 1908
163 1613
265 793
2000 664
980 1639
155 1037
1018 1812
1643 350
1225 987
1704 214
1079 715
587 862
751 93
209 434
1564 1568
1230 1495
397 1004
1252 1689
1741 787
1862 1828
43 1633
114 1403
1667 1711
1506 919
1645 1859
798 1162
1092 292
928 653
1201 1487
418 1561
1138 1836
177 721
883 1669
1328 626
357 1915
1925 1448
1483 1301
1611 1316
735 1225
1909 7
1460 8
173 1712
1253 514
1042 1611
730 1314
1923 853
1694 1236
282 1338
936 1954
588 1699
1087 122
1770 1985
1870 1492
1356 1778
1618 916
104 1078
539 692
1832 1425
648 1010
867 687
1366 335
1082 1944
917 1474
1653 1065
931 729
1985 1196
876 286
1771 1877
296 1784
1215 77
423 1586
57 1829
1990 1339
1208 447
1591 54
221 1967
547 1634
800 1695
1046 1593
1780 1067
1756 1088
1872 365
1680 1259
132 1750
1639 1610
357 409
507 127
420 1124
853 288
534 1017
1129 104
951 1232
280 1772
1920 654
46 878
1211 1084
1366 153
253 1251
917 1155
997 1813
1392 102
1668 98
441 123
1465 1399
457 888
1214 12
1017 1413
124 1451
774 1413
1105 927
773 231
1736 1129
612 1164
536 1814
487 1467
1187 927
1410 214
1388 1979
617 713
470 132
359 851
591 350
1791 1863
566 180
89 1322
161 702
1684 234
948 1624
32 1792
760 833
438 1889
1311 1265
338 1033
404 1890
869 1160
205 183
1719 1953
1063 1201
629 919
212 331
232 1359
510 298
486 35
202 132
1285 1228
387 1322
1867 1442
1145 87
360 873
657 263
874 1056
1752 833
483 757
1583 747
1093 1919
418 814
40 399
294 977
1388 11
429 1079
1642 1572
1914 1867
1680 1482
1732 1560
198 126
1048 1722
1055 1770
1480 1652
1863 985
966 1172
1059 459
973 42
743 501
1907 1519
1824 282
1093 1028
1378 154
560 29
30 1866
501 1957
1747 373
1909 202
1298 387
1977 630
887 613
1394 1742
1062 398
1625 17
1369 1518
226 1428
1015 1192
1064 1567
1743 173
821 452
350 699
775 1958
1480 1232
396 1869
1208 1045
1192 906
1077 1339
1454 1940
811 1785
1280 507
1067 287
360 1215
1956 454
273 602
114 992
1107 1719
687 1956
1458 1029
1072 514
471 883
1136 1442
1704 1440
1678 1052
1077 976
1724 163
1526 1226
1444 1814
1772 677
755 1532
692 946
941 1735
1483 724
1532 277
1343 10
335 1394
1408 1628
420 245
1524 913
1033 622
1204 1913
1990 1488
917 1216
1543 186
1418 1484
1317 979
476 1612
551 1556
1663 1
754 173
1759 1113
1992 1748
170 1815
1735 954
1290 626
141 564
1419 362
1798 1520
1078 1249
1532 274
1039 52
286 664
532 686
967 1768
931 1774
1694 1494
1810 350
697 191
413 1509
1248 461
751 1482
271 842
1028 1536
1975 335
921 352
624 526
1338 805
1137 1142
255 1657
1908 1825
1881 1653
501 1759
1782 40
244 391
444 1634
403 1992
1701 828
1312 1219
53 384
1483 484
1759 373
674 1838
1577 237
1836 1976
449 139
1537 24
1297 1021
1556 1001
1477 1333
1668 113
420 1081
1056 1834
1606 372
1246 1656
1465 26
65 241
1122 1531
1613 690
1370 1530
290 1567
1590 1688
226 1761
870 875
1159 1003
785 1916
482 1484
616 1128
1590 871
225 171
757 1119
1091 1444
648 617
540 91
660 1480
713 358
1906 851
667 783
653 1696
179 441
1597 1811
1097 1966
1671 968
1093 25
782 1054
1954 1792
1396 1630
1794 575
1267 988
319 1718
786 391
1315 1562
1664 467
532 427
1988 1378
1883 1744
102 624
926 1884
1143 917
1408 1860
1116 985
1998 811
285 1122
1517 1798
1884 459
1571 677
43 954
1696 690
900 1399
422 282
1039 800
1568 812
127 656
701 776
1241 245
1790 658
1185 842
1444 691
857 556
927 683
1823 616
1811 1538
84 968
1114 1691
159 1148
914 322
1912 937
602 645
1099 1096
1682 852
1192 1697
452 680
1755 1510
746 780
19 649
1894 634
1977 1713
1716 343
920 1387
1431 1008
1338 1329
1954 1873
108 475
158 1101
1243 1815
1938 852
157 1864
625 1170
1025 1831
479 1085
795 1622
1162 1318
1035 1010
204 1653
1119 1710
1978 1332
1690 50
60 550
1876 190
1415 798
564 585
1831 1179
518 1337
1845 1413
1887 949
178 1321
414 325
438 607
233 1525
523 636
1340 408
74 1979
1886 42
1039 1794
354 1299
1709 580
1621 1824
1562 555
1289 1368
298 343
691 1572
674 336
1910 592
691 1173
906 1851
1880 1067
1171 1915
1178 1762
363 6
1684 851
1938 1333
332 657
1242 870
909 689
1345 1544
1258 154
1157 1174
1824 71
1296 1171
1436 547
1241 715
1272 1815
1628 1743
702 848
1610 200
1346 384
319 866
523 1330
1922 396
1188 1987
458 232
1642 1980
1815 218
1045 1993
608 397
33 1093
1315 128
149 18
1814 441
1509 1333
1375 890
1093 1967
1276 664
61 1464
1977 1596
1459 285
863 1382
1765 1709
281 688
312 15
1114 1057
1506 1629
173 984
1743 331
815 1908
805 1811
319 972
908 26
396 376
669 546
582 126
1043 1058
774 57
1594 805
1701 1498
1734 1606
185 673
1671 1374
1289 1339
910 1440
1324 1548
99 678
1300 872
868 1098
1619 1712
74 1580
1989 1189
688 921
1261 1434
981 1958
1301 435
477 1937
430 1508
1376 1918
1705 1984
1734 1397
739 1931
344 694
1303 889
1557 771
989 1198
1936 1928
1660 1635
1568 1808
1070 997
1230 37
1385 1946
1836 287
1591 975
1348 1655
1282 729
1295 1756
1785 1335
229 628
1658 441
1627 85
1745 336
1741 1840
230 808
103 875
73 1562
364 1303
1854 1325
631 112
640 109
1980 1373
1542 389
921 1061
1819 1887
1029 1143
490 666
1882 738
148 160
763 616
1506 105
28 1617
1014 698
523 1608
464 1593
1741 538
213 51
1444 228
1559 802
1297 1771
1253 1415
1686 1123
646 993
783 638
890 1460
759 1022
1832 1622
1319 1494
1459 1580
1683 1508
260 1353
1676 600
1739 1231
778 1333
708 1405
866 1873
244 1472
903 1059
1691 1708
218 1962
34 884
1728 359
952 1866
834 1052
871 1226
1703 1952
612 826
1273 909
1935 1234
407 1036
1041 1296
1942 1741
1721 210
47 1884
909 178
915 1956
1345 777
1125 306
388 1399
1362 427
1253 1088
1670 894
87 1519
1637 848
27 132
1389 959
896 402
1138 1006
1683 1094
1032 1654
259 818
1724 1909
1529 1219
1218 1531
818 473
495 520
1794 1458
1688 1122
1794 1837
1459 1627
581 1378
1113 1287
1391 1190
1128 1310
213 1551
371 1529
1122 526
434 16
422 815
275 190
985 1727
1490 1753
1564 193
82 1996
1032 247
171 1556
1424 1923
1227 1118
1807 1471
178 1572
1650 143
1210 1910
870 1130
1176 318
299 318
1046 1610
122 1268
1057 368
1438 1747
503 992
1883 1062
224 151
1871 1355
224 1872
1968 1273
996 166
1158 897
195 1816
435 1985
192 509
1460 126
1970 1448
959 215
1216 507
139 1945
333 1475
1134 1729
672 980
1417 709
740 1683
478 571
1586 905
11 1581
1460 1595
1732 634
674 592
357 852
1504 528
400 91
1051 1961
386 1131
776 463
47 1184
856 1678
494 1551
1621 49
1159 879
636 1378
480 1450
41 1704
1800 808
982 1069
259 975
498 1910
1187 1175
136 1537
1678 440
1419 1934
1160 74
1642 775
653 1840
1951 402
1739 1967
1153 1769
620 499
1994 673
436 41
127 404
1757 1063
238 348
1655 1265
493 428
208 1451
1327 520
713 739
1245 1751
380 1029
1585 96
123 1321
596 191
1707 1337
1771 1076
1199 573
1257 1161
1319 1650
892 936
242 1206
1407 1509
1010 1731
1234 35
1986 338
1123 749
1532 873
763 1637
1363 1880
549 39
1948 326
1128 1598
1852 1105
845 220
712 1324
1140 1114
647 643
671 1567
807 372
1345 1063
445 186
1481 793
1403 1497
126 1785
776 482
1330 638
718 849
159 413
1974 1444
343 1683
1160 260
993 394
857 361
1281 1038
871 1875
77 1564
993 1243
457 1590
1727 729
900 1213
1868 329
1780 934
1531 415
339 1134
806 99
656 1821
1986 1400
788 1859
1127 451
418 534
1810 1560
1541 413
612 632
1210 362
787 1681
1704 839
1137 511
308 61
1707 1785
355 593
1538 1241
697 1970
1823 939
1534 1406
1233 503
146 833
108 1151
611 1634
1050 11
677 161
66 1798
342 502
673 1258
1532 1320
518 333
497 192
673 917
620 597
1073 1574
631 1727
922 950
1536 397
565 1255
199 1531
476 1285
1745 1867
1678 1220
1347 357
543 870
1304 1168
1861 920
1119 277
149 222
1420 1332
906 937
450 438
1090 465
841 709
896 1737
1797 991
656 499
1509 734
173 748
526 32
