p td 2000 8000 
540 1420
1907 720
769 13
1393 1196
509 1965
1705 1175
1269 1942
900 1351
1872 1155
879 111
1230 1696
1886 1268
1411 1638
1606 502
334 1375
865 1942
202 199
57 981
637 25
1954 702
1928 77
1029 1165
180 1363
1915 691
65 1004
1541 294
1531 1951
582 843
862 198
103 1523
154 1109
943 673
176 1057
164 216
1668 1217
1068 592
595 454
1794 1389
1758 801
741 1025
425 1798
1888 1263
1047 1105
296 843
1713 1918
1876 1567
1508 1458
1246 547
1325 1427
540 1600
391 259
1370 124
1813 1045
806 1945
1900 594
507 463
825 373
473 1514
701 144
585 73
556 1653
557 1479
1897 920
129 1733
681 682
149 1855
930 129
125 1008
146 372
585 901
756 788
1013 853
1024 949
813 207
966 773
6 281
219 1572
32 1426
717 1952
1457 1343
1331 583
199 103
1107 314
519 1467
1206 1793
618 821
1960 1153
1667 1442
1257 1315
1130 1361
1331 1102
1976 913
1612 1742
1984 591
1948 1203
722 533
1761 634
1512 1260
1990 391
150 896
1856 1062
634 1149
390 1259
187 1251
385 519
224 167
184 1298
989 1066
1838 101
477 710
12 576
1379 692
1264 171
542 1913
1591 930
1804 16
277 1019
851 383
1141 1262
1219 1970
251 1960
72 1234
14 75
194 1556
1366 909
886 693
1238 1612
1733 1568
1161 734
1620 1952
1168 63
836 1053
10 1363
673 757
235 214
1315 153
1538 1039
1129 1621
68 334
342 1140
395 591
1550 1097
1726 913
1962 1616
1371 172
1381 1037
906 420
1182 291
467 317
81 1983
265 1544
916 1924
793 572
1034 1688
1080 1483
1690 374
489 1858
1543 793
1309 460
1480 727
218 259
1133 1385
658 94
1440 1998
680 1352
1407 1155
1863 307
1551 1382
21 1148
1406 1512
239 197
166 863
1709 1068
1072 247
961 808
721 164
798 669
142 37
387 1403
1557 1352
203 1936
1292 338
1477 1458
345 1077
484 330
1493 570
179 956
1950 967
1223 1665
691 1913
1815 1579
273 1855
651 616
565 1133
1264 1354
616 1742
220 1288
1821 1519
1934 96
1708 62
1619 1074
1010 1562
1953 708
327 1181
154 148
1984 401
571 1817
1899 857
1752 802
1623 424
1391 411
921 1377
674 1205
820 1248
237 1649
1969 420
1662 1967
296 162
455 373
1651 777
1778 800
28 147
1390 1073
764 398
1229 1670
141 1920
1006 100
227 364
6 1696
810 1979
1536 1821
521 321
1124 1199
1280 1200
1555 1884
321 133
1255 1822
561 177
226 167
99 1314
170 719
646 837
1781 71
277 1849
1352 870
1622 1934
1382 1722
314 1881
490 328
1894 116
925 1155
1939 262
685 1213
1683 146
1942 392
1220 1128
519 152
417 347
1379 73
1250 830
1873 122
642 1548
941 41
1804 1765
390 1387
509 1818
1702 1811
70 1299
411 834
820 1964
239 748
13 498
278 1158
1462 1880
1018 831
1332 1003
1149 913
667 1465
261 698
1457 1736
88 1453
435 1582
523 1760
1296 638
1981 1113
202 835
24 1458
942 400
181 607
1090 157
1967 777
1807 1732
1206 753
1090 1232
790 1492
1029 1325
143 1060
1395 1103
853 853
1311 419
1888 1471
61 706
1419 507
714 688
1654 473
1088 535
893 240
323 1202
1530 1459
843 1450
110 1763
1291 1473
1223 1908
1038 1075
1454 887
516 269
1096 1850
905 820
659 1267
567 1484
1774 524
1024 1078
1281 200
792 1765
282 515
1929 1738
990 1336
1179 1252
969 589
1091 1160
1822 386
570 789
1822 1952
628 1891
550 1857
45 511
332 118
59 903
464 1528
1128 1743
866 1204
1742 23
989 584
92 1263
313 475
1209 1973
706 1028
906 749
746 845
386 668
1073 1487
1251 13
90 747
644 1819
1377 373
1907 181
655 987
1244 1199
998 953
944 395
783 1573
951 1264
272 1237
1125 1992
1743 1930
1401 189
1093 1913
1527 129
1999 525
1708 1974
1005 781
380 212
1533 1526
922 499
1623 1914
1699 594
1638 1409
359 1537
717 438
1683 1033
218 1996
1966 280
674 1096
572 721
899 1591
1733 870
1598 1377
1729 956
1855 828
553 446
499 1737
681 485
1692 460
298 84
1652 1700
73 273
501 1478
489 901
1579 953
1445 763
199 84
752 189
1493 1354
1530 196
216 1193
23 12
1164 1223
1923 196
352 1179
205 427
1479 751
1885 733
120 138
466 844
375 1558
932 1598
768 1919
977 1197
154 175
290 313
993 240
1659 22
222 650
519 1701
803 1596
405 158
1665 1311
1389 895
1763 1720
1043 377
1510 713
1865 516
278 49
847 1704
628 613
1232 168
104 1146
1285 1421
621 1276
1874 620
1112 1547
526 341
413 1714
406 738
975 611
1285 169
1887 1839
432 1286
1133 1326
194 374
1995 160
655 1519
1265 57
1042 401
204 1969
403 641
307 305
319 1751
1394 1904
45 1131
412 796
865 549
1102 1760
757 117
1490 49
1748 1228
750 1092
245 392
943 1636
1908 394
334 915
1095 837
597 1359
59 89
1252 731
1889 1955
1821 1119
368 205
1298 1533
960 70
1115 1947
1182 435
900 67
1310 1878
1116 1063
1903 633
1568 1654
1906 855
1580 1889
311 1252
36 1098
540 1499
382 244
1530 1802
1462 886
273 1635
1058 938
1740 46
225 1090
1076 909
645 721
1226 499
363 1147
510 123
1762 1726
619 1575
444 1583
937 1232
1880 488
1519 622
1713 899
97 1156
261 241
1349 739
1259 1180
1124 992
682 1385
483 675
740 1014
931 1231
879 1655
1535 1841
251 866
1119 765
723 535
284 266
1557 934
1099 428
1438 1293
406 1544
232 523
1482 468
1788 1513
78 138
798 958
1768 913
949 465
843 338
822 757
129 228
707 644
254 1257
879 161
717 1851
1482 1725
389 1642
1893 1351
1316 316
791 133
1767 556
304 1753
1091 281
1958 356
597 26
1126 123
1391 675
1835 569
1784 557
814 1684
1043 500
839 1127
1911 558
1840 1106
453 981
233 111
2 612
327 46
866 1537
9 478
980 1968
1151 217
207 1248
513 1717
113 29
233 567
274 1620
1238 889
1064 1202
504 21
1585 1505
1632 411
800 287
1016 1623
1001 1863
1307 254
1034 1030
870 1732
622 1081
1808 1697
46 1452
33 214
47 443
885 1184
768 953
1429 1102
774 1825
695 412
519 1534
1054 1804
1756 1098
1504 1031
1446 1489
1808 1209
1857 1359
517 1038
1834 496
429 1455
536 1576
835 257
1118 44
1779 81
1901 355
904 1153
159 106
1578 1027
884 952
1465 1369
328 1022
1605 2000
431 797
622 630
1908 349
904 1741
444 440
1079 739
1388 1959
563 721
161 729
1452 1919
1278 156
983 1334
974 582
614 671
912 1623
803 30
1974 1137
498 1347
821 608
1131 134
541 1156
385 1163
304 1256
1714 1950
1531 1311
1108 112
740 33
591 279
1830 1173
1154 269
1342 988
1737 37
1126 1245
57 1924
194 599
1178 651
541 248
1982 1515
992 1762
1559 1578
710 422
458 335
176 1784
902 540
1753 158
1444 1433
396 275
1719 61
370 172
1410 287
1850 615
1055 1258
257 1648
621 1041
1307 730
1157 1680
248 1420
1502 437
1236 1844
1179 1146
789 745
880 672
695 1485
1900 1444
1580 83
1892 628
1031 1773
1208 997
1933 1389
960 1762
696 150
1394 1935
1985 667
1542 570
596 139
1724 461
151 678
1357 1372
4 1899
334 978
117 1865
1620 731
1212 112
1412 1178
999 1921
905 860
529 1405
1005 626
1536 937
643 1772
551 1775
444 1425
1737 1985
1994 1810
424 568
833 1233
1281 1788
1830 1490
854 405
742 1738
1424 1633
1725 1014
838 1387
87 1567
1713 1197
159 997
1078 1736
1901 220
658 674
1520 950
467 499
1288 208
721 1535
798 1887
682 1055
1772 869
263 1446
985 713
593 1871
103 67
185 880
1132 1283
338 1546
1947 695
261 1449
704 1716
1114 1856
1780 1649
772 1781
1369 385
418 873
35 68
1288 1399
298 1311
403 803
216 1157
1918 667
72 1027
494 768
1188 1068
1673 912
455 1533
355 324
415 297
1007 183
396 187
885 1742
1883 530
1983 1130
1513 696
1408 567
1320 496
1267 1147
1798 1363
198 1427
593 369
1531 1870
1382 328
887 1755
649 1816
779 1917
798 123
1713 1017
1469 1980
956 263
473 1283
1454 283
1414 1179
1550 1363
1105 1088
696 1046
1115 1771
427 1924
609 77
1660 839
1367 1570
1166 465
847 137
1883 1795
692 1159
850 285
382 755
1305 275
16 1788
118 1535
798 1522
202 799
1740 1477
1297 865
1293 986
1283 374
181 317
541 518
336 1751
18 1255
776 1238
1307 461
1984 1751
232 582
1642 192
1654 86
1459 399
1577 1703
1972 519
1539 1555
1222 283
466 1644
1358 1448
1766 891
659 779
1470 1609
1509 832
1271 460
643 1855
1541 1202
113 1669
842 1874
60 1550
1373 988
682 1744
1163 78
1289 1718
1255 1906
1753 742
1313 951
745 1592
626 329
1853 1608
1138 1999
451 1431
469 412
1289 583
645 1550
537 1264
998 126
1460 1447
576 784
1076 244
783 733
1474 1418
1906 1674
1593 729
1385 589
236 1544
907 349
1404 1487
777 1183
1606 1487
588 740
1123 1386
450 685
406 1820
537 206
981 266
1327 677
343 999
1777 812
180 1541
1182 565
334 1551
1633 1315
1250 50
847 56
1045 1921
168 1142
1965 882
1467 483
1762 309
718 1852
1055 1307
124 260
1887 506
1831 937
574 282
1085 1911
181 1063
395 912
600 1111
1545 27
1722 1634
940 1932
1881 108
58 1610
1735 832
799 829
1103 996
292 1476
1490 1943
473 1865
991 657
1825 1823
432 961
247 1233
851 1179
1968 230
376 1954
216 50
1560 94
935 1740
1068 1603
1999 1231
1320 782
1270 1227
1650 1575
664 1299
924 1989
1445 1252
851 904
1103 184
326 117
1141 10
1652 875
917 1486
1469 1092
940 1292
1572 368
1091 1735
1648 208
1185 1614
210 1210
584 536
797 1509
1784 1852
685 646
1795 266
1623 22
904 612
822 910
772 1747
496 665
1213 1764
1795 1960
343 1924
263 1637
1817 935
756 1221
1186 1333
356 1657
777 1545
1681 1762
140 1128
1521 1932
1450 812
1547 1977
566 1341
1519 1389
30 1770
1737 1067
261 1655
639 1788
101 645
247 555
1528 225
1303 845
265 460
536 1215
1637 713
1266 234
618 30
427 1716
147 1842
1826 770
1519 1582
540 1984
612 190
932 11
890 619
750 1231
1002 332
166 638
970 131
92 626
113 832
435 1988
854 1587
391 1983
920 975
1472 766
927 743
1006 197
1937 1485
751 1643
1870 105
1060 1615
1193 489
330 1201
29 214
450 998
397 1229
177 1312
186 662
1012 413
1809 1814
648 466
1620 1331
1408 1757
754 429
1160 293
455 795
610 1964
211 1666
494 1026
1201 1983
1108 1069
151 1631
949 789
1663 975
196 1992
400 795
1979 1295
1982 1373
429 1904
856 9
1647 1820
190 478
497 1051
267 1189
1122 1526
1794 16
247 25
612 1448
1217 1084
1850 526
536 745
1571 96
1648 1369
502 1665
1462 1251
975 1310
137 1685
1123 1798
885 1898
758 937
639 1668
694 772
1462 1594
1639 940
1631 342
383 387
1036 1833
1252 1745
838 701
634 335
181 793
97 1396
1434 847
925 1007
1289 1146
1417 710
1359 1729
1488 1559
933 1160
1582 800
196 183
356 724
913 1428
1823 274
1216 944
256 1159
987 686
931 1951
1106 1440
1104 303
937 1961
1600 688
1521 1780
1420 1666
508 420
346 1187
1266 1420
640 793
1149 1791
1120 1241
1421 875
1657 1387
1158 1089
278 463
564 633
854 1836
960 183
157 655
932 436
623 1368
645 510
1380 57
841 1694
837 68
44 1741
1059 1946
844 1533
759 1363
1564 1118
1459 772
1538 679
1028 423
114 1978
190 827
1215 107
1644 170
1863 1993
1182 1723
97 1082
401 1907
1468 798
1322 81
359 409
1309 1277
1164 1984
795 1422
64 1454
715 1458
1437 587
1632 469
22 221
1934 1945
315 1733
246 1224
1856 618
445 1095
495 782
1244 519
708 1291
282 944
171 1186
1220 950
506 1781
948 1001
776 259
180 535
39 600
748 1229
135 1192
65 1236
327 198
610 876
501 407
508 1223
1223 539
212 1307
1278 1427
439 776
319 216
564 1900
680 1602
1119 196
918 1957
665 1727
693 1643
310 1997
1813 710
1949 1352
1838 204
969 1073
215 262
1862 817
1863 958
1683 979
42 1131
1268 113
1586 452
1131 1854
583 1578
1230 268
526 1300
1428 586
1736 1657
1081 1660
914 107
752 458
627 551
1358 1633
352 1630
1709 488
867 1614
1107 119
1536 1501
1247 1276
1595 1148
981 1343
1678 1072
1110 1122
651 1814
154 1529
1548 1365
1215 913
1097 1589
1586 606
633 1288
1280 1591
1397 604
713 1281
344 618
1923 1217
1028 1529
1282 1756
871 70
728 226
1405 1108
1385 1973
1429 1834
81 334
171 783
923 1888
1564 1758
121 532
360 1133
583 675
1168 510
1355 819
1251 360
561 609
657 1796
1877 222
611 209
1645 1266
1956 122
1448 1294
1812 817
687 1820
1900 280
1553 830
1276 1222
961 1212
1767 1199
1629 306
1181 257
1633 1936
1050 777
1853 4
868 1737
453 535
965 1847
676 857
1377 573
1162 1835
1695 1541
111 488
1334 596
372 1931
1795 1422
139 405
1131 256
727 1183
768 954
589 746
1992 79
348 1007
1325 1977
1583 481
1534 143
1515 1941
1423 558
367 1990
1782 1675
152 264
1297 1994
1130 1451
1349 1058
130 1454
14 659
88 1604
538 1888
1219 1011
1990 372
1219 1802
1994 363
1599 1149
1369 410
1720 625
397 387
30 1646
38 1122
1596 804
1370 515
1990 1429
1744 1448
632 1449
1319 1446
1083 696
1112 1922
89 29
1493 479
278 1039
1046 70
855 195
1928 1306
1292 712
1836 169
210 1832
944 983
1075 922
941 684
1394 171
1303 867
967 1104
1195 1047
1886 1757
1175 1692
832 178
1233 117
1895 770
1840 1884
913 923
743 1844
1427 232
1444 669
1388 1883
925 979
1815 1697
1248 344
1790 1896
24 1027
26 487
349 1082
270 253
332 1034
296 805
299 156
1725 1936
998 1046
48 9
1083 1534
418 251
1603 137
861 989
864 1019
1284 626
1452 1366
98 708
865 1151
1591 248
1186 777
575 1731
1913 452
508 799
1240 1004
1792 1862
14 1540
487 443
1313 1395
1668 1513
472 909
182 1693
150 698
168 458
1532 203
1049 535
1590 1995
738 1539
938 961
158 1699
1668 1373
1792 638
209 21
126 1492
50 1174
1425 1491
1630 1732
847 1694
76 792
1355 255
736 951
108 384
1576 536
1325 799
1468 32
728 1967
1512 891
1008 940
977 204
1869 7
1304 1896
747 92
1300 1656
143 1252
294 1965
514 367
886 483
614 1258
1569 1190
366 538
1128 545
1870 569
1304 558
517 952
133 74
1154 1181
657 749
935 523
1649 980
107 39
1470 1571
794 1738
1001 979
1259 320
718 1689
1728 449
1259 407
1585 376
598 1655
1622 1370
1807 309
1240 1328
1816 760
1989 122
318 1017
1860 579
95 790
801 657
202 1819
1388 672
1507 401
813 746
708 1213
1312 477
1270 729
675 306
748 499
133 1534
1239 291
1869 671
690 1263
1725 331
350 1347
1787 1351
1239 952
1439 1341
288 237
467 328
352 1052
645 1718
780 451
1832 1833
1801 448
1559 1056
1019 749
290 17
1468 1952
404 1171
811 1753
1127 1999
793 1700
512 783
1646 1032
867 1879
192 932
1296 1328
674 659
850 121
1842 1959
1247 815
405 439
956 161
359 844
1286 829
1225 506
1204 1921
1240 1447
147 1976
1590 460
60 1025
716 345
1664 896
8 1059
1810 1771
1010 1474
295 542
831 65
722 481
727 681
1345 857
613 1237
1238 1512
1007 354
438 273
823 1400
971 532
1127 548
1085 1559
1967 645
1914 1787
752 1412
1662 1780
1860 1670
1692 894
809 1035
1240 54
459 1940
1742 1266
1848 540
1461 71
1417 1606
64 5
441 362
1117 1488
650 1394
554 833
536 63
984 595
522 1704
1126 1957
1952 1723
885 94
721 156
1932 244
1097 1822
408 809
1517 1496
1109 210
1035 145
1534 65
1146 1497
1049 403
802 2
307 683
1881 825
1876 605
1811 1115
448 1875
1298 733
709 1259
47 569
1985 1746
833 1935
1627 1477
1317 1120
766 927
259 1416
1458 82
1864 822
1365 1003
1478 1805
1511 1771
624 997
822 1318
19 1452
713 836
133 1505
1223 1886
1498 1449
788 62
709 424
1774 1380
712 838
413 850
861 1735
1079 437
207 1723
1489 556
327 1393
98 60
380 362
864 1637
1360 26
1759 995
1673 1495
49 1606
1334 700
1102 672
1659 1126
1630 1904
232 1364
134 1341
1717 159
886 1173
1185 715
579 1471
1722 655
556 78
613 576
1505 1585
726 759
568 179
320 1140
1405 1749
380 906
1528 1780
715 1544
805 1905
622 1772
1746 1009
471 1370
63 1736
1719 1560
1283 1008
431 822
8 229
826 422
1657 1305
1078 1717
1426 81
1066 708
1788 1747
406 678
43 1442
1622 1338
1234 839
820 460
814 1072
762 465
1676 289
436 982
882 771
1199 783
1029 74
218 1915
641 1934
1009 1840
101 112
627 1376
1643 780
1381 813
1390 409
1975 1752
1812 442
505 1885
1156 881
380 414
1160 884
138 665
1131 427
1866 1193
336 14
1603 1166
1469 1199
1967 1775
913 1173
1697 295
720 881
1667 1322
1461 1452
790 60
1804 1534
504 1699
1437 490
1928 1878
372 103
1166 1986
525 1597
1922 1206
803 821
1642 662
559 112
1614 1353
379 689
1452 218
1966 529
94 470
1535 1509
340 642
1359 837
1326 407
911 1551
290 1981
148 907
433 977
1461 1347
1838 1322
431 630
215 985
293 573
1085 1263
739 38
207 1407
980 1173
1590 1956
475 121
1479 327
8 939
1485 1177
382 488
1469 745
1577 1871
50 909
1966 638
1429 202
1967 909
1585 854
1081 1885
1738 915
4 20
1081 402
1760 1966
1983 155
1132 230
1327 1126
1533 600
88 1745
658 1320
46 1237
1975 610
852 1208
170 911
418 353
164 113
240 661
1884 97
1151 1138
1629 1292
1143 823
1335 72
961 22
1266 195
1348 84
1832 1364
1886 1393
532 315
212 58
452 306
192 3
215 1603
1771 941
1323 1968
1805 1789
1271 751
1724 1184
1034 1652
116 1142
1231 99
486 195
1461 494
69 288
282 1497
990 1142
28 1666
1547 283
845 1280
1249 968
1157 719
367 219
1656 951
356 1254
1614 177
841 1930
1273 1097
364 609
1258 374
998 13
1387 1633
335 1058
1851 1700
239 1062
1037 874
1310 429
1525 1884
779 1878
720 1978
877 1063
476 1580
1331 1476
1505 1996
1687 980
1768 1120
829 1080
858 945
1028 1459
1023 153
45 1919
1764 961
999 1068
322 677
1227 1442
1332 285
979 697
1861 425
950 393
1412 533
1628 249
603 1834
1195 1593
674 1765
574 72
1165 1940
1413 1258
1580 414
1880 768
525 1564
525 520
763 408
1694 1692
1053 993
942 777
540 62
1165 1126
1756 618
1184 1005
1600 487
1795 722
868 1478
357 955
1739 413
1695 1519
576 27
1193 580
391 1851
726 1334
1780 1854
1977 1241
103 1247
1959 722
862 104
1957 1941
746 1619
355 1690
1868 250
828 4
874 44
396 1337
164 341
1109 401
806 1740
279 599
501 293
1185 1385
981 1714
1414 89
393 727
1237 1784
1383 1185
1568 1412
917 567
230 1090
5 920
566 1174
1851 1309
787 1873
1437 1322
1132 141
1463 372
594 1368
1333 539
972 1155
807 1080
1986 854
981 4
585 607
1291 1540
1761 1712
1665 1842
1178 696
1231 990
552 1653
671 1991
143 612
1965 1543
147 1671
1086 756
1248 410
909 1151
1006 972
658 1781
393 1362
660 1522
1054 901
1196 945
673 1149
538 944
1719 1803
1294 1553
1795 239
767 1597
951 1509
1740 1665
5 389
1501 1421
1073 1509
419 373
1415 1633
1612 1883
228 1611
754 1324
399 171
1729 250
762 1623
1762 1998
1724 228
1586 1624
1227 1551
98 587
1005 706
1954 1322
1551 63
1491 614
1044 1958
426 701
126 1879
1990 371
202 1610
1607 903
1695 1008
1444 1599
519 1149
814 607
1288 1724
613 847
1805 692
672 1453
1453 767
223 1361
250 1098
330 634
1519 1688
1643 1113
1051 1301
761 387
1461 269
1195 1681
1723 246
1450 722
1980 278
1674 94
860 1913
1925 1369
1024 847
718 623
85 119
560 1813
500 1680
1123 684
478 1618
127 118
1626 1649
528 1769
117 1723
354 1514
1746 986
1572 357
1806 196
435 1916
949 827
530 1412
1381 901
521 1134
1692 1338
312 87
128 674
1401 1719
1213 245
954 395
1247 7
568 706
725 1593
1079 656
1989 846
1656 491
413 1840
1860 1583
1848 808
734 1181
724 1708
1881 1751
1653 1537
1514 1344
1575 1772
227 441
1769 1870
1550 205
521 1264
724 2
258 1354
973 1836
1353 244
1937 1025
1679 176
631 213
1352 101
1243 750
451 315
1464 697
810 1037
1747 881
234 787
1742 1431
1911 1171
1129 320
1205 189
948 36
1896 1111
183 1643
260 1580
389 1583
1789 1723
812 727
1713 1881
991 1668
577 869
1336 650
1265 599
1599 66
1427 1266
144 1138
275 1316
1913 555
271 1991
1163 609
790 1198
926 1646
757 789
1185 1260
254 933
986 286
521 48
905 705
1057 125
759 1188
1836 245
903 607
516 338
1697 1533
182 1197
158 346
1156 369
1915 857
1629 1152
771 1670
1931 996
70 1267
1820 1843
365 665
276 949
583 746
761 1216
1581 1743
489 1819
616 878
202 236
782 869
1720 676
1097 1158
1026 358
90 927
128 1081
1936 729
121 1974
1238 841
1833 188
453 1993
608 1553
345 1405
1679 961
409 30
1961 260
576 292
1964 1940
573 756
294 575
990 697
605 623
706 810
1452 185
824 1763
449 1175
416 1819
249 687
628 1731
501 1109
1524 1823
1461 1189
953 669
493 255
1362 1805
576 1893
563 116
586 1111
1246 1183
1244 1036
795 37
1793 1145
737 394
1258 1946
531 158
1751 270
1743 50
181 1994
22 1288
1060 504
1179 1877
340 148
735 772
1553 289
1292 1605
556 802
1658 663
1904 1797
1900 988
1433 1622
1530 1189
1961 1356
1715 1156
1460 1753
1060 357
49 473
722 1913
1306 1826
370 655
1982 745
512 1452
1586 1092
341 1481
1608 1528
238 1735
1493 1671
397 1394
229 1464
1378 1844
503 1851
646 1194
1410 839
278 1695
480 1751
1488 959
1356 136
529 325
1707 1013
1288 856
442 618
463 1762
1804 1634
1810 1501
1910 874
1159 478
1219 684
1057 1709
786 462
1446 1689
1986 1565
1656 1176
1395 1727
1987 1726
1352 898
1347 542
852 1103
861 532
1396 1040
754 72
37 1932
1182 303
1290 1299
1836 1010
304 702
1034 926
1564 119
914 741
1730 70
678 1561
708 741
1082 961
646 1920
1875 229
148 1093
154 866
1441 1168
1795 490
407 328
1737 57
257 119
1330 1440
1761 421
1102 1099
624 1606
1645 205
973 1458
331 298
215 1565
875 303
1799 1608
217 1946
80 1087
1449 43
558 1847
307 571
1674 1603
1954 1321
1075 1974
143 360
1135 69
1429 499
631 1079
1292 1579
689 537
1248 1697
295 30
686 905
1349 461
1770 1384
1690 1818
412 1692
1077 1674
1956 1785
1024 1710
442 571
661 1710
1447 1937
739 1933
109 1959
590 1341
382 9
1301 936
1351 1130
72 1377
1337 1901
1959 1175
666 489
1690 12
1617 1886
36 1340
1384 1326
1075 1969
392 1811
228 1561
1663 1973
1606 1281
1338 447
1613 172
26 1128
394 1766
50 1185
1355 1206
457 353
51 485
1346 1486
174 1073
709 1415
1518 1536
1227 812
1465 702
1154 1235
1038 723
152 1531
1443 26
380 1523
1626 454
1889 668
1530 701
216 1553
1992 201
511 1908
51 1167
1288 1032
916 210
462 1005
914 1743
1479 1816
1794 872
1339 651
241 1995
1963 899
151 1833
1048 1777
164 886
1798 1544
692 1537
821 1582
1876 1669
1993 1061
35 1320
827 786
1051 1536
117 344
154 382
1300 1667
138 1590
1502 675
679 854
582 1344
1968 1440
664 1261
361 447
1111 1439
1421 1328
1499 573
825 1890
1398 1655
142 1823
1045 1724
1203 1333
780 1583
1602 1202
1827 1899
361 518
1260 1877
999 1827
183 1303
719 1831
1581 459
63 87
1096 1401
470 1629
709 1379
663 1304
1225 430
1718 480
1199 863
491 1499
361 1499
671 721
1740 1710
831 48
142 992
1200 1772
1915 1182
1900 1160
1542 1954
270 790
1819 653
1018 1287
1006 1617
1564 1035
353 1025
1969 1656
1824 914
1770 865
1663 1284
1001 1263
110 641
130 862
930 237
1663 1837
1130 806
735 1303
133 373
1665 784
1334 1873
1459 1606
1413 1509
1262 658
1468 1197
16 927
1993 1197
1538 1630
364 911
1981 1830
1337 1250
1310 269
1101 150
1420 821
583 627
277 1821
1766 1857
159 1076
1376 464
295 1897
132 1942
200 1792
994 1585
1109 1101
1496 1220
1728 1312
342 1353
1694 1076
997 785
1156 1342
1359 1443
415 1843
63 446
814 1378
1626 1252
246 41
767 1797
219 864
3 164
778 471
685 1024
1998 1771
1417 1473
1163 1013
559 562
307 1800
92 211
1652 1863
1832 1741
1933 331
330 640
504 1886
689 422
821 133
831 1628
1533 362
1825 1019
1419 1020
565 912
1532 928
356 434
1112 1124
1447 1900
822 998
1867 409
1830 1494
1433 1356
1124 1293
1350 1444
282 1427
951 1328
662 1338
846 825
865 1558
59 1851
1901 1216
876 296
1075 817
79 1292
1140 49
1112 1559
1400 760
108 918
968 1379
43 918
749 750
1278 867
1474 803
1360 647
1843 1180
210 1731
707 884
635 1935
756 1773
930 942
1921 1968
1104 1720
1286 1976
304 917
350 88
1445 1224
65 1779
1538 1851
1133 181
148 1652
297 328
105 75
1542 1778
1731 186
1705 1602
323 1082
1855 1915
332 1269
2 928
1496 1102
1661 634
908 1509
795 1888
1826 1349
681 354
932 1428
1347 1856
1115 1772
1438 1072
1104 1818
1886 1287
651 1153
372 1024
160 833
524 1740
1636 1550
1458 1563
1510 1922
22 1583
1185 30
1642 78
950 957
1813 1759
480 110
796 1234
1108 1546
89 963
56 624
656 222
548 1504
1760 906
1057 167
1338 767
704 960
9 276
1504 1953
691 1873
373 1020
388 1466
1623 972
1493 1651
173 955
1765 409
1614 1762
1287 1861
192 484
80 175
106 487
1886 384
416 961
1305 1765
590 326
942 172
967 1433
52 947
67 1302
1510 539
484 25
887 497
1223 1437
374 387
1015 1725
1632 1118
19 1275
921 189
384 1731
102 596
1402 858
1121 1023
539 295
1856 1847
1743 914
1787 1307
845 683
561 546
1995 612
1851 1241
621 404
1169 407
1213 1244
1752 1500
411 92
1064 1991
510 1735
770 333
499 1221
1070 1622
1375 1083
896 1572
141 545
827 1125
1373 611
1906 141
1138 1800
1050 647
450 1241
1764 358
239 980
1876 1466
265 1863
1577 1756
773 1962
1775 975
884 1076
1543 943
1335 1631
1520 521
422 39
664 1527
565 759
1340 275
757 1747
228 1635
1114 996
354 529
1168 985
923 1211
1576 1085
1031 1541
154 1450
430 329
738 831
218 16
1352 1581
572 1449
496 1618
1597 1386
140 542
1301 194
298 1294
1865 1174
532 958
343 516
1418 897
998 105
1659 337
1410 942
1515 663
1878 525
304 3
295 1550
1634 725
912 982
1588 960
184 445
1354 1143
275 735
375 766
1553 974
275 648
73 275
1498 727
1675 1247
1156 327
1506 1870
1333 563
568 414
1046 1951
730 1790
1639 575
1083 475
570 1160
106 1719
159 885
564 1729
310 269
1589 580
784 394
871 1349
1447 1825
254 880
1956 214
679 660
993 1688
785 1161
1975 1362
646 600
1788 1638
1360 648
471 813
1531 1974
1657 1006
1858 870
1823 283
422 1254
30 61
107 1693
517 1503
1439 291
800 7
264 1165
986 1043
246 843
109 1761
494 208
650 804
1602 534
1857 194
594 710
52 805
345 240
1323 1863
1578 586
1560 649
612 1547
1138 133
424 1130
218 158
464 1971
1790 1502
1999 154
1760 28
1873 1292
366 1908
972 325
550 1977
1942 176
1186 366
1985 567
1866 1134
347 629
781 52
869 1843
179 831
43 590
328 1100
603 821
930 36
794 1970
1055 1515
282 438
763 1696
293 1110
1572 673
939 530
238 1751
516 292
603 1159
1664 359
1442 658
1860 360
852 688
1797 1607
1314 141
1871 1477
171 1578
322 548
1032 477
1521 1336
1321 1743
5 817
959 537
653 270
1894 623
1167 1005
1493 1446
1581 1807
1101 768
378 1411
773 187
1611 1369
332 1457
104 787
828 1162
450 1583
725 659
991 1344
481 1565
674 945
608 1112
1441 680
1286 821
393 625
1349 1532
1903 1906
162 1975
395 1771
1303 1759
303 164
475 417
732 1066
527 1368
45 479
703 131
180 1924
842 1861
95 316
1294 25
1412 1223
1829 225
1818 1861
1100 881
1703 79
1590 449
1343 1532
206 624
1609 110
329 131
1837 1309
524 1673
1742 1321
1295 692
1899 691
338 926
92 718
1052 363
1064 1045
631 455
1498 1721
1751 1455
634 1402
796 1428
209 268
1882 1754
993 492
1702 1811
5 1456
967 918
1190 1591
1103 432
641 279
389 872
1037 1788
509 309
1072 635
207 382
314 1416
584 434
782 615
1435 40
1524 88
1503 1399
1741 1343
1997 1962
1446 985
777 7
560 1863
854 1266
387 1773
812 227
888 609
1206 1013
551 1613
1243 251
1412 1630
1656 300
1463 1858
400 877
1202 1774
465 107
818 740
1658 677
590 977
1364 1697
148 1878
317 880
187 115
332 184
1280 1234
104 867
1678 1833
708 950
1080 445
517 990
1962 215
1220 660
486 343
1147 1115
363 1115
1094 1780
1919 94
983 403
1969 1704
231 616
357 1054
1572 1942
123 1117
1106 1722
216 423
660 1907
55 108
1874 913
422 407
75 1341
1070 1305
1858 1401
933 314
444 317
461 1720
629 384
488 1686
1214 885
1063 955
1615 1705
1529 630
352 770
1169 1008
1996 750
1742 1340
961 917
1849 461
224 257
455 482
535 1482
1134 9
1282 1399
1749 1516
1830 470
1718 362
50 29
1781 1286
1671 1860
1261 346
1719 1307
1198 643
793 1459
1200 788
741 758
729 1278
890 208
602 328
1940 1930
1601 1618
1776 482
1341 891
1810 1321
1948 1741
81 1075
681 1093
1410 299
898 51
679 9
1565 1970
742 1417
1232 646
1393 835
664 271
1811 1609
1534 1350
1645 173
1372 1696
1447 1866
1366 1857
1295 325
1973 575
203 1480
681 859
1795 1517
667 185
1829 1536
1515 1416
990 1443
1346 543
491 1925
1348 893
907 1213
77 1589
1936 922
117 733
1697 1775
1529 311
470 1134
511 1760
358 1961
1506 1146
1785 1708
199 1849
1265 1408
1584 1004
1709 1136
293 1284
1256 936
1756 1275
313 1591
797 1048
1762 1071
1927 1599
1309 665
912 1894
1528 1231
47 983
998 1595
478 1610
22 257
1708 1366
169 668
1736 102
1008 71
155 672
1615 69
809 1650
213 323
799 773
1825 1607
1142 1607
1041 417
504 426
531 8
551 155
663 1662
553 763
1243 849
1985 143
102 379
1363 219
269 1189
210 772
767 300
832 87
675 1182
1815 1445
156 1964
669 414
475 1054
671 1891
925 1311
1893 727
928 1949
777 338
1090 1818
702 4
1335 1463
1271 733
1702 603
65 316
585 813
1591 1106
1477 1453
1337 840
1733 812
1219 1630
1047 112
138 1086
1325 834
434 639
1757 771
336 255
1774 1413
1252 143
1236 970
1205 1163
1595 729
1549 673
848 431
886 172
1542 687
1646 1917
65 1306
1550 389
1847 625
1547 228
976 1497
772 1412
604 1771
1403 478
1759 882
1404 1982
1001 134
29 395
1563 815
1295 1369
1034 55
1868 314
560 1661
383 1800
675 263
270 1889
312 1486
1144 1061
1648 1119
854 639
1535 1974
653 551
992 88
1438 1889
258 1707
587 1909
408 1641
1979 1368
580 1568
235 972
1747 1335
1299 282
1307 177
914 172
832 257
508 1245
1854 1687
1315 578
563 1731
291 598
1090 1311
1449 1439
591 468
369 962
1808 1773
15 85
948 1417
499 182
382 1388
1069 1506
1681 63
352 1079
109 756
1820 827
577 240
1034 939
113 1167
960 1507
204 1974
1810 563
563 1515
1088 130
272 662
671 283
1161 1814
11 549
1500 1094
581 1784
1358 1883
1645 1260
1337 545
98 118
1020 1852
1116 25
573 105
1498 524
249 930
1510 471
1545 1559
1755 1293
537 1955
513 1423
1817 1638
1493 1862
1276 997
1516 568
1375 1002
1572 1441
1642 1155
1403 1338
722 559
811 224
1352 1666
919 1236
466 1120
1448 1008
1193 84
594 809
1528 416
1379 782
561 301
379 1036
1471 528
914 1444
1935 1640
580 26
1972 355
922 1522
334 199
1740 1873
285 334
54 1013
1118 1052
345 616
781 127
1778 146
578 556
1763 1545
556 1086
1642 949
55 1723
592 1896
801 1616
1625 1585
93 814
517 1521
1339 33
94 1203
1526 1435
1348 687
1617 1338
1526 1289
87 1376
3 1426
525 25
729 1573
778 84
1106 576
1090 1576
1422 1280
1163 681
1536 868
304 394
1095 1364
1866 975
1262 43
431 310
868 1025
386 1543
1135 747
607 215
1257 170
1171 1092
1155 250
1915 1244
363 72
1851 52
839 434
98 2000
1992 1316
120 954
1123 991
1844 1014
136 406
1298 1979
1009 1443
502 1060
979 727
356 536
674 49
1823 1211
1181 1758
588 1713
639 684
1164 1108
550 948
397 721
1996 1521
965 1459
58 1522
1219 796
1799 1773
579 162
17 857
1395 837
1215 768
1466 821
1428 853
1599 930
1623 1436
1044 1733
1750 300
304 378
454 569
378 1107
1063 1634
1643 897
754 1618
106 1323
886 1301
1392 1292
371 586
385 1360
204 1135
300 1406
325 1063
702 497
1697 1452
1730 1826
567 170
1024 1580
1425 1610
1611 240
508 426
1992 64
1672 525
560 1900
2000 1555
985 1405
1526 896
752 1177
240 1862
625 1268
531 678
1949 306
1638 1460
227 805
1226 1988
136 150
1965 1278
1930 737
1470 661
1846 1676
1504 1117
242 922
77 1666
827 1757
102 467
1788 1715
1232 204
1229 1711
1778 723
1945 1027
395 220
581 1306
1447 693
1860 34
152 116
1243 635
24 496
1142 1742
230 325
1488 611
1820 833
412 1436
128 1368
1630 36
1277 756
715 1179
390 517
639 339
1899 508
398 751
98 1903
1794 1186
713 545
1985 607
1211 1679
460 1956
844 983
948 1672
662 1187
1368 633
541 1575
1271 1645
1366 1253
607 161
1113 1780
1381 1822
807 825
1466 1722
1559 1837
571 70
1704 1249
1473 1574
473 1092
1322 1196
1139 1784
1303 163
99 1503
1207 1951
1392 167
205 558
165 1932
509 1626
643 1980
1589 1891
409 917
520 68
1938 760
756 604
1505 905
743 545
307 1235
990 1105
1708 614
1698 1903
1612 971
898 1445
240 1652
656 855
947 1962
1766 640
679 433
1148 1495
1243 1561
1215 922
1347 123
721 463
1361 306
1409 986
1904 874
162 1097
53 1051
698 978
352 587
1258 1923
241 816
26 297
72 1971
970 1929
270 882
1176 1167
1521 1425
1377 1128
252 9
1069 958
1630 836
513 1119
145 1200
79 484
1967 1069
1984 1803
1595 350
1975 1821
592 1010
1508 981
1759 1957
1957 771
90 1156
1864 82
326 1684
44 856
515 543
1104 613
1437 1223
621 700
391 1017
1 1389
980 415
348 725
2 1375
1542 1406
329 1222
877 83
721 1843
642 1716
1485 1765
1364 1021
1100 69
1879 646
1926 1529
1824 187
679 1304
1142 1024
568 224
337 1394
1915 433
1463 1768
222 1849
1972 274
1419 1440
1636 535
183 1290
1216 1185
431 911
651 496
1038 162
39 661
1910 1264
1462 452
1106 1003
353 11
1041 175
1462 1868
255 797
68 1154
493 1683
1922 1934
1109 1017
33 1802
511 1542
384 139
1202 541
148 531
99 522
1535 80
1549 1251
1207 1986
721 502
990 839
1087 61
1151 975
1185 1236
1054 1365
712 1400
111 343
963 502
1436 1811
543 1631
355 774
1925 440
1751 454
243 1106
180 566
1481 309
312 1449
509 1902
1047 1311
542 58
1517 1601
1011 1931
440 860
1141 164
1451 730
1401 1067
1926 1670
75 709
1311 1867
1154 247
1583 610
583 1882
77 243
805 1879
14 1997
1854 214
819 1668
899 1867
352 1603
123 1771
187 1731
1017 613
1530 1462
1997 1251
365 1669
1749 1643
641 254
948 1328
105 1790
1360 507
1127 184
1755 1544
1229 1012
1493 1520
1280 1882
1907 7
1684 1094
461 1227
1010 9
166 1264
157 215
1996 1212
39 554
1700 1088
1512 1634
1796 1216
1726 141
507 1060
757 1357
774 358
576 1808
334 1247
738 1160
434 1
71 461
1314 1305
325 1358
1399 440
1208 1040
784 1858
592 1046
851 1126
72 749
265 1275
1005 1319
1546 610
1976 767
1425 663
1337 1530
86 1930
206 404
106 1737
330 1587
734 1969
1886 92
868 1230
1497 1808
1994 1075
351 466
1156 1231
783 1641
396 899
183 393
912 1971
1689 1310
242 276
378 1083
1985 175
651 519
1076 1824
253 789
370 1814
319 1701
187 1533
463 1991
1467 1018
1050 1399
1824 1429
633 1258
323 601
849 1930
1456 1521
1908 1823
560 477
832 128
994 838
563 1350
426 232
778 516
1850 788
1413 1562
1730 1186
827 503
1129 1942
1392 1390
313 387
848 1960
1877 934
1819 1748
1849 1501
1043 800
140 147
1761 808
762 261
1975 1015
1832 179
1463 699
1795 437
1195 945
1776 34
79 84
289 1127
1593 87
122 1894
1710 789
97 1749
1340 420
1954 417
1932 1467
284 665
628 143
1568 421
1730 1687
680 63
1265 1676
1460 1281
940 236
856 1338
1642 944
1745 1919
1927 1149
126 318
688 708
1496 746
1301 1642
309 1749
512 1207
572 961
402 416
97 645
1921 33
883 1987
1888 647
1674 466
1729 1046
497 1271
909 964
532 1675
692 973
711 1815
203 918
38 72
1485 870
1834 620
956 1069
997 1444
1537 1839
1485 812
1907 1535
909 1446
865 926
1597 828
162 299
496 161
1232 656
1226 1256
1716 897
922 1341
811 648
1585 1860
1633 1673
1860 859
423 316
1344 751
1996 203
914 939
1921 336
445 185
1254 231
159 818
888 684
650 1149
641 236
573 540
1502 1572
1229 1963
932 652
174 1089
1951 584
1913 1943
1715 712
2 1733
765 1250
1563 1434
553 135
1894 1192
1656 163
1018 160
946 541
698 863
1198 1156
1597 115
178 175
1123 883
473 845
136 665
828 439
488 1136
1298 155
1187 1057
1322 831
871 1740
1288 1365
1001 1900
1210 548
1270 16
1407 49
790 1664
509 1646
288 128
448 728
890 1772
1003 619
309 1145
708 1764
148 1532
1750 843
971 840
1246 725
1642 944
633 638
723 341
456 1138
1911 912
269 287
1077 1230
220 8
1862 1808
1573 1717
1056 1641
31 137
237 299
1466 1772
699 909
728 817
733 697
213 675
1156 691
1517 725
1514 1865
1230 1775
1969 1991
971 943
1857 1579
1968 1291
557 1282
1490 1334
320 1469
124 1133
1670 1103
1661 636
282 1621
741 340
1636 1024
1006 935
1444 194
1170 1044
557 1650
1602 823
561 1585
344 856
1227 635
1183 267
1076 767
302 1658
660 851
921 91
968 1683
1605 1368
1103 1545
1840 592
956 1002
1774 624
661 973
911 1820
328 372
827 1136
1060 635
1087 345
630 788
1765 48
790 239
742 534
1186 833
785 419
1364 1685
1320 817
722 1051
1318 1990
1655 873
26 1599
193 1723
1730 1437
1617 71
474 1449
1715 632
868 132
1524 600
226 578
333 1627
1891 1978
907 33
172 1571
394 89
516 1084
1807 531
1786 537
1548 1027
252 1298
1117 733
1409 813
1923 1698
54 1111
214 938
1871 875
5 1449
1078 1960
1783 583
574 344
760 68
412 526
665 332
1185 1878
601 65
1808 1591
747 1437
591 524
1048 684
962 1080
480 1894
621 1094
723 1748
1312 1088
1963 300
869 524
36 1321
1995 947
517 436
1699 82
619 607
1018 152
951 840
1259 292
902 1244
761 999
1193 1964
1424 1511
101 1239
1589 1421
22 1976
1598 1375
606 1358
1989 895
1928 1580
295 202
1103 1710
482 1696
955 975
1229 1068
353 1190
852 864
674 1712
195 1493
297 410
1758 1209
924 244
1024 1718
205 816
1528 1476
1709 673
1477 1816
1386 529
1661 207
265 619
205 21
655 912
1737 1412
170 1402
1857 1035
1729 1179
1542 1011
1372 42
222 1137
222 1988
1537 1671
243 1434
1683 184
1047 521
1474 430
719 854
605 1687
963 1960
1372 835
244 433
1812 712
1514 1218
1017 45
302 348
1922 1728
374 1600
555 1182
148 1102
1295 1619
1000 1241
734 1012
908 1804
1195 839
1034 557
280 612
1823 473
1945 925
745 621
297 907
424 1574
444 285
374 886
676 1996
29 1602
585 1519
1792 315
1351 1509
308 65
1937 781
1901 1753
1260 1875
890 777
218 719
937 546
1427 27
432 115
30 802
1873 1886
1385 1649
42 758
902 861
323 1396
108 1125
1349 1339
740 129
204 106
1429 169
19 604
1736 587
1179 130
926 1174
1407 106
12 970
165 1412
1704 1614
1685 771
1837 1950
151 957
1526 182
634 1048
1127 706
36 1368
738 86
864 965
869 1235
1254 1906
1835 1887
364 75
199 426
801 116
1964 725
1140 1386
1748 62
1846 582
1717 1139
1664 1119
1723 655
1375 44
327 1832
169 1218
1062 335
1167 588
1873 686
557 689
1765 638
452 293
1901 931
347 1411
951 131
1540 1645
600 810
1501 71
460 1609
1689 1665
524 1942
1565 587
147 1655
271 332
1067 1524
738 1092
1280 1909
957 1605
953 781
817 516
1075 188
542 1421
1968 79
1356 344
216 1642
651 1279
33 1302
678 633
1297 1020
1807 502
539 1633
588 421
61 41
809 858
772 670
93 995
568 147
890 422
1384 1227
1347 625
1484 838
1063 1966
1234 970
1194 881
1386 258
1349 898
1437 1039
290 1459
529 1904
888 1297
1015 1340
1167 906
670 1052
1169 1839
1740 894
572 1083
1876 75
671 1594
885 397
56 3
1513 107
265 1703
1180 159
654 1702
95 1125
625 771
801 1093
553 268
366 1785
1127 1133
1223 447
881 1999
988 161
272 133
37 1262
451 235
1988 797
1886 221
1192 1422
1100 1570
1309 339
532 190
145 295
1494 1236
1024 574
1407 830
1250 17
915 1784
1277 641
1151 1621
40 1550
1485 1058
1129 1705
9 1967
1628 1070
1422 253
1860 712
1362 194
1728 1450
290 728
212 1177
981 995
1929 858
1362 295
1700 376
14 1945
1542 30
991 1331
57 1934
719 884
965 260
1722 38
1643 155
1526 1308
691 1642
1375 536
1578 90
536 742
799 1745
1434 747
1455 1521
1753 1334
431 129
1153 48
782 831
371 1083
1673 1847
71 1939
31 1689
1731 718
748 1446
498 1335
1259 718
808 1019
1879 992
1135 620
233 961
1133 237
864 598
1192 1849
1846 401
1882 1147
1124 1931
1069 1554
277 163
1980 471
1611 597
1198 41
1654 1574
674 1182
1585 967
570 188
1699 144
486 1466
300 701
1980 1839
674 1353
1397 321
843 331
1598 56
1033 1146
15 469
106 1212
543 1914
1502 785
1984 1932
64 1654
35 126
992 451
262 535
1612 931
303 755
407 1291
554 219
710 545
1018 918
1787 1891
1731 471
1466 1761
1692 1616
33 1632
1575 1225
1618 538
968 1880
88 1435
89 869
897 40
1701 1426
1232 105
1443 1851
903 132
1303 466
125 752
65 1675
903 450
1413 331
990 1372
283 601
1890 1812
1928 1975
175 1902
325 1923
1638 1563
276 678
1655 1296
1746 706
708 1080
1359 1245
1114 1355
360 552
976 733
1655 1010
212 949
130 771
1861 1628
760 401
1606 1041
555 1140
668 380
693 1492
1217 1792
1191 1992
1330 49
533 1002
293 1918
1831 1344
85 35
1622 667
1078 162
594 597
888 1640
1421 7
1864 65
349 1770
352 1313
1634 24
72 1895
817 1711
1699 1475
1289 789
1674 1366
1319 352
1555 1270
1729 1033
398 1299
1375 355
900 236
1635 1870
863 16
448 1025
881 646
750 1133
1250 896
1292 1200
367 957
1750 1554
505 408
403 274
1331 19
565 630
1099 1342
1967 713
1072 1517
1656 759
1338 78
619 1376
436 1354
406 1403
1189 497
657 179
1558 1788
1670 1373
588 47
482 721
481 194
680 200
993 440
795 1624
685 1974
851 54
912 427
482 1929
844 942
1749 1848
1759 124
423 145
503 999
249 679
1044 356
1334 424
1115 1910
1643 1783
1509 472
450 1299
1003 509
1843 615
827 1387
157 1706
37 410
1101 1448
1869 1098
1644 1865
1127 1973
1073 1562
1090 1910
629 359
1692 1571
1541 1932
1237 464
244 1256
1188 1442
316 144
1651 1859
1734 1327
1747 752
1214 1921
810 1066
724 1756
386 1996
655 603
1286 1125
1098 3
2 1637
1496 1882
849 1883
468 1356
305 1157
1599 1480
695 425
1548 74
207 27
269 1059
1347 1879
930 335
1656 1864
25 747
208 910
1272 517
1337 1912
288 976
211 1134
1972 945
941 1307
654 1294
1787 1979
1251 1941
1580 1372
1575 906
1315 1205
943 723
588 584
545 1102
399 1567
1014 1578
1832 1278
1965 1361
1559 107
128 1878
1385 1317
160 605
949 353
1715 1134
1954 1776
373 563
1940 361
1687 468
1100 267
159 952
1094 912
1452 1238
1701 1298
107 1478
404 744
284 818
1517 674
482 898
630 1194
1554 98
594 847
1969 1178
1660 1967
1818 766
1082 1606
1840 1516
754 199
1535 1269
1157 1342
1412 1972
1233 353
15 1766
335 251
680 1022
1657 756
689 1176
1776 683
1913 821
1765 641
637 1623
1103 150
296 682
1508 704
1012 909
1791 1417
1519 1603
302 76
1725 1396
179 1449
1288 300
77 1894
1603 756
888 1598
838 554
1436 1193
1623 1313
702 1742
1891 1066
1104 1636
912 881
858 941
615 1899
728 1085
352 289
72 1494
941 203
1578 549
276 810
280 237
821 1701
169 1783
1540 631
891 742
193 275
1508 608
1307 1639
975 54
132 13
1427 312
319 468
101 1220
861 765
1163 712
50 1371
1410 83
986 538
1323 535
1611 448
1558 1106
1993 337
1320 399
964 919
1038 368
522 1498
329 1882
1007 732
1347 1838
358 951
205 346
1961 615
750 1956
370 1233
1670 21
1436 311
215 894
213 1360
226 587
218 807
1604 1229
42 1796
1574 290
963 883
1928 157
466 219
1982 319
1369 1199
978 1436
1047 1582
762 628
1604 31
1807 1112
1294 1465
1188 1384
1129 336
588 1493
700 1008
1492 852
429 959
1984 1233
1291 1158
740 324
1511 1404
1369 415
110 98
742 76
1551 969
913 1993
1662 1760
89 331
507 1951
516 1386
715 1792
733 106
1170 1832
62 1005
1216 73
1163 661
811 1704
1114 626
278 1382
580 1380
1298 1866
28 1984
1015 1854
1824 164
149 129
279 609
1498 1605
410 929
31 690
901 419
122 1177
589 1883
177 1168
1097 1048
368 575
235 1481
1320 68
242 818
525 1999
1187 1075
469 551
714 553
466 802
1461 1797
1020 1337
962 1143
574 1397
1226 167
1732 1189
1338 481
301 1937
499 1374
328 305
1584 1110
883 1511
1055 886
1205 100
1090 1177
1188 1105
527 1753
1309 1443
250 1693
1674 1286
1626 1529
1386 325
798 550
1837 1581
965 868
375 1994
315 875
533 1972
460 1694
27 899
374 438
193 1209
1346 1121
1324 1099
939 956
61 1382
1869 396
770 3
1685 609
1896 1953
1908 14
653 1449
240 1060
1927 657
1814 605
870 28
556 279
52 977
312 299
1665 992
1333 983
863 607
639 1128
562 1810
1230 1653
178 1868
1357 18
888 790
1558 2
165 168
1204 1954
903 1390
1475 1195
1664 338
1358 286
1987 144
866 1601
52 1696
174 1464
1648 613
859 1897
745 1222
1306 1590
1765 312
1493 1547
1632 1493
357 1649
489 1202
148 541
1935 91
643 1759
1477 1303
588 1105
1519 1525
350 1758
1772 1024
1724 246
1350 1492
1377 1427
116 1718
1703 1339
1539 1727
705 261
751 1134
371 1139
1382 1011
1926 507
1123 348
140 1360
1099 1633
1117 1657
413 776
335 352
1615 248
282 1807
1345 1012
1505 212
953 656
1307 549
574 960
1688 713
1724 876
233 709
1812 1167
856 450
1189 89
1129 1624
99 763
1784 1537
1890 88
1405 1340
359 1096
1220 1433
1520 1327
1761 969
574 13
697 230
98 1177
1570 507
711 1479
1382 1159
1605 380
985 501
1083 1437
1723 386
1293 706
1239 1414
776 1731
509 664
349 772
77 484
1908 420
475 1741
1397 583
450 1285
1756 1340
40 1861
316 1063
1044 349
85 1594
253 128
392 711
1696 1894
705 1265
1622 60
788 462
40 1708
360 1880
1853 1371
251 377
1291 813
699 1078
599 1266
1575 80
1769 1146
1000 1075
396 633
121 277
849 1419
679 1393
451 1444
1675 1352
413 151
19 1131
1904 248
1574 1495
1905 1648
240 1406
898 39
330 406
1917 557
1949 1844
8 1156
752 294
90 1441
184 1986
1067 1677
1210 1128
899 1901
698 1206
608 1230
1959 675
1799 575
481 910
1492 190
510 213
1544 1403
1105 112
1903 1178
495 1190
9 1456
184 971
1134 1809
950 971
836 939
887 363
1572 910
1975 1767
1191 379
1415 1454
1833 1289
616 793
117 653
574 532
1853 1191
1897 320
760 1243
1637 604
117 272
1791 727
1191 344
1256 1852
383 665
1311 1350
201 239
99 1024
280 1001
662 1785
439 60
709 1610
1199 659
1319 1561
1725 1376
1611 1448
1582 1012
1123 1824
1967 955
1147 1921
1414 76
1284 227
44 225
1838 1545
1433 1316
68 1446
1499 759
1566 456
778 1377
1259 1300
1355 187
553 1551
1322 125
140 870
1985 1977
863 177
266 728
788 903
1469 1438
1728 1597
131 1774
1596 199
1096 1861
784 1316
1193 1070
1505 1085
57 1389
347 272
1024 341
969 1986
1041 1161
1828 28
1734 1275
1035 309
1559 1945
628 935
375 1588
526 1448
430 270
1610 587
974 81
1110 1257
1453 510
1869 985
818 80
145 1638
47 902
1908 280
860 740
509 1331
1272 929
1282 556
676 1405
73 1169
171 811
887 1099
942 1758
1746 1649
453 1532
529 717
68 271
1671 843
1100 633
1298 171
1363 1475
1614 1104
1929 1768
657 1479
1625 784
709 374
1881 390
1397 310
1715 1864
912 1245
1125 1326
1281 1540
1910 1259
1407 577
291 4
644 183
345 1988
1604 231
1572 1327
187 791
678 752
1189 814
163 1765
1552 192
373 140
681 1255
1113 1020
1621 1710
357 434
1908 855
690 1026
1454 696
909 857
1651 1731
463 1599
1591 1927
612 192
935 793
200 1429
1056 438
645 919
1422 1544
312 1707
754 1153
261 1027
410 911
964 504
1817 401
697 1882
1855 233
974 1946
1193 736
1744 1704
1591 1322
1406 91
152 1041
905 173
1250 1190
498 996
882 127
1118 1174
448 1286
783 1075
1507 20
1891 1474
1495 632
1891 1726
571 1072
1821 1704
1607 1188
669 1632
1651 1304
1183 1708
605 625
28 1816
1972 1197
429 78
38 169
1098 1438
1859 940
1747 29
107 614
1070 1320
599 1894
1753 1501
148 4
198 398
1770 26
874 1389
606 1621
1328 1679
690 284
1632 144
1846 1335
1136 911
44 722
2000 910
1504 1698
448 1515
1138 1643
1869 1176
1152 695
1276 1082
31 1614
1528 533
1725 1851
273 1372
209 1528
1225 70
152 1712
1461 1324
563 1287
1248 1080
1155 738
1706 763
1885 1645
204 986
1915 10
1768 1362
1846 1435
608 1600
775 994
1740 47
157 1109
1266 348
259 1538
538 1855
1 42
107 870
1483 1176
548 1585
1586 1901
1786 801
995 1036
562 1658
426 1122
1513 1211
1240 1471
198 945
1198 1957
1663 18
1946 675
968 969
1410 945
36 477
1344 1143
24 1753
231 160
135 1099
402 1167
88 833
1933 1535
1836 245
1580 1984
1673 706
1280 1339
751 202
279 1479
1732 1301
1055 932
1431 816
1308 561
807 1405
1883 326
676 308
248 873
502 205
499 565
572 1343
1576 215
454 1823
1939 903
926 1647
1081 479
1182 503
255 1560
1655 1785
79 1769
1351 786
947 733
1410 616
1450 1349
890 29
1798 474
1808 122
1292 139
832 1578
162 1144
1725 1737
1746 1548
158 1768
730 20
820 464
1242 234
1317 1584
700 1060
950 1594
550 1474
1335 58
837 883
1052 1392
359 119
668 84
818 707
1113 584
1459 378
165 1769
1025 1178
104 1634
528 831
623 89
675 1442
1026 1169
1181 1345
1178 1782
1947 979
779 1622
170 389
1360 1861
313 883
210 1545
51 311
245 1764
468 783
1528 1455
1775 169
552 1504
1927 31
1838 1453
152 947
570 1532
149 1421
1332 106
1871 901
1375 780
383 1508
206 1388
27 240
1603 244
768 1677
960 1274
1620 1157
1226 1344
196 1641
97 412
367 1147
1223 1398
314 456
251 884
83 1222
1632 197
1091 240
903 1508
1734 964
1034 958
1221 1772
1572 1219
383 1715
961 880
1506 1646
1001 1874
611 524
253 128
967 1121
1945 1845
495 608
533 545
657 731
1229 438
277 1450
956 1276
1909 1008
383 1163
1373 210
75 473
1243 711
886 1552
1088 1163
589 1743
626 655
1193 1012
306 461
797 1331
1665 137
439 530
418 892
850 1267
1802 851
487 1643
2000 1286
1749 1254
1118 614
284 525
1405 1034
1470 356
852 237
1597 1303
620 1757
1051 1230
734 702
1870 1813
324 1166
951 142
594 210
1172 536
1183 88
668 1130
607 36
180 1244
767 896
1171 1658
1494 1704
1350 1362
510 129
1227 1106
1540 1945
656 791
456 481
445 847
1738 920
578 1357
290 829
315 809
1199 1679
1053 3
1526 760
1089 171
487 443
599 378
1972 946
433 1157
1605 1179
830 610
806 512
939 1025
1560 648
435 613
1031 585
122 934
1372 1251
1504 514
1525 167
1040 164
332 1810
694 1769
738 1986
84 1524
1655 154
1367 1318
234 1163
1770 452
328 1796
836 1110
488 145
380 420
1911 1447
704 1103
914 1971
844 1150
817 1462
1362 237
1834 1434
1635 1499
1393 1138
704 112
307 1256
548 334
463 568
629 1009
486 1375
1484 186
1977 1470
1241 337
435 263
1345 17
1693 1868
400 151
240 396
1794 1349
1756 1676
664 115
615 1695
706 799
274 1868
7 369
1409 1423
1109 514
732 404
420 1965
759 1053
135 238
1497 1597
1947 1252
1062 912
1831 916
1972 1477
1283 1929
93 956
1212 1882
1758 1142
1189 1996
1780 1995
1578 1069
5 1413
245 1326
1296 485
1101 1324
1195 917
89 1686
875 1066
1138 1610
889 1767
179 1197
811 1408
929 583
1114 171
1596 1311
1585 1744
1840 1215
839 1251
1222 893
559 1493
1901 1750
808 1248
1555 1413
338 152
1325 1530
393 587
1085 727
461 318
298 1215
1947 1079
954 1424
1159 490
1072 66
145 172
534 998
1105 1957
1844 881
1715 690
983 866
1519 1419
73 1572
677 239
1893 1970
441 1088
661 1050
1362 1954
245 1128
725 1764
281 584
222 187
14 1494
443 1830
1471 1013
1689 93
388 1294
323 888
898 541
606 594
1156 338
1120 158
346 1895
352 820
236 4
234 327
1111 1605
703 1841
652 1155
126 1808
246 522
576 577
463 37
1141 1537
74 619
1064 1880
1666 257
365 295
1583 1774
1965 1560
314 912
1903 1779
925 425
832 660
548 1585
1964 1937
1281 134
1540 1887
919 550
1814 131
1486 1159
531 1878
1378 1501
811 1929
1453 1829
373 1197
821 1586
1146 1566
1045 383
320 1747
1201 1170
1727 1757
858 215
766 1188
696 1165
798 223
1808 380
227 1469
326 1108
293 1397
825 1376
1676 438
1303 1331
349 1002
502 641
88 145
764 1275
786 1563
1367 312
489 1185
88 1668
1242 1119
198 1641
1651 55
1817 1965
1028 293
859 1961
73 1782
252 174
1699 747
862 429
1518 49
760 958
1211 501
1359 212
1107 861
1115 1650
617 267
380 1157
524 1865
1430 54
1180 505
653 485
1617 806
1407 1368
1113 1263
1063 1943
594 385
412 555
1379 703
1855 1683
621 321
399 1512
20 1817
1067 1616
17 411
1492 171
335 1982
695 548
1559 1632
1733 223
1941 718
1936 1779
329 249
1707 331
1861 651
40 1535
150 723
1163 1793
1950 1585
1425 1567
1927 350
755 1112
13 1332
962 1841
865 802
709 1094
1953 1046
1557 1969
1267 1628
685 1260
948 801
144 886
602 81
1545 1845
284 1059
1933 1610
1960 530
638 1201
1226 1099
452 192
1854 1613
149 117
1538 305
332 1353
447 1305
855 1464
71 405
292 692
1555 1692
246 1439
626 1877
1269 373
1129 1132
1541 217
1957 1045
1158 801
1271 1302
354 795
65 199
117 150
689 1266
1938 1769
1488 712
807 831
1537 168
778 90
649 1134
264 1535
278 960
773 1738
1316 1619
198 367
949 962
1347 57
1077 1991
1229 835
1634 1270
1129 1486
1312 1117
1941 483
13 1480
1687 1619
1301 758
1247 261
935 828
1019 1116
1697 694
1312 1351
396 247
760 1053
478 559
128 1650
368 66
1064 1423
686 1735
1041 1508
985 1701
601 1325
527 1411
426 462
1322 542
53 944
1397 550
1217 1299
1322 1038
1629 433
1305 1923
693 1055
1882 1430
1512 671
367 143
939 888
783 929
87 436
284 493
999 1842
1423 27
1033 87
1592 675
960 478
669 1202
1308 1006
1098 1021
565 151
139 422
1335 1775
1652 253
1410 1486
1975 1515
1248 934
631 420
1444 1306
630 1137
1213 1702
1866 1934
1874 821
763 1302
1193 961
599 1300
924 76
1308 1882
309 1991
217 1722
1078 116
560 1995
386 503
884 191
1356 979
1173 1767
396 1767
1223 1044
1135 1828
1850 1018
1165 1744
361 662
50 1579
1491 115
595 147
1442 433
593 1833
669 1213
1688 1975
1367 80
1321 607
1122 417
1484 845
331 1571
1086 991
1734 702
1506 1575
58 1301
547 1120
244 533
1142 854
1033 214
242 1498
191 287
1910 1895
365 1027
814 643
1115 1357
1273 729
424 97
904 1239
1994 773
1832 749
958 1940
1651 1110
1874 1823
416 1693
449 1488
865 1616
521 1021
1684 1396
1955 797
1754 30
1857 131
1820 1782
417 431
1263 484
471 1606
328 90
1748 102
806 1385
711 1876
1508 1808
1502 1439
1886 1459
1676 196
643 1097
200 1638
349 1608
282 388
557 506
1842 609
1411 1093
1844 1530
240 771
787 1559
509 346
359 1693
69 1362
1633 487
1081 1321
815 434
218 329
813 488
1988 1513
1189 477
1534 435
1605 169
1853 484
168 218
474 1923
523 42
1450 1689
991 1590
1588 1550
676 1703
779 595
1185 1072
1354 1481
189 1556
1315 299
383 594
1082 481
749 1749
1989 275
1276 131
1711 183
778 542
1099 767
1115 1253
354 1681
1669 1224
1415 428
299 715
565 1144
1404 977
610 437
1589 1321
1883 1291
1404 640
1936 224
36 263
1356 633
1807 585
1586 96
1793 1299
965 185
293 860
1449 1829
1861 1286
939 1562
1605 983
36 797
198 1483
40 1228
577 876
922 1990
1851 909
545 1451
1903 1486
1607 1198
664 610
720 1922
1484 295
944 1879
631 484
883 1151
932 852
1422 947
396 1165
1504 1041
1812 776
133 1087
31 1382
149 498
111 1533
1247 1951
21 1353
1656 1751
1024 839
6 276
1613 432
344 1311
510 1496
346 1227
939 1613
346 1644
1309 885
1137 103
1928 285
614 127
922 1038
1057 185
1784 1913
573 556
454 1272
795 1392
997 886
532 337
1763 1685
1780 858
972 1922
1659 753
1498 1580
65 823
1672 1400
409 337
1367 1208
486 488
1817 394
1606 120
583 401
894 1669
1304 208
542 1401
517 1321
1950 444
1880 399
784 327
1885 829
1427 963
136 165
793 287
488 323
1645 1341
671 569
967 1560
260 1735
1775 883
818 1503
841 1060
942 1372
1708 1606
357 424
849 298
88 466
156 225
1191 1025
811 1516
863 576
1656 32
418 1997
432 737
1412 1467
988 1164
964 4
1663 1347
990 144
1184 264
331 1231
1595 675
103 990
168 582
1967 1139
346 301
1229 1442
1347 1360
1551 1437
1570 1440
66 661
1229 311
901 1011
767 1551
1966 881
835 1430
646 1971
1451 575
723 1628
812 1719
1828 1815
1196 1095
1042 530
1723 1318
1816 1403
1567 324
1353 1828
858 520
822 805
1509 302
496 661
1389 1782
1132 1902
126 966
1841 1306
734 967
325 943
289 717
1202 1700
1892 1915
1099 1970
1721 169
1807 1190
742 1508
989 124
1495 1964
607 1879
1040 626
135 1524
1556 409
1328 1323
1241 1846
932 516
796 925
1289 1064
862 650
699 16
108 1878
1992 1818
1825 1672
1004 98
16 1430
435 1025
1076 1918
1409 1342
780 225
1419 1115
454 946
1165 1952
635 421
761 291
1041 1579
1901 1266
479 62
1764 536
1198 979
1019 1212
671 1482
939 1980
1648 1234
1607 628
521 1742
804 1344
1848 1955
178 704
1123 893
373 603
1804 1496
1520 987
10 1433
1026 894
1629 446
1933 1216
37 684
538 1263
256 1451
1807 794
573 1905
1978 93
1427 321
1001 1085
453 274
1631 976
1965 1894
650 574
481 1526
826 7
1400 734
885 1701
1715 1697
1175 37
384 1757
1886 949
1577 213
253 1171
925 1507
1514 1677
1347 1942
1673 483
1814 1712
1515 459
1273 1786
1246 1144
126 1978
145 1044
1047 1336
100 324
1649 839
573 1213
35 907
1880 537
35 1288
1090 1752
212 683
722 1954
1567 1606
771 102
413 894
862 1407
1514 825
813 1023
810 849
1354 254
267 1201
508 260
1889 638
1326 1011
969 620
798 1617
875 250
1630 1835
801 1566
1300 861
1300 686
1926 326
859 1083
257 1928
1204 544
1966 1213
679 715
804 344
1772 1412
961 554
505 784
1267 1241
1415 1535
1491 89
752 1158
391 1157
1782 632
1518 12
885 271
1945 387
123 1580
394 1818
533 1495
704 365
1383 129
227 935
1934 377
144 979
1652 1624
1933 56
436 549
1373 318
1072 437
239 108
1982 380
1917 1001
186 1044
300 1599
841 1053
1926 1908
1533 1367
745 1453
1761 1578
1548 602
1375 1853
1060 326
1519 692
1011 1370
338 759
1771 1894
1846 11
1186 1059
1406 76
197 418
1590 182
739 926
699 1475
423 1305
1506 1262
1422 703
1947 49
1796 22
1489 544
1482 447
1496 975
396 1520
591 415
1439 1019
914 1584
971 1788
1058 1035
1944 407
1824 1334
735 1498
894 934
853 1106
1638 233
1913 944
108 1421
38 743
932 1371
1411 493
1211 1184
1685 1382
1774 155
1262 1098
522 940
504 533
1640 62
371 1286
1160 35
433 1273
79 682
1965 1341
1614 567
294 1866
1664 178
480 214
775 169
1910 1272
594 411
306 1766
1463 1386
1530 72
1011 1114
437 1037
245 926
1043 1554
604 370
1941 1651
1533 335
1072 556
141 1244
1564 1385
257 1072
1729 1162
151 1438
337 1469
231 668
1013 1161
631 1005
553 101
325 1260
454 1145
1609 235
994 1747
1954 6
253 1167
321 1830
1614 360
1259 1404
1839 1914
1855 1735
588 1057
1453 1862
973 1344
273 787
132 768
12 1281
304 1249
381 1104
1591 481
1119 628
746 1312
737 1189
624 1688
7 242
1555 940
1577 1981
401 1914
1991 1886
779 1790
1126 1613
1002 281
777 1239
1133 1894
341 403
527 948
1344 1968
740 1761
1960 1044
1433 801
1746 1193
1849 1421
1086 913
1073 509
742 1185
1949 1538
1570 1750
1178 1790
1200 498
1614 316
1972 1555
674 522
99 1932
1559 1095
1796 1301
575 184
1717 418
869 1943
832 331
156 317
1879 1562
1096 10
301 37
1343 1785
457 796
423 130
1417 1897
335 1501
1195 1748
1265 847
289 1219
220 505
547 1636
811 911
1260 1290
1093 1710
1906 552
403 1812
1418 724
687 1747
1471 1746
482 1359
700 1264
1076 1466
982 147
1132 116
189 761
1144 1253
139 1981
1874 1791
50 1645
630 191
1712 714
1200 1370
1958 1112
517 69
1306 1242
1030 1580
308 1476
957 1671
894 924
1301 841
994 363
1944 1857
1743 1629
311 1185
1496 1523
923 1772
336 893
1371 1592
1670 1984
342 9
1733 55
1926 1442
1596 1754
1423 892
1973 1813
1923 1272
449 1971
361 1767
315 1261
1277 979
627 996
1962 1630
44 1075
1773 123
47 1760
1359 916
388 275
17 1603
345 819
1887 428
276 668
180 1154
1035 775
1363 1388
1999 701
708 440
1195 835
849 826
1515 1971
1806 629
1177 1874
479 543
1210 1723
795 395
1798 1885
1533 1915
733 1881
645 1660
519 961
1067 554
995 1575
1860 1571
1447 1524
1840 356
1172 207
408 1925
288 1709
772 1082
515 575
256 790
485 1216
1146 1665
1021 1673
57 1504
1015 591
1489 1273
1472 1523
822 1003
675 1895
189 1434
1441 317
1394 1833
1176 83
346 1830
123 1515
426 1345
763 503
1702 1901
1415 382
1695 1863
860 477
281 1898
331 1715
1656 128
147 938
1891 1793
1493 1605
1873 733
1999 16
1870 1960
671 1498
913 1754
1734 150
1560 1796
1773 832
651 82
527 897
1730 1372
984 601
291 1302
390 195
1091 160
1261 79
489 134
1016 520
1334 583
365 617
1680 1346
253 1425
1086 1070
574 1226
1185 1025
493 639
331 1418
1245 1394
972 1851
356 615
817 220
780 770
944 871
1094 1700
958 174
989 806
1336 1875
311 990
955 484
691 686
675 462
1023 1191
265 141
581 1725
1812 1784
105 208
159 430
713 725
1869 1165
507 1754
1622 1582
1822 635
1491 249
752 1633
1788 981
1981 1642
522 448
514 477
524 1493
1990 10
1737 487
1853 105
1870 800
604 1370
1155 1098
1096 543
365 619
714 1512
986 869
526 369
1369 1105
1780 1514
1439 149
1140 958
1164 647
954 38
324 1853
768 1744
1748 1675
1018 1079
754 130
882 672
789 1912
1655 78
278 1700
1455 1396
468 98
1486 1228
1964 1409
1772 80
41 1040
1767 1662
1232 1259
1714 234
229 1476
1069 1769
1224 1452
149 1777
417 436
1125 1317
569 482
1207 256
1014 168
735 1277
514 1297
1151 1058
731 496
1213 613
1223 394
1153 268
1482 1735
839 1260
1858 534
1121 1379
1699 972
1581 434
1100 1760
1240 432
713 758
120 491
804 1041
1488 1449
1308 1037
1748 447
586 1562
1114 1154
907 1438
1999 247
1681 1
1023 1728
371 507
1410 1188
1338 1222
996 630
411 1645
23 465
1221 1198
1227 1182
1416 1393
248 314
1196 1383
1508 1549
1376 822
367 235
935 143
1445 1725
120 1227
775 691
103 1858
1216 399
1138 1726
1921 1697
553 668
167 1100
450 688
779 935
761 979
359 355
1289 1220
246 587
1388 1237
412 1747
404 738
558 765
1181 1689
1701 1434
11 97
872 1973
1723 1975
509 1072
1575 1607
1819 788
221 218
1900 1451
1371 615
1479 972
910 40
920 1988
115 1213
250 411
1211 78
735 22
814 440
54 261
1322 168
49 1023
1456 1340
435 347
1105 202
452 1838
752 1992
340 158
1750 1186
118 1921
1506 1940
904 368
163 1185
1863 455
1246 1708
929 89
900 1998
104 631
8 1945
1521 491
1803 1466
674 1538
566 470
624 1519
1410 495
82 689
992 770
229 1106
1598 591
1822 1752
779 1458
1074 878
1946 201
710 1978
665 51
43 394
1805 234
399 1428
588 1778
863 854
1136 1561
304 355
1789 1973
759 1742
1067 900
965 255
1276 44
1293 1430
652 1052
980 748
1763 1938
237 402
1423 620
1326 1142
729 994
179 691
23 708
723 1573
1866 780
1113 654
1770 311
1848 192
758 1673
443 1447
240 391
581 1560
991 1107
1551 716
1623 336
1246 1335
1605 1400
1319 1228
1031 365
413 1476
49 1428
193 1382
564 1775
431 1901
1078 474
844 1727
851 224
1453 233
454 994
1829 1551
1284 186
1428 1937
153 1246
929 165
1574 1238
1043 893
1079 1882
1785 1149
154 770
1792 1854
1105 1068
47 1615
44 1362
1416 508
1888 794
880 20
1555 84
1740 1812
238 156
1096 170
1710 151
1517 1477
1110 909
363 1641
1703 1262
1784 1870
1551 405
526 1712
1815 188
378 393
468 1378
1458 469
1422 1495
1638 516
398 1
1333 1050
961 1591
1172 1073
1059 964
1221 1665
377 78
35 956
1225 507
447 707
64 1096
9 27
1716 1559
1359 44
1377 231
1564 538
164 346
192 983
255 1163
923 1012
1428 1632
917 1583
1281 1377
1998 1778
1124 160
1131 581
194 1215
152 1473
1957 1538
1006 1835
1428 752
1836 1898
1987 1511
1187 1254
1599 699
200 383
1056 954
1492 245
1193 1562
967 932
1991 1732
800 1110
1199 1729
1753 1376
967 509
1366 1142
333 972
75 368
1642 1201
1621 1283
1285 805
605 1012
494 1900
1963 492
802 936
815 1277
1369 1015
323 994
1397 243
5 1860
816 888
666 1396
1167 1073
737 506
780 489
1258 1548
937 1051
1188 1351
4 15
562 1252
423 1953
402 252
519 1294
436 1107
82 1010
1280 341
1038 1205
1064 457
1656 984
572 29
1449 786
133 889
932 788
1372 1512
878 1018
1835 1143
1510 1364
614 1540
637 1170
1750 1625
446 203
44 52
427 1511
1004 467
1767 796
458 1391
213 1015
636 1757
746 1676
1290 816
1253 1692
1624 361
1527 1886
1511 1886
841 565
999 1468
1330 584
1654 311
703 267
1629 1372
855 60
784 1951
1061 315
177 1955
1989 1467
1648 1906
1052 1389
1094 1947
1386 480
1650 165
1731 17
54 519
951 1788
210 666
401 1551
181 1678
673 171
1324 1388
1720 1630
462 1586
1383 240
60 1654
1387 1101
1371 321
1771 1780
682 961
338 959
174 580
786 1829
1587 1275
389 1838
8 365
1907 1854
921 1370
1863 105
1463 1680
873 957
1957 340
861 1479
755 1658
1852 1187
1324 260
1853 1954
293 52
135 1300
1329 1299
121 1486
1775 746
359 1331
297 244
1926 1179
290 865
1620 915
1290 1488
548 1796
1089 246
680 1242
252 706
1287 409
1937 974
1990 1904
1029 210
63 876
843 1798
1943 262
1656 666
742 1491
274 1840
443 175
122 310
1156 149
813 849
1135 1663
1325 1550
735 792
1589 775
419 181
853 1640
1438 337
1854 1346
1410 46
1241 19
862 1468
1296 1464
1410 1621
937 336
1130 339
240 1946
466 751
1810 1333
679 138
1559 442
1448 1313
166 1623
160 925
1480 1379
656 1901
300 152
645 30
1470 1020
1958 805
667 589
1497 318
1319 201
621 486
92 1362
1838 1787
1009 666
96 1866
811 1257
213 568
325 484
211 1670
42 1654
475 590
956 187
1471 960
323 17
1254 655
1555 735
1487 914
177 968
1684 1229
1922 1025
555 765
360 343
1926 1296
376 982
1420 1276
801 616
43 47
1731 1991
1508 1542
103 1726
1967 1898
751 1964
21 489
53 1311
1115 1342
1588 1555
258 663
661 163
1555 1254
1238 492
1497 129
1341 1199
1188 716
1159 1742
238 319
718 1029
163 916
962 668
1631 240
978 499
444 1168
1145 1829
1500 363
539 177
194 1709
765 900
803 373
1896 1789
10 1878
1229 587
877 1886
1329 1310
1356 1639
1596 880
239 699
188 1920
303 438
1333 116
1569 1538
487 796
226 1087
1659 927
874 606
1483 383
284 173
45 1695
291 1713
1128 1123
1763 1103
1046 1536
979 478
904 1232
885 566
1677 857
139 612
1561 1235
927 172
415 789
659 1671
284 1682
558 1838
739 745
1497 397
177 252
1047 1813
431 1773
1632 1186
1429 1034
201 999
1493 682
1983 452
1262 404
1429 985
361 615
722 201
379 449
1686 1272
201 1413
1348 1244
25 174
1592 858
839 1708
1450 517
519 60
1087 566
984 947
777 459
1891 290
1300 1421
1237 415
957 781
1746 1546
1836 527
1305 1654
500 404
1620 1291
807 1689
1097 111
1129 80
1407 253
568 1890
942 1937
1649 1883
1200 42
1525 1680
148 546
126 401
225 837
427 1180
1989 1655
1142 1267
656 106
847 139
249 948
573 1217
835 1397
656 1319
118 486
1412 786
1276 892
125 43
1137 1620
1176 253
5 1846
1052 1508
295 486
1687 453
1505 576
819 1060
1776 1418
1554 339
1831 1229
1316 1448
1193 288
1047 267
1519 1719
308 1055
1456 1616
1633 1232
1406 297
1825 742
1725 914
1079 1661
1915 1742
1389 1074
1802 1198
514 641
762 1438
1481 1408
316 1760
1720 1842
1562 1504
1329 1434
409 953
546 1324
572 883
984 44
1171 1714
1253 1079
393 43
932 464
890 333
528 695
1221 68
1447 412
81 398
1868 1778
333 1258
618 41
852 1311
1771 789
76 129
699 130
249 240
1964 1434
1396 1417
1327 734
182 1220
785 981
1070 388
1515 1283
129 1284
202 243
1350 1980
774 1563
1878 228
1907 878
29 1417
176 1995
1580 519
1247 812
135 1159
1049 1715
1260 925
461 435
1791 1945
1577 1089
1840 1043
1867 1238
285 1695
1583 1834
498 329
1832 236
1370 1493
1360 1647
427 710
1569 1162
1928 461
432 362
1151 745
679 1370
1795 1989
1285 155
1492 566
1762 1415
1601 1992
102 407
1093 614
928 466
585 1789
1970 1410
565 652
739 889
590 1635
929 1144
1023 1680
1969 818
1146 543
380 193
750 1666
645 224
1424 740
1321 1045
1468 1034
235 1831
510 885
1469 1260
1767 444
1921 775
658 145
592 1587
1979 1776
1218 892
1786 1269
119 1024
664 758
616 1731
1105 1149
195 394
39 1808
423 266
504 572
34 814
875 415
1014 915
1526 141
194 223
1662 1714
1845 1429
1680 1143
283 756
545 39
373 1095
1181 575
1735 1139
175 1851
146 377
448 1200
847 628
889 1738
1659 207
226 815
817 1164
7 1207
1493 306
438 1326
996 1620
1746 1748
805 491
313 742
1747 1852
1938 1405
1586 1758
521 1853
909 1423
869 1829
1492 1681
1226 1140
400 1690
522 1589
904 1626
1445 1033
1978 1521
185 1549
1025 1859
200 1560
1295 826
820 1607
74 1429
1875 1281
162 907
684 764
1349 1525
565 973
1215 1206
555 1908
1268 226
456 1645
402 810
962 1287
1903 191
244 1320
1536 1665
1426 1702
1754 1423
717 1034
913 973
1540 189
671 620
1604 663
436 62
1633 610
426 1854
1997 1940
288 1649
218 1716
930 462
1854 690
710 893
1206 406
1053 1527
918 74
246 1260
983 528
945 1169
1302 1533
1205 890
200 1381
364 1324
1625 377
1708 1210
1745 543
807 1257
936 1617
482 949
358 426
1428 1280
538 916
607 1323
10 738
1129 257
1282 264
878 773
1119 915
1237 218
256 893
404 146
226 484
1668 1471
433 185
1309 1276
1787 1023
687 1180
708 319
1763 1315
1769 1332
473 122
1139 1921
629 1181
412 1652
625 815
1431 20
1379 1538
990 1685
79 1926
208 1964
1069 16
203 641
349 788
271 144
1091 277
1971 1584
593 681
1654 1551
1822 1681
1195 919
777 579
1220 1061
1998 1793
1972 1308
247 1444
847 1621
750 212
1271 1039
1861 1715
1425 1704
581 456
1560 293
906 1379
1619 486
1174 1579
544 754
1656 1538
1102 1667
1542 1965
1206 1011
1557 1110
1197 641
367 1775
1122 1910
710 1473
1372 373
899 1855
138 798
979 1778
1267 596
1964 903
1440 1170
422 750
1669 573
1 860
1792 1129
253 1925
925 1293
527 919
98 656
1639 1516
1359 650
503 729
75 1757
326 197
924 311
283 1763
1817 941
1289 21
185 1284
691 485
836 187
175 998
1463 1305
196 1646
1593 485
505 1356
244 628
757 1745
507 1504
708 1841
365 1019
181 1474
1356 519
1113 1971
76 663
79 103
899 859
1742 940
1650 1391
252 191
1672 311
476 566
221 1970
1241 1944
1769 1950
1044 294
1586 1196
1340 809
1170 940
348 1906
1725 1643
10 192
1529 1515
1375 1659
607 1649
1735 310
1300 837
125 1039
1019 1301
384 1211
1128 1092
994 1957
1101 1420
998 1421
1406 1564
1990 1333
1121 892
1892 1089
45 1953
1862 1727
1873 233
761 871
327 1230
492 1782
700 1560
1593 8
1927 136
503 930
981 1972
1354 303
1440 587
199 1537
1197 1527
53 1235
606 1807
1438 48
1245 307
1375 329
224 356
1668 1407
281 579
864 983
1383 554
329 1467
1295 602
1098 290
1296 932
477 717
1653 227
410 754
1921 1286
239 1472
1195 1384
83 933
1970 798
1199 1187
474 1253
1688 1313
862 1175
1037 1305
415 331
253 726
649 1465
987 98
1243 1663
20 353
595 1175
1619 556
917 1445
1703 1671
271 1847
1612 783
265 77
1033 352
429 551
502 1038
730 125
1935 1693
140 1544
1521 1659
1409 1635
930 335
817 600
175 404
1781 235
201 1656
83 507
1750 1862
984 1295
1591 1481
1165 31
240 1661
874 188
1556 59
1717 1397
1211 682
1710 949
942 1611
1992 139
1241 179
1970 1241
306 100
434 1443
5 75
1523 1141
264 1116
153 1882
792 925
1134 1175
1767 1769
686 293
707 532
90 1163
262 683
1305 1624
234 1035
178 400
1730 272
609 213
437 1971
1617 336
1489 163
871 526
1541 682
244 1566
1678 700
1540 1933
1068 82
1050 1021
643 1384
858 963
1505 1547
1330 917
1722 571
202 1052
1525 1047
1280 829
513 1453
1100 1144
1063 1587
1363 406
1453 1776
861 618
1962 822
1388 1654
1120 192
1643 767
1025 918
555 1296
52 373
491 1034
1355 1446
1968 878
804 360
1498 1577
817 1238
1824 814
249 268
650 136
354 1618
1596 741
490 1513
615 197
975 1634
147 1619
1221 357
1037 1128
127 1849
180 703
188 789
1348 75
58 300
207 418
928 33
865 1597
1649 753
1370 1263
1969 1111
1545 478
1593 362
1949 1690
953 1887
228 181
1351 1400
1317 61
1869 1862
1227 1745
1099 1348
425 341
1426 1923
1406 1180
651 1460
899 1737
1060 1095
933 1343
1026 121
1377 943
320 1567
1419 1262
1938 556
464 1479
1662 1405
1061 1674
327 1921
411 1552
1519 447
842 1902
1229 426
1777 1066
1906 68
316 573
929 1082
1636 291
582 249
1919 978
732 1488
35 390
837 202
959 1768
1743 1556
1004 963
1865 1694
1069 1811
414 1797
233 1594
1801 1408
492 1814
983 317
1262 794
1420 1641
504 41
1258 319
881 1490
443 430
1685 459
1976 1644
1613 647
1048 758
1513 693
1145 328
1656 671
843 1403
1112 1486
714 739
1271 1097
1537 474
889 1849
243 907
1185 1385
1569 1581
495 119
528 1176
963 381
308 303
113 664
719 85
1704 1441
756 885
1846 1046
455 1862
418 679
1109 133
493 223
1714 963
518 118
786 1625
834 166
1721 258
1186 1553
109 1803
769 1350
10 1339
642 1911
1881 1780
1102 933
763 1461
968 1019
1641 850
343 1481
53 1475
1558 294
71 1511
654 1261
185 938
401 1260
1960 93
1122 270
1531 720
420 116
470 1937
885 535
419 1759
441 121
353 1315
1783 1487
805 114
772 1738
1614 1309
1924 334
1355 1859
983 1128
1064 1228
1958 1100
1495 1949
361 760
765 256
1489 1905
1471 361
1047 1878
933 1625
1317 1052
1279 1824
1778 988
861 553
900 430
105 1438
1279 442
589 968
1310 640
1552 771
1980 662
966 1902
389 1478
585 1727
1324 1507
938 1557
788 1415
1224 1925
1648 11
1724 573
1696 90
1886 1511
645 918
1510 950
553 1587
925 512
1664 1895
99 1344
1436 475
817 125
74 1160
1576 1917
576 501
1044 914
777 911
483 169
974 457
208 1652
97 1820
1716 1625
1916 578
1919 1862
1312 144
549 277
693 88
1643 161
20 294
775 1066
427 1779
1803 71
332 624
333 151
1830 1286
1931 1138
603 279
1245 460
1052 445
319 1678
685 1603
1860 127
1260 714
615 1870
1914 703
92 731
674 1716
1051 1216
923 1812
963 1894
571 1431
608 786
120 1982
1025 1096
1827 797
1590 470
1701 1749
1597 743
649 128
645 1651
134 349
1121 132
3 702
1036 1600
710 1919
107 1642
1824 1511
1538 306
54 1891
1488 1813
1691 998
1309 1391
190 711
196 1667
122 963
138 1
1160 321
620 1058
574 626
467 981
843 263
504 1885
1803 1490
369 1583
665 1925
916 1074
1576 953
923 1518
1720 1833
1001 532
1658 1734
1851 534
734 1359
1072 1858
1996 74
1819 1725
1732 879
535 1476
1919 1940
750 23
280 1437
1383 1644
1347 1966
1411 313
1491 1009
1193 40
1155 1057
1189 318
297 215
1000 1559
454 266
1261 1596
1489 503
555 1778
609 464
371 904
684 288
827 1714
975 1569
1537 718
215 1177
1046 1932
1108 1462
1107 270
1787 463
1666 1919
1674 959
866 730
1506 147
397 274
358 1299
191 57
895 987
1587 1347
1373 1794
629 110
1740 1066
274 1633
56 1412
1912 751
394 1866
275 1966
371 758
511 873
757 831
280 1395
605 331
1738 736
170 1932
1743 1532
1697 176
39 1088
1501 1041
1473 1911
738 1565
713 378
1567 1686
879 1261
747 1743
1484 3
1059 1649
1062 133
989 342
1886 188
1049 545
904 374
1377 372
1417 1598
740 1753
1028 396
1927 1376
868 1555
1932 1318
150 1207
643 1794
1583 1125
1942 688
300 771
712 1169
589 185
1924 953
670 394
853 718
675 1697
156 924
1523 827
490 1471
1526 415
673 1343
1142 877
1937 804
1202 741
1142 295
1309 1438
351 726
873 1736
597 706
1122 948
340 1975
3 1064
1123 177
1089 1842
1836 103
1668 1530
546 1591
959 1974
1896 1243
1036 1541
281 1211
619 783
1347 1141
57 428
35 384
1774 1226
520 1125
1717 277
796 51
100 1838
1557 438
1863 1534
749 1554
1295 378
1944 937
1463 443
1011 980
300 1553
307 1209
1801 651
1504 440
654 315
1030 1144
601 1751
11 1859
1464 556
963 767
738 277
174 219
568 1539
843 1953
1546 345
1786 1446
1857 1648
636 950
872 1017
405 1661
1726 164
1057 1721
1366 1337
6 4
9 1509
590 514
1668 1547
1250 925
139 572
348 1450
513 1799
1138 1666
946 426
138 1178
1905 1270
2000 1145
1853 1480
983 707
306 945
600 574
637 1251
1416 1693
113 777
1270 59
806 1411
293 1487
1768 1564
1720 93
1647 1320
139 476
1342 1146
42 1722
31 1416
871 557
1936 1837
430 429
810 1911
354 473
153 954
1150 20
1508 985
1539 486
1287 1498
1193 1431
1414 1595
1035 1540
877 419
1375 1559
1211 1947
1833 174
623 1098
314 1057
856 665
1647 1664
78 304
1052 78
928 1541
198 20
950 1869
464 543
464 623
1660 1621
1343 1467
1625 1046
865 1470
722 452
752 1188
1093 1672
898 1678
1125 903
354 907
669 54
1937 948
1542 30
1553 576
590 1274
223 543
966 1600
742 356
1728 1024
886 9
598 567
1125 1222
1216 882
1829 1765
1242 762
1679 1419
1760 1292
1223 1903
805 484
545 507
1767 1400
1737 652
1895 44
935 1505
575 1695
1830 897
551 206
1894 942
2000 1454
802 79
1964 1324
234 178
799 807
1368 919
1998 1016
1832 646
1503 1606
1391 1419
1660 838
384 900
1968 1146
1669 1046
815 1949
1358 1506
1669 1612
1573 966
13 387
543 1690
265 1852
1317 659
1800 2
1064 1883
7 592
1096 239
669 1300
1803 76
1107 769
1565 399
1373 1087
1606 1292
365 1592
246 1808
85 1145
1814 1572
501 961
1559 58
1944 1582
858 474
9 941
1118 440
912 1690
1593 1022
1080 495
1879 1489
1619 347
1231 1796
625 1367
848 729
1772 586
38 1544
932 171
1150 1166
1348 1595
1409 1613
339 1559
1003 1846
1788 189
1695 209
1199 1866
1574 479
1074 500
740 1522
1256 1028
1548 141
241 631
1268 751
627 1750
2 1871
1659 879
496 602
684 1375
134 1280
970 1860
1504 250
1297 1300
25 962
262 1364
1278 843
1495 1254
954 322
561 344
209 1450
268 309
333 398
391 452
1514 106
1594 1764
359 1001
648 828
1736 262
595 1305
1793 261
870 1463
1383 957
1622 1591
1940 759
1029 327
1452 1079
987 1352
476 910
1820 419
507 952
681 125
1276 1993
551 559
188 514
374 1172
1483 708
70 706
1376 1943
568 1990
1290 726
29 1378
1111 620
927 1069
46 291
1881 633
1275 874
1189 1423
639 75
731 1866
1406 1415
625 1411
1877 178
1763 1665
1781 1335
176 987
1359 58
1624 1016
1116 291
1020 764
1262 1962
1840 637
1637 338
1848 798
1591 261
841 1188
1160 1864
178 1003
144 499
1419 1332
855 66
319 1303
1654 1709
1664 1608
937 534
489 1505
