p td 2000 8000 
1428 1324
457 1244
974 1375
1459 95
1970 659
944 12
182 62
1994 439
583 522
1511 486
1108 1704
403 623
642 1116
715 125
1183 1392
949 551
410 1689
77 461
1442 545
1019 120
1552 1706
620 1905
820 604
915 603
1648 1958
763 1048
625 1524
1432 1522
1608 1197
1046 1815
109 769
1454 978
494 1530
1507 385
595 387
1196 1601
187 896
1669 1555
497 966
1858 456
253 503
1419 1202
119 1289
334 843
1707 1567
573 319
1831 142
1206 948
1729 394
1769 1863
1959 731
1185 1668
542 726
1533 1903
891 170
1051 1605
56 434
1429 1209
1604 268
33 1911
1513 550
1261 966
384 1282
1226 1719
1105 880
340 1027
1954 246
851 1303
870 1601
1321 1958
702 730
224 745
335 716
1232 160
901 592
260 473
590 1878
1322 1138
1583 402
265 1830
1516 1753
713 945
1850 375
711 509
1286 1767
1363 1807
1753 1252
1147 720
893 1586
904 1670
727 675
736 1591
684 136
1594 1262
1804 1843
1149 1914
492 783
1205 888
1420 945
818 658
1349 1280
1692 1052
514 1825
338 934
1486 1963
1291 1295
1305 1066
1352 135
1629 1661
1945 978
369 303
1863 186
809 1173
12 1753
1548 1034
1296 1947
713 436
402 1520
1930 213
1294 623
654 1758
1103 252
619 555
1632 1583
63 830
1570 631
1245 273
101 1760
553 1703
1163 1442
975 761
18 1522
1481 698
1259 1956
513 846
1318 1414
1182 471
628 67
471 101
1400 375
1586 1114
324 961
1486 594
1390 500
553 1629
1206 1277
854 1170
1015 1475
432 116
970 818
1724 1510
1405 676
874 1192
134 1866
1306 478
1080 637
61 1865
1273 1554
119 1986
271 1706
932 885
1526 1089
802 1188
1506 1037
1393 36
301 296
39 846
717 1998
1631 1527
1104 374
1193 116
1888 923
1440 5
1629 275
894 1909
537 982
916 562
156 1325
1441 1164
1541 490
1013 1570
1725 804
109 657
902 1435
1679 1585
1173 295
1374 880
1968 1487
1162 1128
804 1214
1362 344
607 718
472 511
415 406
1619 1469
1151 1726
87 333
9 1862
558 1192
1629 1035
1918 433
952 179
56 189
1710 794
850 1746
49 948
1446 1072
41 517
973 874
766 1152
1831 1210
768 1110
1918 1220
1798 1446
38 1675
831 564
1489 64
150 853
192 813
1864 142
516 247
1957 121
515 1654
1990 755
1981 1387
1141 1882
1402 987
481 1926
989 1565
1082 51
1151 1927
866 1341
1780 1012
796 674
97 1491
297 154
1147 1930
1133 165
631 901
1548 46
1835 1599
666 1067
492 1196
1052 1580
1186 1430
1895 1819
1611 71
175 687
619 933
994 1144
722 75
327 1715
38 1364
388 89
1987 589
694 1146
1974 1629
967 660
191 34
933 279
26 878
1858 157
441 1632
609 1229
70 1804
32 779
34 1126
1665 932
1083 675
923 167
749 1720
1720 784
1494 1953
1010 1962
1907 2000
1941 815
265 1753
476 161
1356 1495
1379 1570
1654 289
1181 397
1340 1861
738 1432
130 354
228 147
628 37
72 603
519 151
530 43
1249 720
697 1821
688 1054
1357 1902
1486 333
1242 578
1353 149
1634 1218
525 1298
532 1085
1565 254
1070 1289
1291 493
1597 645
119 119
1333 177
1940 1546
600 657
1060 1230
1831 156
699 1699
711 1745
57 1381
916 1611
1459 325
173 463
761 618
190 179
1704 1258
583 525
1141 1811
1835 1981
19 1300
1003 493
572 1994
1748 1101
1046 1476
1026 217
1221 209
1832 1693
320 864
1642 451
1576 1507
173 556
1737 805
1769 424
1897 460
1245 1028
1819 398
1323 1766
1016 310
1351 914
1988 1058
491 1529
1102 206
1305 1524
263 819
1815 1353
1054 1006
1630 585
1789 356
689 1721
986 1315
1530 1217
1383 361
142 1835
931 1049
641 1757
1894 1397
857 969
957 1578
305 714
150 1276
1119 1383
1032 958
1059 1786
811 1109
708 361
1156 1977
360 1603
845 325
567 1973
1742 268
1377 1365
1902 1886
911 683
822 1910
1979 1016
1947 340
512 931
1596 1502
453 452
179 210
711 369
1487 1177
105 141
166 1553
581 1146
1626 669
1158 23
1823 1938
1127 1862
1034 1571
151 1017
193 896
835 1502
1632 1804
562 1372
711 726
253 199
1914 170
944 1071
187 1620
753 1725
462 1312
870 1347
1614 178
1772 1474
1455 1024
235 590
1026 104
4 1562
206 1471
1860 438
960 1016
625 1199
1470 655
330 105
696 402
476 953
567 1462
1661 831
1241 1204
1128 607
1052 522
1772 1927
570 200
309 527
1667 1814
1212 609
707 71
1479 19
384 373
289 227
1586 594
768 1775
1756 290
929 823
1311 529
566 117
1688 950
887 692
999 748
1657 1277
740 1685
1721 573
5 1409
392 388
1903 1012
209 1411
937 827
954 942
1655 876
811 1988
1628 471
1037 548
1012 1903
1849 1049
859 1677
967 1166
575 1736
1879 1243
115 1252
1037 784
1523 2
893 1322
1251 1464
654 1619
156 1619
670 1592
212 1489
392 1535
1218 1018
1339 211
1451 886
1970 32
1525 136
563 1844
824 1792
412 1564
1335 355
1665 1618
198 63
145 1072
1770 1114
628 505
561 1424
663 965
1273 235
236 1743
1356 1572
1948 1638
858 842
1624 1777
1461 126
1297 940
484 1051
612 111
51 1869
298 1332
222 726
1239 1690
645 1943
1708 769
1757 1073
903 1459
520 753
401 1332
347 1081
100 192
661 1086
1059 1209
195 40
1235 588
1009 1089
1270 1215
1285 757
1861 272
322 1306
179 91
577 1616
616 1037
168 830
1562 230
683 1501
1687 121
1272 1869
513 1870
982 378
164 1909
1402 40
846 937
744 1666
1635 1205
1616 1792
906 798
1048 1661
487 455
863 1183
944 1794
859 1425
352 1273
1509 891
170 1111
1939 488
1821 2000
114 456
1273 800
467 1478
1526 1070
1789 491
130 419
161 1406
1717 948
202 1383
618 803
1520 67
1862 1025
537 1995
1589 579
96 89
1557 738
339 1828
728 1465
378 450
1450 1981
1621 1876
1611 363
1454 1995
716 512
199 653
351 1301
1948 386
930 826
408 807
309 63
1978 391
1928 1758
1791 1897
609 34
1166 27
1767 1599
910 83
1981 1190
1296 1482
143 1125
1383 199
1959 131
532 936
1308 417
748 377
1616 603
1534 1146
1084 288
711 1397
1987 1889
414 615
1414 983
1585 510
474 1802
633 396
25 640
1541 1356
194 1839
798 600
568 302
1718 663
839 253
1565 733
149 1873
123 308
1316 1076
1895 680
604 1485
972 18
522 537
1018 45
316 1009
831 709
1046 1893
1660 759
1009 1976
718 1352
906 1669
740 1807
1991 752
1374 1668
477 711
927 1241
310 1030
1283 29
1955 1660
32 442
1911 1928
312 717
189 1257
812 1876
1189 1055
1431 1672
257 1656
468 1609
596 640
1091 766
1101 786
1447 1832
250 596
998 149
1203 990
605 1046
839 815
921 294
1837 676
367 716
1172 460
344 981
185 1081
802 316
1495 423
1904 262
958 254
669 1170
1616 315
1148 1972
659 119
559 1508
1981 597
105 1210
611 275
781 545
1126 488
1630 553
1262 1537
1443 657
894 284
453 1174
1592 1602
89 350
342 145
1131 1998
965 308
1096 779
1242 720
909 786
415 1163
136 1880
1600 1406
1452 974
477 1503
1808 1315
522 1236
1410 1736
813 430
1714 1123
610 1443
1139 1805
1015 88
1039 1269
1364 1180
368 711
1064 1024
1665 362
1600 1804
245 177
1467 1214
1463 204
1956 1221
375 1552
757 417
1021 91
1516 166
78 1271
777 1939
237 1857
727 867
289 1108
545 93
1057 1087
1456 336
280 1029
1082 224
119 1841
285 1460
1415 1567
1953 1471
1514 406
1994 277
186 1116
1624 672
798 1472
1542 622
258 1262
1055 1914
1801 50
1988 623
1288 1340
1342 1416
626 950
1157 1504
155 1649
1800 1471
693 1627
508 1215
1900 500
1850 42
151 1777
1549 1063
1164 541
1719 961
1887 641
829 1444
1566 659
1576 143
976 448
1734 242
462 1240
767 538
1626 239
1891 1231
1811 423
1857 1135
308 661
72 1988
1157 299
397 1542
1587 235
1570 440
1844 202
1902 1706
954 572
1469 1427
502 536
1888 1212
1450 836
1324 400
1392 1504
15 867
1831 1974
1747 1060
1326 683
964 1725
145 203
681 257
1731 1975
118 732
59 567
79 835
903 1259
1716 1916
1050 334
17 1430
347 372
765 954
107 331
50 1961
1042 215
1976 1031
1346 1364
1026 796
1917 1463
709 1108
1497 1706
1921 676
815 897
824 1371
84 1402
1392 876
315 915
1825 1664
130 200
41 414
1935 1204
1513 1513
1004 385
659 1392
1190 1913
59 839
1441 698
1025 1474
1518 653
734 835
127 605
325 1017
998 1279
1493 1256
182 761
1416 20
1762 1803
963 150
337 1430
676 324
1644 49
1794 800
138 1245
835 58
989 1778
2 417
1302 161
1088 1479
1345 864
1715 1670
442 874
1188 744
565 1568
1742 151
1958 1382
1013 1187
1397 566
630 144
835 1642
118 520
1065 1209
190 504
836 800
535 1417
596 90
1559 204
1697 1443
1103 1993
1361 560
1265 1647
1705 633
931 184
103 1737
62 191
1542 815
1862 444
326 1852
303 1743
691 1662
1413 245
966 953
471 359
954 777
1708 865
1426 302
593 260
1231 778
1908 1066
497 500
497 1875
1391 1067
646 1512
444 635
901 462
797 1843
1444 142
1863 637
230 636
1424 1905
665 1705
1958 1831
1650 416
68 1961
654 938
401 1098
1834 686
1647 507
636 397
451 1069
427 1727
985 312
123 1221
1166 1557
216 1122
1245 723
608 1931
1391 1122
204 382
1235 1907
1274 18
1421 1149
374 1079
714 1644
469 647
1509 1699
1285 284
243 1363
960 217
1323 25
1023 1060
1053 1979
147 420
714 15
1011 770
126 1479
1260 907
1225 304
203 1209
54 308
1696 1328
1698 1049
354 1282
1739 873
1651 1375
426 1906
724 441
741 551
27 1641
1791 368
1142 923
1622 1399
1550 377
1387 1476
78 1815
720 448
1374 1511
1713 1911
621 1007
62 89
1561 1396
1384 1650
1830 275
1912 27
873 417
171 1657
812 204
1579 1196
1043 206
591 1982
1010 1570
534 1169
865 107
1150 1748
1407 1058
252 814
1036 1809
1769 335
1121 133
771 590
242 916
632 246
510 1035
304 1065
1617 696
629 614
1229 1782
479 428
1195 336
936 1262
239 596
181 500
676 1903
15 1386
735 1841
1849 1446
1134 1883
136 574
1890 1646
1619 429
1854 1925
1638 1069
422 1396
519 552
391 178
1456 295
1727 1310
1325 1922
89 1755
1483 326
1439 639
95 579
890 1061
682 1949
1937 1401
642 1319
97 541
1694 1787
348 1975
222 1935
777 1811
1206 1104
1289 1497
752 1747
77 1758
683 1915
1652 346
1236 415
1579 1667
145 1627
236 1696
70 1014
112 1942
394 257
562 1003
1906 47
1685 1021
1449 943
28 542
1308 605
1661 1651
1340 1644
261 17
1170 727
1570 1273
939 1493
1919 1540
382 1524
1901 132
904 1505
1197 768
621 835
36 1646
1834 1218
1280 1299
1585 186
12 191
1100 1231
449 1965
1472 383
1333 1896
496 64
269 884
749 1855
993 875
1061 1523
633 1696
1565 1939
576 370
1530 1242
1615 782
989 992
1866 678
918 1163
932 880
1344 1053
1476 1359
442 1040
977 1481
1844 996
1173 1104
1870 836
189 277
1182 909
1326 233
751 408
1748 102
827 306
1652 347
1070 1519
1545 353
348 1135
1699 1039
1283 606
8 1340
1553 745
591 273
395 166
1284 415
1350 1993
665 863
588 789
462 442
1649 1352
1936 435
672 667
1942 1158
1962 1965
406 1078
1994 697
473 1691
537 340
49 1574
1993 1799
1508 551
1396 922
337 762
136 640
1702 716
1237 1597
1391 200
1533 151
791 1786
1969 678
1337 479
1346 1495
35 1537
1387 1963
644 1636
1138 657
282 1737
1591 1935
1194 87
1206 782
439 1385
1047 877
92 956
328 65
1574 1004
1412 1856
1333 1659
1237 905
965 854
1286 575
1182 1662
1194 1665
1163 1157
644 342
618 1863
378 1714
307 171
1413 1289
355 549
926 1850
780 435
1217 390
1915 1670
1319 1280
563 1069
44 467
30 1530
1259 458
218 541
1797 1776
1975 1692
1498 1650
1268 919
725 564
731 1027
759 360
1813 1660
1527 942
1687 101
980 1244
1020 929
1881 1470
65 1095
1606 210
1904 1897
1113 1873
1430 554
49 1157
1929 1357
272 1550
401 1228
1820 1412
1242 1270
1314 487
1527 1544
1443 366
1242 1086
760 586
631 1821
1093 1694
698 1522
1701 57
1624 1734
1238 450
1888 1778
462 1989
1240 446
1433 655
830 708
842 1177
1051 578
1156 1555
1397 481
395 1161
1231 690
876 1430
1496 1929
81 1838
828 1786
1527 416
1089 297
1829 807
471 1916
885 28
596 133
1035 1846
944 433
271 1305
51 992
910 60
835 1805
305 1272
63 255
945 115
1977 1840
62 1871
1872 673
799 732
1382 13
189 1206
381 554
802 400
1808 1225
401 383
1661 1720
79 1088
1250 1272
1726 1161
1886 1941
1779 483
933 119
1228 1729
841 82
880 561
836 1776
776 596
520 1280
1124 971
1538 1649
1304 1913
1589 1283
660 966
1433 780
1383 1093
79 152
463 608
1311 1320
1707 436
789 510
454 1091
692 1891
311 1589
41 1244
1446 970
864 926
1682 764
192 1649
308 1639
1904 874
767 1047
566 1731
1406 1365
1889 1577
1997 1241
1369 1067
1494 277
1120 1042
1592 1651
930 293
912 1358
342 1349
781 651
167 1244
1633 1156
365 1031
308 745
713 475
189 577
277 1837
1070 192
310 343
1461 1214
1491 537
1689 1961
897 1780
86 188
651 920
1085 73
550 974
170 1737
345 1866
579 1000
1107 529
1395 1680
1828 867
1663 774
445 591
1482 1059
1939 40
1017 269
636 166
1484 1067
1873 87
665 987
906 39
1445 1566
925 11
1925 1716
1899 393
1974 1520
1667 831
50 344
1089 1509
211 1265
1330 913
928 1477
848 1544
55 933
1649 1941
518 97
1620 1801
1257 23
1928 272
1725 1966
1683 112
652 538
99 1470
420 638
1903 136
1079 1233
1738 812
897 848
838 1787
998 147
1271 1987
1434 1545
453 1945
781 823
1927 962
1528 1115
1522 547
1352 1863
1916 1007
1508 1679
673 1229
272 512
969 1614
1803 1841
1793 1217
128 317
1626 1244
795 517
1537 726
1357 1846
635 415
1925 599
1317 313
200 118
359 1763
1136 678
1148 1191
1403 1959
17 519
882 615
1305 834
804 507
66 1
1713 1990
1429 1441
1403 732
137 92
1486 1212
1019 699
46 681
1477 124
798 329
564 901
1320 1769
1251 349
1047 1883
1922 1788
653 931
1130 827
1302 141
807 1498
1983 618
1075 889
948 1986
1540 1487
246 1949
1503 864
596 847
137 1409
903 875
1256 1829
1002 1253
1197 164
1755 471
1028 1155
1021 796
1805 1834
1430 76
1499 1003
1087 602
877 533
1630 1476
1255 1877
1395 794
1611 140
1774 490
1256 1168
1941 367
1900 392
1647 28
254 1362
1819 157
1336 1197
1418 1488
409 1880
195 544
1504 1960
1806 1852
1570 1203
1319 1816
1199 815
129 1527
285 463
800 1404
712 138
824 915
1563 1924
947 1905
539 916
1439 1242
891 101
846 1030
881 1814
1918 1405
1248 1182
1459 652
526 498
1980 1164
1364 24
854 615
262 1853
1143 1836
104 597
622 778
1118 467
1767 327
1186 1156
822 295
1050 485
1085 1611
1099 1155
1298 1916
150 119
29 1712
1838 1845
1273 1443
1504 1598
672 575
1959 909
505 748
1378 1793
1574 662
1477 1963
15 1329
1081 933
1602 1831
17 1420
1247 1394
1755 1204
1036 1961
1168 1106
476 437
375 160
1229 1743
1751 1387
953 659
1951 1248
816 1836
450 349
1731 613
734 844
1309 227
1975 1451
562 841
747 1971
473 1283
288 56
1416 792
682 807
883 1114
443 1634
1739 1860
600 676
1074 681
431 1576
188 630
113 678
1052 1094
1853 570
689 46
1726 1977
815 1906
181 1124
1179 88
1485 1885
1397 1673
89 1853
468 1343
1341 50
1525 903
277 1932
871 244
1376 757
1882 1294
260 787
1178 1717
329 1080
532 1895
1441 610
1504 751
836 1715
1933 243
718 1223
346 985
192 1334
1025 846
798 1423
1409 493
11 1488
617 1016
1329 1342
363 218
123 17
798 812
617 146
1777 1547
1129 1624
295 1289
565 984
477 73
1112 1590
898 1859
1373 361
1876 1032
1763 719
666 715
1329 1737
1952 745
382 868
1982 43
1509 41
984 1062
587 1770
562 1235
1459 388
136 996
1282 147
875 892
1850 594
1819 1734
1991 1660
1165 143
1261 1028
149 33
1988 691
541 834
1301 1823
784 840
723 699
116 887
465 1119
1063 202
1956 1308
386 1453
770 586
212 375
1360 608
1265 229
709 359
1058 1864
1585 1420
535 1071
215 681
1319 20
537 547
864 1813
1664 1782
174 1960
1843 94
511 1611
1262 587
1307 922
63 1110
1799 504
1646 1470
1929 1762
1460 1522
101 114
1213 928
1532 1975
276 866
1141 30
1619 1149
92 1096
374 1831
1566 1600
1935 1108
1488 1769
1804 1631
7 1780
474 847
240 427
90 334
196 456
1094 144
309 465
312 1874
499 1433
1727 92
1813 86
436 1278
981 1202
1705 901
1395 1579
140 805
31 597
1461 1799
1551 825
169 953
2 1014
1583 509
287 1445
644 1951
1264 496
1680 375
1665 1419
1335 1815
265 1385
1216 786
1516 1041
449 1848
1214 1187
877 230
979 378
791 313
1552 1863
1376 895
986 51
769 639
1630 804
1479 1334
53 1521
1797 77
711 165
1847 1675
1780 610
1341 739
1617 28
1445 1681
1611 879
883 153
1916 1401
988 184
452 1033
1708 1739
358 1277
725 131
258 1553
176 1208
1408 1962
1044 1827
291 67
427 264
153 1837
226 1275
1500 1023
1274 1647
1857 304
1333 543
784 393
874 391
47 208
550 424
1338 1384
279 183
1433 720
309 1
1094 1302
403 892
1243 1253
1600 229
167 724
1530 1783
1951 1977
850 825
1676 1673
1117 548
911 524
737 360
583 1541
721 117
1290 1405
1247 1271
378 777
1466 1229
76 1009
377 1276
1048 964
1548 253
337 374
548 1867
1236 629
184 195
61 286
949 1791
233 474
1127 798
719 850
859 1876
245 983
1059 1649
1143 935
1562 763
1998 1322
1047 944
616 1556
907 1234
32 1839
73 1118
879 1173
1710 1948
66 1968
114 17
887 1120
380 1913
766 1746
408 447
1166 935
17 1328
1406 349
1819 972
1744 1580
1968 1490
142 1237
139 1806
1668 36
923 278
1679 277
277 1812
444 570
1999 585
1685 1251
1310 826
710 230
171 158
1701 384
465 385
1227 1131
435 1500
1609 1713
700 1796
812 751
453 859
1249 106
1667 709
416 1530
1222 578
277 972
1781 602
120 1318
1000 325
1469 1171
1944 1485
818 45
1137 97
911 372
1322 1346
599 980
218 184
1852 195
568 1641
1957 1670
1101 1052
1268 1814
473 693
411 699
953 192
1961 1106
256 1249
1890 696
47 1653
1480 727
1516 1387
1663 1844
148 69
1029 628
464 1642
1233 442
165 1413
1243 1513
1441 1109
1710 824
1799 1458
338 1055
750 1698
1807 1499
1875 1091
181 1165
380 283
1917 1088
272 1243
1665 1563
1479 1891
964 812
431 691
223 673
431 257
1805 1407
314 819
1393 224
208 507
1432 79
1628 1999
297 122
1147 1357
1650 1048
474 864
278 1165
1595 854
565 497
255 156
507 1913
1433 234
204 1028
1114 1993
815 347
112 1051
1284 273
1723 922
189 1173
1209 91
1454 1967
222 875
1961 661
1681 1334
1749 1591
428 285
628 841
11 808
1209 172
581 403
1225 1737
1318 1348
1711 1924
79 752
720 453
1550 1908
1541 946
264 1952
858 1508
1936 1892
1496 1730
1210 1595
1214 942
1826 269
53 1817
1432 1890
51 1749
1709 1367
537 1228
1279 839
1231 1482
1027 363
1163 961
638 340
158 827
482 1028
1330 1813
1977 1372
1253 83
88 842
397 1898
743 658
1308 1001
1063 1551
1256 1369
1975 533
261 1815
367 224
1126 2000
326 1894
1128 1890
1219 1135
1241 418
557 1490
1378 1031
401 1284
631 691
192 1826
1469 421
558 398
1987 589
1025 1588
675 1030
441 1164
1342 297
438 22
1155 1910
1796 245
151 1207
1483 496
184 1520
799 219
926 1088
325 320
1454 630
456 1903
859 338
135 1169
750 1722
1747 269
876 1396
1529 1284
1189 858
1110 1532
935 235
1456 252
213 357
1149 180
1244 1313
477 219
1395 858
1984 1487
1833 214
626 748
530 1997
876 1708
551 350
419 790
977 1020
1631 1856
270 1784
385 895
995 1659
1731 1075
630 258
1536 1662
1893 976
59 1200
417 1418
481 836
804 1460
1471 1296
657 94
657 296
416 1752
1098 1058
1867 877
475 891
1664 1817
1810 1039
1485 1264
175 1911
842 519
1782 1527
917 99
802 521
283 1941
1369 401
112 324
1396 736
1812 1579
669 1826
1017 471
528 1196
951 858
1873 1667
623 1288
290 1497
1083 1176
1701 393
13 249
467 1870
476 1069
1126 1162
1051 1297
1946 1976
1746 1510
851 124
531 560
1944 433
1587 222
1753 166
1781 619
478 1370
1306 103
723 801
363 1422
1132 779
5 1511
1854 1578
1203 145
1249 1181
424 1818
2000 1888
1523 977
932 806
266 1979
482 198
885 1412
2000 1649
478 752
1763 1298
1278 1248
844 23
1590 101
1842 1223
1648 1112
1610 1879
430 681
1111 259
1135 1907
1988 26
1914 1157
1763 333
1762 61
1479 1365
1222 1833
1720 1053
1052 840
776 326
858 1612
1983 962
1510 777
1284 1217
747 262
461 1854
214 1667
1838 943
657 447
310 972
1079 694
381 475
138 602
1457 925
1668 206
141 41
1630 1494
946 465
460 482
1220 1242
65 585
877 514
941 474
1820 1287
1781 1715
916 1161
884 71
1698 655
429 825
1207 1300
98 241
913 1465
206 1650
1335 860
468 864
387 1405
690 157
1068 453
790 669
1675 49
1829 306
1902 1981
458 257
377 845
649 777
1796 1021
1628 1767
832 186
1988 330
1970 573
1868 1043
793 1780
1974 1418
1315 1358
975 1293
1949 348
1106 1731
1535 884
1231 406
1090 529
933 1895
655 1826
1538 1070
925 1361
1367 1989
8 1592
407 140
137 474
1762 1459
1856 1397
1037 612
1850 616
1507 309
1140 602
577 603
522 548
1477 1023
823 1890
1950 470
925 1104
390 324
567 1337
1148 117
1717 1850
74 1190
426 479
612 1685
129 484
329 636
1112 100
1824 1724
1372 1295
1027 1408
1399 1027
120 682
288 1029
1522 1166
613 1981
1641 1543
578 361
39 392
377 1482
1546 1515
1477 1129
64 1542
1568 217
788 1425
891 1973
1393 1988
506 1985
1788 327
1864 1495
1148 1689
658 76
1005 367
558 1141
1102 352
775 398
163 1424
1413 1457
166 1551
420 968
773 1802
1298 899
370 1201
813 573
800 30
733 1193
833 1761
1484 474
1778 258
569 652
523 1697
12 409
1001 68
401 872
68 1751
1193 847
1714 174
1885 809
1400 507
586 284
493 1754
448 461
1918 1666
454 1044
330 549
1051 1931
1547 116
202 609
665 1957
1122 1284
1372 1412
1625 1364
1729 292
571 110
988 1131
1976 319
123 1477
1400 1621
864 55
1062 256
659 1104
1136 1239
1620 303
978 25
1059 1065
1963 1398
190 1642
374 627
1028 1101
1407 798
1492 1962
65 536
739 955
1643 777
569 654
664 12
1577 297
995 290
1689 733
111 888
519 1008
970 1827
1364 1520
1051 927
247 272
1796 681
1144 284
1851 665
1447 1081
501 121
619 252
531 1330
1220 517
1309 531
1200 1440
1987 1904
221 1482
1861 1753
37 46
851 139
1824 1724
1378 939
1153 1917
1972 541
477 1983
661 862
33 1258
1589 1721
1056 373
1972 309
420 672
471 955
1698 1046
211 577
1368 1194
1779 710
1582 386
870 695
1087 1113
1885 1142
1055 1153
1129 45
513 1971
1557 1448
1407 158
1642 1148
1604 161
295 1391
1702 1216
1358 691
1591 837
1959 1046
1867 1082
948 1027
923 1464
539 956
304 40
1561 1752
1447 1841
14 668
1143 1521
1121 1564
1503 446
1894 1439
848 728
1812 1955
1441 707
1526 1644
992 704
208 613
1300 1104
28 789
1128 1292
728 217
1618 491
1946 1793
162 705
1790 516
930 200
1572 595
1817 208
717 1527
1613 1724
953 32
175 716
526 1241
1510 18
384 1703
400 1091
961 1130
1008 1165
1330 490
1371 1496
1312 850
411 1684
1388 877
1200 1304
1664 132
505 1965
1001 593
1443 1672
1088 81
281 1624
1357 1442
1430 1332
1439 308
1749 561
526 1619
1964 1071
1783 986
103 438
1987 104
475 625
56 694
1015 1017
1891 505
717 979
380 148
592 1708
1102 1710
990 152
312 736
1817 646
113 474
1870 1689
1062 1443
947 1968
1179 909
326 1421
276 1751
913 1137
1645 848
1696 301
52 1175
281 147
1156 1592
191 570
1695 714
833 1172
740 319
235 458
1749 867
1992 565
1367 1753
522 247
1376 1476
974 1420
1542 741
1461 1555
846 654
1331 742
1978 401
1826 1555
1028 1250
1076 225
482 1164
1539 94
722 1777
329 1658
1142 1146
1152 1818
1423 575
223 1704
1917 120
1385 1728
1534 1283
737 1328
1629 1084
703 1529
1681 273
1421 243
1831 291
1201 812
1372 408
333 1632
2 1598
737 1278
453 1134
1586 499
1938 945
439 1784
1459 861
977 1315
504 724
1388 798
229 1568
198 166
532 54
1367 1646
229 1063
494 1289
102 201
503 1402
471 389
1033 1294
1156 623
871 1591
197 1090
1987 1221
140 958
880 930
1758 1091
421 1604
140 1292
52 1267
1073 1910
961 877
1571 1958
350 684
562 1241
289 1428
238 1230
662 704
1213 1693
325 1399
100 1609
439 1934
536 1624
1737 301
1859 698
651 1366
1456 41
1315 551
290 1712
31 710
32 1408
977 642
3 381
1562 970
485 1916
135 436
971 1394
1990 978
1129 1039
1811 225
1928 1228
1146 1023
519 1999
650 628
1970 880
171 1819
951 6
1647 46
730 1898
992 28
1476 1565
834 1246
274 471
154 1797
1046 782
270 243
82 847
87 844
749 552
554 31
444 1216
1578 446
71 668
1453 444
161 1833
1243 1052
1365 459
903 467
277 1793
972 1695
303 122
454 1601
608 465
1511 1369
1209 1678
326 1525
1733 1994
893 462
1469 986
1484 510
1851 1093
394 473
1600 1869
1149 1142
917 153
706 1242
69 609
467 142
930 69
1515 667
792 489
1146 653
902 1559
695 480
1869 1241
1572 345
672 409
1379 1632
1733 976
623 111
1124 511
339 1665
544 85
555 517
469 1621
228 661
625 750
238 926
566 679
1116 490
1146 1038
671 783
617 1138
947 158
448 1729
144 1462
812 1034
788 518
1375 211
710 975
792 401
1374 1176
728 597
284 903
1166 1712
1223 816
890 429
519 1239
1900 63
1073 1701
829 669
1039 851
1758 311
1929 464
1561 1812
1480 748
1720 1416
1404 530
671 1050
314 207
656 1209
497 1791
1233 1551
1658 1218
951 1527
951 975
1882 1235
521 198
1662 945
1988 253
158 369
569 1748
702 1086
1339 1686
1528 839
1996 177
1643 291
1845 192
1202 224
51 779
1683 471
1741 1884
1960 217
1206 1215
815 921
1241 1008
1468 314
52 390
1157 777
1512 1265
701 1707
211 142
1165 1219
1914 346
296 1773
287 1607
215 1469
360 1044
1965 1724
1363 1008
140 450
561 1875
1101 612
1991 1840
1108 194
1850 1605
561 1326
853 1139
730 1277
1351 1300
245 1741
389 285
1696 1908
788 113
723 185
603 799
283 261
1652 84
8 1091
333 1543
1258 1300
1914 1631
172 595
46 1421
1708 1003
1000 569
1993 346
997 1660
620 1390
1480 960
1630 1789
1391 356
1898 779
452 302
1359 1368
136 947
1272 1460
1431 813
769 925
1616 1671
965 1733
1460 940
735 1519
699 2000
1145 1982
410 1024
1710 551
705 162
627 1299
716 1452
974 928
681 1264
1380 517
463 949
1710 415
515 341
1439 610
84 1546
431 269
1783 1700
1865 850
23 1076
1080 484
1047 1073
119 644
312 252
66 1514
1624 1926
1063 849
1566 512
1202 542
560 611
935 180
203 1207
73 313
1436 972
1293 1165
1837 420
496 795
1478 1101
1264 994
1595 1981
354 1871
440 1276
1483 1381
698 1301
1263 121
1288 1283
1234 1917
677 177
1521 609
812 755
1343 1714
1096 528
1922 1519
1997 789
1957 1385
268 295
962 1632
1857 172
1472 684
1199 163
737 888
450 1173
564 1948
851 1340
11 175
1153 708
1442 1362
744 1675
1159 29
1425 615
825 1060
547 1133
1320 569
1351 870
54 767
1882 392
880 545
19 1833
430 8
1968 1259
690 56
1768 168
1498 1324
570 1188
227 243
104 990
1028 958
1200 199
996 1242
1702 119
1729 1384
1600 1966
1124 1225
127 307
990 1883
1804 72
1101 649
927 441
456 1036
860 1793
740 1188
1125 712
678 785
1992 1492
1737 359
1103 1437
1549 330
205 977
1465 713
1183 548
1584 107
1670 68
922 1049
392 1607
353 124
359 490
568 710
1800 1060
793 1203
968 799
1236 195
758 378
941 615
1909 1777
686 336
1859 967
1256 347
1440 1250
1534 1766
1365 1419
1640 715
515 942
1624 1304
1777 640
219 1046
1992 1070
962 1599
897 489
1651 741
759 1643
376 686
1901 129
74 906
508 1226
108 455
1441 1936
1642 84
581 1238
1405 815
849 1747
373 278
1689 1344
263 523
794 1959
441 1630
897 910
141 367
1972 56
1160 140
1087 795
81 167
1925 1733
156 972
1582 837
443 686
215 1280
579 1986
995 459
1785 593
467 1109
386 710
103 207
1274 739
1269 1807
455 1318
1751 327
1080 524
971 468
320 508
251 409
1165 524
452 254
1993 1001
720 689
1184 1200
67 277
539 1494
1981 1909
326 801
426 553
499 385
719 968
860 274
1379 482
763 515
237 1596
1833 1611
1595 1030
489 323
1035 1351
1014 1426
748 223
311 1802
1713 115
1442 421
1190 74
1212 584
760 702
845 1563
1211 1746
695 836
1059 155
591 1399
583 1016
229 97
861 639
1068 720
1243 1468
1436 1410
903 1485
1929 1715
349 805
572 981
94 1334
1443 581
1972 312
968 1399
1390 1963
1119 1292
319 1990
1489 1352
757 1795
1333 1337
1933 1201
68 1388
1608 1842
1880 1399
30 326
1848 1383
386 1063
1946 484
1054 1052
104 613
1886 1736
552 71
1849 454
536 1236
185 610
1262 1004
1517 232
289 1403
1509 819
310 1713
1151 33
1966 1050
195 1607
818 81
373 1884
1740 928
351 918
664 411
1127 840
1742 1333
735 94
641 1559
965 1205
864 747
519 461
496 1751
1171 1432
997 878
1823 1985
826 1163
993 1690
1139 1178
580 815
450 1061
1718 1208
1890 442
216 592
100 1673
1770 1388
1700 80
489 496
228 24
321 1306
663 316
1926 1018
205 1912
92 1245
1359 1836
737 1443
1390 30
372 84
1618 1868
33 1371
1107 630
956 630
1575 1382
369 1963
494 1211
458 1943
469 186
765 1656
582 1021
1451 1740
1683 1767
898 1694
1569 652
359 1279
107 921
1640 1580
26 1170
367 1127
153 1179
1003 656
1168 1128
359 141
159 883
649 1903
1671 272
1682 1921
270 633
1417 500
1448 842
1420 1595
1030 381
109 294
227 467
132 1897
1953 1760
1891 1522
1667 1076
139 1358
1508 1516
1904 1685
1802 438
1873 1347
851 1051
1268 559
201 1494
891 1410
1775 488
1713 1860
1054 1670
1948 1494
263 1405
1615 1169
1284 460
413 602
1942 1160
1325 1532
952 396
1926 951
1555 928
1637 1929
1453 1798
1300 1142
1764 1824
1000 1148
581 373
1463 502
1951 1102
177 772
139 1062
1901 951
1566 868
21 1722
23 1825
251 1640
254 480
822 406
1652 1465
33 463
911 957
1975 650
1497 1578
1200 487
1436 861
1186 589
1710 789
898 86
1171 453
590 1165
816 86
541 1451
980 1739
1431 1881
894 1537
1920 1174
808 615
1268 1426
1114 1076
1044 1291
1357 992
1189 1065
904 1000
1788 1833
1329 1728
306 1413
616 1297
1504 133
1248 1343
1452 1610
1081 1849
1293 200
1729 806
967 737
1602 398
717 1150
1787 1798
1680 681
5 1787
1125 1805
525 1557
1587 963
1419 630
1451 1314
924 1186
1000 1913
1807 1567
1400 504
205 155
766 760
516 1092
766 7
1314 1162
925 1782
951 805
18 1959
391 709
552 164
1138 1872
1862 1927
512 379
1826 246
253 1153
1747 1868
1040 949
1906 658
1597 732
1282 858
511 221
394 516
1756 209
1653 1414
546 1035
1003 600
1593 862
580 1406
1715 386
1298 458
843 1546
190 1730
1292 1265
276 1533
1861 12
842 142
871 1711
378 253
640 820
281 1208
1978 1582
1849 17
281 1949
1235 50
956 573
815 1093
111 494
984 435
116 477
686 565
386 76
1465 355
1885 82
542 910
1480 1521
527 553
1812 571
714 200
61 501
385 1687
1626 1570
16 1426
1285 640
678 1080
1755 436
101 1956
1793 1580
1902 1102
39 1707
1483 1419
1889 668
638 1828
522 1701
1491 589
1858 405
688 979
1715 577
1224 1570
127 1708
937 1634
180 281
654 1615
1505 1945
1721 1104
1710 372
1901 1921
1240 1580
1635 1457
85 464
1613 808
861 1775
1306 1429
763 559
1402 1268
1678 888
1870 14
57 1514
1432 1510
1841 988
314 61
102 1392
1791 810
1328 1817
1562 1315
1007 1381
723 413
1737 23
1592 678
519 104
1918 1208
972 1414
92 1196
1392 1022
386 667
1289 1284
313 371
1074 157
1734 1091
750 1046
1441 1740
288 951
718 1460
719 79
1917 211
776 1716
960 447
1546 1859
782 148
667 420
16 1268
1529 847
492 678
857 1711
12 1935
1057 1130
276 1736
214 1864
1640 660
777 563
86 414
1287 1636
832 1959
150 670
1389 1773
1313 938
540 884
501 102
1789 483
1672 1783
109 1474
1331 797
1231 282
1517 1653
621 547
51 1218
475 1541
327 584
52 1106
559 229
262 21
357 1944
1240 1498
228 1849
1804 315
519 1455
48 1856
668 1270
176 1627
1572 447
883 1228
320 370
706 421
1368 429
1437 80
1773 707
967 1922
161 977
1801 1795
1022 503
756 1674
690 1547
1071 1333
1419 61
490 1090
608 160
1265 1873
1189 1993
1282 824
1462 779
1458 698
1607 508
674 1724
582 798
536 846
1415 961
1143 74
579 356
1816 1980
1575 363
925 1099
888 574
479 772
1965 812
1737 795
890 920
1850 1329
1843 1671
58 1503
1122 1213
1775 217
1954 799
94 904
1267 999
1238 1721
1440 1647
435 1059
1754 1279
1370 1555
850 1937
1082 670
1506 594
873 551
761 27
1289 1829
720 1965
1036 1828
1883 1358
1135 593
1944 401
284 649
1761 245
1051 97
1966 1742
994 1308
2 1804
1584 1728
1146 258
368 985
1487 1388
594 1450
1457 833
1857 844
385 1629
258 950
822 15
1671 1258
1488 675
1756 327
831 1506
1908 1062
1354 1523
1198 1723
1321 515
1101 1772
1708 1221
1901 1596
1260 1650
580 1363
1512 155
1743 1549
1253 1818
68 1040
998 641
1926 1097
1136 928
201 718
1589 936
546 912
1133 1031
541 1650
894 1423
1674 666
1166 356
378 1727
327 683
351 1103
1220 1301
1364 5
753 78
772 969
679 1576
773 1676
1445 1046
763 266
1423 1164
1993 228
106 317
1840 988
369 215
391 860
1509 1971
786 798
1907 412
1089 672
1786 1637
1881 696
259 1056
1503 287
1431 480
1184 60
1610 1974
1589 725
1111 1155
302 31
591 1107
695 1858
150 1133
1310 408
972 757
95 1175
906 1972
1651 976
195 1053
744 420
437 148
243 1188
203 1290
40 1038
1802 1880
577 1390
841 355
66 1473
1120 943
288 450
496 1106
1764 1570
247 1479
801 778
552 548
1110 966
1908 956
630 7
1368 38
761 1723
611 277
4 1481
1251 1782
1010 514
1102 1352
768 1574
231 1428
1658 1485
189 1206
1361 1140
766 550
994 696
1429 619
1863 424
208 1284
1396 876
1257 254
1618 1307
1539 445
1296 769
1059 372
110 70
90 1206
539 1996
394 885
1343 805
1520 272
1772 1061
1466 825
350 694
161 1613
1587 1899
1968 744
1813 1691
856 641
1530 87
1011 1202
310 962
886 1960
455 162
1361 559
1592 672
1338 1828
827 1756
1244 83
1069 1084
712 1359
1546 1574
1933 1850
515 38
1251 1131
1360 320
1120 1067
1135 274
527 273
969 698
85 1186
1242 460
1552 1526
1041 774
814 923
64 921
1667 921
587 765
801 1803
1054 1220
1066 1046
666 900
1564 1181
1620 993
805 502
219 640
433 1925
346 1770
539 793
1303 1614
1434 550
887 1540
843 1633
826 436
269 1735
1338 1686
1486 1315
131 492
1549 1695
1659 1438
802 1385
1797 580
46 1546
1032 1727
1226 1475
632 359
1827 1532
603 1107
1916 696
986 1205
1951 1561
1061 1963
471 919
792 600
523 1670
1057 423
154 1589
173 528
1438 1084
1644 1244
390 1521
416 1076
250 662
310 351
445 1478
16 667
306 74
256 222
1018 1121
738 1271
1880 1729
722 1925
1940 564
513 448
1746 1780
1751 1810
299 1701
1555 1572
67 1739
1679 1283
1592 301
1938 813
684 1675
960 1948
611 216
1193 920
1662 1457
720 1284
867 420
644 901
1456 984
806 1522
1555 236
1422 1214
769 1443
157 1718
1731 1434
1577 1829
474 779
1162 1292
641 1261
747 1293
474 1946
1422 964
1837 1409
67 1957
1925 130
1123 922
576 72
415 409
518 1129
1500 292
246 745
1756 1066
370 111
863 1598
1286 1212
603 221
400 951
1390 1422
1892 904
1028 1731
1093 485
1340 236
449 167
1066 486
384 679
1798 766
695 169
528 152
1119 1687
1002 998
660 767
1777 650
1150 1682
780 1087
1734 396
421 1816
44 1781
76 639
1610 1215
25 1797
1238 1502
1623 659
656 20
294 490
627 1568
1949 63
195 62
147 482
704 128
219 49
1567 1452
1521 837
485 151
1275 1951
987 1706
1062 704
605 1690
729 770
1202 1126
582 1451
424 289
855 1849
172 874
261 1418
1617 856
547 623
1417 750
177 996
602 703
858 776
93 1925
101 372
1789 1519
1948 1888
1935 1652
191 233
1069 253
292 727
1167 1503
1632 807
1851 1543
127 1395
58 459
1669 1783
762 1595
447 38
994 1193
1432 204
1180 525
1639 1907
1005 1375
1196 73
1327 1960
47 471
371 509
291 1999
235 1763
661 1995
713 884
1306 1919
1098 503
449 781
137 894
265 1376
1148 860
1921 12
1504 1563
188 299
1264 909
1756 1270
1570 528
885 1278
534 1721
1939 818
869 1912
1007 910
356 1036
220 589
1059 1236
1588 136
829 417
216 471
1712 537
247 1427
886 1947
1911 1237
1404 1929
314 1489
1927 621
680 176
840 1625
1333 759
957 1342
24 66
993 1965
1201 806
1786 145
1741 561
1766 1323
159 44
1566 652
1930 64
1749 1987
753 662
199 913
1425 13
1708 79
1514 1532
242 264
291 426
1440 1098
203 938
439 1407
602 1479
1227 1562
1410 1562
1981 1382
25 1177
387 584
1574 1684
635 443
1411 746
246 880
991 253
246 687
632 1378
1169 1844
71 1928
341 374
193 729
291 1785
1335 1228
1316 1028
1825 132
82 1108
491 60
1744 1932
754 419
1009 407
1740 196
578 1723
1323 970
1783 626
809 48
414 1523
823 1368
415 1013
606 1603
554 577
173 1305
1832 586
1617 1463
1689 1310
393 1672
1694 1317
1814 505
1185 845
1202 452
1940 1569
584 1008
70 44
1172 180
704 1883
1594 5
1425 1268
1181 1211
1821 1124
1013 1993
1041 1574
599 1956
74 1250
824 597
1014 1730
139 1790
253 1494
1719 582
1560 209
1644 1198
992 71
930 1540
1276 1994
382 1071
1521 1990
342 712
1629 541
1316 1185
594 386
498 1920
51 1108
1147 148
646 615
1655 207
1154 1165
471 1407
1998 737
859 1722
1976 159
1560 1779
1968 586
663 1701
1623 1878
483 267
2 1494
440 882
35 1020
1377 806
474 1644
1171 1216
1139 1860
1655 1926
1867 268
1169 1393
1354 1106
1167 1123
1233 123
1057 1633
670 556
757 1951
1248 1307
1144 1338
1912 1814
289 865
397 972
1559 113
1565 251
82 1628
1597 76
395 1408
1626 1136
174 1034
1706 1761
499 1479
1534 256
1853 1568
744 982
68 1312
1217 657
167 1127
1596 1132
949 1611
1602 1077
212 1289
897 1554
895 271
1796 450
1313 1691
1170 1724
1755 1695
737 1345
1158 1497
1997 166
1204 1062
89 1357
1954 1922
1853 1880
649 1735
1140 1311
706 660
750 1239
1376 1861
1950 1074
1667 1977
243 1202
542 1266
1362 1230
478 688
807 1038
1416 328
397 1342
1710 1781
314 1791
1078 138
236 136
1006 264
1500 266
904 29
1964 275
1709 1743
428 1350
1697 1166
865 1852
8 374
1473 1015
367 453
166 1544
87 310
908 1054
1495 1118
151 966
999 389
1870 886
381 669
1803 1075
680 1186
331 1246
1172 1121
92 1236
1639 649
399 885
1482 101
1848 1017
615 1577
1961 1347
709 1018
739 854
207 877
1755 1775
1355 516
188 1357
1885 74
1527 41
1834 1079
1575 106
396 1378
676 1925
1309 794
1310 1866
725 889
468 477
1050 428
1092 907
1062 977
1470 1870
981 1214
729 1418
274 660
1686 578
726 821
1517 27
493 674
610 409
760 1986
219 1403
220 207
1116 1355
423 284
1719 1132
1460 575
1950 710
1850 574
87 1542
1183 476
422 1019
804 69
1185 878
1578 1084
1319 710
275 1660
1823 1151
1791 1730
774 1780
203 908
603 444
980 672
612 869
813 1838
1101 1717
1189 1924
1507 500
1500 475
1435 1192
1338 1978
549 220
691 519
521 1354
1665 153
1255 1955
1167 261
411 769
1418 211
312 1894
718 1540
1772 1145
1020 1831
668 1168
1263 812
1896 95
268 1080
318 1181
189 1912
460 361
281 1944
1436 11
539 1353
129 178
1464 1373
1522 1501
1464 137
969 647
645 664
1634 1084
1231 1718
751 561
531 217
1974 982
1452 1115
1084 95
964 1209
818 1449
399 1011
1258 792
1436 1010
458 597
508 990
1461 817
89 1381
338 1826
1936 1941
1472 1832
969 1254
1770 576
1683 825
935 941
370 1869
221 1532
1145 1577
1064 1777
1025 953
1536 54
693 417
1600 1621
400 118
644 1241
1200 765
189 1938
1854 1580
1473 891
1720 670
817 1674
1850 609
1731 1265
931 745
1314 1189
1250 605
1382 1333
1748 879
242 1873
1171 1778
113 1044
894 1576
934 1097
1154 1361
524 1406
903 1077
15 1684
830 1694
995 1864
1624 125
1385 33
848 1110
1302 1302
844 260
1222 1123
760 1682
553 860
22 1900
1596 171
1977 1906
686 1540
1248 1135
231 1605
874 1878
1080 1637
1127 1326
1857 1561
221 47
813 1243
1765 962
97 642
1014 1187
1518 864
1167 1823
1266 1977
1091 279
642 31
1047 1025
540 820
1632 510
1422 1120
1362 1092
501 247
189 1097
390 479
1616 798
346 1089
697 1959
394 377
458 313
1362 70
788 1866
1196 1052
252 135
805 1244
922 1796
1892 565
1368 1210
745 982
203 1238
142 927
1600 594
1848 1922
1597 646
121 1991
1813 1465
870 71
150 481
850 821
493 190
1412 382
266 1900
632 769
1893 1762
310 192
33 1966
1912 1007
256 769
1278 1859
1768 1822
52 1873
109 1177
1841 1354
428 855
229 755
1679 1962
644 112
745 595
822 861
955 473
592 1332
1366 60
811 1003
290 764
1377 1370
1769 1827
28 29
1849 1307
4 690
244 92
565 857
883 1215
541 1250
1127 1079
23 643
1488 68
908 456
1114 306
203 1218
1021 1996
30 1840
643 193
1713 516
646 40
1985 1634
1221 544
176 1738
156 8
899 1033
428 1267
1005 1515
1413 287
1722 1828
1367 1431
1913 861
1836 1187
1836 56
467 416
735 541
440 394
1841 940
511 507
783 1134
1154 1742
232 1483
1782 1571
1561 410
338 668
1382 540
937 1522
1283 1166
777 19
326 1562
582 1774
1798 1498
1506 1469
1621 427
1792 442
1503 749
1270 1510
325 345
977 598
1937 912
133 1108
344 1719
1170 34
42 1142
23 111
294 924
1296 547
1009 448
714 1334
1914 1933
1610 1207
661 1564
861 1767
617 42
1571 1450
248 801
1481 1812
882 1002
1788 2
923 940
403 705
1849 1307
1136 1994
1781 158
1409 934
1299 1774
94 1937
1859 717
451 1018
242 1348
124 1817
1703 605
183 161
1480 1969
1421 1359
1174 1244
187 27
459 1060
445 344
1618 1833
633 840
203 830
597 1670
1834 1468
1457 1278
1089 476
1446 526
1072 757
1747 1231
1174 1679
1439 804
629 993
1420 1185
232 723
1134 402
441 6
1732 1186
229 819
67 460
1904 623
450 357
1906 1878
1309 804
1751 155
358 315
1887 35
51 1485
1785 1696
1967 963
1884 1264
1518 1320
1859 1924
1977 1452
768 166
38 882
1215 1879
1767 1032
78 534
1675 388
1380 1466
663 165
1937 553
1004 1274
1805 1262
1225 696
1182 936
1302 150
1482 948
915 1381
1505 1596
215 1768
1036 769
795 801
749 311
1298 49
1301 223
868 1387
1803 63
1763 867
1920 1435
1916 1195
176 272
1460 656
1306 686
1443 37
1162 1850
1491 276
1611 1311
274 746
397 1882
689 1242
550 508
1504 511
1399 1415
800 1874
707 1741
93 1587
709 235
100 1356
440 1848
802 1185
1730 295
1875 223
45 672
1016 1133
1229 1969
1720 1815
929 869
1161 1011
1144 167
928 1916
382 1201
231 1803
684 747
886 1763
1328 1227
1118 407
1786 1459
1697 1012
1220 1197
1233 155
749 1766
838 928
324 722
433 604
949 280
802 216
356 1907
1320 1407
1526 539
942 1979
848 1321
1891 1070
991 1120
297 352
1218 469
128 825
235 1570
1857 950
1870 1224
184 148
572 1098
551 1182
1328 1048
32 427
1898 1927
302 1905
826 1438
885 316
1881 1502
479 364
1854 1297
395 1033
350 1446
98 1901
734 905
1947 762
1122 1796
276 866
572 770
582 1804
620 1037
1618 473
1522 1340
1791 1997
1937 1622
388 1041
1411 1843
1407 1628
1922 96
1366 1582
1362 563
299 1028
1102 140
175 1939
440 450
975 1578
1048 1839
1346 305
1347 660
1459 1958
1134 195
906 580
1044 1358
958 45
1560 270
1798 663
267 779
1505 394
1206 1060
56 1913
1829 137
1969 1172
396 62
1500 1113
779 936
1878 1378
1358 1161
652 1405
758 207
1753 39
303 1306
182 618
330 272
440 1925
1060 1644
443 982
1071 287
51 510
672 1254
108 1014
279 1154
1697 1986
1226 1566
1095 1195
1009 1797
172 1721
1279 800
887 992
1084 939
1971 1034
1321 919
954 1614
383 1488
1692 48
1379 334
1544 274
1143 1266
443 162
1013 1637
295 868
1572 943
102 1998
1236 861
434 1858
583 1254
67 1004
382 86
1438 634
1335 346
993 658
454 908
1101 1754
1462 258
352 1219
628 621
607 1148
404 1797
1908 1771
471 1295
604 1317
969 124
58 305
831 604
1494 425
115 591
1073 1365
1741 1581
505 450
24 495
1917 1248
1281 1496
1304 1452
957 587
1960 55
412 1698
996 1507
1101 894
625 1180
649 719
1066 1469
186 215
829 1681
158 1184
174 1947
1740 1751
240 1618
94 1375
1360 1975
1091 450
1704 680
161 1067
1812 356
1631 1921
1247 1054
1257 1162
426 787
904 412
1459 1794
557 56
343 961
1584 802
1143 52
53 167
531 1522
1237 648
180 500
1262 1148
1286 1781
303 202
268 1869
1943 1847
26 1510
1441 284
1443 645
918 1200
779 825
1644 1424
528 830
1710 725
1324 835
1237 40
951 85
1179 1954
1079 654
1471 162
1642 1023
306 1871
809 374
1923 422
1908 192
109 1936
1075 1311
44 778
1124 404
1391 1248
1203 976
393 962
1089 882
1848 1210
1369 735
1250 382
1368 1303
485 1544
1038 135
973 935
223 6
1411 1777
583 626
364 1496
1442 81
1567 493
877 338
1094 761
1995 1784
1953 1292
807 1477
1125 1964
822 359
723 132
659 985
1142 160
1802 1383
1995 1175
97 837
405 586
1138 1171
402 180
1182 1656
578 968
1544 411
349 1613
928 1651
518 819
120 27
1862 1433
192 337
1902 617
888 109
1686 1117
1026 1123
37 1970
35 538
1688 1982
1015 568
501 1059
1602 233
1284 1762
1679 665
913 1890
1827 1907
1917 1059
773 536
264 504
1595 488
383 1193
680 848
1310 72
1882 990
1126 682
307 860
74 1375
1259 419
562 1511
424 1625
1587 1267
1585 1621
1625 664
1197 32
246 1321
1876 8
1236 1317
1395 387
335 412
645 550
952 1604
97 797
851 845
1741 1347
1530 175
1271 1309
20 1385
1003 1335
82 1494
1563 1978
1298 1863
795 977
606 1203
979 1391
392 576
1595 601
1956 1388
1349 988
973 1786
1198 741
1803 190
1781 1914
1696 203
877 1673
1640 899
1980 480
575 1800
457 1466
1196 1745
1008 1059
124 602
1401 226
406 971
1173 51
1013 21
932 1845
1639 1886
1042 1503
58 25
734 792
1280 1803
945 1424
202 283
1064 1541
618 911
494 1430
1069 458
1135 1487
977 1188
676 1613
1783 181
764 1425
596 1482
915 781
1493 158
334 1931
1499 1686
1453 393
1304 803
1812 534
1304 1049
406 189
643 1588
668 1177
1514 171
1550 1564
1248 1089
1836 646
82 472
1168 1856
1300 1084
1384 1729
501 613
1764 1557
1240 1764
1602 1260
884 1897
676 328
926 824
1447 1786
678 518
1255 234
773 253
136 866
1736 313
1646 55
1099 231
1390 1569
80 559
964 1989
1531 1984
1745 752
1918 1070
377 693
1840 1525
1153 1874
1489 593
104 871
1512 1227
779 958
1165 297
1497 284
1579 369
301 1775
699 1719
781 1945
1276 1709
757 1551
810 1417
776 767
1436 65
240 633
1925 1593
1023 220
383 510
1653 852
922 220
756 990
740 234
409 1330
1947 1786
1930 1950
231 30
510 137
950 993
823 947
697 1115
1199 984
446 283
1941 762
1782 1072
1930 1217
1725 2000
161 1546
109 718
1926 345
1773 1045
542 1410
696 449
1069 1216
1579 1554
838 61
1553 1934
1139 238
935 239
1533 267
1103 383
673 814
1480 1247
1771 470
129 1360
683 15
194 37
40 127
1419 1547
1597 1979
1169 983
311 266
1632 738
608 176
79 1949
102 736
203 419
1202 1617
735 1744
1624 73
409 42
1344 1374
747 1433
389 896
1713 1462
816 35
496 454
1141 1070
108 513
387 57
473 5
801 1669
1259 64
918 1039
442 41
300 1649
23 871
217 840
623 996
71 1559
692 615
1678 45
1170 1586
1389 1449
345 913
1227 1119
488 179
966 755
466 1623
1293 1366
877 1413
658 319
738 758
828 1342
504 1390
354 791
205 1240
1076 674
1495 62
799 14
708 1744
150 891
1344 1575
1845 1934
181 1426
876 1186
721 247
1678 1694
1250 891
1490 325
427 419
550 158
687 1413
832 1063
912 1087
674 1320
795 1350
604 356
1533 1730
1097 989
532 1882
237 186
448 1751
961 1951
684 558
1389 1177
798 978
376 1724
624 1216
822 849
425 1954
927 1880
658 1728
1923 1170
872 562
1715 1062
1503 1385
1038 1364
1594 92
1780 1410
1194 1952
8 493
1215 859
1827 192
245 430
1303 1988
1187 1024
791 841
1541 1142
1170 1964
310 1045
1834 538
290 1203
1755 1684
382 613
927 188
552 1973
703 109
1360 1203
121 1048
1802 935
867 1741
1500 1209
224 699
1132 1156
1269 1236
390 1021
482 1054
1448 1436
525 1190
1431 469
247 296
409 1568
615 1010
1158 1670
982 2
34 374
1274 1743
1741 1122
587 1715
1136 1089
786 594
1131 274
655 1502
1293 31
1820 1237
1103 542
761 1244
625 1034
737 1613
567 444
1416 958
32 1120
379 758
1038 276
1541 225
246 1561
1478 255
1317 658
1444 1079
480 1667
793 1995
876 829
1834 817
390 1904
65 849
616 679
52 487
950 535
1950 74
519 1639
1806 1965
1467 1122
1207 32
362 500
871 704
221 391
1679 831
1988 591
1960 1749
1788 938
1989 800
96 1380
1982 1291
580 64
839 1146
183 1069
34 1847
1932 1941
300 654
308 72
746 1353
1158 1833
1990 1562
668 19
920 1105
1479 1613
353 1279
735 478
1837 1988
1687 129
230 119
350 357
1414 1150
1406 1851
1166 1877
1466 1664
737 557
411 954
1286 969
1542 1736
222 1909
471 41
1372 1739
116 1091
1028 11
918 706
1657 1561
1126 574
986 1975
310 1606
1985 303
1977 18
974 50
591 1973
217 342
141 780
461 1985
23 701
951 810
251 561
216 1326
858 1822
792 1161
257 1921
594 562
1994 326
1558 1607
1894 570
1859 1440
108 509
1973 742
1678 420
707 588
1209 503
740 1153
158 1605
1463 272
1782 603
1011 1655
358 1311
1842 129
505 850
773 794
640 1795
1639 434
1507 142
1227 10
1097 1017
168 1663
664 67
606 521
1904 1070
1009 1626
1987 1967
49 433
1765 1882
1616 928
1448 1093
1901 1913
1869 841
637 1451
1939 1961
576 232
226 1365
740 1179
1843 86
1411 1123
1916 1916
1241 1061
1411 1177
319 305
1042 319
1564 1317
278 1647
119 531
382 707
208 1048
52 997
356 248
688 43
149 1746
443 974
912 1358
920 854
137 1661
125 1471
1135 104
1018 559
1196 1316
278 1908
451 719
1164 589
741 1083
1089 1656
1081 704
1897 1236
620 822
1734 1794
1754 1162
1235 248
1518 810
342 1793
1021 1972
733 1955
690 1065
1283 1792
476 26
1632 296
1080 1484
996 695
1883 278
368 1458
929 1796
54 1311
1079 1185
1394 615
1989 971
300 720
76 534
948 63
1631 857
760 320
891 136
1143 1986
213 47
1118 701
1977 730
1694 351
629 1951
577 270
1864 27
1505 821
438 859
103 943
1799 174
1503 696
613 682
1818 447
635 1000
1984 166
920 622
103 430
1555 603
1628 1681
709 1628
931 1508
330 1294
244 532
1355 1781
968 992
1220 1416
1863 1473
1112 1908
487 389
627 844
546 1133
688 204
1188 1909
1840 1599
430 1402
1277 1765
251 465
961 1521
1953 1398
779 872
1866 1358
1938 1885
256 1654
1272 1322
1096 592
1378 1719
768 469
238 174
1239 846
621 1692
1947 176
1669 1163
1860 1054
1703 63
1209 1229
1657 260
452 535
1109 971
1527 1192
699 354
690 1361
651 1980
713 1421
1850 989
1662 1313
1101 1762
270 1828
638 911
63 1468
160 1049
1534 1056
806 1335
176 1095
730 351
1987 342
778 50
1017 1690
312 1663
1284 1103
1043 183
418 455
1202 919
1213 413
1344 1696
848 236
1463 1385
1005 721
331 1350
123 1240
1133 1714
1037 932
216 416
1797 1369
1615 1058
50 731
178 683
1518 1233
810 1882
1846 1577
603 818
1689 703
1527 59
638 536
605 1289
1071 314
529 330
1203 967
1234 1041
719 216
371 1866
557 1762
1219 42
1183 263
341 1413
965 1940
1306 781
348 822
214 1736
1001 1253
739 1286
1473 484
197 774
376 1997
1994 1520
1359 115
1397 133
1839 1248
1345 253
512 1288
1995 865
538 286
359 1014
1487 1903
1164 266
336 679
1923 1109
1080 1446
636 1039
971 1852
71 915
388 660
425 803
334 400
1448 213
44 1358
1470 1707
23 1000
535 536
88 225
402 1365
456 532
792 61
1602 910
196 65
105 403
1613 1455
1735 728
1822 1706
1367 528
998 568
1592 1035
256 1304
455 1309
1222 1573
702 1859
1264 705
942 1643
81 515
611 432
1102 1992
1766 650
538 289
1626 891
930 1642
96 1537
1063 1604
1009 1441
1861 507
241 1979
1639 1565
1382 1005
1011 1220
1743 743
211 1371
1937 117
1670 319
596 839
1061 1171
1956 858
1049 1913
1958 603
1275 1093
1728 792
1966 850
1110 1817
282 1633
235 881
316 604
1499 564
1852 728
482 1852
1321 970
1277 513
1826 354
564 548
1653 698
1915 117
849 756
1165 1028
1373 62
348 1301
1377 1494
627 100
1592 1078
244 1052
562 1517
65 1
1002 1534
615 1952
1842 731
893 1093
1950 87
148 1618
1615 866
1699 1689
412 911
1870 1712
1711 471
367 595
1915 1701
908 128
1813 1623
693 1884
163 1262
1814 958
264 1814
1491 533
1883 435
1758 1960
1053 611
504 934
1424 499
359 1649
1036 816
437 88
594 50
373 649
1453 848
1243 3
673 1981
280 1559
1359 1763
202 1569
79 374
1999 746
611 1496
811 988
316 154
1378 726
1639 1863
1302 1341
848 150
1766 974
967 1692
289 828
1639 1834
1039 1060
1032 388
609 1857
1408 299
1095 1621
365 1283
310 1090
859 472
1343 1369
1494 1088
703 1035
1078 134
1499 647
1613 1131
1010 39
1967 455
298 303
543 876
173 785
67 1459
1185 719
612 1968
1133 1469
1471 1858
703 902
504 1711
1021 358
1932 1526
833 274
1754 746
1216 318
802 1813
1982 235
761 1900
1592 369
914 1142
589 398
1089 234
712 1737
426 1615
255 1924
821 534
1083 1866
337 1639
698 1795
1824 1585
1211 469
1227 553
1268 286
1468 908
773 1924
1724 1109
1266 866
1151 586
944 1676
541 1405
674 1554
597 831
1630 1361
1238 1358
1468 1394
1331 1338
1801 1253
247 676
155 271
1885 522
551 1463
281 1129
1404 1645
1545 196
1033 1021
992 587
1660 1299
1584 1399
285 819
490 709
482 1468
780 1247
665 534
1474 1239
1646 892
97 1413
1741 902
1664 1855
1591 1967
1116 1100
1136 907
965 786
502 1888
680 714
1722 1950
1334 438
1854 1698
1068 1746
951 1372
1405 725
1097 228
2 62
281 1856
76 1773
1048 356
20 869
751 1940
496 89
823 610
88 311
1856 1283
159 1631
144 1483
265 957
582 185
1628 1086
779 74
808 1652
1865 1199
1855 1234
552 1465
1877 790
324 609
1964 1414
235 985
370 1797
1765 408
1573 243
1991 1648
1965 678
500 369
475 1808
1359 90
338 256
310 247
1964 86
1056 1927
1488 475
209 794
433 943
291 445
1237 175
1194 945
1439 1896
77 1118
253 518
338 78
244 669
217 173
1660 859
1480 1576
932 43
1580 182
343 1674
1341 330
1787 1307
1744 1679
350 1260
165 676
1170 1231
125 553
973 181
324 1514
554 1039
154 1323
1030 541
1443 464
1965 1660
1656 1267
1225 253
78 1134
1113 691
521 201
382 1760
1337 1146
1373 1101
1480 329
1513 1096
1409 990
238 449
1808 1609
152 1771
884 799
622 317
856 255
183 1759
1684 1374
1774 1359
1444 719
118 266
1081 694
128 1281
382 1071
445 1487
722 17
439 594
314 1394
1398 1174
1536 948
946 491
1722 608
1561 852
240 1445
340 1150
46 46
1700 22
746 691
1659 1778
297 921
1325 6
1990 1712
935 958
941 10
1128 240
1180 1369
924 1652
1810 1186
549 727
1753 958
470 1533
1121 1977
77 1630
83 1893
1350 894
1445 713
860 1846
1009 1481
992 136
602 682
1803 603
1621 445
1000 294
1096 1176
1785 1881
934 1444
1476 1999
1055 1342
947 1492
1249 265
560 1877
67 481
1788 781
1752 1918
192 585
1116 729
355 1529
1100 1840
1916 1235
1944 1472
758 1904
1794 1393
946 654
34 897
1218 1172
1928 393
1595 1515
1576 817
1257 329
1462 1771
806 760
1800 171
1051 1115
789 1068
380 1367
1801 1722
1932 764
616 889
189 1540
634 137
235 856
849 229
305 760
308 262
1737 1316
1421 837
522 201
1637 288
1154 1362
889 623
289 1864
47 704
1644 1890
773 17
1082 1875
1236 97
1763 720
9 371
535 21
1217 1008
213 1282
212 484
850 503
1377 900
716 1309
1167 885
172 782
178 516
560 1465
1218 651
1396 1578
1556 1851
719 840
614 1450
320 1744
1391 750
658 1908
831 1588
1436 1214
513 453
702 1507
1568 1680
802 1574
428 1459
1914 1181
1000 1792
1086 256
185 454
1389 191
1836 1399
796 231
727 1415
1529 1165
1651 939
1695 1742
1037 1029
785 233
1217 693
628 365
1400 283
1102 342
1217 1574
683 1399
164 1610
936 1334
1674 53
574 467
1972 1014
299 1184
1183 653
209 1178
974 1650
1918 1859
1919 1418
1636 1899
335 375
431 900
743 1578
959 1177
811 1953
1930 1640
1300 1863
1298 961
221 1921
422 533
1640 1509
1058 1423
603 774
1818 1089
1882 1960
1478 979
1975 192
1531 1272
1373 595
7 64
419 742
1635 1901
1421 1909
916 616
686 3
1311 1284
1565 627
1501 646
1879 48
674 962
164 1991
434 689
723 1158
420 1743
1240 116
1292 1283
1030 359
876 1733
1047 216
1988 600
1607 1016
1932 1901
1654 537
1328 1718
560 618
428 389
1747 841
1393 1887
652 573
954 189
54 1659
1419 1486
693 1005
1659 1888
214 929
594 83
733 366
1358 572
692 228
22 1415
1471 1980
768 301
545 1532
111 174
1792 911
1085 1199
522 1760
1003 1491
1852 1759
1621 338
219 1239
1500 266
1932 318
1554 1637
1050 881
1479 1170
728 1545
554 474
592 1922
91 810
1933 174
1720 1012
976 1593
22 57
515 446
413 127
30 1282
1861 1879
1611 1851
1548 482
476 1739
1390 913
920 262
1248 1623
1823 489
1567 1589
12 608
407 1382
1565 757
1620 534
871 1669
1287 886
974 1287
1953 1359
1662 1461
570 1547
1181 415
1832 1875
792 457
1438 515
1748 1027
228 6
1912 985
905 1188
34 1191
1081 983
581 843
1544 1883
424 1296
541 1516
1396 1708
1528 863
1898 557
323 585
45 1592
169 1226
1988 1815
290 1454
279 1586
85 1393
1695 1136
1783 1638
1284 925
278 1115
1393 1573
1823 1690
849 1902
1422 87
414 208
1058 785
76 1979
886 1180
1239 562
5 419
1555 807
1520 1613
1674 794
1647 365
329 1934
1237 84
288 520
545 1963
1849 1527
1830 500
1794 1744
1165 1675
366 476
773 1852
1558 1894
1375 1890
1046 1126
235 388
1468 212
681 1056
6 1060
138 1838
306 294
1202 64
614 915
1156 1676
1677 1657
666 1595
862 759
1483 1796
1826 876
1983 680
1375 78
1450 1860
713 529
1457 116
784 866
1477 1803
743 1764
861 1952
1692 540
963 164
1046 1254
43 322
1230 640
1057 236
806 1483
1669 1856
404 1838
1362 1230
1267 527
1523 261
31 5
438 1126
1825 1059
964 1344
298 1155
573 1242
963 1443
1882 352
106 1991
391 1547
1829 1800
1398 292
1432 1610
1970 1455
738 875
674 5
575 1756
523 711
235 1876
264 27
644 701
1301 1685
894 998
105 1396
1899 583
1913 1166
1724 935
358 1878
1978 1243
1010 184
1150 369
1524 1645
877 252
1968 646
104 1050
1040 1043
1966 723
872 1132
1825 299
1947 1917
845 357
1342 620
418 990
237 831
226 1830
1785 2000
134 1517
464 806
1062 1939
704 908
1107 1684
935 1029
1534 1706
585 434
1835 494
212 1434
1317 317
291 98
202 1886
1505 1787
1561 429
1346 1206
1198 1914
184 1052
1653 1580
14 1819
1578 1951
1001 1579
564 868
1198 146
968 439
1275 274
746 778
1309 117
991 1697
1080 1395
1922 1212
1177 972
793 1091
283 1341
721 271
1870 1555
588 709
454 1932
998 1744
328 1899
356 1416
1664 1923
510 1306
1415 1204
186 1422
848 458
992 354
720 317
1534 1837
215 1881
1257 1089
620 726
712 182
185 1353
375 549
1948 504
1335 801
673 118
1083 524
1768 1378
1586 99
1360 357
1244 1619
1218 475
898 747
913 1424
254 114
1907 1447
511 1205
565 1314
263 161
50 1092
1638 1667
1357 986
1453 820
783 999
1228 778
1391 363
1990 1101
293 423
1524 1728
1856 119
1280 915
176 1615
434 1254
468 713
272 1190
1397 408
1721 106
1332 1944
1045 814
1227 1987
1037 1935
319 1821
1118 993
110 1313
1136 730
853 581
812 234
1572 1468
292 1509
883 1409
801 1544
983 1454
1901 1921
1584 1566
796 1788
1016 886
1262 1213
642 657
1892 900
1918 540
1971 1696
1023 781
183 660
962 553
1773 1155
1640 1386
1832 1324
1007 1104
883 1959
159 1368
1621 1332
112 699
909 783
518 1302
613 710
1731 1390
631 398
1296 1319
1692 477
636 702
1053 923
112 1664
1296 923
1679 865
819 1464
357 1895
645 876
326 593
1244 807
1584 720
564 402
776 1657
454 682
1951 373
1578 118
1165 1952
1358 1252
1910 557
1720 341
1144 1272
1826 1111
1876 319
1324 1774
666 833
806 455
552 945
1895 1938
143 1861
1169 1085
1612 1775
72 238
1253 442
730 826
953 574
1877 1795
1870 322
263 1933
1435 135
5 1991
406 390
1668 1127
57 1747
1303 334
1303 206
450 797
212 1681
1422 272
365 1271
1101 1551
347 200
1214 57
303 1457
141 346
872 1993
1450 1465
1608 290
1303 1048
648 199
1853 1236
265 1810
1788 103
393 1866
1809 863
249 837
469 848
1905 1631
615 1809
53 686
1631 1934
266 246
1177 509
1525 1267
1209 903
1017 448
1740 1100
1940 708
1472 62
591 1981
1714 446
1402 1931
1990 56
733 551
438 700
1283 1195
1377 463
500 925
1118 865
294 1974
1269 1194
484 1727
225 1094
987 642
937 384
902 323
1900 1643
1394 395
333 1997
963 1176
323 1628
778 1064
1415 761
1203 390
604 1504
331 540
1654 478
641 477
1914 402
408 1150
1729 1920
1948 41
1998 789
1096 1357
1759 515
1938 396
1892 1462
1997 777
994 1594
1506 1374
582 1911
610 1323
1844 131
846 1383
313 581
1154 500
1376 1654
301 331
332 933
1571 628
1869 1215
1990 1298
218 1447
867 892
1721 1215
1961 606
1 1291
601 548
205 836
1837 121
1336 1650
1947 1743
1739 11
1023 398
617 181
1942 1336
1229 1552
362 958
713 83
521 958
1794 525
152 1805
740 694
818 1728
1971 1693
1962 295
1183 1928
591 155
698 1201
566 325
1017 1871
1314 1703
80 775
1602 1688
849 1576
1123 1050
1521 1610
446 1974
1557 563
1745 1724
542 244
1175 1817
1014 410
1677 1211
1735 1617
1917 364
1365 70
1084 1079
1916 1339
294 810
650 1540
1505 511
1979 1889
1143 1430
1161 818
238 1017
1210 988
1541 1087
1773 1545
318 615
1629 1617
1684 1287
32 557
612 1918
1434 1163
1007 1656
1992 157
372 1458
938 1529
1140 711
785 1834
1713 645
73 306
344 499
1632 608
1975 1169
643 912
1905 1309
1712 662
694 1619
1667 715
334 534
1895 1991
895 1764
959 1697
706 708
750 755
1152 1263
1221 1549
1452 876
331 171
877 1289
1296 1468
1954 1294
676 477
788 309
1591 341
1209 1624
293 1606
1873 1391
1360 1526
1408 1380
1252 1549
387 1464
1114 1524
1511 1763
1222 1325
643 1185
1011 1783
836 681
1002 1116
21 1008
16 736
114 448
155 1217
776 208
180 767
1829 1667
1152 1428
1115 839
782 1132
117 1298
1853 121
849 1886
806 953
188 860
1744 1013
1119 1834
28 1366
1454 924
475 1802
1447 1171
1003 1024
1236 328
1211 346
578 1206
1031 311
653 1617
1216 1163
1528 527
578 662
465 882
1126 540
1977 994
777 1591
722 416
800 1627
1890 576
1224 1171
1494 715
1101 1009
1103 805
1802 1086
1953 497
1055 1130
1841 239
324 1768
1168 1422
1905 1641
1554 1794
1219 1814
1693 1498
806 1692
866 29
1350 95
141 1800
1023 1594
750 307
1918 704
239 936
651 897
1019 488
268 1898
1987 1649
1102 1701
1166 980
759 955
1708 450
1397 1136
1970 132
1428 1090
1578 1969
1592 537
70 70
95 1834
1590 1491
473 445
1693 1014
1338 1648
711 1541
999 520
1671 411
1039 1281
1493 1058
1047 934
868 451
1973 1497
980 1978
263 55
383 1756
1937 381
1934 1277
990 568
1823 1273
1084 570
1937 950
1427 1905
351 919
1938 104
9 1183
779 1727
51 798
428 836
1710 1780
813 563
1511 1310
1792 409
1953 912
1672 1818
1703 613
884 711
977 575
173 410
6 793
1467 956
1519 1447
1175 498
852 937
791 1475
1624 1028
672 1021
1888 314
921 1235
1789 4
496 1715
1326 396
1876 1444
1647 679
600 879
1297 1341
1364 131
1562 181
973 355
1406 1754
1465 1040
354 564
1971 1895
1996 175
1519 287
1113 717
259 327
1646 540
428 1417
1172 961
1142 766
1716 366
523 1834
1302 22
1236 426
984 1482
222 1434
1530 1008
430 882
610 500
1993 1364
1699 1284
150 1466
202 245
26 1608
1560 1502
261 1303
1511 1784
961 989
1000 1833
1337 11
847 773
985 1871
438 625
1382 1381
628 45
257 1132
704 1197
453 1736
1931 1361
1592 329
1953 1656
1826 628
1890 178
1301 718
770 1251
1528 982
1154 301
228 658
786 1845
1512 925
659 941
986 1426
1200 975
1854 1979
427 1640
549 196
286 1376
922 1998
1809 373
1266 1371
1497 1809
762 912
1829 1918
729 755
1984 673
498 292
425 913
915 602
1880 1525
1909 243
1570 27
1553 1096
139 1577
224 1747
436 595
1787 485
14 913
970 1107
684 474
1554 842
1752 1475
1206 10
1711 1234
1974 786
1463 1829
715 171
770 92
1557 669
444 750
1195 995
1280 1530
908 1757
1820 824
1293 50
1722 1134
832 111
503 366
628 1479
949 1844
1973 242
1929 12
369 1733
1004 1072
1889 84
1273 414
7 1712
492 302
1349 1553
1584 1960
1842 990
422 1069
242 1194
181 1565
1395 1478
928 111
1929 1762
896 523
194 1826
1835 1098
1971 338
764 1959
1042 406
1896 336
913 1871
1394 1011
1162 1682
1668 832
614 8
1458 514
1046 1112
517 1840
673 680
1346 567
100 1875
884 1923
1798 1681
1415 1033
1325 1264
1500 1555
61 1943
1879 1461
1438 1426
1217 987
1116 908
105 471
1774 842
967 143
1778 771
848 764
626 264
928 191
1371 1982
1287 1382
1506 1154
762 1213
499 952
1816 1798
257 1721
1693 409
1018 958
1960 597
516 60
1504 1900
936 1831
945 149
1314 594
1047 618
468 1999
1142 1086
1391 1493
229 1679
1990 1650
967 775
883 167
1121 1151
204 849
1162 1035
1431 55
1871 696
1415 909
321 764
1090 1526
1813 623
1315 138
487 1193
1174 457
1119 1352
1436 553
1289 350
1536 919
1058 781
1787 1801
1392 922
1919 1735
779 1693
1872 1744
475 1177
1927 62
25 2000
1731 1260
1742 1413
1885 1360
1262 1569
324 1167
949 1930
347 645
74 754
914 1490
1177 1331
1792 164
1529 1472
885 374
1685 1585
2 1912
449 64
1408 1870
1933 510
333 885
1830 1064
424 193
1330 1725
1593 387
1335 1755
1958 1654
1752 369
1263 612
1064 1307
1148 335
1799 1488
1192 527
184 1084
1314 651
177 744
1144 1567
511 151
405 1583
220 860
1816 895
128 1251
1400 81
819 1007
481 1391
595 838
1186 1599
43 93
25 1698
999 1300
727 381
800 242
1941 22
1197 1764
1535 512
1229 1542
350 763
1664 261
1426 862
448 362
299 1756
704 9
1310 1892
1883 1715
1397 1586
1262 150
209 826
1557 991
586 131
1322 671
165 675
1899 83
1081 1312
864 830
1865 169
918 1503
6 107
1706 1886
930 310
174 964
1934 1068
1758 641
1042 609
999 72
1550 1328
1907 815
270 996
824 916
254 804
1088 1470
1170 477
1729 756
685 680
1839 1107
469 659
872 1553
1618 381
1278 1718
76 933
7 557
525 973
52 217
918 1273
900 855
1154 203
1705 1925
997 597
125 172
1531 1868
1267 727
322 1633
842 813
1119 1982
1799 1781
147 318
1900 1580
1869 1514
1715 784
1386 1807
1636 224
1814 103
946 1712
1813 855
1032 1774
72 1244
1888 1489
1320 1952
7 1903
994 726
250 1160
19 1274
195 61
1919 201
625 170
978 1665
402 74
1994 887
939 1287
226 240
522 469
1389 801
563 297
1518 938
514 970
1367 1464
177 756
1349 453
1502 1250
470 445
743 1737
1685 590
1293 1139
1134 442
1495 616
1256 572
1735 379
828 1530
668 1580
1737 662
1046 261
54 1148
1551 442
611 1511
72 505
201 651
1467 976
560 1306
809 1577
1858 1240
239 1818
475 1656
159 1106
869 1869
934 1192
1549 1465
859 73
23 55
888 1115
1855 1315
522 1743
1886 1254
1617 833
966 1884
524 1256
630 1567
804 957
1620 395
639 1149
1106 1496
348 563
444 302
256 1387
1088 1154
1238 835
836 1817
1157 1026
420 1541
779 1778
1542 1359
471 1792
1440 1867
1240 1971
1627 1940
1945 843
1953 1567
314 506
1458 1863
1710 553
949 66
1041 1304
1735 1458
913 1711
1331 1013
992 394
210 1865
1693 875
1985 1209
88 726
1792 455
549 1333
715 240
1418 477
57 929
372 454
72 76
1336 1518
868 1684
1600 1298
232 1421
1943 1442
3 953
693 1074
1472 199
439 1755
555 147
1176 1197
1306 1918
821 306
1874 75
257 566
1256 1702
405 1980
355 1379
639 1433
328 1473
1229 1623
1629 1199
1313 595
359 194
1256 922
934 320
98 559
1498 1940
1719 1442
1794 614
1434 478
54 1428
459 605
251 824
1594 270
652 1141
223 850
1364 1529
1976 993
858 414
658 158
109 672
4 839
413 1854
1124 1870
1271 365
76 1786
1527 840
336 1082
164 1506
1663 148
170 2000
264 1073
1668 1803
1740 1679
55 1379
242 559
1724 242
1842 1699
758 1590
880 656
57 1328
849 1025
1232 1930
101 779
1993 207
203 1522
709 1459
592 817
1532 1047
1723 1116
51 1883
1844 1544
1643 1990
115 1131
288 501
692 1896
1329 1233
349 986
1604 297
1597 475
1031 303
762 987
186 479
1097 1628
1783 709
318 1118
1360 434
1461 631
1862 642
213 276
1916 337
530 675
397 1526
419 269
1947 1041
71 520
207 984
1987 245
1438 1051
1991 548
540 762
1282 991
1892 914
1755 1633
689 1189
435 725
54 1599
1314 1556
1767 1702
1302 1733
665 745
600 1932
1274 1494
1393 260
1658 176
1391 1174
998 1004
1718 527
429 1369
611 84
400 241
1979 1174
695 54
1019 824
552 1749
1812 661
942 1612
769 1101
192 1162
518 1566
706 1538
872 1741
1215 1540
1932 250
1032 1494
1976 894
793 1920
1453 1267
756 1896
279 1929
17 1772
854 1203
1380 1007
400 1423
241 1417
343 837
1739 670
1479 1312
945 109
1029 1291
1224 1883
1155 763
1703 1503
1682 371
1407 1863
189 1428
724 1975
390 880
1079 1156
1209 1375
795 642
1464 229
892 611
1561 880
1778 360
1725 173
1122 321
1288 231
820 1296
279 1936
537 1661
141 118
1484 1386
969 1571
333 923
771 892
1912 1158
1001 1166
167 705
283 1515
229 1625
1943 1265
1778 31
916 1703
1404 1960
187 83
1172 112
635 1898
551 1214
659 179
1809 1003
335 1576
136 1951
1458 1347
440 569
50 486
651 1150
552 831
279 1600
577 392
844 1463
1466 1499
1545 1829
183 1724
684 1042
757 1255
471 1017
184 337
1394 427
1477 663
1708 647
1152 1061
757 711
1810 1556
329 1140
217 1870
487 1744
1559 1317
790 1077
1942 1793
578 96
1246 421
445 492
97 834
556 397
69 1279
505 1184
1864 393
326 1597
555 1212
674 1184
535 1372
1221 1836
1614 786
984 1792
254 110
1349 1457
883 1404
481 1052
388 1482
761 1393
1682 1253
444 1068
1272 512
1938 327
179 459
238 1461
722 134
307 712
1840 1977
1949 1870
281 1
428 1161
810 1198
849 1342
1756 165
901 743
524 355
826 1523
237 148
794 713
165 1162
430 1580
1546 1178
1253 54
1092 1347
1374 244
527 398
693 858
1764 1172
936 1207
341 1661
1124 1397
142 342
683 413
1180 794
1869 335
966 952
1229 484
422 742
514 844
380 1855
362 957
1308 897
1106 1578
348 409
988 657
455 1418
809 600
68 268
1025 1495
653 1595
1993 216
326 1918
539 912
41 1416
679 1632
371 844
1538 1653
406 96
751 1656
1236 1092
1890 1607
1136 565
960 1617
256 680
1866 1797
136 1636
1656 1681
178 1420
1817 1438
618 1615
990 1957
1534 1886
543 219
1808 1051
376 576
218 653
827 35
577 1681
272 1237
1185 956
528 1817
139 1725
1367 284
1739 347
1422 563
513 10
1507 928
1859 957
334 151
1683 281
1096 553
1584 1580
1745 724
1867 207
506 1788
1567 1189
152 1081
1249 772
1082 1342
1246 1872
1769 839
1535 1958
1780 457
26 1463
288 991
743 345
1522 104
1697 258
661 1667
1151 186
59 1075
1927 1335
1834 963
376 1834
690 38
404 549
1182 451
1747 542
810 1625
626 1448
1580 353
715 1180
527 1673
1925 1810
292 114
88 1676
621 511
207 994
455 416
789 1770
975 1346
20 1930
167 1488
1262 329
940 15
849 1517
833 1813
679 1303
70 630
1155 912
938 39
1645 223
1882 157
1444 1569
1875 1980
726 1607
1165 322
683 699
1820 456
1434 1093
934 707
1635 516
436 1681
35 904
1881 899
1126 1588
422 1753
1991 1539
1474 969
1777 1366
1517 237
1959 836
1391 234
142 1757
293 328
1858 604
550 423
1917 364
1155 1478
271 286
1669 453
755 442
1371 243
666 1634
853 1854
1366 582
274 1251
1906 23
908 1973
1077 1793
451 1403
1689 338
1422 1386
614 654
747 581
800 624
1598 745
44 1506
919 453
633 140
482 103
1473 741
616 1980
1323 875
714 1211
772 291
1436 1645
899 829
1173 856
704 316
111 1006
1568 1588
404 453
1019 967
794 25
1959 810
683 1379
422 1290
367 1818
565 1223
1910 858
962 603
1637 954
89 174
1821 1002
664 1787
1384 22
987 1533
396 1586
1485 905
968 600
1417 670
743 1297
570 608
320 161
1611 1756
698 1062
1432 608
243 1329
970 806
84 140
1112 951
550 572
735 729
697 1791
957 1638
549 1814
1819 1706
1823 1993
733 644
283 431
1326 1415
1760 1217
465 159
835 347
920 1277
1846 1543
1328 710
629 495
194 1188
335 1170
1401 695
1189 1933
604 1430
595 877
1795 971
1821 214
654 1990
329 855
1231 1409
1842 441
417 214
41 1611
1387 1263
1334 1877
784 1712
1520 1071
1855 454
224 353
1647 1586
143 1483
337 1148
1259 1057
223 292
1034 535
772 216
607 837
1611 331
1828 555
45 70
519 489
995 841
630 1234
1651 1901
1645 1675
528 29
1840 1723
1388 1440
813 201
137 821
1301 1486
266 194
346 1105
1921 1291
1518 1193
196 1156
1769 194
1529 192
479 1669
185 677
568 1246
1194 1856
242 1925
1100 412
534 1143
1472 1983
478 1720
1253 379
389 1122
748 650
1508 1861
1772 1473
1764 490
1193 809
1384 223
828 1196
565 825
607 1452
1363 707
1837 93
472 1969
1923 1904
1755 195
595 1193
793 1667
994 656
1799 726
17 1809
222 1344
1253 1202
734 1712
1463 953
438 1538
814 84
366 313
1177 104
898 1492
1705 1395
209 645
686 13
546 1573
1187 1257
1532 924
1198 978
1486 1378
392 575
609 1073
1009 980
822 407
1621 774
576 1758
1884 699
373 253
425 96
1069 1745
1970 1963
1558 1398
28 569
1737 135
1828 1913
1779 795
989 128
1851 1886
110 825
1999 359
1566 1078
1934 577
1153 1173
1156 598
1978 1891
10 1998
452 168
244 1257
794 334
1799 1114
496 943
1555 1098
1168 1857
1644 4
258 1058
100 579
574 1949
28 262
40 358
1108 168
793 709
1559 1806
1017 1804
962 1000
1586 1336
1407 1458
711 1723
1596 471
1885 490
322 75
212 1708
1020 1616
1738 612
242 1179
1478 939
216 357
128 1360
1531 1106
1192 926
1581 1260
1005 1004
1689 310
1961 1991
548 1144
1323 1986
445 1093
809 1884
1060 1555
1273 1702
141 917
722 34
576 751
366 636
752 772
159 337
529 1090
300 905
949 1071
1912 1695
822 1908
466 416
242 1852
519 1682
935 1561
293 1659
1905 830
1135 1775
1230 1369
1425 918
107 472
1137 123
214 784
140 1357
45 1742
844 32
1085 1785
293 1530
1486 1994
520 1166
1971 1743
871 827
378 743
1146 597
172 1248
520 1548
295 325
261 1445
810 1974
1070 546
425 202
310 782
1138 1774
410 161
444 1992
1689 1144
1523 1145
441 1777
1308 150
1076 1132
618 248
1885 3
1027 1570
1473 1110
1690 984
1209 949
1372 1846
781 230
1410 1922
1848 1980
217 1384
963 1845
35 1726
181 419
498 488
785 1316
1723 563
1307 1823
1518 775
1507 1830
1773 387
212 645
741 1037
1350 1087
1609 1409
996 1011
1613 261
1764 1538
875 1299
500 1011
392 1187
612 1774
4 21
1566 452
1610 256
548 1777
1646 1382
108 1849
880 1999
423 1624
1581 896
341 1778
341 781
1428 1879
313 768
464 589
1700 1956
1202 1544
923 191
120 1617
1396 25
1270 583
1962 1751
1584 1419
1602 918
193 562
1206 552
839 1655
1261 161
1081 1194
1669 841
184 382
1352 608
1314 903
1306 26
1070 985
1631 986
772 856
201 252
1019 1308
1954 593
1474 640
667 1174
570 1414
55 625
72 171
1071 794
1765 291
1963 1101
1903 1761
595 422
1420 1628
764 185
1058 1384
1266 1702
1928 544
766 366
1163 102
1574 1454
1122 6
960 870
1571 956
826 324
770 1003
462 523
296 712
388 1851
1952 1065
304 1701
32 1819
1035 785
1441 10
1876 1371
116 374
463 209
480 1854
798 640
864 384
1183 1602
1794 1626
719 1977
659 318
747 623
543 1250
1528 1841
1558 1256
774 1768
1611 322
1695 1984
1722 722
216 1130
536 657
907 1264
98 1354
1606 6
1359 1951
1642 300
1894 993
337 1094
228 1755
1522 238
1582 353
1967 700
792 239
133 1093
799 1087
1195 1576
559 1577
531 1166
1369 584
376 1360
957 638
984 1685
1146 76
884 655
386 1936
397 166
343 908
373 1981
867 188
1744 1498
1733 792
888 1374
385 763
1421 1813
198 71
150 1678
1570 612
1968 198
1272 435
601 47
879 844
296 1527
102 299
1672 25
1458 1607
148 1051
1566 1638
1904 1469
500 51
870 635
741 797
758 1592
619 1725
85 1817
1754 66
25 453
830 264
1235 778
1855 916
79 587
1713 447
647 686
815 1629
1380 410
30 1291
227 265
1197 737
1600 482
705 768
435 1053
3 1338
1873 511
933 860
1594 1966
1208 141
1823 761
1915 962
1444 468
1314 1534
931 204
1321 1924
1355 1982
1811 965
618 130
1685 920
1989 1921
1867 557
156 770
1209 1291
611 627
1222 1178
827 871
1180 332
1847 410
249 806
912 1880
1519 348
724 424
1715 433
874 549
956 450
1804 1806
1805 1248
168 133
1632 1437
830 1728
706 1075
1395 1491
1085 939
402 752
1426 270
919 1036
1741 1704
1204 49
629 637
1793 483
1083 327
749 212
1632 1220
781 1259
1752 1141
963 1948
677 1858
574 833
615 1658
1985 1952
1823 338
12 280
569 525
1409 1061
1727 1480
70 1895
787 1072
1350 50
1645 1881
1715 1784
1742 875
840 1233
85 1737
208 518
1388 624
1481 1927
1461 807
1148 743
775 1881
855 1135
1521 1882
536 1448
1029 1247
198 942
549 1658
638 1852
628 1620
492 1854
1681 1701
1342 1236
876 415
1151 1639
676 1111
454 480
1571 1708
1624 1163
850 82
404 132
1602 1799
1263 1011
1497 1288
1849 434
1241 175
415 1859
1425 71
1055 194
600 905
1862 882
1079 1812
1295 1997
178 882
1094 556
1405 1717
1027 1527
1371 1579
1279 304
689 1727
831 528
1228 74
1560 1389
1370 1439
1468 716
637 455
1288 1103
383 1972
249 1465
1654 1599
989 919
864 71
489 1828
1534 214
1275 1983
1571 462
818 1411
197 1339
1540 1507
1037 873
1604 413
1220 1265
1376 1609
1882 1962
1656 1230
956 1881
330 926
145 1808
1971 522
663 1134
498 1128
1232 1165
624 989
708 1139
1070 1746
1186 125
1493 1972
1137 258
1366 1534
1016 1533
1030 1960
669 1363
1271 243
1721 626
537 1318
889 1023
827 625
55 1201
529 1590
225 1416
1066 710
1981 1116
218 446
324 1489
1992 1171
1215 1109
1667 1112
1794 996
420 1519
899 1789
413 86
1818 596
110 985
996 473
439 734
24 1282
1700 1055
1489 749
1330 1819
357 1293
1439 1093
1572 319
40 878
1875 359
453 117
1349 1000
1058 1993
1981 704
1435 1026
746 1985
898 1180
655 1291
1515 1374
1601 1745
429 50
565 1047
877 247
50 1044
957 1522
689 1707
1470 1896
416 1167
261 806
1314 1920
929 1471
1895 1398
636 785
1229 1057
1708 112
207 1404
898 1840
407 1523
476 1775
1612 1496
1457 346
1676 23
696 471
757 38
1532 172
1159 1737
110 852
1298 167
716 1466
405 1822
806 585
1618 883
1146 1108
79 1013
1815 1398
542 1969
1059 772
1356 553
1762 9
1434 729
1044 1966
30 1167
1715 1434
1814 400
1363 1895
1976 586
323 519
1738 1445
1896 1712
981 1967
850 45
