p td 2000 8000 
1137 1374
1937 1376
781 692
1591 561
1856 1170
110 173
1184 1772
142 398
31 303
1954 352
936 1574
1284 1124
1090 926
1052 1600
1687 647
221 1339
1550 120
883 1580
707 1315
1563 1634
1395 550
104 1112
1364 106
1024 1603
985 983
160 1131
1739 1950
416 1032
993 1458
1941 604
1064 500
1477 718
1365 1337
1728 380
1865 1365
761 45
350 1424
1778 1557
1305 1368
1420 1540
1695 1294
545 863
963 223
1338 194
1260 461
381 837
483 1982
328 1792
830 376
1208 160
324 242
1711 905
1868 394
1175 600
1444 1920
1174 138
1161 960
1460 984
1639 115
804 67
47 132
179 129
275 422
2000 1211
1048 1190
862 1212
26 1854
167 1718
855 1609
146 1511
451 146
556 1194
522 1950
206 1100
1768 1147
1709 22
1578 1865
892 74
795 80
1625 319
1751 1473
1990 1419
1526 513
1864 1770
159 901
958 1195
1128 146
1266 162
50 1451
244 1151
887 1587
1401 1032
1536 561
690 916
1525 392
1851 872
1791 507
230 732
158 837
1090 1713
641 788
1941 741
1483 963
103 1905
732 784
1773 562
1533 362
1029 1087
586 819
131 1401
1136 1738
1143 1695
198 290
764 1665
800 1692
139 1595
442 312
19 1732
1031 1341
358 1475
772 746
1007 1722
1949 1245
1182 811
1774 1528
755 418
1589 793
1642 1280
1302 545
1555 11
854 1973
1193 984
236 1195
1871 1327
264 446
748 842
1062 1965
837 503
456 1033
614 1031
1953 1579
1363 768
902 1494
1226 5
370 340
50 1562
50 771
1480 1528
770 1634
987 993
752 1650
1178 178
1590 74
68 198
232 193
43 1496
1726 881
1806 1597
1501 136
543 1505
1730 1304
1722 561
229 338
284 1836
97 718
829 981
1331 540
97 1014
1215 344
28 730
843 723
621 1500
1747 1824
1428 331
1850 1666
1175 463
402 1733
928 1533
127 458
781 1804
400 1475
215 802
360 1543
1192 1499
1179 1633
1648 1926
1193 33
1827 1446
1636 445
760 1997
1931 400
1700 213
825 992
1682 660
813 1030
1667 1516
485 1924
94 224
1499 878
1245 1103
160 1192
1546 1549
580 990
1098 1910
1092 1640
415 1254
34 1910
1863 1020
1724 69
354 930
597 1577
824 801
255 1700
1959 863
877 291
1234 115
583 1604
109 1791
1318 1361
883 1005
1175 1405
1559 782
961 1452
1834 1442
255 628
1825 1844
1585 798
1983 1519
1222 1538
1980 39
2 1909
1874 1932
1145 106
1895 1420
908 1298
707 1327
490 1180
1669 1103
1232 237
1991 2
1455 1555
595 361
278 83
533 452
880 636
723 959
1077 403
729 1811
1560 187
736 1455
925 1120
1609 1278
310 1499
1282 111
298 863
559 390
351 885
804 1418
601 1917
992 1275
1051 1794
323 1906
1421 889
28 279
934 410
1261 1983
1014 1489
334 243
1448 1806
245 627
1020 122
24 1255
1659 871
1390 285
1812 983
256 1353
1380 983
479 1805
1121 406
1311 51
338 1292
684 85
1027 1614
1729 13
795 1315
1869 1924
828 348
535 1815
713 1454
1000 1509
297 475
1041 856
694 671
1725 487
761 666
1768 1098
1818 1525
1436 1679
1011 1552
339 8
775 1836
817 1743
1587 1764
1412 349
1155 1949
633 1842
444 455
308 665
579 1085
1432 1330
1314 1836
133 467
1056 1021
1975 633
1588 470
369 1416
226 271
994 1702
736 1706
1056 652
1737 146
1086 1138
828 1566
588 517
752 764
1725 1160
1765 1512
324 789
1882 227
523 1257
1402 1315
754 1770
509 1443
476 1994
487 885
916 166
1007 1500
1717 321
693 1045
471 1451
29 1583
1686 391
1698 56
203 485
1788 394
1588 606
725 1603
808 1186
1344 1620
1418 1152
1689 433
618 123
262 1219
1793 460
1384 759
379 1146
1781 1502
865 535
123 414
129 1497
909 343
140 345
431 88
1057 1060
87 1071
1671 1322
1323 1737
109 1943
1731 629
52 1944
1471 775
1087 286
1055 1142
1200 1204
435 97
16 1670
181 128
1954 1068
1049 1808
361 1261
1012 901
218 1208
1525 258
876 874
1773 768
1560 1179
1453 954
201 1007
195 1022
765 464
1902 1838
1724 1105
391 1074
502 1079
427 1875
553 1509
658 182
1767 310
163 1121
1530 1429
1994 1857
1086 83
1032 1042
359 1061
551 1168
1382 345
1747 1119
1072 1079
312 1386
161 1345
1014 1886
1646 640
1416 1548
428 47
1982 1945
1067 548
786 859
1978 1086
1287 1932
1645 784
549 1297
1398 616
1260 413
462 1828
1573 149
1181 332
714 615
1513 747
1813 1185
1748 1799
1416 81
981 522
1276 1802
1925 590
1705 259
1966 391
15 483
1302 985
791 1774
808 68
981 719
1376 910
584 265
370 618
1706 1256
224 1859
802 952
1771 1267
122 335
1237 724
1608 1805
366 999
1555 111
1146 1595
29 5
295 1066
1867 677
1380 159
1740 1181
1694 549
1217 787
717 1219
1722 1081
891 468
266 1200
1933 1427
1567 71
1310 579
1256 1263
1544 1684
1441 950
752 1665
1942 1959
272 1716
1877 452
893 506
242 346
1434 1831
1102 998
17 1891
911 262
1934 1960
243 1992
1157 1412
138 1907
925 1387
1198 881
1915 457
678 140
1290 1077
1204 1244
992 751
257 684
984 348
1188 1774
1092 472
1973 1782
669 1553
1956 1117
1510 218
1616 847
1640 660
550 576
1638 104
1699 570
1229 321
52 959
1953 1374
1398 1302
1172 1436
946 1950
419 1038
1228 90
614 582
731 237
688 328
983 482
1952 528
462 1613
262 1305
51 145
1426 169
734 1782
613 1823
1256 824
1194 1759
686 219
855 51
520 594
659 846
399 219
934 1917
492 654
1956 1292
247 708
1492 415
14 652
780 1859
1215 748
1544 1537
650 1378
1055 1689
1600 871
423 1016
1310 1549
38 1090
1721 33
784 1946
332 1053
616 898
388 455
730 914
1647 12
26 652
798 459
1085 255
451 406
1035 834
454 550
1289 914
979 1248
1132 410
1142 1462
1418 1637
1779 231
632 1477
813 540
1397 447
311 1548
367 1228
582 1687
1173 462
80 1506
261 300
631 1682
405 1520
991 1085
486 1748
506 573
1292 1639
972 953
1454 909
336 1075
1949 1080
1746 444
1539 1779
736 1197
381 1672
790 84
232 883
999 1412
332 350
386 1189
273 1629
1651 1786
871 1287
524 834
836 255
815 1352
259 1865
564 1773
1318 1773
1945 376
396 1258
1726 1488
228 645
422 1306
826 666
178 1019
1571 849
49 1055
1274 313
504 1608
570 829
1870 230
524 1768
1880 1521
1184 1786
472 1133
1265 1469
555 441
961 212
1171 1635
1647 598
817 90
1479 686
1342 27
1543 81
1465 1273
816 1524
1145 617
675 750
49 4
1339 1913
459 709
1970 1079
702 1639
1362 1082
606 959
262 1514
717 1329
1551 1475
1153 73
1058 188
1926 809
1476 1859
199 1637
1718 1407
731 1314
1668 197
682 1055
1050 116
1690 1969
1033 1120
1938 1487
1979 1763
1723 1305
1767 1555
1377 1783
1545 952
1573 163
247 462
393 402
581 693
1593 662
491 1459
1362 1563
1040 430
1765 822
1628 1316
1162 1847
312 109
1606 1068
838 868
944 1993
1709 38
1212 108
923 993
778 11
356 68
405 1182
1888 652
1154 1832
1582 276
108 1871
170 1574
1735 1211
1651 1752
1720 1425
1265 49
1196 813
308 1354
1828 156
204 1392
1969 1252
296 1946
1758 467
367 934
1936 261
1829 1054
149 67
610 1621
1409 443
169 1908
1892 954
1312 1535
1136 1919
1587 1773
377 1919
167 744
1706 1970
1767 946
1694 1030
1311 1361
1487 516
1549 737
952 443
1361 924
1118 784
214 436
1351 1921
1090 1273
1485 1162
63 910
1709 289
976 106
729 346
1595 1658
899 1004
73 1375
873 763
1903 1403
1890 121
863 1511
351 1003
307 1246
1636 968
1248 1677
772 416
1328 1876
686 502
1262 1746
1066 886
1725 270
1503 778
292 249
1348 1244
634 1595
633 1220
850 1530
1959 1945
1988 1388
862 10
1720 347
584 1961
1086 1413
1313 703
1627 520
1859 1024
1449 1882
901 413
110 1867
268 1876
1528 1246
1581 1761
1226 1269
1541 86
1812 264
1637 1964
326 674
373 847
635 1974
744 1657
756 882
807 1747
1110 832
1213 1486
1887 815
284 1544
1225 967
1143 1449
1078 1301
840 1916
1177 1568
372 1418
317 1295
1453 1062
1327 1627
1585 1511
1755 1316
871 888
546 1567
258 1420
599 862
1375 647
357 464
1199 1130
1499 40
1722 451
738 1852
143 410
1469 1797
1499 1742
838 1003
1600 541
1632 1899
1813 932
202 1280
1544 87
564 1953
1030 1568
630 675
95 1066
1530 1803
244 1378
414 761
171 815
374 1849
955 1848
1966 1706
671 1520
658 1445
951 963
510 1710
321 714
1573 761
1235 584
1983 1923
1941 1170
723 913
507 738
237 1514
1001 1601
627 684
389 1321
1912 382
651 399
549 533
1687 1147
800 532
815 1243
157 1128
1214 1500
659 721
820 586
607 557
836 558
1236 1836
1733 994
1439 904
258 1379
1520 1496
1477 1632
557 1990
414 1330
1607 1357
803 974
114 447
1898 5
1999 372
48 880
1330 1011
1471 1966
1551 979
539 857
64 491
950 129
1846 80
694 41
713 1170
312 400
254 236
1708 399
1911 1053
702 1246
878 952
1713 543
440 930
926 1995
1009 766
1690 1005
226 507
611 543
277 1555
1063 394
316 1346
146 1608
1663 585
798 1371
1719 613
1639 1466
92 1757
1323 1428
1368 1979
271 1258
1360 267
909 1977
92 1694
1473 1078
1407 1056
1199 18
1146 304
1240 206
1108 332
823 930
321 607
1104 386
1488 59
177 165
1781 1400
442 1356
175 340
382 1850
1615 99
1773 913
269 988
1140 1279
1340 834
174 1419
1869 1890
1454 1086
1287 1250
1573 227
873 88
1933 1488
717 185
1643 1535
1164 1358
1172 468
1333 13
1008 1267
363 817
441 910
702 151
280 506
288 587
314 736
522 1702
240 1090
516 1694
9 1238
1598 1557
92 150
1488 459
7 430
453 850
995 1764
225 1066
188 228
1658 1331
1169 1594
1759 1118
1545 902
191 1748
325 1488
1490 650
1899 541
236 399
1275 685
1840 87
1943 85
562 1378
544 1695
1169 962
1772 647
375 1948
1471 1355
1306 1812
1839 1518
935 1622
682 391
967 1143
1457 1743
806 772
275 1888
1438 1190
382 1599
134 48
829 421
959 1342
1871 1216
1782 643
857 1116
471 370
383 225
1905 1575
642 624
1801 479
1915 393
1971 1255
189 1719
1652 1112
1658 1927
167 1570
1327 118
1027 1682
1932 1849
1338 468
1836 1690
1376 705
333 818
245 1916
391 1656
671 836
995 66
377 1257
1033 1169
1802 51
26 216
1383 1455
836 1004
144 1651
1236 832
1907 1839
1207 1658
1268 1182
847 1603
1154 1190
1219 3
1772 862
489 1304
1313 470
424 50
1263 1616
1259 377
197 1682
1740 1026
1855 1988
477 1279
1367 1725
701 1942
208 1454
1919 637
297 1605
738 1040
497 1012
73 1088
812 890
1124 271
340 1346
1139 1857
1924 303
420 1710
272 433
453 1465
1487 133
1609 1128
1901 1849
1622 1128
1905 531
1067 7
980 1640
1966 1812
282 1244
48 1592
1793 1290
653 1353
595 505
681 1191
1072 1434
690 1693
1145 934
504 610
1758 1807
1342 363
506 16
105 861
809 1676
1386 967
1886 471
809 1197
1581 1167
578 231
1646 1000
874 607
708 982
814 1527
150 193
300 1077
661 1672
947 871
164 634
1057 1618
51 102
1787 499
1237 1089
882 1584
494 736
1064 1520
941 1125
924 1807
1440 1624
1514 1108
900 835
552 427
10 579
519 401
1476 1105
512 113
166 1509
274 1341
1046 1594
1572 394
98 705
1330 1953
444 1307
641 1957
1005 1941
1999 1462
1238 661
1689 1188
1535 1654
469 531
920 1783
1664 632
723 1716
1891 1338
1419 1348
1345 737
1379 223
51 1346
1854 584
38 1185
900 509
1879 1287
1051 1781
1577 752
324 1412
704 211
1197 877
407 358
603 1400
444 985
263 694
1103 1912
560 1594
202 558
1355 1705
407 538
765 1546
304 430
1339 934
639 1325
53 1017
1293 1191
1510 1317
816 1752
1993 556
1480 1798
1281 332
995 534
1172 1915
117 1148
1604 634
1772 911
587 195
1121 816
894 1352
660 417
1788 1447
422 1352
1176 413
222 470
1057 644
1542 901
385 99
1149 935
178 1064
459 1154
1744 1345
1842 909
1984 713
248 1704
295 401
1722 116
1178 1790
1537 1005
815 174
1303 320
246 1553
472 977
526 1854
750 46
1300 1439
612 919
1668 544
1791 596
1781 1025
338 776
619 1227
35 1845
1302 192
542 846
1525 1621
1082 1343
903 1967
1491 866
1672 1479
90 1662
880 1776
1262 1361
883 931
1246 674
297 665
555 1648
1705 1787
608 1609
309 676
1344 285
448 117
803 592
317 845
242 1834
1564 1655
1009 1217
931 139
984 547
1045 566
1265 862
1937 1901
1364 640
679 1453
1692 1324
1013 1180
1674 557
315 980
167 938
1180 1271
1654 655
1977 1256
720 54
892 1601
265 718
622 497
597 804
1018 549
1386 1769
1322 1099
1661 287
1176 1289
1916 927
407 183
1441 1547
805 212
347 564
1227 556
1713 555
1019 1477
1907 1420
244 1575
1690 363
1118 86
1517 1900
1736 1178
1683 571
1588 229
297 748
1616 1988
1239 967
644 189
1705 654
207 881
1825 1754
23 782
676 723
1571 766
177 331
995 871
858 1752
1237 431
466 1676
895 1168
901 1779
1662 1126
386 1655
1027 1659
92 46
651 244
649 1748
855 1860
467 1098
736 1903
1570 1222
487 295
1137 1222
1307 1874
1546 281
1436 1892
951 442
1511 1284
1712 1698
136 1376
398 1173
1360 63
459 1680
705 157
1236 1934
987 745
1907 1847
558 1523
1878 1478
859 1417
415 1837
1966 190
1338 1746
626 291
473 1559
1529 181
74 561
1264 1851
1207 1008
1555 51
1990 1024
459 71
1124 1438
237 1068
163 870
38 1352
1707 798
1009 869
1140 1527
1741 261
154 45
647 245
1691 1639
1885 97
1134 1802
392 1377
752 1662
676 618
1919 1257
1462 186
1979 1566
204 954
1800 816
2 1432
1850 1354
463 472
988 13
1527 286
1263 1050
1225 1124
1707 1020
900 187
1865 1389
51 1355
1762 466
1711 1856
632 1925
1858 259
1548 891
1174 1365
434 587
1943 1292
1621 728
73 1048
160 287
887 347
1591 321
1085 942
745 765
1652 1439
1474 1839
1162 1477
199 1485
968 998
1185 555
1570 848
188 1242
555 1161
1277 1303
1369 1936
1773 301
722 1893
130 475
1745 1427
1488 579
1026 810
1942 125
967 1812
1229 1963
795 1556
425 115
583 1246
302 1324
1800 1240
1860 786
1269 1091
1648 1964
1944 1560
330 244
1367 1494
1530 1090
171 370
1072 802
542 523
200 1726
1652 94
692 915
1671 1708
1393 1486
837 1650
1709 316
182 1092
328 1116
359 73
1387 548
1522 980
1576 804
239 259
152 1916
518 1942
533 1691
440 1500
595 1222
1027 603
259 1566
966 1171
1162 757
1801 1903
13 1098
581 1835
1004 22
1924 1393
918 636
1801 1789
1979 41
1807 131
327 1796
380 1839
1453 1928
1187 1208
1477 1812
24 1761
74 648
181 1402
297 1220
783 813
1287 1307
744 1917
950 840
1461 9
1358 1329
575 797
823 1861
1343 1927
1611 1552
1177 721
1691 657
1393 1094
1513 721
569 826
1090 1321
1918 1221
423 1885
1308 1726
645 1700
775 1010
565 603
1754 1325
1043 185
1903 101
1982 166
823 19
1965 318
827 30
267 1099
1690 828
377 558
1347 578
388 1320
1366 158
191 1708
287 817
645 1116
410 686
1069 1030
1013 1048
1915 349
1436 725
501 344
452 617
725 1681
974 316
1896 30
639 134
1926 32
10 1590
1009 233
1268 1262
1979 742
603 1979
1979 1723
584 1381
1848 652
177 20
1750 1520
307 940
298 276
1030 370
1180 1552
1633 266
1393 505
678 35
1305 21
1964 710
443 846
1584 989
510 1129
535 1722
356 1203
628 1103
690 1791
722 1541
723 626
1890 1477
1904 1156
1239 690
15 660
242 736
1973 1293
1276 1575
810 69
784 1552
571 985
1222 1290
324 352
977 1269
1257 512
42 1122
90 1978
560 1300
325 892
1991 1280
1465 92
557 240
1188 1967
1697 1539
1545 1957
1493 836
1555 350
69 897
1271 1682
1363 1235
418 39
877 164
1143 1108
1230 1313
1316 1
754 597
484 1972
1180 1626
704 515
1573 1587
825 1959
621 1347
311 1368
1396 783
603 536
473 840
930 1536
1800 1869
1524 976
876 873
1385 144
417 586
651 1745
1217 1638
1060 1428
253 104
691 859
1284 1247
909 820
367 723
1379 1899
454 498
1653 1969
130 490
1446 1099
754 1187
709 1207
1537 1565
950 1392
1605 568
797 1317
600 204
771 1115
1915 961
648 1387
495 820
1849 1708
652 744
1525 149
1779 345
223 1239
32 1912
269 358
1593 16
1153 226
618 1573
1398 239
841 1803
738 1536
169 1191
1338 214
869 589
910 655
1665 1940
1278 675
653 1868
779 476
1201 2
1330 1293
1005 648
1947 49
40 1699
1164 819
493 1351
1677 870
1512 1638
1287 1073
157 1748
242 1496
1619 1740
1703 1834
1561 609
636 1398
204 105
503 1807
672 1383
1559 1541
1886 655
793 836
1630 1408
1411 284
1498 97
1905 1364
1371 829
135 9
1794 62
1352 536
1367 1452
352 1041
1003 65
1610 1741
106 1771
1459 903
299 517
209 34
1400 1407
1191 615
757 135
193 1219
1784 1493
512 999
1273 319
326 1419
760 998
1484 1589
1355 1888
745 783
1176 93
1641 1807
1588 1722
480 1483
1602 546
1647 458
1176 6
436 446
884 142
625 1256
1573 497
1789 589
438 388
463 70
1444 358
753 901
1952 152
382 904
1769 133
648 91
1780 467
363 26
1877 1910
1459 1380
1589 1510
309 1886
1859 1924
894 408
1854 1808
41 271
1381 1382
1910 583
802 292
864 326
1972 894
839 210
1966 1110
1871 571
1479 481
1771 1106
138 238
1425 481
927 12
945 121
775 1114
633 703
297 987
529 215
1037 1985
210 1455
1110 611
412 118
484 1609
1128 61
1694 64
788 93
713 392
928 669
459 1299
1440 701
660 1259
835 1334
245 228
1980 1488
1803 1053
1390 1544
1279 1137
169 119
396 1488
1378 330
633 297
1629 512
869 411
1927 220
918 1553
1688 1911
1219 59
193 1833
1176 1392
217 1810
1949 392
263 1010
1370 890
1851 1589
1883 1676
186 540
1522 338
1453 249
518 1877
759 1838
1545 1424
442 830
376 915
1753 601
278 1602
1900 1480
1068 1335
1369 232
1111 525
1613 522
1507 979
585 255
330 1938
1055 1303
1106 1614
428 1698
1765 517
1070 306
263 99
1883 1915
1845 1577
1307 1523
1155 1570
671 1024
1786 1726
277 780
1580 1279
1273 940
698 679
1794 311
1369 764
31 1390
805 1530
1848 1368
1399 980
1733 1055
245 1176
1278 215
932 736
1704 764
73 78
904 1827
1053 37
1009 530
1226 1603
282 812
133 842
1640 252
427 1965
1360 1286
1025 1666
1942 1769
326 1979
175 963
1937 1951
1732 1076
875 1104
1659 337
1276 1005
1908 1364
1780 69
1977 151
1156 129
996 754
262 233
49 1772
1695 1768
1591 343
1950 230
1768 1929
896 1409
1765 786
1417 696
1016 502
658 100
1661 1447
1337 1279
1533 59
1759 1286
326 1036
543 155
128 1582
826 1725
639 1751
929 1659
1261 770
1028 1450
857 796
19 1400
87 1687
294 330
628 1492
942 288
1821 757
1251 1516
982 1477
1409 12
131 1007
702 336
1715 804
1224 689
1648 126
421 1316
42 1272
473 696
1527 851
1926 1848
1033 1744
482 566
1279 1964
1315 715
277 1944
1686 1821
589 1650
265 1355
563 1122
37 227
1780 805
757 762
562 623
1570 1565
349 363
1224 1333
819 820
4 956
1548 1066
1775 731
787 859
1986 716
1998 208
1094 1302
679 1860
1287 182
1442 1827
870 1438
1485 1128
1792 383
404 1241
319 1351
1676 1371
1355 908
1109 367
1250 1850
160 952
626 1507
1345 220
733 1195
705 1042
799 1631
1957 1140
1575 515
1001 1581
159 733
300 1658
794 690
1569 455
1750 1765
152 1613
1198 1989
599 153
750 904
704 296
1525 1161
373 1284
919 1109
1213 1827
991 584
1328 1700
910 1270
1008 1784
1428 914
755 1115
1028 999
1433 1926
1306 169
2000 1040
1595 1751
13 810
481 875
201 916
603 1603
1888 1288
1676 1056
1570 750
729 436
906 377
553 211
1418 1107
1817 444
1538 485
1494 566
381 1650
506 710
1464 177
1426 1203
809 1414
1069 1529
1752 201
734 1368
1782 887
936 1939
1183 431
476 1363
1815 1654
38 366
591 1530
950 1076
258 175
1195 874
860 1661
1924 1352
1221 357
1594 61
73 236
308 352
566 887
1519 492
1772 1650
1650 1241
649 1260
301 155
1435 754
1955 439
25 285
50 809
827 19
627 1802
493 38
1793 25
1045 1126
1002 1267
622 1953
1742 333
655 1890
1845 1002
909 542
1098 1160
997 752
1308 273
1594 1336
864 444
1405 240
1311 381
1757 924
560 241
1321 1921
481 1476
503 1642
250 36
202 1260
1408 1789
475 1684
1800 1759
1105 524
1371 720
1301 351
1176 721
1267 1431
1746 1502
348 1022
710 557
1854 1093
1693 594
1873 301
1342 1071
1304 974
1312 505
1442 182
1765 975
1207 139
699 803
1716 323
1160 474
1688 988
834 1559
837 905
1799 1972
1151 1648
724 1646
1943 1560
1206 470
1141 797
1158 885
1826 337
1478 1051
1392 939
1500 1477
793 1572
748 29
1037 687
459 787
1597 984
1840 769
1035 320
882 1910
1062 521
111 784
1073 769
1100 762
1682 811
1091 216
1739 737
1352 1958
1629 1318
1108 393
123 1983
516 1886
1496 610
458 486
775 1366
431 444
725 405
915 369
350 1609
1281 1368
1647 375
973 817
638 28
55 670
322 664
407 1943
1430 23
1637 1001
275 409
1268 623
1273 1450
1363 479
170 800
315 1729
1511 1964
1052 113
1529 1280
222 866
156 1286
286 159
1191 552
1963 1813
681 231
2000 855
1218 777
628 1760
1567 1030
1484 677
731 1002
350 151
304 1428
1628 1264
545 850
1081 800
919 1167
203 1690
490 1447
39 911
1965 1764
1640 666
15 860
336 1414
563 1203
170 375
1044 1173
1091 1400
1551 567
1434 589
731 1203
165 233
213 1825
1458 29
778 1944
1762 924
409 1811
1543 169
11 1129
192 602
391 599
662 1927
1270 11
548 840
498 1925
1633 1037
1338 636
256 1554
1081 1308
851 1260
1894 1954
614 1812
1667 2000
1860 386
809 1171
549 1226
1452 74
485 1363
1095 121
3 1741
1468 657
1338 1329
683 6
1535 625
1290 1956
1051 1682
645 158
376 1892
731 1227
1194 17
710 1812
555 482
1861 1111
1647 901
1977 344
1768 1545
1347 101
232 152
1237 226
1267 535
997 748
704 1598
1441 211
1293 1005
1570 1091
263 1366
519 862
1966 1531
723 1387
141 378
1750 955
396 608
571 1284
61 18
1378 1833
1519 612
1233 453
578 23
1359 109
989 587
1434 134
1629 634
349 250
1980 1560
669 1231
1954 304
392 1560
747 680
506 503
1146 389
824 1339
708 998
358 43
1036 179
90 1783
861 270
571 646
1964 1856
760 249
1827 1463
872 266
1852 907
1204 958
892 1458
1919 508
738 747
1474 1625
1165 1096
748 693
617 190
563 1751
598 1589
75 907
1930 166
399 1734
1948 210
1396 1013
1772 1157
303 1144
121 153
1980 1562
920 650
1900 454
738 1314
1718 342
1527 480
1632 1114
978 2000
1335 767
1403 1911
1579 1467
1570 1004
1240 1833
570 1424
868 310
1195 605
351 1734
1131 1897
966 1870
788 1606
1153 1539
976 1095
1627 1119
508 1037
115 1870
1568 360
1769 31
167 527
1627 400
981 1587
1521 1255
1736 1536
146 778
1558 1235
855 1479
808 1621
809 855
946 1836
233 1194
1025 149
1797 1679
517 1535
1886 1614
1620 1848
1495 970
259 900
1913 964
679 576
1944 215
1522 1373
1420 933
1100 1401
1104 1111
633 1466
594 1907
756 826
838 1267
1214 2000
308 772
147 1845
187 1761
1418 1821
239 1212
1683 1398
710 1672
641 112
694 1981
852 114
58 14
1211 1550
62 1358
111 154
122 1491
861 434
675 1688
797 1095
363 924
81 931
1324 1216
397 764
207 609
1097 1296
1408 1762
1236 1343
284 1094
994 1180
474 1943
236 657
1623 1546
1605 101
1340 698
1629 813
1558 1965
748 1418
1136 1225
925 535
1313 1274
1549 230
1337 791
273 1189
571 1252
1470 1424
811 596
88 342
1854 1865
735 239
1142 1436
1117 440
1971 213
592 1461
1721 287
1257 1133
1838 862
1155 1936
175 1205
489 1956
1545 783
44 1743
944 1164
1711 1034
1142 763
880 920
633 901
1002 92
720 1155
1997 679
280 689
1857 156
1927 249
1436 1300
781 927
1240 1371
233 1867
1482 1133
1294 552
1914 1818
222 686
1687 1458
499 1327
969 1341
956 1612
758 1380
976 717
363 1327
1203 1840
1691 1672
1333 758
389 399
971 690
1276 433
190 1147
90 1387
988 729
821 727
1901 1016
1148 1431
782 1700
1989 317
453 1684
468 1167
1301 718
1874 1680
1002 1923
1042 119
1443 1039
1422 268
190 1116
611 1015
1019 1513
1330 1745
1927 1122
340 100
1678 1289
130 637
448 761
69 1900
484 1932
1505 647
804 380
681 1005
19 1731
1202 229
272 969
232 576
1619 1040
149 250
1760 1333
1031 1351
1532 1869
645 1312
920 314
1585 1718
993 1848
980 138
1112 1548
1095 1701
1932 594
437 1124
983 154
11 1546
328 1131
424 1886
1522 1337
763 1016
1070 258
417 1335
1886 763
1103 1581
98 1008
1518 56
484 552
1300 1674
90 1763
1549 1282
100 44
1732 147
490 1238
1948 1481
681 1565
808 33
502 1055
408 1568
356 1969
179 1016
1331 937
754 636
683 232
829 581
1499 828
1921 1969
1682 694
810 1581
916 1745
992 1463
127 1227
1849 1344
662 1095
441 85
488 922
585 244
581 835
1760 78
1214 1460
1415 1455
610 809
528 1678
424 1345
1695 726
613 1492
580 992
651 1259
1222 1948
377 16
794 787
217 1072
1237 993
65 58
771 1455
1830 1912
1804 918
1282 1444
1264 1784
1538 1168
1969 1368
21 570
499 1504
298 294
1245 605
1170 949
1852 1921
1837 1036
1044 1164
1513 1617
243 1912
1512 1127
670 1944
416 1847
578 1756
1663 766
618 1243
784 807
1207 1927
1562 1207
1797 287
1879 1104
79 68
1344 1315
1188 462
275 710
1208 1008
1149 1128
1920 1531
1054 799
1458 1253
1947 1852
1118 244
1396 473
1494 618
1211 1231
257 1402
973 287
1024 1747
359 866
1739 1833
1138 228
1295 1373
177 267
1288 1065
1171 1570
707 555
42 627
712 635
1274 969
1071 1292
1428 1553
787 1560
1395 912
1 1345
1206 1834
1160 261
606 379
910 946
601 381
651 628
1096 727
1091 1499
1739 879
964 1356
1749 1628
467 1665
137 126
511 1887
1215 1836
796 997
1197 889
920 1779
1816 1443
1156 217
555 32
1966 803
1735 168
301 1185
1398 1718
1895 1160
208 1001
1743 1498
46 530
1525 1042
932 1790
193 735
745 1784
1312 988
687 1671
1240 437
1132 1854
536 1484
636 890
968 1556
174 709
694 1648
1097 81
1869 82
1284 367
1682 2
90 1072
1720 1835
1880 571
1579 845
327 1596
1498 1690
779 512
984 853
1631 1365
1289 1591
1723 1666
292 1175
987 1679
1507 672
1944 623
726 321
338 1196
398 78
1629 113
31 864
289 1139
42 635
593 983
1656 955
443 703
1627 1392
149 1296
1251 44
1317 584
1475 1450
807 1774
249 1120
1684 454
1599 1023
270 1255
125 752
1727 1717
1619 1197
1982 1381
1643 554
882 25
1841 824
824 1275
857 1115
754 245
1057 426
1971 429
1546 1451
1758 1710
590 9
1163 952
833 1502
1899 1899
482 93
644 652
1836 821
183 1067
1974 1597
1349 834
824 40
85 1031
1946 1828
1661 432
782 1095
144 539
1269 1254
1428 693
762 1464
1451 80
193 513
269 367
715 1651
1874 723
1032 1673
125 692
872 31
78 779
628 795
1811 1340
879 1203
1286 46
965 47
193 1922
1717 1418
60 1270
1016 891
1883 1151
1315 1971
55 65
1328 93
684 99
62 1899
935 1922
165 1095
1518 926
260 1054
699 1241
313 866
1472 1395
1172 542
1655 300
1664 262
1372 1525
715 138
1789 446
845 1676
1799 1231
1566 1590
1423 1755
1457 1544
930 161
705 866
1948 86
422 1593
234 76
1485 874
1887 917
991 565
1246 1985
177 933
16 1591
1566 759
597 1023
1768 758
1045 715
1573 1824
982 260
73 193
1233 1326
487 829
247 1333
285 658
1614 459
1481 1295
1237 631
1170 232
304 1043
1014 83
427 358
1674 244
813 586
1546 1291
737 380
1723 1068
1764 325
490 150
865 1976
139 1118
1044 935
1465 958
1469 388
516 229
403 1194
427 1606
1788 1618
1725 1517
837 724
1435 1800
415 1046
1401 1123
1458 1382
301 310
1990 25
1788 1425
614 28
1316 1404
491 1588
455 1938
1808 329
1811 534
1156 82
860 991
1634 1377
328 1854
239 849
1922 863
678 357
1413 898
929 975
313 168
200 1212
973 1439
1766 1438
606 662
1976 1956
402 456
1258 1519
1027 1445
1324 779
966 1809
180 1876
1143 1130
1248 1233
721 1700
1281 979
402 1251
335 1272
1886 7
1717 1984
482 16
595 222
1244 253
1650 1390
1985 852
790 1850
1862 741
666 271
1470 246
425 108
1214 632
1110 881
214 1378
538 138
1520 92
1945 1828
868 949
121 1284
303 534
505 275
1942 1925
678 1148
836 114
1609 1052
177 1929
1970 724
1344 647
62 610
1591 1289
67 1168
73 1829
1552 1804
1306 1892
1402 269
959 1345
1482 493
883 750
1732 1815
1384 330
1564 430
1958 1776
498 172
424 39
306 1159
1853 259
1882 1002
887 1296
541 1948
262 858
909 808
1457 1755
1971 1308
1197 1679
464 1426
1746 346
531 652
937 1
136 1276
852 996
685 393
282 63
664 65
19 89
862 1554
537 1609
274 493
1041 1353
1016 1647
1972 956
1825 734
86 1374
1462 1430
754 1162
683 1500
1452 1166
1044 1264
612 1421
1562 1004
1119 1196
15 1942
1684 1726
1098 487
1085 280
1127 966
1258 92
1785 536
1599 839
754 1891
1312 611
621 1599
1709 761
844 1404
757 1946
14 676
349 1587
1397 487
1474 252
1305 1055
1015 94
1571 1407
1085 1090
1938 633
1107 1857
390 456
1189 1939
1443 1457
1475 907
1257 1558
935 162
623 1294
133 51
1807 1411
1437 565
1447 327
1353 921
389 991
1995 1663
1863 1068
1477 1686
95 62
1026 160
1124 1008
1860 164
1536 220
1905 1183
1731 898
383 797
100 1248
1240 618
710 1580
1449 886
599 1731
1771 91
519 1263
1296 692
188 828
362 109
662 1854
1592 31
49 818
134 1027
1609 1869
1404 975
1218 699
726 1894
789 966
223 576
1163 1327
681 783
1365 840
1491 580
1303 1765
1444 238
512 608
406 595
1125 1325
443 489
41 1343
1179 982
227 916
1850 1047
128 240
1256 325
23 189
1547 218
1150 1797
1705 1752
107 1642
1302 707
108 1445
851 1838
1587 1193
1853 1567
433 270
867 354
430 1942
334 1673
319 1411
1246 1076
385 1403
211 314
1392 763
1601 100
861 1630
181 297
1582 825
363 681
624 1080
550 1787
938 871
526 411
1075 386
1287 1095
534 1413
1964 291
1202 27
1795 219
1515 521
726 1198
309 1009
1644 217
500 1123
826 1184
800 995
186 1155
234 676
1170 1757
1556 1728
1197 380
624 1068
758 1448
1189 169
296 1734
1650 495
1440 1804
445 1743
1241 499
195 2
1327 1876
1806 1849
1690 78
1537 1604
383 1755
1519 1246
1222 653
1125 1530
1821 455
464 588
1903 470
506 1219
625 95
1933 1102
1080 1074
515 190
63 334
201 873
361 1238
1610 351
1464 946
620 1474
1139 686
133 312
1548 1016
1974 826
463 66
1640 295
928 529
1281 941
825 1731
1305 646
1861 1247
715 1848
155 1765
1792 11
1096 384
657 1455
519 268
1293 1704
1309 1666
482 296
1925 1069
565 790
170 978
1523 1988
1562 779
1409 1116
187 1673
1743 1456
1234 215
811 291
825 105
1937 826
1484 59
31 653
1112 1376
755 770
1326 1739
187 686
1322 1624
1152 767
881 1939
1455 1006
1406 1500
104 899
179 1024
418 768
310 1265
71 1217
1292 1694
1344 1607
1628 1665
1061 371
744 772
226 1967
1398 1268
1182 459
1605 50
573 1977
1909 258
716 295
823 466
1682 363
1141 1859
1539 1556
554 81
161 100
824 1521
1037 892
1491 1644
1928 1372
1981 334
1170 1678
1661 1631
1865 844
821 1351
1699 600
1579 991
1589 841
1567 1874
1896 796
1555 446
220 1047
1868 192
280 654
1313 1066
1186 465
1132 1674
1350 650
838 363
1639 1453
808 626
1918 283
103 698
1337 554
1434 975
736 1078
1576 909
266 958
794 699
1815 1912
701 609
726 460
1486 895
1038 1623
450 496
1798 300
1954 568
62 1959
1942 394
1703 1734
1575 1097
10 1325
329 722
1656 1862
300 1645
715 671
1820 1346
972 184
1259 462
1163 171
231 1538
209 1344
667 360
791 1796
842 1564
1860 1634
1539 1649
1211 1208
1111 1758
1523 549
1767 1511
10 1143
1672 1046
1293 1468
1937 1682
1777 658
931 827
281 910
579 1137
138 1740
980 486
606 5
328 569
1876 1612
628 262
1700 1498
1480 1950
692 258
1573 699
1830 547
354 1397
642 137
11 800
1801 661
1887 1303
580 1226
64 905
403 1191
410 1794
706 1548
851 1664
161 29
874 1655
1921 1828
611 295
1702 299
862 1551
933 1793
580 264
1381 1942
774 752
1931 362
1110 1731
1086 1803
1243 829
288 1199
151 226
1941 123
1513 225
882 1767
1235 78
1984 637
786 1259
480 1878
1656 35
318 276
1289 103
302 422
674 1930
1327 1207
730 1965
1845 1150
110 163
1519 1885
1147 44
1416 745
1430 607
437 1007
995 688
1935 1717
1304 1274
1365 189
772 784
465 1963
1757 845
1678 131
1379 222
718 1914
1888 1876
534 995
1152 1393
182 839
755 1055
1045 1425
1844 1645
1095 327
1349 498
512 1171
1124 900
1303 162
434 84
1372 1354
938 1292
1846 1179
1148 622
955 1457
62 871
1471 1435
11 94
1783 1711
1062 1953
1526 395
477 324
1495 893
116 1983
1927 1514
363 175
17 902
798 1039
442 1683
1889 1710
902 1356
1650 1599
1117 1713
647 1689
1829 1058
268 257
800 337
1135 816
1637 245
1332 1439
1082 112
1030 785
1002 79
461 1655
1956 1723
721 518
601 384
823 1236
626 813
771 1532
23 1255
1240 1538
1836 1825
377 335
1795 977
1410 882
720 830
1077 637
1418 1250
607 1130
1318 1134
526 1381
864 1911
1374 21
1467 1297
1760 1198
1981 351
872 1751
1480 1572
1833 765
161 1637
1195 794
885 475
783 713
62 1768
661 596
1960 1156
1757 696
418 517
958 1377
283 1575
948 1654
1067 505
1799 1812
1810 525
1579 1858
329 303
1696 1476
58 1727
1670 615
428 129
1010 541
1383 215
1115 129
489 1980
1522 183
606 1922
1345 664
875 1632
618 1227
297 1183
564 398
659 150
388 69
1930 148
1239 430
878 1314
642 1177
712 60
667 353
1974 1911
1163 603
172 934
1409 730
1329 10
38 613
819 929
1570 1464
1776 1748
821 1991
1651 1065
1570 428
1490 763
1097 1837
1739 1126
1296 1040
934 1954
185 1743
59 1138
1895 1804
848 55
869 1004
644 1203
306 267
1956 1850
1466 16
1803 485
1298 1986
588 641
1212 236
1888 1888
898 1013
203 607
577 1652
1344 441
1406 1692
1936 892
1739 650
1568 963
1775 1729
1879 602
1436 684
1502 1359
595 1623
978 1409
376 699
626 1605
1976 1176
1061 1649
1538 396
1378 391
386 1321
1145 842
1642 667
476 940
295 437
967 724
1896 764
1145 1774
763 1724
410 1385
1106 1068
558 1023
1144 291
1785 747
867 1292
1299 127
732 1942
741 478
1804 365
1827 521
346 509
715 374
765 1869
473 1897
445 1133
1423 31
1748 1115
1449 1884
1908 991
1611 1547
802 83
1550 494
613 1090
522 1838
1172 1030
714 1788
1273 1920
1162 1085
745 487
1725 1193
12 1743
810 591
1676 863
1292 1704
1693 1190
896 577
1716 108
1276 1314
545 80
1843 1378
1295 1199
521 1241
144 996
1337 1318
1403 1064
1330 1871
963 1106
1761 1730
670 761
1468 1704
1438 119
1798 620
1650 285
115 1716
1710 1855
1950 219
791 1721
1907 557
887 909
736 494
1708 18
1636 555
593 332
729 1426
1589 1802
1327 326
93 1384
1038 11
836 1975
1507 1743
703 1841
1097 441
1649 1416
1645 1939
224 543
1876 1194
98 8
493 1495
1627 761
1316 439
1297 848
1148 388
504 952
59 449
354 234
457 1817
1236 778
60 686
1770 549
1255 1309
1825 855
566 116
1847 872
1369 1676
1799 248
1387 1465
733 863
828 468
180 152
1690 392
813 1775
1306 1859
512 1320
709 965
938 1150
1494 1764
930 1343
1884 933
1393 96
704 1580
1020 1148
494 997
446 1554
454 762
456 1567
177 1707
1318 764
529 1672
1477 1634
1259 945
120 690
885 870
1115 1269
22 1428
1497 314
618 1085
1679 1147
768 62
1020 570
778 582
86 1880
1548 1921
1143 1684
330 926
1721 1008
1732 1648
1834 1351
1688 289
1239 1562
844 1113
300 851
1028 1117
1466 402
1486 800
1552 1338
952 454
1908 513
622 172
1606 920
1961 569
768 836
270 1428
638 543
1807 1177
426 1632
99 329
1482 1957
1509 578
703 1321
1326 1887
492 479
508 1181
721 930
1877 534
1950 486
1778 1434
1550 419
1826 1409
18 1900
88 751
563 811
86 163
1170 1203
743 1993
1968 1297
1912 894
1724 1286
309 1834
862 199
564 339
263 1851
825 1688
1323 848
851 1774
1728 434
319 999
696 4
1921 1614
1349 1781
511 1403
1956 1433
1927 1508
494 1588
498 1958
943 1088
1311 120
827 1660
942 715
1594 1716
414 995
635 916
39 1102
983 605
1413 327
1773 1668
1604 1809
1232 537
443 1000
1939 258
268 162
196 1777
1000 1292
1674 1266
138 997
793 9
149 765
1333 1090
1057 1462
1277 1895
1874 1523
1696 126
1906 1344
974 363
1375 730
1870 108
1202 208
678 187
534 456
1903 1637
1033 1771
179 141
1138 1681
859 1739
1545 339
505 1172
635 488
1574 1813
965 210
482 1814
1293 1664
353 1888
1455 1803
1596 1967
1347 202
582 857
1795 1753
44 1563
441 284
475 765
1638 554
1371 325
1552 1882
1104 155
180 288
1791 1681
1472 1510
985 1391
1027 1764
476 202
1244 1962
1233 921
265 1378
1415 1396
780 1747
765 1555
1791 71
693 612
1807 997
1507 216
1442 182
1178 638
854 860
1504 216
1111 964
742 441
891 566
1946 1644
980 1101
273 1445
1299 1464
1487 1921
564 382
457 1210
1887 124
704 1308
688 263
519 1694
1076 736
1921 137
1842 1390
1180 474
1563 934
408 1296
131 27
1051 1375
1581 745
850 1145
1565 1268
1754 1477
1816 1364
502 1795
221 255
933 1579
1552 1438
923 1763
776 1808
468 1451
1485 496
1534 1984
1982 1012
1384 640
1835 299
1795 627
1103 282
1807 1930
1952 296
1412 1484
660 935
410 1716
1352 230
615 138
1904 923
1772 347
1694 75
1500 1003
1169 658
1199 916
1447 1472
1866 1438
1981 596
205 361
77 332
206 1606
1723 876
1974 502
11 29
305 1769
1742 275
1247 564
1590 1024
1143 117
1695 793
388 277
36 1262
535 1238
1155 954
457 270
555 42
888 1134
200 1035
972 915
1010 1927
867 640
1760 468
1648 862
1713 691
962 1309
388 1351
364 1679
1455 1703
963 1156
137 1804
972 87
1562 787
65 259
986 1308
1189 472
346 1092
1178 1890
1302 1023
759 730
1871 262
42 175
417 724
144 165
811 722
704 338
818 735
162 1829
1100 1244
416 1091
477 1230
793 1701
619 215
1242 110
631 1195
772 59
739 398
313 1492
558 308
95 684
1922 243
971 911
479 1767
1896 1262
1222 1546
1085 835
25 1103
889 821
430 1031
1386 838
358 1132
857 1408
1968 575
1838 1025
1034 1540
1346 1820
1999 1038
938 1018
1430 1028
609 1068
765 1154
279 1973
220 1228
151 921
1679 1975
789 1163
599 1359
1619 735
420 1445
693 442
668 504
1376 81
1796 1878
893 378
1170 2
1836 1722
1400 1544
891 1401
521 1123
1491 1583
1596 1188
985 1295
1822 1692
1788 984
988 1175
912 1688
835 341
1231 707
1313 1612
417 1098
970 1292
1697 1370
1405 1957
1933 1468
270 1889
1591 788
456 766
908 820
1590 396
796 1212
1551 1978
899 1450
1046 369
770 763
134 1087
11 538
1538 1436
34 1322
460 1872
1547 8
592 1256
464 1261
1234 765
545 898
1882 155
1254 955
584 1768
288 367
869 1686
1527 1986
354 887
235 718
428 99
877 120
963 1884
694 1536
1612 1898
11 660
1417 1903
253 398
342 1770
1911 715
1128 394
507 668
1810 1802
849 1887
602 86
351 701
1893 298
39 1976
1386 1688
1828 1342
1188 171
387 748
261 880
2000 1232
1897 350
72 622
59 571
1604 1732
1699 852
1956 996
442 1015
579 269
395 356
607 1751
790 1791
1739 1916
1982 1806
671 983
1354 1316
1044 266
1534 481
1347 56
442 165
415 803
1282 1562
922 995
1944 20
1873 1666
873 1080
1760 1702
873 67
1658 1205
775 604
85 1447
1630 543
1916 96
181 686
1704 1721
79 1839
762 1857
1341 27
48 1040
1529 1246
1929 814
1003 430
428 1748
1286 946
179 565
1522 526
1737 1734
569 1435
347 961
1962 1951
1497 1160
1930 1556
44 878
275 1824
240 693
1840 1135
1714 891
292 1808
1603 559
1036 48
1003 1269
1581 238
1015 1859
79 363
1440 1719
826 1547
666 1775
1004 90
587 526
742 914
722 287
811 298
452 1631
539 921
1675 1410
1391 912
965 366
770 1497
1789 251
554 1547
405 23
1528 1836
1309 682
1987 495
1026 1003
41 1802
1894 1389
1870 398
1288 934
1340 1975
1460 1248
680 1302
250 1354
838 1855
266 1991
720 1677
1510 1802
822 447
272 1603
813 1199
777 1471
1394 1857
942 1660
681 1115
675 1297
1260 1430
320 913
771 717
847 1476
688 1478
1275 98
172 124
1830 1798
159 1097
1009 1184
673 94
1365 1363
140 1599
1765 1890
1950 1540
980 1950
1196 734
1281 809
1515 1206
1009 881
935 1958
281 1258
61 1618
1706 1512
1071 394
1093 233
576 744
311 1305
1232 1666
983 1547
701 293
1224 1273
143 513
1397 680
271 1573
885 937
1504 1978
1716 875
955 1683
1550 713
1795 1544
410 370
1846 387
115 1382
1081 1712
1577 1300
209 883
1234 1605
1407 189
1604 672
272 765
77 1295
1704 138
167 410
1545 827
759 1272
480 534
1508 599
1735 1081
1361 1134
79 1568
1654 913
925 814
287 1470
29 216
1881 1308
321 1375
1061 1557
1851 1758
822 917
917 1964
1530 359
510 16
1393 542
630 902
267 1440
1632 1541
885 455
897 1780
135 184
1035 906
459 1407
1562 61
1214 1866
541 26
999 1607
1012 1741
1475 1099
1453 1961
1061 113
1301 1474
1370 89
1910 1857
1615 1001
1281 1003
1729 1308
1718 725
1799 908
1070 1468
1497 985
242 139
761 1539
1525 1252
839 1778
674 1112
690 1814
1402 268
711 880
1712 61
1840 1740
1925 888
1283 165
1922 1798
203 672
1200 1211
273 1645
562 1629
1978 1155
1093 902
196 1538
1010 1172
1493 1688
242 381
1186 1550
456 1272
1841 940
349 1202
1920 177
1783 686
1656 1984
247 958
659 1535
1367 929
556 1932
1864 1806
498 1864
938 793
1662 1516
1299 544
535 73
89 508
1107 377
1821 102
1752 456
376 1922
195 467
1351 1348
784 747
755 1040
1705 1719
642 104
820 1893
75 1861
637 314
788 438
579 313
1604 1209
582 1929
716 1082
1468 1552
1416 1036
1272 205
937 769
1633 849
525 95
8 11
1473 238
316 925
1866 452
565 1777
560 1627
1776 1997
903 1330
455 714
709 1149
1097 41
113 878
1303 1763
1097 1833
606 1395
1544 1861
1911 1004
1675 738
1530 1836
1630 1717
873 66
116 1728
559 1295
2 1606
490 1173
476 710
1226 120
313 765
1111 926
1245 1084
822 1211
1965 1911
1542 1618
977 1485
1683 893
1963 1441
1804 1997
921 1777
214 981
1274 1409
756 56
25 890
2 13
285 1908
91 1199
764 959
560 1663
1828 1686
1367 463
1261 1949
1108 1377
1458 688
242 1733
494 164
565 1200
1361 849
1372 894
1870 217
1696 930
700 1800
1870 1973
219 1592
675 845
1270 1715
1479 761
309 1391
31 933
356 798
1767 737
884 1493
121 1896
356 1170
23 611
1918 1008
1437 1210
1761 1594
765 1684
1239 244
281 1033
301 98
165 1501
1662 541
1515 69
617 1364
1733 274
1080 761
515 1151
1469 1879
1472 1221
1048 1953
1950 1828
1781 528
1172 964
126 1248
1043 708
706 204
403 570
1124 504
921 616
55 1881
1906 131
1555 1415
1180 978
879 42
1917 338
1879 1847
223 1439
1211 1004
1213 929
1762 1105
964 1901
1549 901
835 1373
1331 767
349 1042
436 196
1023 702
1178 1069
222 664
1431 1528
1514 689
1213 1273
314 564
1563 1965
1037 1247
1920 99
1763 137
1232 1281
483 234
487 431
1680 105
906 915
1889 1114
1445 1458
689 1753
992 1859
673 326
635 147
1078 471
1060 335
787 986
395 1416
243 1485
1518 1107
293 1374
1431 443
829 519
807 1586
1709 1554
1902 1561
861 1746
348 1308
903 1727
345 148
1978 782
176 241
521 456
1940 1928
676 11
1243 73
203 391
225 382
918 282
358 838
579 452
1564 1623
894 447
1785 269
1022 1275
1884 593
1465 342
1417 1797
1902 1189
1632 1811
90 1970
1240 171
956 321
166 1823
468 147
1841 1083
899 1993
1324 1692
659 222
1264 79
1711 985
674 666
531 1001
1861 1567
115 820
178 1815
1432 779
1860 164
686 940
15 851
520 1302
60 1395
424 856
1715 224
779 797
630 734
1755 234
723 1845
1846 123
67 1331
422 1055
419 1603
1152 1002
583 964
1525 1764
99 17
835 1148
1555 207
1315 827
793 1653
748 1795
1455 1300
1761 1254
571 1688
1969 197
1554 1844
1613 1289
1543 913
172 1233
113 951
1675 286
608 1640
1999 466
176 627
855 1804
1122 1860
1049 1515
1902 916
922 1282
497 1251
447 1763
1869 1668
1044 422
162 1667
887 1315
1900 1636
1807 730
1996 1933
1333 1879
962 1639
873 1251
882 829
1698 883
769 1795
110 167
902 1687
953 34
1765 1490
23 913
702 1638
1315 1943
1877 1147
281 1974
333 65
342 629
1224 249
1830 1462
1218 80
920 101
628 810
945 238
527 1899
1623 961
1480 1580
1204 1393
335 115
1310 1454
1857 47
1543 1124
40 495
1625 1939
146 1047
147 1620
561 174
944 203
908 327
1372 1035
357 636
1797 934
605 970
1404 1121
962 208
903 1539
1190 858
981 886
444 56
1102 124
770 741
977 1891
1927 1704
110 1517
618 1289
100 739
283 1370
1156 527
996 894
1925 635
1343 1563
24 1228
1104 1496
283 1509
1624 1977
1853 306
1286 1388
109 1141
226 706
1723 1097
1890 507
18 1644
1594 874
1943 1934
1338 1209
728 1194
57 317
1633 1726
1675 675
551 1433
1569 1111
644 791
782 1875
1232 598
1088 569
26 241
851 1001
866 497
217 763
779 132
1760 562
905 1400
1771 376
1301 79
1511 1687
1212 40
1618 1965
1160 1262
1508 1772
877 764
1967 223
1927 38
1164 1923
1698 1202
1628 17
558 1894
968 1419
1731 508
46 226
1493 1670
1586 1351
1151 435
1013 1747
815 667
1474 505
1596 458
138 797
58 566
1838 1930
1201 1890
1432 1932
1731 113
123 530
1788 587
555 143
1996 637
1540 1079
1702 389
32 1739
762 1655
1534 569
882 1676
1998 1937
531 659
603 1427
1250 451
611 697
1503 1631
1182 495
231 1387
1458 1673
436 427
1153 1424
924 1838
1826 1945
892 462
1503 1775
662 884
1358 580
182 1682
819 1856
1022 554
1595 517
1017 1808
1273 1704
443 1565
1624 935
1156 373
610 183
348 1621
192 1994
890 264
1858 397
531 64
1927 475
621 1551
1202 1145
1791 777
1887 895
1821 1036
708 450
835 1896
1715 1688
197 1194
155 1650
610 645
754 442
1809 438
48 88
764 1673
1470 1217
744 1139
1381 1970
987 904
325 1776
645 232
1206 146
1418 1234
251 1240
932 194
1745 200
601 1101
251 1669
864 1551
900 676
458 1502
961 1979
375 1442
1530 450
210 1301
934 745
873 1244
1987 1205
381 1898
1303 1146
435 1926
1504 1337
326 137
1622 1707
1134 1857
11 1253
1867 424
1503 1754
1545 971
1516 842
945 1236
1132 1205
1498 71
901 1122
365 1655
424 483
1341 1906
1372 727
1735 545
1828 96
1603 1975
1340 672
588 1891
1037 243
634 1119
1569 724
211 583
1391 1087
216 539
1189 116
841 454
1385 1639
912 780
1273 1353
462 1465
122 426
1295 1873
1683 923
1239 1677
108 1506
1028 1096
218 1147
551 1831
725 1728
1581 1575
1999 1721
584 513
1528 648
977 35
713 336
1413 403
1255 809
1500 410
767 294
1595 26
873 433
677 1276
293 1841
766 307
488 1229
948 255
686 878
1580 986
1110 1173
1593 1254
670 284
1520 958
19 917
472 144
683 1371
1559 1567
1206 620
801 31
1496 1441
1402 1755
1667 1407
752 457
1855 428
797 8
1742 534
1535 390
1900 1396
779 1834
1136 1822
1214 1465
1049 228
805 1186
1975 1031
1664 1656
1901 523
1253 962
1970 1276
599 1299
716 1250
3 118
1047 1039
403 1818
696 1043
781 7
1280 923
834 1626
422 997
777 646
1344 53
795 1405
951 1101
736 994
268 574
242 846
1294 1805
1382 906
1610 1833
1166 55
89 270
1691 1499
1484 853
352 677
286 395
1017 635
713 1912
1667 1438
1559 1925
73 257
1149 1567
699 1774
87 33
575 1706
465 1789
47 1357
424 586
248 1180
1616 592
1734 262
574 284
222 1181
742 636
1264 710
1302 1834
1325 1815
1319 646
509 109
1971 80
28 1231
1475 1658
336 1015
416 373
1293 1549
1492 645
1242 1396
402 737
1316 1429
1533 504
838 334
777 1564
345 1266
1884 517
572 1946
281 276
1845 1915
647 1910
1737 1626
1603 127
1068 573
1387 1620
939 1067
1431 1450
1560 1647
887 963
1908 230
607 1145
415 1128
1810 760
603 1666
1122 1896
1864 754
1643 1224
1149 408
1828 1404
1750 770
124 289
1502 338
193 1768
1580 1209
1309 1864
865 1929
713 163
770 1911
279 1694
830 1492
298 1852
161 29
308 1672
31 1116
1756 1844
783 460
1296 684
1626 1275
1260 1460
1877 319
1282 469
1052 1016
1155 1108
1372 1208
1935 853
753 437
1990 1085
104 1430
1805 926
1865 936
1685 960
1710 209
720 58
1216 1865
376 71
1080 892
360 1377
886 441
653 1222
971 757
225 1057
1650 1252
765 555
203 949
458 870
1575 1432
1607 1147
448 1004
1679 940
1635 912
1820 1551
1914 260
1782 318
1453 1970
80 972
848 241
77 1181
410 1835
215 451
1609 387
700 1489
1900 1041
1394 463
246 1376
145 1441
1349 1359
851 951
342 194
386 314
1978 517
1033 1665
296 970
585 953
719 1896
1634 1777
1920 417
1546 970
732 163
1834 86
1453 534
111 1848
1666 906
581 928
1061 1780
574 1766
1096 858
1480 1045
304 132
1621 1047
1217 1910
908 1305
1817 711
235 1080
1469 313
275 1569
916 1106
1759 873
770 588
607 762
30 178
1366 1456
625 1942
1261 714
260 1546
499 1204
523 721
1554 1053
219 485
1153 483
652 1705
38 1565
9 1817
1248 900
397 5
456 342
946 612
1518 1351
1164 747
1960 1775
274 1253
1931 1975
20 1090
649 1217
1030 1625
1701 447
899 721
23 833
1851 872
1241 1572
1391 1986
18 156
953 1593
934 1330
1768 642
981 549
792 974
1579 953
304 259
331 1052
1495 1156
825 1210
1263 1147
1459 1243
1751 347
659 261
1311 1119
565 557
493 229
1629 463
1885 1526
293 1084
1135 947
1519 1940
1614 1592
74 1677
894 1143
406 221
1961 1584
40 1781
1212 1966
831 976
1535 1658
594 1626
871 1290
449 1417
1651 1156
1897 1588
1456 1518
1760 1043
582 1152
1733 1513
559 1326
349 197
294 1049
1914 1069
1947 907
877 438
817 1673
1080 1205
221 1502
444 362
1947 1957
25 700
1085 1704
598 809
395 825
874 1328
1264 990
46 866
1349 939
1426 62
926 487
1753 1125
723 1119
71 716
347 114
931 1687
860 24
1857 63
1842 171
1676 390
758 1757
1793 1903
57 1105
680 1533
708 632
116 55
1498 1473
808 32
1597 1254
852 1276
1102 1709
212 1468
1618 1124
188 1285
212 1549
788 708
885 146
57 870
24 1660
115 1832
331 1218
1299 1720
604 416
671 1955
813 1599
1150 140
113 1016
279 1515
1122 338
1482 207
549 1533
775 74
735 1112
93 693
471 719
1926 1421
1231 1699
1899 381
1627 1501
1461 1949
377 1556
1418 828
1115 773
482 584
468 1526
1021 1213
1421 728
1379 187
504 465
1356 276
151 1159
195 3
559 1507
217 736
1894 1619
1698 1280
1751 1111
532 763
151 914
830 184
1977 978
1459 599
746 390
1577 1110
1528 425
822 528
435 1766
352 604
926 1977
1748 960
1294 656
1465 1967
55 68
1110 1993
1922 1638
465 872
1096 85
742 860
908 1149
1179 1279
1396 1360
1784 553
223 1350
927 240
1414 1096
1064 1870
970 1332
588 614
1906 1101
498 636
1314 1534
1469 560
388 547
332 345
1938 816
458 1281
1430 499
1889 1084
1112 581
482 376
1847 1471
140 897
387 690
1028 1902
1100 28
283 532
963 1795
477 269
804 447
125 1415
317 1786
696 1131
40 1920
277 1785
143 643
620 1003
1934 1014
463 1862
1657 9
216 709
533 620
1197 1784
751 433
541 836
242 1022
3 1872
39 1816
1299 733
1215 817
1626 1321
1526 1577
234 281
593 1267
141 715
914 775
838 179
357 1287
827 1405
1001 1916
1408 1444
1435 1386
1469 1863
1785 1613
1664 152
732 1502
1821 1797
1957 20
1290 1317
485 716
1887 1051
931 1763
1901 1464
817 1836
1655 1791
1133 1430
54 983
598 1355
381 1606
377 779
1262 1106
1481 360
924 1374
262 741
411 723
1032 452
220 1935
394 1819
1331 1946
729 621
1016 1668
186 880
257 223
797 830
1847 969
1887 1753
244 1796
133 1226
214 1640
927 820
864 651
1082 1312
107 507
1525 1151
808 69
1122 1717
433 781
848 576
740 576
1181 1806
1441 1603
1697 424
318 550
813 1532
1593 746
1246 801
1873 1277
1542 1229
1076 991
1400 855
375 1778
515 1284
511 348
1511 1614
478 491
1423 1966
1711 350
1632 1555
183 350
195 669
487 1099
32 1149
1245 1143
969 855
107 668
555 320
1750 1603
426 1828
48 1956
990 1452
337 1477
1252 1099
1929 738
85 623
210 1730
1894 583
888 1048
1141 1129
315 1320
364 962
1799 74
1833 107
1104 1487
289 1789
723 1044
968 1044
1995 263
1650 1842
1102 1603
1445 688
1637 92
1481 1725
100 1778
270 1495
1356 1230
640 1580
143 976
1325 848
663 1048
168 314
1556 1008
1729 343
1168 1450
241 1980
1779 842
987 423
1262 1756
1258 980
1228 384
462 387
1048 314
1563 834
1109 1192
529 469
252 556
40 1242
1982 200
932 805
1102 1939
123 1812
330 667
179 1827
140 49
1713 324
1556 812
1273 540
1282 1413
1520 925
1434 1131
217 433
1074 1254
1950 70
720 206
1803 1809
1787 1131
1165 1906
433 86
1410 1471
1535 312
848 800
1661 29
156 1726
1060 1943
502 661
1930 1112
1671 1509
299 45
1926 808
214 1234
1264 1322
319 1774
16 197
1537 1399
1449 1916
1763 461
927 656
308 707
1609 749
38 572
18 1935
1295 1790
953 715
1003 1962
1950 1882
1195 1161
1316 1614
825 629
1445 312
1814 1059
709 773
1124 1584
1698 308
1527 1612
1597 1510
1845 1674
308 1243
1572 1873
946 1137
600 1797
1919 875
1556 100
600 1977
69 1438
1743 875
569 1770
1262 1728
741 719
970 890
1245 807
600 814
1795 371
1229 712
970 445
1900 603
1380 1895
1119 26
1538 500
868 980
214 85
1658 1581
769 1761
281 1766
1517 1842
1810 1246
531 455
1683 938
1320 1966
187 1886
1144 1567
260 1175
1261 1250
1259 309
734 304
1460 1493
1549 815
702 1116
181 738
163 20
1117 59
1705 577
1347 700
122 146
405 148
431 1873
1467 1409
70 1737
851 1572
1009 1623
1395 650
1946 1013
1372 1934
1410 1700
643 836
1774 1033
609 588
590 1105
970 803
586 1382
1582 1262
366 1301
1999 1815
902 1719
215 413
1424 1867
1046 865
701 1604
728 359
356 662
209 993
1016 1032
1551 1351
647 572
1965 288
1654 978
1417 786
340 752
1222 1232
807 612
1366 529
671 421
337 873
1700 518
1908 1809
1027 1458
1252 916
236 1653
1922 500
277 463
1784 1443
126 1402
590 101
1769 1567
257 1556
1373 802
1433 168
469 21
1519 689
380 1465
1997 787
1841 805
1397 1698
1133 1089
1117 554
313 802
1154 1772
803 1699
1528 1476
1938 110
360 446
788 1846
1697 1812
1433 1634
1069 58
1234 402
685 1408
1983 1617
500 105
1915 1103
860 597
1869 86
878 23
1950 846
1424 100
1205 1921
1420 1092
1690 1695
775 1809
49 1800
1627 1645
1142 1067
957 944
1867 1386
1433 63
1293 848
1176 1992
304 88
1236 732
151 653
497 237
984 1759
403 946
1702 1714
1358 701
929 1415
686 82
836 612
645 1520
1817 572
1345 642
1247 1311
611 1806
1916 137
1491 588
1045 1280
1506 1341
1493 1994
476 810
805 640
1189 1210
953 338
206 1546
1969 1419
220 915
1262 76
610 4
1407 1504
1151 1562
672 572
1606 128
736 359
897 1723
1507 115
408 1602
875 97
1393 99
1211 169
1240 1487
100 232
1427 242
1367 1881
887 1954
672 164
880 167
648 744
1051 309
595 436
741 265
427 589
18 556
1771 1538
315 1609
1313 993
1459 1049
1866 1824
1352 1277
725 1292
1114 1343
1365 1098
285 932
1780 750
996 663
665 1667
1647 879
1124 910
1707 816
715 997
1451 366
740 1091
997 302
1379 1670
1013 477
272 1181
1186 1926
1633 679
142 1699
1900 1059
1028 1457
1057 1926
1476 791
169 585
1099 1166
1456 195
800 1990
1747 1876
31 1553
1902 1124
1467 863
1741 980
1065 250
1890 357
679 738
972 1129
216 1545
730 1368
1897 1295
1914 256
1484 209
483 1828
1742 1876
1451 1894
258 726
1940 392
75 955
92 603
203 1110
1818 604
1336 1371
1750 548
589 286
729 1282
243 21
1430 513
1564 329
606 843
33 650
1304 609
1883 1543
1153 985
1565 134
1809 697
1181 270
1276 1198
410 405
473 519
21 1449
1683 1193
485 1775
1411 303
1565 423
228 328
1840 1806
1568 805
426 1830
1896 316
456 579
567 1338
1198 1191
1306 889
1860 1768
672 1819
418 1604
224 490
772 1910
346 1520
864 1627
222 627
1815 508
1659 1512
1811 449
843 265
1441 98
612 844
628 1728
8 41
1230 722
1368 61
408 108
1142 1495
1203 799
1173 1160
826 1894
1027 1994
1302 1015
1189 1703
1603 376
332 443
925 164
594 1870
1613 742
465 1898
654 1307
1073 1844
1533 1709
1557 152
1991 66
805 447
545 193
231 803
272 1302
882 210
1481 705
1729 709
170 18
1023 23
7 964
1825 1950
1710 1074
204 478
1728 1033
1003 1891
896 1058
1816 331
731 1722
1005 1835
1893 146
1390 780
1593 921
1945 148
756 1468
1870 1199
1718 1878
1228 1236
328 1800
1791 1500
713 185
1956 635
1177 307
80 1327
610 1191
1743 906
1438 6
721 1953
278 1946
539 1491
100 1916
1494 436
1064 1487
882 502
1374 595
1634 750
1334 1327
1028 1855
1286 1448
333 1132
770 255
1982 739
117 1065
588 1789
304 1309
768 812
1587 944
1841 1544
1000 493
1932 84
154 1693
1358 1328
1867 1029
1889 925
1491 1133
738 500
424 592
874 1978
1953 1850
475 1464
1739 861
1782 127
152 1462
406 22
1082 1468
1613 1357
1642 265
341 639
61 124
412 1428
284 1641
1983 697
1175 451
390 41
824 367
47 196
1508 1409
1287 636
1564 185
1761 545
1366 100
907 1751
889 712
1457 1518
72 1371
556 994
287 747
970 386
1917 1947
1742 1519
1675 1173
64 1124
260 1032
1762 1918
1654 926
742 828
1140 1344
530 1101
601 1544
446 469
1407 1892
337 366
1596 1804
532 239
1148 217
597 311
462 1598
971 105
1061 1692
1782 1162
739 1050
1932 927
518 1457
794 1823
767 883
975 290
1144 1918
1663 194
1941 598
1149 1654
1398 1718
1504 1533
681 1652
926 12
1337 1107
784 418
2 1521
525 751
250 1309
680 1991
872 552
1310 849
1987 840
261 992
364 832
1668 278
161 1592
493 257
1102 1966
1239 38
567 1129
1482 198
1852 874
782 203
1092 1155
571 1437
1962 1503
408 1863
1504 1108
1336 83
934 1788
1264 458
25 457
1886 561
699 1392
1966 1857
783 275
1553 636
1596 493
75 232
1299 1619
248 1295
790 1450
1759 480
1833 1825
428 939
884 1793
912 682
1115 1695
15 1609
1437 1066
593 1984
99 883
532 1696
1562 305
140 115
1753 224
182 1594
970 1206
376 1421
1062 1171
766 1637
1688 17
1221 268
1438 1849
1602 948
44 332
282 1688
258 1083
1879 1721
572 1945
651 1976
557 1357
1121 1294
1274 1492
1281 20
1321 1544
492 1180
117 1152
662 129
1974 436
141 1302
926 436
915 1735
1688 767
935 1824
45 190
1325 717
1961 917
161 934
819 483
1123 1539
371 799
1994 448
225 742
315 1792
472 1233
1810 306
736 397
1809 1839
125 1433
175 1697
1037 695
1508 784
1552 113
1431 1816
1946 1311
202 1544
360 1409
1523 56
974 543
1862 1935
210 1557
493 1881
367 80
1852 286
329 1055
999 348
711 1806
34 241
32 101
1769 1617
872 705
1498 1788
1329 1503
1267 1024
270 1221
1432 1268
569 127
1465 1807
603 380
1109 1815
1107 1147
1196 1812
1659 1218
1653 1109
1183 1136
1222 826
478 1817
1282 356
811 1920
1235 711
1976 761
725 299
1853 1962
1965 1588
195 1971
1404 833
1804 332
1572 1987
1670 910
1297 718
756 1049
1178 140
1388 153
970 1011
1993 1831
1356 430
1012 1166
1302 1382
1365 274
211 905
1799 1528
451 69
1367 351
1257 497
994 241
147 1729
1025 1031
1384 994
1246 1568
894 1727
45 768
70 471
769 373
625 1224
1978 278
1437 1091
588 1411
1124 38
335 1640
1221 9
36 1181
592 1576
1145 739
682 416
422 493
1000 777
1518 220
499 946
1614 1253
426 490
1202 1091
1371 213
1666 1938
1015 347
1189 1073
1149 1095
618 156
991 1894
425 351
1588 231
1942 1433
1023 1296
1685 1520
1491 1276
1172 1632
1076 1095
480 1128
1954 688
788 1399
1348 1681
1282 924
750 622
1605 450
1499 193
1963 56
1513 1816
911 496
561 687
1162 1026
1498 497
393 392
114 1156
1292 858
959 193
1988 986
508 221
1709 1142
748 1711
25 467
1775 187
890 1315
1172 690
411 1780
1538 48
1966 542
1451 1960
1189 350
1943 1302
228 1016
1928 1850
1967 1829
1087 118
1476 724
469 913
958 1781
114 1926
1183 553
82 878
386 1463
734 796
696 1021
398 248
414 1973
286 1525
1175 1707
626 399
1680 517
613 465
1276 1073
1083 1471
158 599
219 1230
64 1823
1445 1213
1377 1852
984 1013
601 1429
180 740
590 773
1092 1337
1467 947
1390 828
925 589
1600 1716
256 265
1552 1215
1104 1154
640 1854
1666 227
305 256
880 138
245 1499
498 1502
1013 140
310 1537
1352 1346
445 1975
18 42
726 313
1801 173
1266 1693
1272 1498
567 1524
1699 525
1814 1090
840 1205
1061 1042
822 1243
899 765
11 651
474 1348
1778 1025
280 570
237 1752
1780 72
1325 1467
466 408
1296 1136
604 793
109 31
1170 1602
421 1929
954 897
81 1306
1543 745
1657 184
999 359
1127 1776
1764 265
575 1280
1417 1591
908 1950
30 1425
1140 933
1420 1724
694 1529
1653 595
1353 1620
1098 220
1204 285
1423 1206
942 1353
1307 1330
1665 1106
937 935
300 221
834 1705
1447 1306
1974 963
1023 1285
37 1350
803 1248
46 6
1630 1132
978 1327
1303 445
623 539
39 1516
1006 1063
1901 35
1952 1958
363 34
1743 275
1472 1732
1177 101
1777 831
1039 1002
971 140
1192 917
1589 169
1846 510
1829 1721
1916 1385
634 563
1487 432
1542 1766
380 1801
691 769
1282 876
141 1017
1174 915
1483 1792
1208 671
865 816
78 315
1524 1675
1117 1265
1505 882
459 1995
529 1197
202 1143
1992 1279
1500 631
1237 600
1295 1622
1634 397
1451 711
1809 818
449 778
436 829
719 812
1548 503
319 1198
1099 1920
52 105
203 1895
991 286
965 874
1099 1528
150 1532
834 1239
1489 997
1980 1265
1445 1040
1960 987
1355 1398
1788 1433
934 1275
703 1791
129 505
997 870
1313 63
842 1564
1527 1835
501 111
1744 104
1304 1112
1541 1805
895 508
1085 957
1745 191
76 1607
1977 1995
647 306
1184 1228
1120 522
423 1367
366 1595
532 1205
1463 693
1037 1661
691 1040
1907 847
1967 672
181 244
487 1412
55 1476
1482 87
1243 1963
1556 1765
898 876
745 129
1377 892
80 1807
725 468
843 1491
1002 1901
636 1765
516 1822
835 1375
336 1858
677 495
1023 798
1716 398
1261 1848
88 1237
376 973
1006 1883
1415 370
1596 34
388 606
644 1293
290 1809
1340 1608
867 1483
1018 1284
1045 1911
1871 669
1633 551
1710 1399
1033 1105
1214 829
1695 636
186 756
1893 1877
1122 17
903 749
1890 1671
1073 350
762 619
320 1549
1624 1874
1861 243
727 1999
1315 63
806 1813
855 1861
406 868
921 1822
1608 931
419 1379
848 1893
496 864
370 1426
1265 742
595 859
1071 1359
1580 596
1431 1756
1773 545
42 1705
1295 891
1671 1523
254 238
1846 58
817 1748
61 1219
1206 1831
1451 1221
438 396
1914 992
936 1765
143 455
517 1645
357 1672
1653 1664
267 725
11 918
1706 1958
1276 1339
1982 1139
1105 1415
841 1502
1039 843
660 440
1998 295
159 303
1902 722
1870 1502
1454 884
187 1049
1278 1787
718 1134
1086 1762
1091 1162
1057 1340
1915 1092
184 916
886 978
1365 753
274 235
1663 1460
1915 1466
370 1247
683 769
1761 964
1274 1431
803 772
1796 965
432 292
896 837
137 316
1992 149
970 435
482 1135
25 1575
742 1215
1108 1124
1395 1361
1461 1152
525 518
1545 1526
708 1224
1005 1908
1832 211
492 788
1124 1803
449 634
266 1189
640 1216
972 1108
329 1948
1128 407
372 1674
1014 775
1202 1561
826 1800
1323 1544
1950 948
1889 1362
1350 1999
1065 1000
1393 313
293 670
1670 1515
1810 394
1605 1783
1269 419
626 350
1002 1872
370 1911
1040 1852
154 1248
429 896
1168 1190
1890 1954
793 116
1700 852
1661 1268
1653 1840
1110 1752
563 556
1585 1515
1021 1506
1654 267
1225 328
1831 601
900 641
1945 503
427 251
1660 535
1138 399
262 893
76 834
1925 711
135 548
1337 1326
958 1708
1477 1532
1875 1151
1718 1418
1596 1821
588 256
1219 416
1812 1855
121 1732
1970 1097
919 399
649 1046
1238 1472
1060 1668
37 1220
1237 1625
1790 1198
207 564
893 720
993 1314
266 973
728 1193
837 843
1310 950
770 1087
603 715
1387 1992
1129 932
667 1102
408 310
369 854
995 540
494 1476
1261 1065
1300 1707
560 756
545 1522
1969 839
1387 1724
503 712
1073 54
1512 1678
946 14
320 1520
1088 1403
1926 1021
213 1027
18 74
1464 1782
145 555
55 1122
243 1008
648 971
159 1264
956 1214
1571 1014
1934 1761
1555 821
1578 1930
534 1388
1125 615
1051 325
951 1921
483 1838
249 1804
73 1351
50 1521
364 522
624 1767
841 775
1009 493
1839 1070
1481 751
384 554
730 1277
1712 1496
1778 1889
827 531
1997 349
796 374
588 653
1873 364
775 1734
1382 1217
1487 1675
654 1558
287 1190
1421 1522
203 1862
621 1295
1084 573
1748 508
1186 743
1726 1557
346 1810
1607 555
838 1954
1973 1488
722 634
773 1951
1557 1332
95 837
1981 1202
1244 1635
1779 220
1892 1035
818 1987
1037 676
902 413
239 1370
620 1717
1950 451
1713 275
202 93
316 176
1327 730
1443 575
207 187
1928 1298
484 551
808 458
1390 1982
633 1965
1765 529
1528 291
806 896
315 1952
990 1298
1059 307
41 1332
45 313
1964 543
384 878
1124 1238
303 896
1935 1963
649 1695
434 651
1300 981
407 723
2000 1983
1242 822
1818 1134
766 818
837 595
935 1480
1410 721
1552 1619
613 882
356 1375
1092 310
386 491
773 418
1483 257
593 203
1401 1799
164 1803
1906 922
1493 1907
890 1900
680 1470
1434 1107
807 554
1772 337
522 890
1186 1967
1754 337
675 690
590 1792
1072 1022
607 1495
1294 742
1656 950
458 377
782 1797
1190 1828
220 1010
179 176
455 319
684 228
621 193
389 750
871 1993
1188 141
1250 674
207 1423
366 1274
1981 271
757 1313
1607 600
544 1384
1313 691
1247 5
1315 358
1920 624
1614 268
1920 1201
4 1052
267 1724
159 1779
1991 1269
1237 658
538 87
1346 737
1344 887
1846 1376
559 35
557 1289
261 470
1391 601
1086 556
765 723
128 326
406 1508
1218 1136
1234 81
1969 1954
39 1459
1563 1582
261 1412
1706 1570
1274 507
220 746
1280 1983
1382 1792
1901 1992
1895 1795
945 1351
1328 1236
980 1672
1702 718
1490 1793
597 702
1254 165
809 80
1876 1901
186 1145
1363 575
770 1649
745 1749
758 1798
956 335
263 1967
1738 1230
688 258
651 1319
219 567
1065 1399
476 1239
1793 677
801 83
1735 1975
105 1795
1232 672
190 1908
614 1468
462 199
1291 76
1909 26
1475 1329
114 1094
1443 1356
1939 805
1024 1389
804 754
1882 1858
1890 1512
376 1389
512 1553
1821 200
27 406
426 1356
188 635
193 1842
1630 532
385 726
1568 299
644 156
1766 1120
643 1619
482 1316
726 1040
230 64
992 1432
1078 792
1254 555
23 1345
611 1037
1576 396
386 1361
1929 590
189 1794
768 355
639 734
645 1034
272 890
821 1252
1124 197
1114 713
126 954
1213 794
1755 733
415 1739
1010 958
1241 118
406 1422
1932 1001
335 567
706 1175
966 1105
190 727
993 146
1029 411
424 1048
1035 397
774 613
1185 1031
1817 653
1172 664
1187 1382
139 1830
1546 1518
1362 1056
787 1310
640 1830
1217 1006
1713 20
1939 1939
1054 1890
189 1178
1036 213
1199 1014
1435 825
1950 487
1968 1385
60 234
518 403
1994 453
1682 856
448 810
391 871
1063 1499
1504 1872
1493 1440
398 304
351 1643
1997 1476
455 1215
152 1275
916 687
320 700
1109 1921
1140 78
183 62
1269 1344
344 981
313 479
826 1534
1653 1015
1193 606
1576 1098
474 1882
49 554
910 1485
1301 874
1972 1007
147 974
362 1211
953 1469
137 1871
479 1621
1144 520
271 479
648 95
7 389
361 747
1513 454
867 477
1329 1477
729 1910
771 1470
1437 781
1202 46
883 300
151 1125
251 43
1333 269
214 200
1706 134
1479 146
1886 1457
780 718
1377 1913
1984 62
443 255
329 83
572 1466
739 1755
1517 1579
7 539
1667 21
994 366
1919 524
1249 1589
1210 1121
630 540
1123 520
1858 1068
561 1420
1726 127
1092 622
458 1775
1045 1720
1822 299
193 134
357 328
1394 1094
2 48
1947 745
515 1047
573 725
437 542
495 575
1893 1550
48 1799
1421 1165
587 505
3 2
1765 471
1890 307
1167 1629
243 1641
1184 878
772 521
1929 1921
799 179
1871 151
27 37
1057 1079
1772 1535
1502 282
1834 220
940 66
98 809
497 771
599 1308
1015 1491
934 296
1921 1025
1361 1796
1562 1399
119 615
1432 863
1847 1105
1689 99
1563 1490
45 1998
667 1569
998 468
186 1252
325 596
1991 106
1257 1792
1998 1309
1785 349
297 934
1672 1986
868 1644
1888 392
717 1400
23 1886
1081 1366
1367 396
257 985
1238 914
1728 1786
577 992
228 517
1295 471
1770 1336
1590 552
1351 1641
1985 1837
330 87
482 528
423 873
884 1609
462 1109
685 844
792 328
696 1715
292 1974
330 1231
1799 702
1195 1796
1427 377
1592 1854
23 1167
533 507
789 1275
1118 1201
232 626
494 1020
638 547
1484 1081
186 1190
996 714
1351 485
1671 994
71 1617
1731 27
1461 904
390 499
1607 619
1999 659
884 172
27 892
1431 1260
243 1964
1245 253
651 1558
971 1604
1732 174
1416 1356
232 467
1699 408
1132 1761
1132 759
1436 339
1297 1336
1538 965
1116 1157
1109 384
1666 1900
1350 1335
649 1835
1021 1712
1485 1458
717 1566
541 1861
970 1194
281 323
844 947
1699 171
883 1457
1467 474
697 188
245 661
1730 927
1156 407
1067 345
469 693
1331 14
588 713
380 1431
1493 51
713 863
1507 1076
544 1872
1555 1514
639 1196
288 698
665 1566
1229 791
925 351
861 1298
909 388
170 918
1944 1157
457 1883
1468 622
1331 562
825 959
341 1476
62 1763
1753 1592
1043 1890
1749 356
306 1586
1817 629
1736 1476
1023 1830
1458 1502
1106 1215
137 799
774 900
1215 72
1121 1789
1678 689
1545 1467
1137 549
897 1345
367 1283
669 1509
51 1490
1424 1125
1417 447
1451 1041
774 1070
1340 524
931 512
438 1905
1261 1662
1041 1176
1352 1378
1637 1711
1137 769
327 1173
902 1042
489 223
211 1545
1767 250
1325 1990
1382 902
1143 438
367 1722
1158 302
1155 1787
1151 999
323 1551
540 172
1628 1598
1786 819
738 1681
1475 1504
104 411
1116 179
640 1390
106 828
316 1476
901 1206
820 484
1258 1763
1647 418
1460 1864
1976 859
870 1108
1609 1786
1864 1704
1820 220
226 1242
793 1622
932 1519
250 1098
992 336
613 1662
1320 164
1744 67
1392 1580
1113 915
1785 1196
933 1624
517 1072
1631 1381
1769 15
450 1811
913 1679
26 1463
1205 280
227 608
1435 1623
992 1238
1988 642
1491 24
1915 1715
761 948
866 190
279 369
374 715
745 787
1413 1658
749 905
248 1196
40 1075
609 1360
1274 576
753 689
38 1754
364 475
135 1288
403 1972
72 55
1512 1964
1259 1246
885 486
1793 1046
937 1448
1383 1173
456 347
985 1491
1653 1606
1941 290
989 1714
795 626
1540 1709
1410 1001
1904 1778
1937 787
1419 1427
1687 397
760 1456
121 767
331 1798
414 318
992 1348
358 1443
1367 84
203 1630
837 1116
1261 1842
1292 451
925 176
1006 1496
487 873
428 1573
799 1501
727 1269
1669 1907
1677 281
150 1048
1152 799
1549 1705
1952 969
449 1914
1443 990
1268 1711
683 1930
433 284
372 429
1314 521
349 1039
1224 1015
423 1050
811 587
1346 158
762 1059
901 594
835 1200
133 455
848 1342
252 1494
52 1102
1908 1711
146 1122
1046 1900
1334 786
1129 963
248 876
158 1677
1710 277
1 308
158 923
917 251
1225 536
673 497
694 1153
1072 1643
781 1772
330 1499
1346 1574
634 157
931 1315
1508 432
595 261
1403 1050
1650 781
1499 1154
1096 1522
549 63
975 1887
859 248
205 185
414 1742
1818 1042
291 786
940 1808
1272 1538
1828 1915
734 1657
1919 1187
1457 1284
1061 19
366 1604
1239 413
630 98
1157 1706
1739 1368
291 268
1023 1907
687 1868
575 821
1111 1750
720 1451
1123 1513
733 1841
1443 1288
1639 1011
870 633
1764 234
449 1343
1332 1114
499 958
1824 1054
1059 1081
1544 383
568 1633
227 1147
1013 908
1322 1257
629 1341
1867 1299
1648 28
1711 1506
244 1655
1604 181
101 865
249 500
815 1204
922 1643
1868 125
884 688
699 4
460 799
245 662
1897 207
1115 488
1537 840
1903 429
1278 241
1902 1095
502 120
164 1352
1091 1983
162 329
571 897
612 1268
166 151
1048 1234
1272 1308
1468 1730
548 687
1064 654
394 953
1075 1574
1810 1060
23 403
1169 323
1169 1139
1965 1910
1820 2
1194 453
1776 834
258 1851
1021 1965
618 118
498 145
1329 1453
1398 1879
1738 1582
986 356
283 1495
1359 977
382 487
1364 1602
90 1226
1843 100
1806 860
1083 1205
948 1058
243 615
836 1871
164 1871
400 1313
317 367
1409 503
1200 1617
709 1350
1105 278
1898 1971
1185 1683
1460 623
1843 1426
1299 1664
1238 476
476 830
1492 840
949 1224
733 616
1830 650
1162 1953
1002 1331
1389 21
1208 601
724 1743
1631 1964
1142 731
553 462
127 111
1266 967
1514 548
1041 649
283 164
1289 1805
1066 776
173 1509
1016 519
1552 301
1466 1887
1290 1606
544 752
841 1604
1114 433
947 1999
472 652
1016 1677
431 1047
228 352
1909 1108
495 680
325 1071
477 775
66 425
1846 545
388 7
1213 293
1978 1554
1501 1609
992 548
1697 520
641 1943
892 1017
1457 412
1730 1610
512 667
1406 1232
1854 1166
462 1720
520 497
472 912
1451 1212
1644 1663
282 61
969 1129
974 948
226 712
202 135
814 112
1506 1348
1242 1650
226 783
1459 1220
1070 1953
1764 337
1888 1016
19 426
213 598
1867 506
1486 1295
1936 93
1630 1018
1422 1447
710 1788
1920 409
578 1147
202 1556
1926 608
1887 1172
425 1861
1108 1883
1433 238
1237 1460
1870 1314
936 1282
722 1816
342 59
198 120
132 1371
719 788
1467 1927
566 419
418 1621
1014 592
1824 1
382 1488
1346 1652
876 1840
1629 295
220 881
183 232
609 405
1793 960
593 1540
1249 1873
1415 1418
1860 164
457 1334
1212 209
1210 524
962 634
1573 448
1925 1156
395 580
1194 116
396 1838
991 852
1783 1761
436 159
348 704
700 1961
1938 1091
795 1648
494 879
4 556
196 826
817 177
1129 1702
786 353
559 1
523 1724
1718 984
1542 1333
30 1120
1525 1700
1234 1798
499 1129
1433 1826
1943 591
709 1075
1944 1343
884 1363
360 671
1047 1368
1115 1221
1361 177
1859 538
1975 1038
997 1588
1980 1707
1582 1819
1789 598
1879 1155
1439 1953
1809 1729
1257 1423
217 1995
1648 1304
1712 813
856 185
1864 873
1785 17
1156 1380
1681 285
513 1455
1340 1880
1038 238
47 324
50 1347
1447 1225
3 740
1272 1331
1164 1242
890 1226
790 560
238 145
1995 1920
1634 1970
452 1769
57 282
1947 475
1458 1405
969 1902
185 1139
844 603
930 268
23 279
1454 1289
1702 161
145 571
649 1919
516 1470
1406 42
1926 300
1278 91
750 215
1224 1037
1095 1407
1697 1022
117 821
303 1953
368 1835
1885 1616
1366 413
317 1176
1975 740
684 1323
1029 1738
758 1422
798 1930
388 276
30 100
1138 476
1566 1299
1734 768
373 766
1691 1240
1020 566
153 1148
648 1888
1202 1967
1656 708
1854 1588
1231 1775
838 1393
527 1592
969 41
588 744
1445 68
295 69
1734 754
1705 879
383 667
1958 985
1804 862
1505 142
1836 806
1211 1723
1457 142
951 49
182 1128
947 1862
1987 545
811 61
914 1726
822 1614
945 1458
1771 299
136 492
1456 882
1394 1372
300 672
995 692
297 1380
291 1214
1706 1776
131 24
177 1592
18 856
897 101
74 303
454 887
625 398
1466 204
298 313
121 1581
1284 1564
44 1241
470 100
407 1536
868 586
1063 697
1580 610
1769 44
1374 601
193 1614
678 261
246 56
31 1643
871 1456
1723 788
150 263
519 1919
76 1868
125 1255
515 540
454 1931
559 1427
137 854
1868 1493
1888 907
1565 565
787 239
958 1154
306 1336
1191 1032
769 1058
130 1392
1182 552
645 979
751 540
1942 1411
1305 515
857 1618
1695 1654
676 1170
433 1218
1728 219
622 1925
815 292
1894 1025
665 729
715 1985
1979 1433
1987 34
105 1511
1786 1182
1892 802
348 710
1113 460
1814 1443
1816 1869
283 1752
808 1209
56 110
1540 1656
719 848
1406 878
1088 1115
363 994
657 83
289 139
1931 1329
804 1226
1757 264
1009 525
295 1156
593 61
122 1617
1727 38
1596 1158
1907 718
1776 595
1667 1140
467 1171
155 767
766 1892
1416 695
28 996
973 1311
1470 1803
381 499
1908 1062
833 262
1004 619
1660 1169
1209 1037
1403 241
1978 1213
852 207
796 217
927 78
1727 840
1211 1141
1772 219
1960 951
1066 741
1923 1833
1169 551
1076 1116
302 609
1171 930
828 1926
435 1902
1013 1120
1525 1000
1656 853
1987 1389
1264 1001
631 1188
750 1258
785 797
307 1124
1463 1308
1204 501
176 1916
567 1690
1727 1024
603 622
1506 1407
1621 1395
53 1084
1883 563
194 1376
989 1783
1188 1842
1928 1001
487 1674
200 1203
379 775
1338 1839
1427 435
911 1499
769 544
255 143
609 1628
1625 57
1107 1816
136 621
1222 785
1165 1900
683 1517
362 1491
1272 1350
1400 979
1034 353
667 1650
1885 235
123 1707
1080 1928
1498 566
1224 296
205 549
230 1583
1913 1522
1473 682
1069 804
1497 279
457 55
1767 109
336 1203
494 985
406 779
11 1277
1975 1790
345 281
889 1889
1458 1872
1732 309
1125 688
78 1056
1840 1027
507 555
741 499
840 902
196 362
1482 1050
1194 1059
1587 1719
278 1161
1186 358
1570 1894
1736 276
689 1554
1043 1538
546 803
866 858
767 540
1007 1539
1446 446
1447 1869
1799 981
311 649
1678 1721
881 821
277 943
1856 1206
1592 1135
1679 978
97 749
417 608
1797 179
167 1838
658 1518
698 750
284 1590
1751 532
566 949
501 1944
64 556
1199 417
279 1403
1561 1224
1222 1236
154 1307
1022 606
1868 1632
1548 8
1435 658
866 1285
287 1977
699 134
647 199
1780 981
699 490
1677 1680
1396 1188
646 236
1070 1918
1171 298
1708 1006
1479 995
1895 1810
551 1910
231 228
976 1628
762 1398
1229 1347
1096 1622
1486 1154
1079 1622
780 1742
1744 766
1545 383
547 213
924 486
638 790
1298 1909
667 193
1585 267
1293 471
1349 1392
875 1078
760 1427
696 1139
122 1174
1497 1067
236 1813
214 1699
1013 815
1023 60
60 56
1122 529
1368 129
1340 1531
137 283
1357 403
1829 1
1442 1784
1334 1911
1944 927
548 1741
936 1179
35 1474
1271 348
1789 1391
346 151
1332 98
1184 644
490 631
1277 257
812 1603
300 1634
201 551
1054 1046
354 1760
1338 565
964 1369
1199 876
734 163
1494 677
1229 436
121 137
1804 1673
1454 1221
1973 209
269 1180
1965 1720
282 1233
520 1727
850 889
184 177
1433 31
1139 1872
191 376
347 1696
1249 134
709 1506
118 1773
1424 1320
39 1354
422 610
1889 405
264 170
1231 385
1809 1995
411 258
1973 949
506 330
1173 513
1982 320
244 1969
766 1069
981 1707
1417 460
1175 1153
74 966
1888 1948
1296 984
1589 792
1426 1650
110 72
1820 1471
1359 1036
1967 1897
1281 531
162 115
1050 452
1890 518
1945 1514
1220 1497
1441 214
327 1718
440 486
780 1150
717 1519
1589 463
1329 1032
1565 1503
529 294
814 1687
1725 964
249 297
956 71
916 1248
1207 236
919 20
1577 1900
1939 137
218 1666
1975 293
1717 477
1520 574
186 893
536 1746
615 217
729 320
1678 858
1396 139
277 1336
1246 79
1875 955
364 907
1005 538
1617 970
193 947
93 1248
1049 806
1807 1988
624 1283
1158 1965
1711 154
1588 1841
1299 1908
473 618
488 781
14 1731
1266 30
794 1024
320 1828
607 1572
1465 1234
1604 460
734 1337
1881 806
922 188
1957 308
1335 418
386 1842
325 949
656 403
912 1067
1727 155
1161 399
858 925
1266 1337
734 1250
611 40
640 910
1175 1974
1449 1259
1472 296
539 391
1319 1591
1227 51
1212 255
1438 1551
1609 1866
1113 748
1617 1754
1540 1714
1045 358
500 7
1421 897
1606 965
1831 197
928 1082
62 360
1011 523
1071 1569
559 896
1708 641
1727 1577
281 1706
813 1648
1402 208
1601 1331
1671 1571
1865 282
625 1373
1662 1467
757 802
1216 1245
844 1109
1860 1488
1215 1724
579 589
616 1487
1081 967
