p td 2000 8000 
1484 1306
1064 1823
172 215
1733 102
766 357
1413 1256
162 55
1026 1471
1352 1927
771 771
1189 1663
239 135
1062 117
1747 109
135 1087
1259 1899
766 1676
1676 1949
416 1861
1781 1875
82 609
1755 1421
482 721
235 312
601 357
643 467
1993 1643
1182 365
936 392
1288 715
1469 231
208 1670
1058 1213
1233 1300
808 1075
366 1784
1369 556
477 1285
1750 425
1904 401
926 1958
1274 676
1980 1980
726 202
1263 602
1464 27
359 227
115 1103
1227 812
23 1972
1290 125
335 163
1827 305
496 140
737 734
1830 211
1346 1620
1193 182
1095 788
1856 112
1388 1855
1385 1167
1770 1942
209 1574
1714 707
1301 1016
614 142
409 1973
899 226
958 609
1389 1340
498 299
716 355
273 1247
1507 1313
1898 410
1710 1740
940 1874
1691 1729
244 1054
1021 1613
1743 1617
1192 1037
322 14
1951 919
151 921
1143 1144
853 1993
616 1798
1925 1930
1423 1288
520 1049
525 772
179 602
1208 1651
1110 829
641 1774
232 213
810 768
955 1365
1257 1993
1060 44
1681 1041
545 224
1499 768
804 1402
1446 936
783 1536
1396 491
471 705
1582 1628
164 1910
866 1782
1787 1751
464 1981
1695 1722
493 235
507 1779
208 1018
1586 1679
424 383
1337 289
1245 434
1459 273
702 69
1587 296
1454 1564
995 1400
1160 865
1938 1978
685 27
1778 934
1305 1976
1238 537
1608 1210
945 1739
421 1372
877 396
1965 1051
881 491
1720 224
866 246
169 260
1789 1967
944 1775
983 326
645 149
840 1881
1388 3
915 173
600 368
1023 1696
1722 1620
1159 1641
1710 263
877 1545
1681 1693
481 1681
8 1171
1547 1572
484 309
1711 55
1655 372
1936 57
1759 782
1340 976
1679 1676
1415 964
590 479
980 435
1219 733
1590 714
188 619
752 257
1831 384
956 1139
418 1240
470 258
1419 1949
1875 896
215 102
1487 1477
801 1568
501 1837
594 280
269 730
421 1935
552 1905
432 1947
1603 607
1619 1959
1313 1391
367 240
1108 88
1159 1767
1306 1854
783 239
304 1026
702 1100
1484 1921
1288 1415
1161 285
1595 1695
1424 271
537 757
660 1977
180 1728
861 97
1440 1449
989 759
1927 787
631 96
346 210
156 1794
930 794
137 1363
1399 132
962 997
769 191
1778 1765
793 1192
877 349
1964 1979
645 145
1069 1632
20 18
768 1211
864 1901
611 236
1112 1340
519 1416
102 1407
232 1499
553 711
928 225
389 829
777 968
71 634
107 1507
574 1997
1057 894
681 1669
553 1902
734 847
1666 1602
414 1619
513 1248
1494 1900
492 1757
694 265
680 1380
1697 1646
1141 1305
1874 982
1831 1302
1559 1115
1515 1452
54 1654
761 439
1076 1402
957 1523
811 53
872 1202
1224 1493
351 383
1396 1826
1239 1923
1349 1501
241 1749
1559 1279
1258 877
1206 77
1644 826
438 104
177 1967
111 1907
38 480
1984 910
719 1477
889 836
1756 1372
28 822
267 1478
1815 1063
1610 1641
1793 1711
53 1769
95 692
110 898
827 1994
1335 1125
1872 65
29 310
1176 1471
824 507
1992 1233
1848 1127
813 80
1189 1947
1299 169
859 859
743 267
1757 625
1750 836
1182 1191
1436 282
908 1658
1751 1339
249 1849
265 327
822 659
1244 930
722 1937
647 198
154 85
255 697
1429 734
129 436
673 932
1739 1953
1655 401
1597 1304
1193 1765
677 1261
972 144
505 1506
1288 496
1265 653
278 122
175 1894
566 1545
602 1325
1677 1160
1711 1780
1973 291
600 1659
598 1923
414 1601
1138 1616
1929 1943
1203 1818
1257 840
774 484
29 1742
1065 1988
1202 1102
1651 947
796 1187
372 467
1503 1878
1711 1686
1655 1539
931 497
605 366
1606 448
114 468
1870 1781
1075 524
1761 910
1232 1181
1790 203
1166 1150
880 1557
1016 412
931 577
1605 59
8 587
873 1386
350 723
520 1766
503 1026
708 1388
47 400
964 730
424 155
1184 999
461 257
811 1876
1169 254
126 1286
1798 1553
1572 1021
365 481
65 1372
400 678
1394 243
1973 1523
1766 62
917 1078
28 1383
1979 978
1978 1490
427 611
184 1930
1529 1921
718 1452
1814 425
1786 1124
194 1539
388 1204
1627 352
875 12
1680 1316
1928 484
1272 235
1626 737
91 1584
1467 1228
1214 1815
879 1368
1225 1325
166 647
1965 1183
1982 1046
45 75
685 1199
455 754
1610 799
1156 189
610 1879
1523 1084
723 236
1285 1608
1094 68
970 1947
249 1152
626 1566
1458 665
1252 237
791 1444
1863 1475
1210 1834
1342 1348
682 1530
1781 1120
1563 1223
560 781
336 673
1927 160
1457 1706
1126 586
178 149
771 902
1576 286
1180 890
144 566
1575 1879
1505 967
351 1381
685 392
392 1164
1705 797
358 1028
1902 106
296 1588
1199 1671
182 377
62 1008
1993 1117
1385 1512
555 1963
38 146
1824 288
1149 1340
1068 1930
145 1966
1226 563
1375 395
383 258
899 279
1025 1213
1868 552
150 459
1761 1668
116 1265
1037 267
621 96
490 350
1501 590
1232 669
1203 1747
1128 585
881 1450
244 694
1364 1580
630 697
1433 918
951 1820
1267 1873
454 366
352 1081
746 1678
1002 1125
1179 1084
373 1845
1530 1825
1689 27
627 591
266 951
1514 344
1955 850
250 363
584 989
1249 346
1349 333
401 1739
1556 1324
1912 1789
1054 1387
848 960
1636 1928
1668 1389
950 1540
1839 1942
444 203
1239 991
1924 1109
1215 1434
1464 1311
1583 500
433 846
37 214
533 1461
1805 1659
1970 210
1968 900
687 1391
1339 1022
1558 1957
1169 765
1566 182
1303 752
1030 450
1110 1471
1272 1433
182 155
1421 110
625 447
1780 1936
1912 1429
929 1431
1465 1099
4 582
73 428
1682 1764
506 1065
733 412
179 1653
1870 605
1491 1242
2 1428
1531 91
459 1115
1937 1835
734 1740
550 205
1483 480
1077 1305
181 220
195 955
909 1766
950 1179
1431 261
717 625
1388 36
1888 1019
875 1141
332 1305
1082 1330
192 1265
158 109
1082 1437
1914 577
1682 485
1670 1115
30 1487
1064 1457
107 719
1124 384
530 1238
312 1514
353 119
625 1429
61 1717
1913 1998
940 1364
1867 181
899 95
1329 1063
417 360
1926 1409
1352 101
737 658
1377 651
1530 75
1060 630
1921 1126
64 1548
817 1132
1738 693
892 656
1711 808
589 1337
620 1099
1804 1057
969 44
1085 1534
1144 31
672 49
1606 617
136 1176
756 960
1109 1168
1474 1196
939 473
1937 1078
1237 1543
688 512
1788 1753
489 364
1500 427
531 886
184 605
1255 1593
1974 636
13 494
1723 470
755 132
1203 251
668 1589
1541 1187
1117 1846
924 1971
1580 456
1932 1804
318 139
1401 1018
1161 507
1358 32
719 546
1034 555
1502 1757
457 223
276 575
398 835
1267 684
1434 1862
783 280
823 668
639 645
1444 209
498 1588
1667 1569
93 198
792 1537
703 1868
1238 345
1318 1945
1112 1499
118 297
1260 385
515 819
1097 1980
1811 1142
1819 1731
485 980
1611 1941
484 1844
371 1615
298 533
13 482
767 1324
1570 1895
181 1247
1560 1724
1752 457
481 293
1171 1997
1092 830
816 1027
582 1877
986 1046
1364 1933
742 718
1668 831
536 1732
1911 1216
616 1158
661 1265
675 1950
368 1493
1060 240
190 1952
291 816
945 434
460 340
1961 1652
1152 661
1440 1592
1939 1728
949 346
237 811
1558 1540
900 1885
38 172
197 921
125 1199
142 1143
1534 530
1063 404
26 1604
87 1180
1507 1316
1468 335
440 394
507 1437
1204 1000
1360 1849
399 385
322 47
1679 777
244 198
1451 1804
1043 911
1164 840
1867 923
1906 1607
492 1872
1151 1930
1981 361
385 849
441 1998
572 1024
877 927
1567 159
1683 1036
1671 26
682 985
293 160
1965 1339
1714 710
1504 972
880 1165
829 711
1585 139
1271 977
583 864
1308 663
832 831
621 349
1542 584
253 1664
1765 1473
1510 251
1671 1836
642 218
1823 988
276 1519
173 916
904 219
1088 1156
1695 633
1442 1098
1972 29
1378 808
233 695
548 611
1709 1555
106 1277
1862 422
927 1641
325 873
1850 1401
514 225
1030 1983
1112 1316
947 1937
672 1074
1649 5
828 1622
997 407
228 1960
715 448
887 806
1434 270
925 527
353 265
1078 582
368 984
1424 768
1360 619
1011 1808
351 1578
1279 383
386 734
1345 166
183 502
807 1838
401 1825
1641 1190
695 149
78 435
592 801
613 634
287 23
1125 445
1726 317
1051 1505
930 1225
1422 1989
1642 677
153 358
572 469
208 1891
123 1992
58 438
255 1244
568 1846
1862 350
831 1741
1936 1595
1692 1585
169 812
1386 972
790 529
440 1596
1799 284
179 1538
1197 547
852 1746
1022 1590
1591 1546
370 1372
1542 1939
1473 558
1885 1056
1445 26
968 1339
258 1914
821 1065
1120 844
1907 186
1649 1665
1531 982
65 1438
944 1485
1061 877
644 1413
1856 362
1749 1516
255 1445
195 389
18 551
1977 988
311 315
695 428
755 1013
1860 1989
1605 1502
992 777
210 467
868 971
473 1370
518 1323
833 746
206 1993
44 1819
1157 1201
1983 860
531 1030
1838 661
1390 1789
1780 967
1087 421
118 821
602 1329
468 823
1935 791
781 1070
1147 1994
133 1309
1580 1383
1230 397
1089 1729
488 147
197 1894
1861 1908
887 1538
1879 1565
846 431
894 688
1336 1814
193 249
1435 1314
1343 36
1616 1739
675 1751
243 367
781 1311
243 133
1540 1721
327 321
1812 429
333 1843
1284 1805
68 1705
1154 1763
272 1267
35 92
1581 765
661 366
430 1170
624 1975
769 1943
262 1567
168 244
1690 316
1822 1793
1850 631
677 1044
145 1858
1939 874
697 342
828 383
280 1596
560 622
162 1181
729 1557
495 856
351 17
97 1970
1862 1224
119 467
1108 198
1219 1786
926 1900
923 1072
988 637
1791 1884
209 297
1889 64
234 479
1252 784
1428 567
1836 668
1339 434
427 1802
602 247
1780 591
1478 1661
1667 1803
1145 1455
1371 1541
82 86
325 575
1238 1534
422 335
111 516
1237 285
1977 427
715 993
1706 1643
515 868
1059 759
1362 361
387 580
1093 207
1261 97
238 342
627 582
363 163
1906 481
474 1668
93 81
1735 990
1959 320
1031 482
641 1892
64 1462
1181 1415
234 1828
537 856
866 522
719 790
1732 1477
481 818
438 1833
961 37
746 1364
1614 1575
686 1959
829 74
1645 956
323 1258
1468 1921
1106 1874
1142 1313
1402 1113
69 527
1679 678
274 1825
325 1128
1078 1811
605 1542
1205 124
1692 668
1017 1033
817 749
1025 96
1947 1789
1566 150
408 1963
225 1379
585 50
1895 872
1057 993
640 777
150 1685
873 1081
1171 310
1934 1607
1986 715
682 95
1250 1992
303 1829
447 189
609 1675
419 68
1983 1876
826 1050
1072 768
1504 578
150 1705
1298 1356
1139 717
1937 584
151 173
231 1831
1817 1001
1065 1135
1032 1381
1879 1221
684 1560
52 564
189 89
795 1051
1029 1565
606 773
175 834
733 1982
1644 415
924 1526
1752 500
897 631
1144 1936
932 436
22 585
1909 823
163 672
887 126
1484 941
1798 1214
18 730
963 677
1878 1719
1186 1108
718 1762
1892 888
1956 210
616 1123
207 475
933 180
286 698
58 1541
1812 1371
1518 188
1222 98
1542 1380
1767 560
1310 1432
1677 815
1559 858
167 678
207 997
1336 517
798 105
1079 1240
256 36
810 578
40 1164
874 1793
1858 718
1480 462
952 1445
812 1527
1084 993
1365 435
1043 571
1655 319
1546 60
362 575
1566 797
1156 228
1968 1305
1135 837
799 1449
1290 1097
1666 31
594 1579
1918 1613
1520 1709
128 1373
1992 872
715 993
309 1097
820 95
771 617
463 678
1142 1139
833 843
567 1985
810 667
97 271
296 1468
781 793
1529 709
432 310
605 1582
1224 1590
1198 1135
453 901
1230 1114
694 1671
1125 45
1723 1844
989 321
164 534
1169 1624
1709 1891
1114 1401
1088 453
1717 304
145 735
204 638
1899 1992
1070 691
1742 1854
520 853
797 569
1953 1490
1697 770
1479 1274
592 1380
1921 787
311 1887
1952 1021
1411 1725
584 139
420 720
551 1214
510 232
1528 1330
665 452
65 1019
427 150
451 1389
1549 444
126 626
1958 1908
1899 1862
1577 1146
1360 928
961 523
1336 1606
1059 1225
1814 192
1706 1992
301 1588
188 1861
1398 694
172 198
409 1783
1022 1219
1125 1878
344 456
1756 1109
960 703
1724 66
38 340
739 1550
1042 359
234 1366
1986 375
594 1263
548 481
413 1151
52 228
1181 1026
322 700
1311 1207
204 380
1229 778
20 980
827 1573
1067 1630
567 1385
1757 1362
1608 1005
252 1509
1039 741
1998 1363
120 1463
1130 911
1191 1
169 1449
1910 655
1828 1135
396 981
390 1621
1062 902
1821 774
500 55
497 1155
263 1262
718 1603
1390 470
895 1217
1472 952
1302 202
1789 482
592 582
600 1097
454 1664
1652 606
212 1306
1682 1294
1910 1179
805 613
1439 1764
819 857
1669 189
209 345
202 1128
1619 1520
549 1344
294 1323
193 515
1257 1899
624 1324
1838 1387
415 1632
664 929
505 106
858 90
938 1372
1387 517
1143 1276
52 231
110 880
531 1222
1093 99
10 1046
1433 1514
1795 1129
287 1386
1733 974
1070 514
1376 1533
446 1260
473 1299
1648 137
1809 859
236 404
1419 1174
1036 771
651 1171
1536 395
621 1004
626 824
1079 1014
1498 87
1012 747
483 1510
1243 606
352 378
662 1354
416 308
164 774
1327 1010
1243 491
349 1152
1536 973
743 1979
954 1875
90 50
1717 1489
1988 1279
25 414
1173 1186
811 1218
1762 1492
205 1007
732 1022
724 184
1878 215
976 1653
1434 417
1699 579
1001 1767
651 1694
547 1195
137 1134
854 285
852 1698
1490 1899
374 221
1304 1788
869 1335
1257 1707
1392 638
144 671
222 1274
1143 1139
859 1831
795 411
98 440
214 1897
535 34
986 1693
739 715
684 1474
382 609
567 794
1409 974
346 1591
495 1561
1206 1450
358 27
1890 474
1371 314
90 1569
1189 557
748 1404
406 1491
794 842
1429 198
173 1276
459 1562
414 1092
1786 1601
1468 1495
1248 582
1484 180
613 461
1480 756
774 1653
1601 1404
1780 605
444 1316
862 343
481 369
1583 406
714 1704
1066 1527
1484 1752
1428 1635
915 1475
1983 138
788 537
661 1289
764 1394
1768 186
1566 1897
228 1557
1508 1878
1583 824
102 779
1762 57
78 917
1830 1650
1838 514
1987 37
426 1949
1080 828
1276 121
1175 655
380 246
1946 1852
1200 780
729 1866
1149 763
251 836
1963 1034
823 202
680 768
1862 261
1 157
702 1353
1878 1220
403 1785
1448 809
1677 1749
794 1597
1014 248
705 985
98 1333
127 1020
893 1280
1183 95
1746 1574
1640 563
1190 672
848 294
1018 1318
592 424
306 570
272 1063
1275 661
1358 1817
1026 1509
1270 1981
1582 1995
1573 472
848 494
1618 740
517 1786
480 1777
1997 1129
839 397
1260 668
1237 1312
259 1270
774 1765
1871 1720
183 1681
691 549
310 631
718 1667
606 296
1109 1227
661 849
821 579
618 1504
1301 1713
729 183
606 92
1664 73
1507 465
1734 1587
636 1413
232 1591
95 1993
1132 1920
848 1811
978 25
349 103
858 1457
709 1554
1985 1528
1765 712
1638 97
51 523
64 126
1889 153
429 846
1162 592
568 842
314 992
1403 1861
1130 836
1669 812
1579 225
1124 1945
1952 986
1038 163
756 1324
1641 484
94 1348
271 260
186 518
257 671
389 915
1874 651
354 1124
1317 1552
1282 1018
157 1743
883 1028
858 1330
1903 1740
1025 1318
535 510
753 1231
1001 1415
1670 1186
1290 5
999 1743
233 648
1078 228
747 652
12 736
868 995
1384 1873
92 1986
344 611
1503 40
1539 1141
1587 823
1749 1634
960 1467
474 1808
682 914
1327 852
265 1773
579 180
1454 1772
1103 202
1139 58
366 1002
1653 1683
649 917
554 1449
212 778
156 438
986 1417
1293 750
850 1035
1497 240
1025 671
1364 617
1189 1005
1937 1216
201 580
1227 1170
836 26
1399 1319
867 1455
897 1729
700 839
749 609
1012 1294
525 292
1820 637
612 1387
1527 213
143 1128
674 1475
841 738
1639 713
1831 1076
1748 1259
814 1708
1350 403
1743 1314
25 217
1073 1042
1354 1689
1053 1103
671 356
1309 832
1363 104
1953 1148
773 590
966 5
1074 1550
50 205
357 145
1945 1248
646 1925
535 1417
1176 1833
779 1140
1428 815
643 127
192 1680
985 1964
307 1043
904 1077
640 462
1607 81
1247 460
119 829
73 1487
741 1034
545 301
1494 809
1636 1017
1528 1239
39 1166
1924 1350
378 720
1297 553
489 267
1831 1987
159 406
631 1501
1468 1608
833 1884
246 490
1186 211
1949 1511
1390 250
1329 549
1757 1931
1410 1279
935 1965
723 689
756 823
1950 199
185 1056
1846 187
216 1444
1424 1616
899 73
1368 607
1072 1627
1274 1053
826 450
806 373
311 334
1119 1792
1945 1940
1331 62
1963 490
1369 734
1480 1083
386 764
1603 268
454 960
1861 1528
1452 607
801 556
364 430
1059 1684
248 169
1834 1272
1056 1213
139 282
1641 97
1331 1549
1558 1196
125 1901
889 577
1622 1824
730 295
395 1726
1519 1944
1133 903
1575 1020
814 1706
1854 136
89 1523
1461 891
1806 1949
1963 933
843 1651
1255 983
1236 394
1973 1587
1367 932
1080 1762
1431 337
845 1094
1565 1551
241 696
533 138
287 742
1937 165
546 1650
1360 910
120 773
1992 542
1620 1994
97 4
1693 1171
1149 1044
1319 156
1852 656
813 777
1845 1090
1387 1917
1790 1940
1821 564
224 1920
1443 991
142 535
1368 401
1006 404
54 594
1653 665
317 882
1253 1803
1568 1901
715 197
1222 529
1352 24
1479 216
760 448
1961 827
1295 1163
81 504
1507 509
125 100
1866 1281
312 1560
1371 241
1445 642
185 1296
469 1929
853 984
1746 562
463 1405
1034 335
166 1193
1145 328
1991 1872
1608 1793
519 1611
642 167
1987 812
1447 1477
1185 1750
1856 224
1793 1600
227 1791
289 725
981 1787
1862 1659
94 1974
512 1167
63 1027
1106 1977
1569 1315
1190 1712
682 1231
1832 1722
603 455
1826 1275
1851 817
628 1177
721 1510
419 1504
1739 1703
917 877
152 1713
730 868
641 33
236 1482
1929 1695
686 484
818 1619
1304 202
240 1932
1198 26
597 825
1213 1504
1194 221
40 165
1968 144
962 851
609 142
1791 1714
1311 756
720 1817
1480 37
1935 719
1021 1731
306 1686
291 538
1824 1599
653 22
1697 1221
1007 358
351 1872
1797 1295
730 1737
1422 1486
17 935
579 2000
1256 632
1048 919
1178 325
200 933
817 219
1765 317
834 1392
1173 1180
1465 1212
188 805
471 821
1661 396
910 438
1739 1669
488 1199
1431 112
767 1920
1340 1374
1683 232
532 1182
1019 842
1057 84
349 1720
1892 723
950 1414
1877 1216
1829 1999
808 1716
363 1496
985 1438
1864 1711
455 1200
1926 471
1640 1757
1223 1649
1905 557
520 1586
187 763
1264 1166
1178 1637
813 1610
1838 615
70 1079
362 1887
1152 725
1152 406
1355 1257
914 246
1933 309
1794 448
1175 1842
1230 1598
1854 885
275 288
518 902
1480 1446
486 760
788 1857
233 1649
1371 330
658 94
960 1184
1308 460
1665 825
1771 1745
169 1529
1137 580
1252 894
672 1581
1813 555
1746 479
875 102
1489 47
881 1695
654 1332
994 1573
168 1727
297 254
300 1064
600 1009
617 1264
559 282
1378 126
10 1259
958 186
186 1330
256 1177
674 253
937 1853
1380 623
1210 709
444 437
660 1612
1791 859
1745 1507
940 738
1725 1597
334 571
1985 1903
1309 1241
887 1666
1122 1390
865 364
585 1189
1841 1044
1690 1796
205 546
1032 733
1649 1971
627 623
1189 691
31 136
1684 1071
1049 1373
347 12
344 930
64 1563
1699 776
1370 1017
213 1587
1238 196
677 1161
1661 5
83 227
1895 115
1754 1250
615 633
156 1314
885 1777
1704 1051
124 1275
1953 978
180 911
1084 1086
1297 82
1104 1468
1061 1256
637 745
1995 55
882 1246
996 1681
135 871
1119 1796
761 409
930 106
706 1860
1218 725
145 932
1766 619
1940 830
1656 1313
57 1527
1286 253
1876 712
1826 1738
1995 902
1238 954
165 767
309 339
357 1532
643 483
1568 1169
413 1723
1126 801
1539 1929
1730 844
1882 617
836 783
988 1371
1240 1805
1359 169
1035 314
1294 463
859 383
1654 1965
1515 620
308 232
1838 864
1889 1055
1889 378
368 1755
805 447
1712 1312
1082 96
844 1858
1936 214
625 587
1373 1561
1553 366
1502 55
1 1696
727 1799
838 590
97 1155
1975 1378
586 1208
1042 1425
221 1807
875 1796
548 1751
323 1149
333 639
568 604
655 83
1178 638
1426 1972
57 1694
1524 757
136 28
1696 1106
1858 1386
1744 564
725 1992
1304 1006
1143 1394
1246 69
1003 949
1403 63
1602 1109
1733 1861
260 1089
1469 490
835 526
1751 1342
1380 1822
1799 1852
161 567
871 1679
697 528
1485 92
958 260
1449 713
945 220
1842 1326
1404 1756
1034 311
64 1845
481 18
1722 233
1006 1387
620 537
1749 476
1576 478
908 195
277 1897
407 778
529 1337
463 934
1666 1527
680 1691
934 1290
109 1996
264 134
1109 1804
623 137
1241 240
786 38
370 832
1852 1121
134 640
1761 1464
1291 1498
1135 1353
1468 267
1722 930
1604 743
1910 1159
1492 660
1033 495
552 1764
581 1963
1636 1057
927 1486
135 1212
1728 1209
452 1493
216 210
1205 1939
1993 468
1068 580
1464 699
52 976
189 1575
913 130
1021 575
374 1777
318 1295
1134 945
1299 1040
1815 218
1291 245
384 1625
1557 1043
1728 1548
271 1200
841 649
1992 1775
1430 372
1020 1713
1108 1381
92 77
1130 1974
1964 560
139 1094
440 1815
86 1720
1070 96
908 745
1017 1907
1333 1389
450 1041
1935 1373
77 399
674 1363
1494 837
1072 1238
528 458
1913 933
1937 642
1953 94
448 1608
481 194
436 1599
1256 828
1464 1337
539 1077
195 959
485 202
1862 378
73 1152
1392 1552
1806 1990
1137 1608
1641 1507
1 271
941 564
239 1436
397 454
848 1649
1390 650
1149 541
460 378
66 1833
260 1213
1513 1219
1716 1918
1390 137
1011 1791
239 827
620 1125
757 531
1432 837
1692 137
970 101
1833 1056
594 631
469 1651
393 1506
280 776
1518 210
1800 1261
449 968
1071 23
1356 1840
1541 1207
1890 62
922 1462
1761 1764
1109 1984
1559 961
1971 1709
984 1566
1402 510
1247 1834
1527 275
1979 327
545 1424
1502 1356
544 788
1645 319
1250 294
926 1916
901 1665
291 1485
1995 451
985 1809
1083 835
1325 478
1915 1288
681 664
847 1404
391 354
73 543
1896 947
1438 43
185 329
1386 143
990 87
1676 934
966 720
764 109
621 555
718 976
1240 548
1738 712
180 773
906 1222
147 199
1872 504
1985 836
640 1187
626 1587
988 956
45 1185
178 1759
412 1808
126 613
296 516
340 1375
449 1243
1338 513
997 1954
326 1235
404 236
120 759
1903 657
987 502
297 1654
1139 608
1039 259
1334 1991
1642 568
139 696
540 1479
44 936
1269 545
1225 297
357 65
649 571
1407 1892
283 1410
1517 1841
1922 1319
177 1441
1966 890
486 1741
1547 1098
879 996
1281 1845
1832 651
1583 973
490 1207
1442 1371
1714 361
1319 1680
1539 79
1813 1294
612 717
162 1043
1058 1194
964 492
104 224
271 910
959 1979
1751 876
1381 206
277 1069
463 118
716 1901
804 159
685 419
1320 138
1425 882
15 673
351 1071
1480 1915
1309 1121
607 1566
438 1443
1419 373
162 622
1435 1643
1940 45
396 1377
679 1967
201 624
310 1966
1603 372
641 840
1251 4
744 248
164 1333
283 336
843 1023
169 811
313 1140
1747 836
893 1186
1949 717
754 765
1937 1108
464 593
1018 1680
786 55
1539 1426
187 1917
555 1989
1138 1677
1786 1164
1090 343
1736 1994
1706 1095
1360 1350
382 825
1558 1673
1756 1197
1128 482
853 947
702 1185
1255 459
862 251
97 769
1160 1511
1040 1300
561 388
1374 759
870 1236
15 354
1553 671
1426 1816
1477 1243
1897 93
1960 241
1616 794
1470 50
1017 919
810 1462
600 857
758 1924
599 82
656 1035
564 394
819 42
588 1581
1906 159
825 213
275 1102
1460 1851
427 1588
497 674
1702 1341
573 646
1321 484
571 1917
866 87
611 1705
369 1341
1267 1471
1486 253
1921 996
975 1655
680 1337
1573 1841
1326 872
1493 1174
1487 1503
1313 1187
1668 1546
1231 1330
643 1131
1976 1535
30 808
493 1527
164 1403
609 310
1546 1817
910 694
1610 1995
198 322
272 886
204 669
175 1382
1885 1096
830 620
1239 168
1445 809
1108 118
61 500
589 299
76 1941
564 219
491 1854
318 1918
8 1292
1271 3
804 614
325 605
461 1740
1227 961
1069 1311
1258 337
1086 1277
814 1740
358 1651
1395 295
1898 261
1859 1014
1278 85
274 900
1337 214
1094 1786
1461 1917
94 1839
1988 1597
1003 422
724 1304
244 1881
218 199
1549 1588
1032 1000
1566 642
1446 13
686 1316
399 1273
791 1432
577 58
674 1000
1952 920
1210 476
434 43
839 827
1831 776
445 1112
1990 757
1761 472
561 1497
896 109
1149 1489
196 1869
201 112
1633 216
735 1044
248 103
614 1502
288 1619
191 372
693 1645
299 1494
768 783
768 1624
1401 1361
1863 1390
930 1331
1205 35
1032 343
1348 1220
980 1689
1929 1659
1554 292
1294 509
1746 1028
1365 1797
923 1385
865 1901
425 1442
1618 1935
1609 1284
569 1482
1222 1742
1233 1829
65 1486
81 708
725 593
1791 7
1161 1917
1272 120
1030 1501
938 324
854 764
1929 1806
240 485
1004 12
567 1101
1425 1193
20 130
1102 1941
1005 244
1497 570
1430 1634
654 1084
497 1259
489 754
838 1854
1854 312
1299 1961
1898 1180
1578 638
36 540
509 1285
729 1826
1838 1638
1228 414
361 407
955 1537
253 1934
1428 340
1614 848
47 856
852 633
1757 1494
180 1927
1504 1109
522 1521
1364 1827
2 807
1523 255
1486 190
1050 286
350 377
1068 1203
1417 924
1752 1527
430 377
873 1096
1443 447
1106 1849
838 1
862 1421
485 707
428 325
614 599
824 895
1550 1273
192 1932
552 982
60 1591
910 617
1936 1229
617 409
373 1570
1221 941
392 862
1250 843
954 1369
364 1350
1538 1986
1449 1202
1229 1089
1410 1514
1232 591
1076 1519
1904 558
1076 674
1624 1540
1257 647
1675 1901
345 526
783 509
778 401
187 1826
414 869
1263 854
1057 164
1890 798
162 1324
672 1552
1362 478
1802 1778
1605 1965
1187 672
949 1808
379 1982
220 34
1300 1258
487 1889
376 807
1011 1163
603 809
1510 1832
1878 1859
1973 965
1977 1671
1326 1100
1247 1943
1899 435
800 226
603 518
570 109
1040 1046
1401 1208
1122 1605
1359 527
254 663
566 426
1201 435
1072 462
84 497
115 1670
577 525
912 879
1500 1440
717 557
800 1209
424 255
343 1139
1959 1216
1931 901
429 396
1304 1076
799 761
1328 7
1523 178
1341 1796
1950 1712
1092 1220
1489 104
288 1867
215 637
992 69
150 1276
1984 1360
266 847
1244 233
574 485
530 1278
1251 1039
1307 788
1254 1862
561 1932
1810 1985
629 398
791 1548
1734 585
1578 126
1618 734
190 323
476 730
1108 1054
1635 961
138 334
244 1908
138 269
324 462
1093 481
1032 800
1566 1016
198 1061
659 232
125 1362
1017 1790
409 845
783 369
1938 416
1027 1851
1445 1739
1684 872
138 1032
1343 636
461 1918
7 703
972 1106
1015 983
1459 159
950 1900
207 1113
1595 310
1348 74
1339 418
1725 1051
1713 1169
1578 1151
1881 1736
457 554
1614 1825
502 1180
328 428
1670 251
521 887
987 615
821 1630
443 776
1844 1949
1860 1637
785 1259
1636 1725
1040 1872
87 33
1972 1511
1719 1292
91 1083
1734 978
600 1699
1159 1757
102 1078
932 386
343 1757
318 1979
198 1742
1464 1262
1191 147
651 983
1669 150
574 237
1656 502
842 1702
1263 1696
1292 1952
1288 1417
586 689
1526 283
633 727
1578 1368
235 196
1803 1915
1878 878
844 486
1961 109
1421 970
1449 554
411 721
666 226
338 1137
220 931
603 1733
441 1647
1930 545
1407 265
815 557
476 1714
138 1909
1382 785
55 745
1886 34
247 1361
721 1797
1804 242
1041 507
1297 422
1225 259
893 883
554 1241
379 315
753 1148
1386 472
1539 1383
313 527
689 1515
366 856
313 404
1001 1979
310 1825
436 1850
1412 138
1933 1420
1716 1240
141 1051
669 453
1544 740
1723 1899
457 16
492 144
1715 794
446 1529
742 1076
216 79
648 842
426 106
116 552
1107 698
446 1879
535 774
321 6
1794 452
1218 944
907 958
510 343
1546 209
1479 669
1288 592
1287 422
514 519
465 649
179 372
135 1596
1370 1563
1821 1077
228 148
152 484
998 1922
44 1732
273 1974
1473 937
150 1179
670 536
1748 1178
659 412
1327 75
1989 1088
1154 716
1755 1431
1416 371
1644 462
855 1067
1616 995
1862 256
1857 335
1361 1541
207 756
1010 980
1038 816
1357 831
362 257
938 1758
596 1283
359 377
753 516
675 555
51 1900
1331 122
160 731
1689 623
338 499
873 996
1024 1854
716 184
313 1999
385 1916
1035 924
1782 1643
1245 164
1677 951
1558 1717
1510 1324
87 3
1690 929
1590 59
1868 1041
755 990
245 1897
533 1663
1912 1030
490 443
946 448
467 977
769 1870
300 1573
392 48
1438 568
1265 1550
1865 418
641 1148
1617 657
596 889
580 327
310 974
542 66
693 148
784 791
547 297
258 159
1033 1705
666 146
659 1300
542 1801
1434 1858
1081 1510
1285 212
736 872
444 1712
1168 1797
947 583
542 1496
1126 1501
488 316
292 1771
512 1530
1449 1219
814 1050
822 983
84 529
941 1488
1993 580
1847 1900
1121 331
196 1784
421 1326
1323 900
153 1836
900 1824
1051 1537
274 114
94 1360
1892 745
206 1302
1934 658
1768 309
327 918
1672 1538
1401 882
1831 629
918 1394
1399 878
455 1075
1657 913
148 1325
1320 306
1228 1769
283 140
518 1282
1776 1266
1029 896
1534 792
30 364
989 1772
260 169
1259 301
1331 1422
887 460
1606 1441
499 1309
1791 1124
214 698
1826 1428
415 541
628 1990
118 1201
1510 1594
1494 1438
893 875
1078 823
894 1303
1087 769
1175 1953
806 1519
1689 1054
96 1740
1025 268
1014 410
1105 1424
341 1645
186 1541
1175 641
262 632
657 1516
445 1226
1704 875
1198 1135
1478 141
1380 1635
1796 415
1287 315
1642 688
608 539
964 481
427 324
1380 1186
1492 842
1794 1825
744 282
1478 224
934 788
198 285
612 50
913 465
590 1833
1928 1340
577 336
59 1236
539 413
894 1989
1336 1925
1157 1696
1613 231
637 52
83 1467
466 1837
663 1783
424 516
628 1743
311 231
1436 92
1150 621
283 663
181 1747
742 294
1331 1231
77 1408
1803 125
216 777
596 1695
1236 1810
150 463
381 1386
397 1326
58 1920
108 479
772 536
1668 890
563 1073
1434 1880
320 1152
495 1769
1647 1608
1054 788
437 1057
1755 1574
1397 719
884 886
1600 937
1815 704
678 1183
1313 1217
1545 1339
1974 33
535 1746
320 946
724 1827
977 852
123 1128
1175 1260
396 1540
251 1936
1297 1364
1530 573
725 93
1856 12
245 681
512 1205
1941 187
946 829
1468 1434
891 823
511 31
1169 545
616 930
623 1109
1611 1651
1459 1158
1633 1911
652 855
1044 993
1029 387
1171 593
1032 1104
172 18
1047 1920
120 236
351 1629
1768 137
847 1156
230 1937
229 207
1257 1011
248 1801
1860 1610
959 1188
24 1362
1577 1111
670 1196
616 113
1357 365
1838 1186
165 1162
1653 54
474 457
1143 794
1019 620
1658 920
1703 1411
145 90
207 1529
1604 1123
877 857
213 976
1293 253
145 8
904 1940
805 753
611 799
176 130
700 1687
1342 400
1352 1350
1860 672
948 1845
1543 1106
1615 1308
953 1534
1859 531
262 1506
1326 1572
56 1233
1913 878
1143 1517
1257 432
293 679
36 786
1278 917
132 698
1576 1755
1408 1839
928 245
1307 957
1822 1228
458 1701
1518 1038
392 1182
861 107
1736 1230
1067 185
1994 1871
1718 622
682 496
875 383
369 1547
1934 1911
223 900
901 974
1781 798
1436 1676
1647 311
841 1225
1463 1469
1852 1973
1990 1417
1231 23
585 1243
1836 1486
58 68
1841 1374
1305 503
650 1841
1579 1862
495 507
838 1585
651 711
1200 1971
553 1378
1097 1081
175 1275
483 1353
1509 390
1482 1982
1002 899
1904 1041
818 963
1908 310
1273 1465
1253 1132
662 1738
777 1087
1741 995
145 881
1015 125
312 2
472 1030
522 690
201 279
1404 1543
888 1207
1895 547
84 1351
1145 551
1832 870
879 537
1178 1542
98 867
1222 289
1586 495
979 1507
893 1465
1023 1687
918 1269
1193 1630
1760 62
203 1405
110 655
1413 487
1308 162
329 1222
928 1168
1166 1854
560 1216
670 322
934 912
1 98
1263 1864
993 1772
132 1862
1591 393
1284 226
193 1554
1123 1622
282 1548
1829 442
1732 514
1192 1797
932 423
1754 771
1848 464
929 1036
1185 1378
990 1959
967 420
1880 463
284 544
139 368
1269 1956
1117 1613
995 110
1838 117
1993 1143
1547 30
779 356
1888 1191
1644 638
1150 914
892 1985
1385 1349
323 517
763 658
206 1071
573 1198
428 873
911 1817
1145 42
1435 355
1303 1722
1628 1350
916 892
1984 45
415 1364
256 1488
1128 240
646 1458
1863 615
510 1684
1944 254
1215 590
1722 204
1998 62
1786 491
118 861
510 889
803 1487
1700 716
1565 1660
860 611
33 1496
144 257
1068 1023
417 1039
1954 698
1105 779
1746 392
1904 1104
1913 1662
811 38
1903 1919
74 742
854 1880
1892 150
1228 1089
116 572
283 1031
941 669
1119 659
622 324
590 1896
120 1639
1012 802
517 1759
1535 378
1314 1041
744 1454
1610 651
1245 514
477 980
1784 1088
643 42
606 338
1561 1359
1935 1281
610 1294
1723 1842
1077 1311
1952 1546
711 1990
1139 1089
547 1870
903 1685
1849 968
15 1169
1543 565
7 1969
769 3
1117 1578
1865 345
735 94
1175 1786
298 796
1015 811
1427 1317
329 732
894 604
120 1358
1063 1041
1037 1337
258 254
1159 1039
1424 1975
1411 194
68 1834
102 617
1385 1353
978 1185
1742 157
215 73
1967 880
42 1303
1167 253
1354 15
1592 319
1084 1229
1640 1780
1546 1264
239 1939
920 840
1842 18
189 479
1623 911
1863 1022
205 1785
1281 1572
868 1480
670 1771
218 921
803 287
1287 227
861 1957
1755 1782
1597 611
1766 1570
1810 1171
1686 1125
142 1793
1655 449
588 655
1036 1410
890 420
1734 153
1514 949
1196 1336
1722 1286
1557 823
708 200
207 247
233 332
1080 1099
865 56
308 641
1198 339
1912 1531
694 518
1084 347
1487 1464
430 878
1975 614
2000 144
683 40
568 141
263 321
750 1035
1527 1669
1347 1499
82 1858
256 1199
626 1203
244 529
375 1372
447 312
1295 1200
639 806
151 1743
1211 119
1780 5
1093 1424
1740 1945
26 1220
1457 723
891 1442
864 1790
1904 1176
344 457
1577 544
1511 550
462 152
559 1527
834 378
681 1826
1710 923
1610 386
1016 580
382 575
1049 687
76 1155
79 1940
313 448
782 1541
1452 124
779 1687
1185 142
850 216
1815 237
1423 1823
1110 1330
857 512
1233 1791
667 178
191 1389
1993 1982
1738 446
1277 1086
1885 1490
1118 166
467 10
1628 1334
960 1858
1847 1972
1724 790
579 415
1415 1175
1254 447
1389 796
1750 1042
130 1032
1641 1717
638 246
314 1655
1877 1134
1542 258
1651 178
674 1426
449 1484
651 1036
1959 1200
591 132
429 1852
802 1824
192 1381
1977 70
870 960
949 482
820 556
449 1745
571 1878
431 1945
1567 1630
1588 1576
511 31
683 887
1447 437
1344 801
458 995
578 1493
1991 880
179 534
850 1519
1976 326
534 1422
1728 20
1002 431
1207 1408
1037 981
1247 2
1477 526
1776 1206
299 1573
1144 649
1606 1338
1049 1851
1404 803
940 403
1810 1214
1563 1108
1265 1890
299 916
57 670
239 897
583 367
1391 1117
1157 649
1594 582
1881 1556
1055 1811
502 1859
594 1145
986 827
821 472
537 201
193 1220
739 1691
1385 376
1544 1687
1411 1934
657 358
1561 1519
763 1641
1089 1782
1041 1424
546 1769
1585 1131
1501 889
533 1502
427 149
386 1645
1504 825
339 1951
1685 1406
256 1390
1164 1908
103 630
1055 574
1096 3
100 1310
220 417
281 1070
537 1429
98 305
178 1152
905 786
663 465
900 1048
365 1464
36 1301
1195 109
1032 1984
306 867
1928 1330
771 349
1728 276
1323 1524
164 1357
903 1427
972 1121
1377 1191
735 827
1410 305
1371 246
958 1559
615 1618
1852 1707
1438 168
1777 841
964 119
1513 1924
1639 1810
1613 1071
1738 1823
851 1140
316 1949
840 1255
1357 1418
723 1994
1606 794
911 690
600 1312
1295 840
196 134
330 1333
229 1840
1572 118
1570 1904
826 1586
1408 76
1857 768
1688 1313
1728 1631
448 1019
1734 1309
1287 768
801 459
126 995
236 1126
1647 25
1120 970
1240 427
753 1592
1047 669
776 492
1188 891
1565 1885
923 1106
1510 1503
525 691
1197 1831
1704 1756
1615 1728
1477 1175
1321 445
1902 1499
428 1577
1669 657
80 1605
535 235
1236 1514
189 1319
1638 1947
58 1558
1406 1274
237 1305
1661 517
1314 1152
475 451
1596 410
805 1097
1581 1284
376 557
165 394
221 827
242 1751
37 815
1926 1
1327 1573
987 1049
248 194
33 1196
1449 282
1276 768
1842 1071
272 984
700 1721
996 611
284 423
786 868
167 1327
865 1462
1391 1428
539 630
94 162
20 444
1239 1234
629 1379
73 1791
1604 1192
1251 1150
1834 205
250 991
3 210
1217 339
83 1038
1030 1185
1753 91
1120 1781
1822 688
977 613
1528 28
1632 1121
870 886
591 1841
1924 1507
539 1968
332 1021
420 187
605 996
770 255
648 1180
155 1700
1538 864
1329 1811
735 958
950 102
271 987
1934 949
1242 1496
365 230
1090 907
496 348
1607 1376
972 1666
1653 529
778 1646
1049 118
1034 884
860 1609
194 1118
773 594
1985 687
538 1280
701 1700
1647 1419
1316 1554
1922 1195
924 376
448 713
419 1725
798 206
175 507
321 863
263 1604
1053 1422
781 431
1227 1650
836 207
1865 1801
979 647
438 1010
1291 934
475 13
543 1121
356 825
77 1238
1150 144
539 883
1660 320
1721 460
1936 270
1296 30
230 680
120 239
1013 1673
1712 15
614 1854
201 1239
1270 855
1653 1702
257 1381
165 525
1630 906
1430 1442
299 1402
243 1426
672 858
80 1207
409 97
750 444
1831 1797
1666 1396
436 98
1631 631
1738 1384
1532 1945
1869 929
1411 1240
311 970
722 565
1537 1295
1746 1286
1047 1979
921 990
1958 1228
936 540
523 1818
1939 1320
1396 1799
1855 1108
1220 63
1276 1850
1785 651
15 1293
765 1888
416 216
606 1082
1829 1629
397 1601
42 774
1233 225
284 864
744 1708
1302 1246
120 1374
777 948
212 759
1674 959
549 211
748 1762
210 1177
505 1660
240 1665
207 382
1817 480
1950 1473
622 1571
536 1814
1529 164
469 1285
260 435
1857 1943
1804 1489
583 946
1327 1027
1664 973
898 958
942 1911
473 176
1418 937
708 1702
1825 994
289 224
1175 686
827 367
907 807
1214 926
709 1416
1446 1690
22 1102
433 584
173 1205
781 321
1328 1055
208 706
1717 1347
1633 1647
893 1833
1464 994
311 1638
1913 864
1983 1193
409 1692
1828 81
407 495
325 63
940 513
1225 1260
900 1176
1777 199
1795 511
924 76
1517 1955
1057 1256
736 405
1584 1557
1094 131
734 1248
1017 100
665 285
891 75
1310 198
1927 1070
1906 149
1797 1762
1939 683
1100 606
409 1997
798 525
1224 207
285 913
1439 1963
846 883
1289 710
592 1742
4 886
93 1038
1221 1927
166 531
1197 828
1119 1141
470 97
1628 1254
465 1166
1621 159
662 1525
334 1476
1924 1510
1820 460
1972 1571
1526 938
782 1373
111 1434
693 1337
1028 840
947 1710
1220 815
1474 1800
607 1189
1856 508
145 1893
1838 1949
1210 143
1501 725
63 200
432 1611
645 1519
463 527
1001 1644
1731 1017
1358 1822
1194 332
1512 436
1300 1587
1311 1034
1933 1404
192 7
1259 1547
1891 437
14 641
891 148
1904 792
923 447
1686 1880
219 1429
1198 840
1240 150
1626 1634
650 827
440 429
1711 1013
1309 1057
523 534
1252 877
155 630
1753 1660
1447 1687
937 1751
29 403
575 1697
1418 1932
413 1583
643 1018
1999 1662
1498 738
348 614
1421 1111
1739 1332
1649 441
1088 314
1438 1403
620 1312
703 19
1231 1652
450 1938
1299 368
238 177
82 1708
1462 1802
917 1427
1435 519
1848 545
972 431
5 261
359 1520
1560 1138
1132 52
467 756
1978 1732
1961 1974
299 863
929 1457
1866 867
1382 989
660 237
1804 972
327 690
1767 718
1592 732
1641 921
852 1707
688 823
1506 858
1794 1688
808 787
1902 1285
1437 403
1743 1942
1690 1926
1072 882
1372 1304
822 1644
289 730
33 732
698 847
1415 1873
1770 1474
222 1614
601 1608
475 1315
1650 1363
1833 1160
948 712
1818 1643
479 346
1208 794
992 1714
218 473
1556 425
1626 808
1578 119
568 124
694 1278
1582 1208
649 972
1774 36
62 536
1396 1544
1251 1293
720 607
727 1926
1571 1721
1799 482
798 1017
371 827
776 1542
1563 1420
1084 263
291 1235
1797 98
1552 1238
489 755
1562 62
1641 64
571 1319
843 1017
1715 459
1225 1281
1945 664
606 1329
260 418
121 620
953 648
110 1276
989 1856
1476 1929
1264 1292
1608 1308
109 1446
335 1343
474 1888
1057 958
1375 388
1872 316
532 1830
952 494
86 1936
514 1025
1388 1725
1077 687
1829 1380
1811 283
1162 1903
1709 324
1197 1275
309 1672
771 884
1009 1214
1143 873
1532 1896
574 426
1063 380
1200 1426
415 314
133 828
975 1575
1120 270
617 1389
1744 1004
1445 602
258 287
105 1060
1850 1066
432 229
1030 1397
1354 346
1748 1877
142 1850
356 750
1724 4
822 728
285 446
1052 1162
219 494
1536 904
1312 1191
955 1171
163 416
985 1976
1073 1371
56 671
299 533
1342 632
1245 984
784 1228
1476 1926
632 1486
331 1650
795 893
1068 459
1282 920
790 1955
708 1386
1610 1130
1222 571
1215 1467
602 771
1108 839
1605 1736
1197 1493
382 153
251 1762
64 1602
1803 442
1636 761
1765 1873
831 409
1532 1656
1454 14
1175 305
656 1545
830 1889
1226 1079
634 1223
1135 1259
1448 1922
244 1784
127 888
515 905
1148 519
1351 1970
135 1939
670 272
607 712
1533 284
1588 1313
740 288
1958 1589
728 901
1878 920
1003 415
1084 1964
1607 682
304 1415
1879 664
1875 640
1735 191
1337 1001
44 1025
1200 186
1143 194
270 1225
341 1722
1464 413
594 1777
657 1366
697 1074
1480 1916
742 1244
101 1200
300 455
1041 976
716 1823
1125 739
1578 1291
88 1571
1212 668
1248 1255
688 826
1957 543
136 1858
932 1659
607 427
267 1452
1008 895
1621 719
1368 1375
305 1921
1054 206
1815 1950
1900 879
233 1008
1556 1329
917 1315
1686 1268
1570 113
1514 1988
392 1369
1979 1380
35 1260
700 369
1071 1092
1283 335
754 1275
235 960
977 195
56 601
1259 1899
885 343
1470 171
433 644
1518 1030
162 1393
920 309
1168 69
35 1478
817 1443
1290 1886
1661 1828
1779 1762
1157 794
1752 183
495 1235
1005 937
720 1723
852 1149
1727 1633
1273 1147
344 168
1664 166
1513 736
1527 950
1085 1453
1378 78
1376 1045
750 656
1395 1748
493 1360
75 1082
1067 1072
8 1115
754 1598
1899 748
1973 911
893 1847
1524 1423
1886 585
944 1840
1797 1914
54 1478
256 1553
798 116
956 1401
1213 1661
75 510
762 115
77 509
274 1097
243 511
1147 1191
51 512
1074 324
1339 924
1901 1280
1122 585
1129 1819
974 1512
1121 1539
289 767
551 1516
504 969
1236 94
1417 94
843 414
459 1880
1457 1407
1952 1891
1554 1432
314 1928
1852 1644
767 1280
1958 1733
1864 1062
479 1858
1171 319
1598 986
35 1655
118 2000
1711 1639
1697 988
978 1413
193 677
498 1080
518 965
1395 1551
528 441
1951 413
656 1502
245 151
1261 341
1444 1584
1325 1850
1287 449
615 1469
1163 209
335 513
1061 342
1466 1482
810 731
1983 1243
769 1694
1550 154
1165 1118
1630 1111
505 1979
691 889
686 261
1503 638
345 1823
1844 1951
514 1064
1962 968
1920 1805
931 983
849 15
1314 470
1069 165
1200 762
114 1236
1869 1377
574 1969
1330 336
967 1585
1220 1933
1138 526
1055 40
1579 824
907 306
1635 865
949 1410
181 1838
259 1640
1472 195
1617 833
1230 105
184 929
478 1815
457 1269
1994 1393
1836 289
166 1951
1119 1450
80 1801
357 1411
1671 1446
588 1968
1947 1514
628 47
1292 658
923 366
58 1883
969 832
1906 185
1610 666
1337 1981
1995 257
164 1659
1493 490
557 1322
927 77
860 725
1666 744
1131 491
1704 1897
493 399
1998 1231
1892 1076
850 1187
376 136
1008 1019
947 1801
104 590
1677 1600
550 793
1583 605
376 1179
1001 496
1980 730
354 653
1573 516
1935 10
112 770
1412 262
1830 881
739 797
811 1040
1806 1804
405 58
1016 143
858 1221
192 250
172 45
680 234
1505 957
1446 595
1421 1180
787 1518
1501 1579
1914 1022
399 1626
1366 1098
751 1268
1727 711
962 321
746 33
1867 1520
525 739
1380 991
1156 1710
1534 733
1406 232
329 135
836 1730
1592 176
678 211
719 124
1956 914
557 1225
834 346
873 1514
1841 530
439 1013
757 233
72 702
1730 196
1019 1404
753 680
34 1095
1878 752
1929 1807
926 860
296 362
638 1565
1433 1258
42 1261
1306 99
298 1453
257 1633
394 1315
1181 872
1227 912
1478 280
357 624
354 326
1437 989
490 1391
584 1523
707 919
56 1493
1454 1875
578 761
475 1084
1801 702
1994 1167
1361 1187
109 186
1433 150
955 1640
231 46
1557 1612
1506 1972
907 983
1057 1617
1106 1296
1355 792
1198 463
563 721
1381 480
1085 1003
1570 747
1552 102
900 1324
1197 709
1656 599
302 1067
643 1965
408 1912
496 1507
1971 1183
1120 1499
615 879
357 723
1509 372
1966 624
1900 478
1865 1560
1191 1886
340 498
49 922
772 1595
462 1443
947 641
1777 1784
1376 1261
1935 1612
521 854
1275 1992
1049 1064
1150 1993
203 851
766 424
1589 139
1547 1947
714 300
1944 1349
1308 1459
1104 1836
53 1064
1522 30
1346 1875
653 1534
828 1836
722 1587
443 1134
1966 1990
1736 1959
106 1896
103 580
785 1097
805 1111
1909 1710
228 1364
1939 889
488 97
167 1496
443 723
1504 1672
112 1407
1578 660
746 1668
186 1535
1004 1534
1176 65
1723 1164
1389 1816
1638 1667
1945 1603
900 1225
1010 1634
1771 1229
1102 931
1780 1539
136 946
498 847
95 261
1738 1462
364 1245
381 632
125 332
1170 1456
1630 1755
1027 935
1872 515
1232 902
1929 388
341 13
1516 1620
1089 859
1206 247
265 1326
266 356
1166 409
1779 789
1156 421
1195 454
1357 60
1868 884
286 698
217 718
1195 77
1864 56
1433 1492
1662 284
802 590
71 64
1318 548
1103 997
944 340
678 838
759 176
618 1294
222 1457
299 1714
608 365
1819 1438
642 1049
1776 493
853 1462
952 1962
1775 1923
416 658
1440 1020
1101 629
1570 1428
1302 1282
1966 1928
1020 695
81 925
1548 1562
307 1414
373 1399
165 1009
1114 549
624 1455
1569 39
568 1497
1762 1060
618 649
1375 223
1412 1418
1474 763
989 86
1997 1865
1108 1743
1411 836
1082 289
143 567
1991 1165
3 118
371 619
1476 1759
1060 978
1279 1900
610 288
949 469
511 1157
1592 1641
308 1419
51 988
354 887
801 678
1155 781
1063 751
1305 913
1159 1789
857 1403
1153 864
850 642
1647 360
893 1320
1060 47
1265 65
743 406
505 1183
389 1771
303 1939
770 1851
1314 1016
1802 280
1207 1371
1300 233
1521 981
848 1449
484 427
848 745
1361 1613
1988 663
1369 165
302 986
236 1270
1713 1487
510 119
1521 132
530 563
853 1720
477 124
1664 109
1578 1070
1221 1899
1616 651
1874 22
170 464
675 1530
1322 53
705 317
112 1319
1361 1769
1198 1345
440 1709
49 648
1820 1557
1188 1241
893 253
371 749
1259 792
1459 579
1752 1792
1284 1216
1980 1039
1323 1816
1475 382
769 281
839 1155
842 522
966 1143
47 1349
1247 873
582 1242
754 1852
334 1673
1422 768
954 652
835 1759
1556 822
585 612
343 1913
763 1546
1774 1976
51 1894
322 1428
568 661
95 1673
340 1053
1072 1628
1341 1446
286 1531
1457 701
1191 730
1130 841
1284 666
1049 1497
1043 1583
425 1654
520 1586
46 1498
149 833
1482 1771
350 1987
1245 1504
126 1562
156 414
1995 569
1146 1999
1999 1061
1958 1998
631 1126
1344 868
428 1125
516 1041
1914 686
538 189
595 555
104 1775
225 435
840 244
646 1178
504 1041
1332 1419
1824 1082
325 869
1660 425
1157 280
1719 786
1111 1111
552 594
1243 1155
1649 686
520 672
888 817
1968 1452
1060 351
563 388
415 722
1099 36
739 1133
1548 1325
1630 1710
281 446
53 1460
107 113
271 173
1733 218
1227 1445
521 1093
70 1980
1826 1047
1761 1149
1881 294
1808 1121
534 229
1774 747
468 626
1214 1662
1532 1705
115 1182
1843 1151
661 1299
5 825
182 1023
1457 399
205 182
297 1081
1936 349
503 580
1106 1327
1222 226
638 498
1944 1461
1941 301
341 1316
84 1035
759 47
1078 1573
1298 160
975 390
847 961
456 1259
1862 344
546 426
623 1574
1328 1196
1430 1467
100 476
1756 975
473 1760
1157 1727
515 1098
641 276
636 1169
1486 1917
142 630
1308 1497
768 746
603 391
498 1491
1405 1284
914 1255
371 182
565 1941
285 1961
1410 29
1223 486
1980 1283
1753 985
347 1069
765 778
1997 1503
274 1773
1640 674
646 731
409 1135
652 4
947 272
1672 220
237 1619
151 370
276 883
1374 151
1953 1865
13 268
1717 1426
533 1821
697 840
1102 619
1988 1921
1137 613
1823 1725
599 913
817 156
1024 790
275 760
1643 853
1200 727
223 1643
565 1986
1345 1154
853 1994
914 821
400 182
978 97
156 1411
1588 624
1450 1017
1066 1247
1261 1269
316 780
680 1068
560 1339
718 1929
8 591
244 1082
54 956
255 1323
1422 472
224 856
1254 625
109 72
1133 737
272 1089
1150 1999
708 99
627 707
1881 683
1081 369
1222 1407
1305 713
271 68
42 564
1454 968
371 614
1024 382
983 754
1126 825
794 1627
867 17
634 168
1644 620
714 1498
1503 984
1779 1839
1005 1988
1315 1149
638 646
762 124
619 101
708 1130
90 690
1297 271
105 552
200 1021
1162 620
1560 749
573 705
1112 231
1398 1213
1821 608
1749 1411
1223 211
1739 1937
1447 1188
58 1298
1974 172
1974 519
684 1783
1581 954
99 957
1436 1435
584 490
392 541
532 1684
1479 463
722 867
1275 831
181 1279
69 1864
241 391
396 1515
326 1671
162 1004
1276 1055
590 1607
1402 1603
675 978
1833 1428
1794 1397
1613 614
1120 1682
192 1858
1206 1401
30 715
601 1182
869 1544
849 727
118 49
1178 180
706 1434
1842 582
233 42
654 1839
576 179
1635 1208
1376 1858
1355 1895
826 760
621 1060
640 1836
1627 1540
1330 1034
74 237
359 64
95 205
1881 930
132 473
185 1444
811 1067
1452 430
1580 118
1510 1653
10 1164
161 777
294 1333
222 1029
94 413
913 1359
74 1367
844 1422
191 1238
117 1845
1626 1252
315 414
293 1781
1114 1634
1244 576
11 726
1803 1676
1242 1009
26 301
1956 1084
23 697
230 224
1944 1754
514 1025
857 38
1241 1012
1437 1102
714 1817
1036 1702
1933 657
73 1939
394 95
938 580
1812 1335
1115 1703
1645 235
720 1005
1258 97
1422 715
1130 1926
857 544
1303 387
1002 31
135 776
1205 849
10 1122
1105 541
40 1798
1186 148
1467 1039
19 46
576 844
796 769
383 688
198 404
1853 1466
1294 670
1797 1551
1736 268
1009 268
656 65
647 1509
941 1243
1024 1039
1091 243
1246 1926
681 731
1201 1980
1140 1681
509 657
1289 1932
246 369
585 1676
568 1438
1470 1148
1880 1060
679 700
375 1754
1958 1347
1274 772
1209 1951
316 56
864 1379
820 1399
326 1825
868 1797
1811 823
1066 458
1462 710
1975 1082
789 1735
595 1330
789 1994
733 883
926 1081
1510 477
398 1387
621 1819
1029 277
190 1535
1778 377
817 515
1832 671
1284 1438
1068 1581
662 1806
1159 389
802 1470
738 1170
327 422
1415 1925
1234 1838
122 1056
595 903
1889 1391
1730 1561
1706 814
1381 1860
310 11
1216 945
526 1273
833 53
1605 702
152 1493
1485 224
1783 156
2000 642
1324 1464
966 1892
910 258
305 305
1898 287
389 1923
576 1688
454 155
836 1582
425 252
54 493
570 1509
573 1563
1383 1640
973 1192
1509 319
1447 217
1527 1340
913 817
773 966
1775 1997
777 3
164 1513
989 1588
584 1491
444 212
1761 576
405 1823
1105 1859
278 453
1193 1885
1694 1478
918 352
1931 629
1822 1625
1923 834
315 505
55 1472
1135 1025
845 1127
1221 1353
1559 18
557 1177
817 2000
1973 166
582 1812
1464 1756
409 505
428 275
210 1058
775 608
735 1290
1807 1927
218 203
1650 1398
8 1618
1536 360
579 1724
25 944
591 130
834 339
995 884
771 1566
1041 16
746 994
796 296
1417 197
642 1864
1397 129
1805 1510
1515 717
543 1082
1122 1938
1579 1748
831 462
443 1343
15 1400
1990 96
388 340
566 396
71 1595
1038 1015
1628 214
1454 632
1980 494
857 671
1343 247
1871 1358
105 421
1634 299
1971 1100
958 1314
16 1465
1883 1259
1652 912
1187 1069
1223 184
1149 1567
276 594
241 966
1025 1719
1054 1346
452 778
1274 1992
1793 373
1049 29
926 1503
1942 270
1489 278
1806 1055
90 624
781 1864
699 349
1114 14
1691 1238
1931 937
210 1565
1453 1260
531 1993
588 492
1672 1284
1794 149
970 1056
1601 522
1539 1882
168 488
719 1498
686 374
569 372
800 1514
1134 1372
1434 1977
241 1631
1077 809
926 1025
854 1686
1837 1175
500 1689
674 664
1929 929
1756 351
64 1323
1632 1492
94 1010
1184 1879
292 845
1808 1868
1053 709
719 1751
572 1189
136 1990
1377 1480
144 926
1813 76
1649 1063
1865 1488
1385 1002
747 969
864 1796
660 647
187 1214
370 1483
1645 440
557 1918
453 380
1014 1291
574 476
412 647
360 1281
997 727
669 1181
141 1761
74 174
873 1675
275 1867
482 301
1080 644
1469 1245
277 649
335 1300
915 211
1139 958
1018 122
766 1436
566 1524
365 804
1143 1596
226 1155
1789 721
1332 449
1090 1644
1740 768
699 814
439 1641
184 1666
1085 1209
1107 1472
1270 1890
1928 1376
1047 1321
1087 288
1918 1622
578 278
1365 1708
1103 1458
118 44
1692 1262
1181 917
795 80
818 1473
1063 323
1472 1573
584 1375
1922 1998
501 1634
1584 417
1262 229
921 1563
494 998
1887 1783
908 1555
1930 22
1804 281
1507 363
409 958
1336 680
835 1069
581 1873
1269 858
1309 1660
219 1461
1072 592
1417 693
422 1519
1535 1749
1769 14
1877 826
857 221
444 656
1198 437
373 1007
151 3
1000 107
989 1126
1797 996
943 686
60 631
1870 965
495 1223
375 602
1243 493
378 243
1027 345
1930 373
262 1066
7 1784
713 109
1817 114
740 1199
1314 1241
1611 572
1535 1085
197 318
1424 157
1241 338
253 1547
1225 276
153 1736
373 49
876 56
889 334
293 888
91 1010
1859 780
1075 1141
1211 1478
1211 1913
755 270
507 1282
424 826
1355 1051
42 26
1654 448
197 1601
301 1173
69 1176
127 1532
903 1247
912 1193
677 348
789 582
418 1055
1979 210
1062 327
1905 751
1003 40
905 768
460 884
963 1784
760 538
1353 179
1339 406
1180 326
649 774
319 416
1399 1048
124 305
1104 1013
633 396
1660 646
1123 175
1419 1039
1548 169
812 1808
1972 1526
948 629
231 1285
1823 1295
489 530
481 1295
1737 556
661 570
128 1693
182 1593
1178 1681
1339 382
536 722
415 984
827 1973
60 679
1288 772
631 1520
1976 769
849 207
1273 1216
1989 145
557 720
1226 620
896 807
1696 1461
1392 29
1902 456
1907 903
1423 905
1492 1715
57 18
678 1431
456 360
1066 5
1333 192
307 1341
192 1039
1421 230
1695 1878
1964 1442
422 1273
1088 1053
629 862
504 1688
1607 948
1322 746
1675 639
1895 975
859 1382
351 671
1342 1325
87 1760
476 824
398 1618
1005 1851
870 1627
18 385
847 1917
475 1998
1146 525
1397 1181
1215 1325
1044 1910
332 762
1486 428
1377 514
975 1174
1294 1391
699 680
415 955
22 468
1903 936
1895 656
1058 1969
662 183
532 1315
688 1206
387 269
1411 300
1629 197
1496 590
1472 1322
701 558
989 1832
1348 731
767 1385
1406 1574
562 624
1150 117
60 1070
778 1592
1406 1599
1213 483
1684 697
216 889
964 1907
26 1526
32 1107
1405 304
1077 192
935 1370
687 1382
442 1059
1282 1658
573 124
1330 1850
276 1469
1900 1395
20 642
1240 1274
701 1321
69 727
1029 797
531 1429
1933 860
436 1992
1916 758
1624 551
1484 661
281 1000
1166 222
701 1462
1204 889
463 1548
983 1810
1217 1660
1985 296
1133 935
233 964
65 1346
651 1999
48 383
15 926
1673 1032
1144 1370
1484 1434
1605 1299
89 1537
12 1578
1467 361
70 73
534 426
67 778
1673 826
781 817
1707 242
1560 1342
864 588
854 1296
1148 1151
83 496
1107 1091
544 223
1052 1168
1821 1111
1214 147
296 1400
1873 292
90 380
179 85
1609 1385
1378 750
1576 1437
1115 314
554 533
996 1455
338 1352
1483 1663
1706 540
379 1292
567 1719
731 230
350 1291
1217 1547
1011 1235
1773 328
1158 1560
283 1632
835 1627
1942 265
1001 1779
428 1005
1288 742
442 243
1734 1946
860 448
970 1951
807 784
1159 1367
1565 283
122 1273
237 644
1527 1396
705 348
1233 484
396 113
1708 635
1554 1814
389 771
1555 962
181 354
1769 1733
1174 602
1934 655
1213 912
890 1415
700 214
315 787
849 1933
1108 1530
928 1588
308 184
90 301
758 1100
565 711
1318 1661
334 981
1403 191
1456 315
1782 1326
734 512
850 737
1079 1533
193 805
1838 1727
685 1214
1705 883
1784 1658
1751 1221
1944 96
1527 1648
1945 865
1542 724
95 586
225 1085
249 691
756 1543
554 1498
726 1399
1458 261
656 801
1734 1801
102 904
1870 82
1191 698
1616 1511
1390 292
287 1185
429 872
1648 1045
361 807
774 717
1273 761
723 1136
408 1203
1206 604
1725 666
102 1993
158 1006
460 87
899 716
1502 1279
1996 402
33 752
1027 842
561 670
240 1025
737 1097
1494 14
1272 1991
931 663
1628 1021
928 403
1817 1466
891 1275
126 792
618 304
104 1489
1102 617
622 539
837 1941
889 249
853 1086
280 163
986 1285
752 1726
900 1548
746 577
1931 1357
1473 1341
666 731
1318 245
154 1452
1837 1572
1461 23
465 1025
1986 443
146 961
695 1476
283 1214
980 969
269 1849
1043 796
1427 963
1980 1106
1169 977
494 1434
587 724
1261 560
1087 1612
938 1914
476 1403
1449 1085
338 1978
1963 1583
59 1072
1224 858
1898 740
1716 1297
64 1231
45 935
955 802
794 1883
241 432
1486 521
613 1579
1304 308
733 1382
202 59
1964 421
1195 628
786 468
1268 1957
394 547
1982 1776
859 50
904 1512
1078 1574
442 546
1701 287
1571 1618
1066 1323
1433 402
1523 1180
472 1399
241 572
1074 241
1280 965
357 1820
1558 544
1532 266
1108 1216
936 784
76 1978
1629 955
133 1386
213 279
1653 1611
781 1935
49 544
1317 1506
778 314
283 215
368 485
1060 1553
522 576
699 1948
23 1685
1534 1738
956 1665
1178 1525
1727 91
1777 142
1718 1244
271 49
1870 543
1801 1567
509 1369
1818 1590
1983 1260
438 709
1405 805
1011 1281
952 807
735 1740
254 199
286 225
496 427
490 163
125 838
360 1977
740 684
721 286
514 301
1708 260
1124 1102
152 12
686 1422
767 1525
657 245
1776 829
844 1862
1323 286
1706 928
17 116
160 1634
13 1205
196 387
227 1075
709 119
926 1551
1465 549
77 140
1589 1411
1007 702
1166 1511
1792 413
1157 1172
1084 1925
616 731
1209 655
912 1917
562 243
1153 1044
1363 690
1877 761
1049 1112
1396 30
302 885
163 529
96 1104
92 791
632 1353
1887 655
178 1279
1757 1059
1147 963
1144 1465
1662 1863
883 573
529 855
1604 589
1302 834
1236 195
1757 85
1795 1066
261 1106
1836 37
690 916
1270 1480
538 1682
278 1902
536 12
589 1356
1085 1176
618 105
348 1432
1963 1155
856 507
597 1801
1211 1113
1929 1448
1966 1679
1377 163
1156 1119
1080 715
191 607
215 1085
553 1491
998 62
1344 397
1162 1224
1449 366
1922 1953
1795 1085
1212 796
411 1558
75 66
1079 1371
1723 336
466 487
1977 1430
1324 1194
1762 279
1048 395
1018 603
519 1561
1963 249
1576 270
1035 1705
1460 189
1679 764
1034 1856
1204 1780
1745 933
1852 518
1018 1639
1616 1763
597 1825
1524 1572
663 315
447 170
1860 467
909 1118
1271 869
1996 1246
1582 186
1555 1232
749 333
86 938
1811 500
946 1829
1642 792
19 1928
2000 1089
950 218
949 1114
1854 809
699 1183
1299 280
737 987
1729 870
1672 155
1587 539
1579 1222
948 1572
1780 103
1862 985
680 288
1699 1123
957 1721
627 1188
1502 1432
853 1301
480 1212
1421 1090
1510 1105
674 570
153 897
1013 929
1220 1340
1653 242
346 110
1626 1657
529 1346
1562 1116
1985 1191
845 270
116 323
574 495
71 1481
436 1181
1453 1917
631 1031
1864 87
1690 635
1743 169
234 1330
735 797
1629 738
1208 542
1545 1286
1308 10
1839 315
500 714
358 438
1852 843
1425 1786
1438 668
472 506
719 1492
25 68
419 776
835 626
851 835
1895 992
847 246
531 859
1461 1509
1236 1659
829 559
227 1260
972 1561
855 1484
1063 167
438 519
1635 596
1201 550
511 482
1780 1617
1 275
840 1366
317 1961
1920 618
1640 427
1105 1296
173 333
1850 446
973 486
658 782
1654 1235
802 1394
169 602
1337 768
320 601
719 115
1204 1017
1192 1148
792 561
1062 1799
777 581
569 1985
1484 189
1004 1266
454 877
1703 891
1455 1968
178 1591
1431 1078
343 868
383 1756
1559 59
723 345
877 505
1154 1121
278 709
934 1109
1808 408
1629 573
769 285
1729 959
1008 1099
552 1294
1444 1764
453 453
1914 757
1128 177
1194 343
1881 1757
1889 1825
1904 1336
1781 1357
206 648
1427 1232
1686 1087
1143 1643
1913 36
1985 1008
1854 1049
1963 306
1894 617
1786 1445
1675 184
1099 1586
1980 1724
1295 564
800 1278
350 333
1044 496
1544 975
1818 350
1995 1216
23 1571
792 24
18 818
1592 640
1875 895
1657 1446
1746 1692
159 623
865 1791
848 788
749 491
1404 365
645 161
1235 195
877 1370
1698 650
783 671
552 1967
1872 295
1185 568
1606 1858
1309 80
1377 1928
591 1465
580 1089
329 1216
308 981
1147 1957
1158 161
375 275
673 1382
874 848
1560 207
819 1348
354 143
1100 214
388 200
236 1221
146 1149
361 1965
1989 600
941 1545
296 1978
598 1324
59 1571
556 976
1569 1039
545 1073
1275 1867
344 1064
403 849
681 1187
1000 1642
447 370
1092 607
425 1618
1513 199
648 1168
423 1241
1377 708
710 52
981 922
453 257
64 1293
1784 635
24 994
465 621
768 293
101 1553
500 1846
1437 536
125 1581
1762 884
463 1474
1936 1408
114 739
1651 1486
367 1574
1183 1538
802 397
507 1349
1099 221
101 878
1215 419
380 389
331 1731
1037 838
1415 970
686 1478
702 264
1325 409
603 1080
1689 1013
508 1362
523 841
215 1856
245 205
806 1067
1278 13
502 120
256 478
592 443
1654 975
293 1363
43 1466
1889 1447
79 1251
1542 876
990 965
463 1712
1511 1757
1897 401
1841 280
1207 581
117 516
384 1591
903 1215
400 348
554 738
1506 229
1591 537
1065 1545
381 293
943 734
1590 1428
250 249
1578 990
419 1122
139 597
842 1179
8 261
1987 1116
1743 240
18 1333
24 1619
12 637
41 1077
163 1948
1658 320
752 973
1594 1066
396 1015
480 1149
926 1849
1982 44
1127 539
1381 1343
238 1595
788 1950
935 1790
1520 1204
1386 177
424 1113
1916 73
701 122
1746 102
1889 145
507 1679
1992 1272
52 1389
1938 768
1769 1529
105 1232
1678 662
1146 1758
1593 1924
1904 460
1324 992
1695 252
548 1663
1708 1374
1581 1953
844 1978
165 1604
1760 438
855 710
1833 1467
708 1233
184 1068
255 1347
439 1067
1706 621
169 1369
1233 1248
756 1811
380 90
490 538
1453 1532
220 261
1830 304
414 354
626 881
253 267
1927 503
322 869
348 675
146 618
160 793
1794 1867
566 1057
21 482
726 1890
342 1636
880 523
360 1215
1392 904
601 1401
1993 425
380 1204
1359 1681
719 200
99 1384
502 658
413 1585
503 1946
1464 772
962 550
1262 883
366 671
831 713
1455 984
959 386
1512 1670
1300 1920
285 1836
75 211
466 1444
1225 706
1641 554
1842 1167
1150 1271
1445 835
571 14
985 604
1105 200
1682 1285
770 692
988 1483
1565 819
1273 431
1155 831
1895 1337
716 1551
270 486
1861 46
1091 1590
621 603
1596 607
257 174
414 202
1614 1066
1491 99
1951 1151
713 802
1721 1306
481 961
1670 1054
1589 1683
1402 1991
938 823
356 1575
1162 186
1705 1966
1497 134
1340 1070
1578 1848
1833 1250
490 1118
1968 15
858 1728
690 1265
1242 927
160 907
393 1563
408 1915
611 609
968 696
1509 1260
165 229
1502 258
1694 740
782 80
134 424
1647 1270
1393 167
533 1373
925 337
1372 1988
1235 1195
1074 1498
270 514
1401 1732
1825 1523
1482 972
1358 1645
298 275
273 1293
1618 667
1133 649
110 707
1605 1472
1693 55
638 1096
686 1802
988 1839
833 471
480 1648
1443 1636
1866 1442
1595 334
1044 986
942 996
1759 252
1457 335
1162 670
515 895
1760 1161
1396 174
1602 116
1277 979
1182 1917
937 477
1530 622
163 828
1340 1817
891 1943
411 479
620 1276
317 1580
1493 1613
1084 1192
964 1364
1942 1586
1663 89
1001 1869
1380 1762
581 521
758 1568
209 707
1045 1808
1760 770
919 443
649 195
1486 1569
797 357
1942 1716
1101 188
883 1589
539 1564
640 114
1069 600
1371 1157
70 1286
1142 827
1130 878
121 683
1685 1355
337 911
1862 1872
820 1920
274 1231
1900 278
213 1234
1692 609
1682 70
1009 1319
162 132
287 208
740 1181
1894 1698
653 525
930 32
59 1990
1546 1380
879 1357
580 6
1744 1824
1625 1166
577 1242
971 1849
1429 713
1228 710
1587 408
1322 1025
562 1548
1992 1474
1380 1316
802 464
700 1390
387 1390
318 1816
1477 1352
339 1954
555 722
1174 359
1859 230
297 1589
1778 1141
668 439
1898 1694
711 27
594 683
805 638
121 1777
1778 92
1676 465
1675 276
689 1458
789 1542
1455 154
1950 364
896 606
1786 421
318 1990
663 1940
1755 967
33 1606
1568 1741
1300 297
961 1107
344 214
300 1083
396 1702
537 1836
1404 536
1896 143
1734 126
253 1885
1276 1529
1550 1036
962 458
538 1271
673 1871
1451 1659
1807 1127
1873 1888
964 631
477 1400
1625 187
1889 248
947 756
1013 595
1808 1970
652 655
1441 726
1599 272
1078 629
1604 1908
649 1988
345 419
301 1471
1453 1845
76 879
1684 1893
197 146
1833 1936
34 267
626 56
1923 1414
250 1287
1400 1936
90 707
1632 1279
1771 1242
212 1978
1744 1298
527 5
437 391
1504 489
714 134
1725 368
208 1939
1664 904
274 1579
1838 465
1852 1869
399 564
566 17
1742 87
343 396
733 1190
1412 709
260 279
411 117
771 1567
1343 1245
1914 1085
661 1802
1527 328
508 1890
1613 1502
899 1876
87 1451
117 929
187 673
1599 1639
590 1406
145 462
968 1618
1232 917
1027 1234
1821 756
1445 1758
590 154
1984 1888
597 1821
1194 1148
710 1449
796 442
1186 684
209 1667
777 1582
1136 239
1367 445
1760 1256
572 998
492 204
1484 1788
1544 1032
1624 734
459 856
824 1952
954 1556
1614 95
924 869
421 566
273 910
833 328
1183 1750
1755 1726
656 1585
1740 1247
1366 1107
633 934
1847 640
996 469
1639 487
1722 1334
1003 1869
634 1974
46 1503
1290 575
41 804
1512 1294
1552 278
1364 1980
380 1536
899 1220
548 789
1579 1488
1813 1015
179 1656
1152 778
1989 14
648 780
1687 1567
1998 1868
431 1461
1959 1212
1176 1501
620 1111
773 1238
1109 1799
1303 1319
164 1218
1807 1009
727 1408
597 597
1950 101
977 1916
826 171
1160 466
1891 53
605 145
836 888
919 1770
701 1285
1614 1571
1247 1237
598 1789
1437 1979
1786 91
941 1239
1834 1501
842 1887
1564 1437
491 1988
1524 928
33 808
962 1420
1556 1761
1649 1483
284 1429
813 1331
898 927
684 1496
386 1433
1264 1773
959 637
255 1388
455 935
1195 1017
489 1811
855 237
142 200
861 1642
1739 1932
1894 1523
1688 1145
471 43
876 952
1109 437
909 822
537 63
1202 1695
854 1956
1384 949
1336 252
867 700
1800 1225
1012 393
1660 399
1271 1477
708 1585
1338 449
1282 1742
1636 551
1596 1182
750 939
214 80
1765 747
1858 1443
1802 639
973 1711
1650 1536
1758 690
651 671
1188 784
1253 669
1181 89
1169 145
1399 221
811 1289
562 1523
1829 874
1590 1508
1664 1501
476 178
1078 1684
698 68
407 240
1409 1694
1481 444
289 772
934 1205
1389 1357
104 396
1895 1431
1715 676
1665 1073
75 1670
1739 1976
1078 381
849 1096
628 1467
1429 993
628 1703
1418 1756
940 489
315 707
378 566
1158 830
68 1692
823 1468
1286 1153
993 406
1056 304
472 1396
1216 674
1951 465
764 417
2000 781
1628 533
1646 1402
1312 829
680 460
1338 106
1643 509
1350 836
1683 1419
285 1844
1740 675
1890 232
1855 1484
746 798
473 671
92 44
1982 523
1265 293
421 19
549 1221
1553 393
409 629
914 229
1821 687
1420 1771
543 380
317 1731
1154 1708
1157 133
49 239
239 979
1693 1486
150 1638
68 1361
1338 893
550 960
1664 90
1742 1226
1002 1047
790 237
365 534
313 1472
147 878
347 238
218 1761
1853 1099
1593 1062
741 1186
1213 163
1672 467
1211 382
1072 94
1400 489
1605 1807
541 1324
1044 995
1707 176
70 1776
1721 1586
463 1257
358 1249
999 638
39 1310
870 470
1020 1748
1477 904
810 314
1365 126
1917 537
1913 174
1608 1483
1201 767
1625 504
1136 1816
1235 208
501 353
861 1018
981 141
1029 599
888 896
1546 1409
662 478
152 369
842 678
1624 367
539 596
553 220
454 64
1962 1297
481 1801
1228 1890
1681 829
584 743
1201 723
1221 785
1836 1551
1157 1086
774 737
1369 1928
370 1467
551 1316
1534 1255
1816 1070
395 1843
1832 1522
1434 1486
1767 1789
794 714
819 41
1114 164
769 1905
1675 161
56 621
1251 1178
136 1810
657 939
1514 1450
954 1141
1821 1106
1490 1955
872 1053
1643 1075
1353 608
1067 1049
123 962
1720 1242
707 1541
977 1114
873 1985
1202 103
1454 715
1980 664
1703 874
1034 136
1422 1748
1015 951
1530 711
337 1446
115 544
1002 369
1175 828
1995 1451
231 1300
1404 405
266 746
995 1639
992 1981
1575 1569
1627 566
1846 1746
29 1601
541 755
1227 724
614 391
1350 1555
913 513
20 1474
630 1561
214 275
232 1306
172 530
1327 122
1063 836
1200 780
190 146
1131 1598
145 143
899 424
1982 1874
129 1818
216 11
250 984
1855 461
1796 321
283 1513
1969 389
491 493
1505 1748
436 1936
1946 25
1607 583
1894 55
84 1690
690 1842
1174 1909
1736 1893
1338 301
1504 257
302 1722
964 630
1955 923
1111 794
1140 188
1250 431
1535 1021
1752 916
239 1218
1789 346
882 114
1733 411
158 1222
1790 1267
1650 695
230 192
302 1957
1644 776
1191 1698
1207 1097
651 71
917 1628
1153 69
1182 1076
186 1303
375 16
1983 583
1827 1050
695 299
1011 69
646 1386
1168 1319
470 1974
1202 1392
103 1589
31 731
1848 950
1578 1422
1288 347
1763 284
862 1806
335 109
1836 1850
1568 231
1073 53
1963 1048
1433 1607
318 1566
984 1828
867 468
303 1369
1365 1338
42 1552
1056 1773
822 662
775 427
295 742
1422 28
1252 739
680 1761
1103 373
263 1900
1247 967
1997 1226
1583 1421
224 1313
1701 1169
447 175
65 1166
1915 1911
276 1639
1568 488
599 1813
1652 1568
170 1196
1117 1920
177 396
770 790
1280 1391
501 560
1034 1551
111 1261
521 659
1599 315
1568 958
1917 1970
1995 692
1582 1804
1223 990
1022 746
1251 417
228 552
438 569
790 814
511 1617
181 1068
1608 957
1674 1551
1790 1045
1939 1236
660 49
791 1929
1139 919
1456 597
290 773
1303 926
1106 1427
1683 106
1179 1547
1274 654
201 1110
1651 1956
140 518
521 1897
1003 1598
1250 1728
861 1874
1669 1958
1671 1408
1514 1784
322 1626
510 1112
228 1173
418 120
862 35
1446 301
1447 372
870 967
1859 1609
1465 575
1357 1975
1299 692
716 720
567 755
1424 1671
1851 226
1441 1786
1169 31
745 415
334 552
1405 919
401 1024
889 1463
1773 32
1716 174
1270 1517
1182 769
589 1564
720 1194
919 173
1807 152
5 1386
900 1093
1854 696
782 914
120 473
216 148
1003 984
1909 1332
727 955
844 981
472 695
1570 1721
1212 893
623 695
633 439
204 518
256 42
559 1334
9 848
807 1132
169 9
788 1525
1841 1104
1250 56
619 774
372 315
1452 1889
660 163
1241 1182
399 420
957 1827
1260 433
1269 1923
34 1915
1855 1926
1331 758
533 1882
386 1105
1881 660
1109 1417
722 971
72 1361
873 1765
424 1407
1049 1696
445 1393
131 926
1555 1081
1014 674
980 870
1523 420
1432 698
178 1358
1567 1291
1473 412
462 829
566 1262
674 798
928 1870
203 1399
928 292
1367 681
1170 663
561 1536
1686 1342
474 1900
795 1415
81 1556
331 523
251 1214
727 1836
751 936
1986 1743
1436 940
730 603
819 979
913 412
1768 966
1260 1766
68 1696
1825 320
1893 257
1015 1278
617 880
165 1347
1070 992
83 1872
1684 689
1584 248
1725 788
713 245
432 645
1889 1297
1928 656
107 1482
926 301
919 962
1078 1809
761 290
830 808
11 276
447 558
1893 185
1637 629
742 537
210 1781
1001 365
259 1798
334 1037
756 1189
1898 1276
1796 1011
501 415
1356 1012
69 662
880 51
470 1703
218 1385
50 397
633 1280
55 1430
1086 1645
1285 1927
12 486
1783 1093
1786 854
1456 667
1267 582
1290 192
418 1763
1701 132
1973 1634
1602 1839
911 1146
415 1264
571 1576
1874 1384
810 1653
117 629
71 410
1220 1998
1301 985
1930 1431
1916 1218
667 1892
611 1131
1605 367
1378 1777
1807 1668
249 1886
542 1133
994 1934
1856 59
1076 170
1782 1836
1969 948
621 1741
1911 346
324 1094
1362 345
916 883
1716 1985
242 1282
1589 1714
671 1120
730 919
878 278
1341 305
1207 890
1240 90
204 1976
1014 1739
774 457
1805 891
1583 546
1456 280
639 570
1953 919
1226 643
1763 1527
501 224
73 1754
295 771
1273 427
1236 1969
1259 1445
1947 1215
43 698
1670 428
1746 64
369 1467
856 1102
804 1242
1658 1752
299 27
605 556
1394 484
730 1515
1656 1526
1372 190
46 1648
1730 1670
658 1651
1033 1750
1631 77
827 551
1313 359
125 1104
46 59
418 732
1190 1436
1913 998
664 584
652 179
333 1553
500 883
522 897
362 1594
427 971
560 1296
119 1140
1587 1796
1851 1029
807 833
1530 908
885 1931
1871 1558
1512 467
723 499
1355 856
400 864
1341 1484
279 365
1970 1334
1749 1593
1007 1363
821 144
12 1301
1160 230
1507 1860
1549 1051
202 750
1578 20
1494 1748
1757 1174
1974 1335
20 370
1132 1582
1216 178
1578 1052
173 344
355 1327
1315 1236
881 1557
1434 1199
358 1096
113 1813
366 1649
327 444
340 4
315 132
18 1802
465 156
1191 1194
857 1921
440 540
523 1833
1841 285
456 1450
1744 1347
1404 893
372 121
1636 534
1672 1459
1894 588
1591 1586
211 1216
127 1356
681 495
585 1206
1388 957
619 1876
1155 1907
228 677
1484 203
1171 1590
791 40
1288 1357
1755 1427
1837 1124
564 190
1201 1914
1330 481
686 1092
1066 131
1522 1993
1277 1571
1750 1453
361 1194
486 1942
660 1108
1204 1465
1426 1983
1285 1600
762 95
896 1048
1386 1933
1306 330
693 1491
388 1097
1375 1047
1950 1091
388 1480
933 737
1951 1359
1308 1424
1266 980
1626 162
1835 975
1290 1850
1920 623
1168 1039
1752 27
1016 1652
1907 1693
738 1107
1987 1180
506 577
1882 14
1883 183
899 190
1027 1833
1629 507
46 468
879 1586
909 661
979 691
1692 312
818 1890
1503 325
1042 300
314 1097
1777 1454
1641 89
324 77
1610 1902
709 1949
291 1405
344 672
1392 322
1545 1469
1622 699
1319 1918
256 209
231 1475
1347 1933
1021 1311
912 686
401 1341
830 523
270 828
256 916
1953 1225
643 400
881 1117
1485 1451
613 345
480 533
270 912
150 1415
298 1680
189 705
733 358
1531 87
436 1647
1591 131
863 265
1156 734
1092 1094
111 1361
1967 1177
1074 1216
1251 339
1387 1735
346 412
1476 630
115 598
1351 1719
1998 1603
1521 879
415 727
1883 452
1424 780
1948 1215
1066 1974
1843 974
1880 1019
587 961
349 1407
324 1710
360 1308
274 815
311 86
127 426
752 520
1352 854
47 995
393 1779
217 1578
927 54
1385 241
534 564
1030 1723
637 667
10 381
1966 1597
224 1912
1580 17
569 1513
1921 1007
1808 313
1919 1062
723 1783
651 981
628 253
348 646
1461 214
1308 1438
1260 71
436 1193
1706 564
789 1894
624 1329
1879 1345
1811 207
1669 1966
796 722
221 477
1492 287
813 1721
1945 654
1720 655
1264 1671
597 472
136 1047
1851 476
732 910
1509 655
1301 758
340 533
638 620
1447 1444
738 1708
521 34
1810 1429
1853 1516
1744 142
795 521
1128 1566
462 468
661 827
714 1041
1383 1260
59 452
1630 53
1316 315
1435 1376
1353 72
89 180
1394 76
1861 1817
279 414
1046 429
1312 957
628 1110
71 666
1761 567
545 920
1693 685
694 1169
1920 1291
1827 315
1995 1682
1503 914
1389 1921
1282 1341
53 1202
1298 168
1708 342
1851 1662
1003 1373
786 722
332 168
134 123
1740 1932
1006 713
967 1439
650 1580
1225 1900
183 1872
957 523
842 985
527 323
1059 1908
45 793
426 1922
807 1459
508 133
1613 1365
1713 1060
942 1788
1361 1634
1655 1411
1030 1271
936 1299
1365 1092
877 1043
1877 846
209 875
303 412
1185 599
635 424
1299 1226
1771 81
536 1181
36 1104
1302 1671
1827 1562
73 1501
1869 1419
579 58
1431 402
948 1628
1901 1009
757 1833
179 1435
1036 152
1546 894
1655 346
1725 449
1897 1552
247 1156
1273 1645
80 1050
453 1094
1898 1501
995 790
1170 1929
224 795
1769 1937
864 1233
1911 699
285 151
490 3
504 354
338 124
1336 1295
1619 651
2 1367
238 1663
123 471
1888 1562
823 233
1570 797
1136 740
1725 1401
1306 268
746 1024
1630 1033
1667 1127
1577 1923
1236 654
1464 1362
748 1413
590 1122
1084 1928
1308 1813
1578 732
1058 111
165 1801
666 460
1258 1776
1565 1246
1989 99
153 622
1379 501
814 90
1860 1011
217 441
122 312
1960 1925
248 1713
864 1204
1798 575
1484 1295
1690 503
1316 102
1041 1564
1299 1577
28 1227
145 769
262 1105
149 1659
658 1247
559 1650
978 833
655 1829
187 646
1791 1481
898 1465
1822 1666
149 1605
929 434
879 394
1185 1105
1330 1070
769 705
90 1353
730 1693
1016 33
814 654
1 1292
557 913
367 332
122 1253
521 1897
1258 645
1400 1137
415 1899
531 1736
707 1545
1115 1079
282 972
407 1704
188 1441
756 1536
716 162
1844 906
544 567
1763 343
1599 1827
982 1090
931 1578
203 578
136 248
204 651
1750 1692
1439 1612
640 627
227 1219
1439 1102
1205 1838
20 1311
74 617
1291 1367
811 1452
4 835
683 487
494 1152
1034 1628
15 1656
1614 1291
440 1939
470 727
1654 1210
464 942
1384 1135
911 1692
792 1186
566 1361
10 1107
344 528
1769 950
206 960
1070 1907
630 778
1577 1434
1908 1923
1225 1807
1092 96
947 313
139 1394
1658 650
531 366
905 321
655 1034
1784 1075
1336 162
746 208
1677 1601
229 1671
354 1950
1079 536
316 1705
1836 1338
1440 6
1426 1372
636 903
1665 1024
1416 1932
714 1856
631 217
1142 938
1995 1065
1964 1845
148 897
1249 407
1314 1588
1176 279
45 1340
964 1519
938 1536
351 332
681 1988
1948 417
946 1516
318 860
643 441
248 1762
706 431
21 300
833 99
1069 427
1505 1384
573 1755
381 348
932 830
506 1814
772 1948
1837 1844
696 696
1721 1310
1633 297
777 609
1462 1653
64 1738
1414 704
597 1018
1972 984
1055 1135
701 1304
1693 1695
1847 669
1213 1283
231 1172
1130 1892
1196 731
1517 36
1824 1474
147 895
1940 481
1672 1062
785 173
1303 421
397 23
1307 756
1946 499
1926 1239
1086 1791
1824 1128
1770 340
433 105
867 1685
1536 846
276 69
1159 1918
1065 597
1386 1353
692 630
1409 165
1584 1702
3 1447
265 1125
242 1566
1898 1321
1527 1336
1578 399
1109 1421
1674 1465
666 1203
26 1403
897 293
700 308
1684 328
1763 974
1900 448
398 441
166 982
1908 1487
217 1172
1680 568
1303 1340
1945 490
498 1966
1514 1967
916 1919
237 910
1872 401
818 295
1886 991
1876 11
424 1572
453 864
449 1924
1618 1244
1684 741
1825 1854
1087 635
1562 87
1932 1896
1742 1989
1624 227
762 395
1061 533
976 1367
1670 1970
268 1688
951 872
865 1697
1135 916
370 170
4 848
1074 195
784 1743
144 218
886 844
632 183
639 1257
444 455
1835 1289
1168 992
1130 592
443 208
1043 966
1849 1542
1723 271
772 702
1009 1122
441 1515
1973 692
748 840
715 1169
1500 1181
21 749
550 1093
1823 205
19 746
1875 1914
752 1809
156 209
1318 1536
1858 1024
1031 907
659 1987
702 200
46 225
642 955
672 990
1592 1206
409 785
594 867
1587 1543
606 89
1673 652
1446 1927
171 11
1725 407
1705 990
1926 1468
1213 1859
837 948
948 134
101 1299
674 598
5 678
580 582
259 628
1593 853
1280 522
764 809
949 771
292 399
556 1452
35 612
1504 1154
167 1239
1056 1979
806 1081
565 934
1925 307
1344 1606
172 1164
1170 1447
1332 1519
746 358
1918 1633
163 1985
294 1966
1798 527
1028 1716
489 573
1756 1201
1070 1752
1692 1473
1316 882
1822 1716
614 994
1395 1625
872 455
414 299
1856 617
272 1349
1717 8
1263 1443
730 93
671 435
588 534
1938 1784
653 1337
1836 1237
585 1129
1537 1240
606 1912
