p td 2000 8000 
555 306
1286 267
1548 476
1689 1365
1682 848
1682 1670
1235 123
506 277
1022 119
354 1377
887 416
1970 1253
244 863
195 1096
1768 639
526 59
1913 54
416 1139
1273 690
1825 1687
1368 193
402 168
1493 1006
598 1464
1224 1756
1247 675
532 1185
1883 578
292 1151
1837 1159
255 728
1358 167
1229 605
1946 1029
686 1973
1896 425
1231 950
1149 690
1549 1579
1994 185
1955 1719
947 748
1651 1991
770 1824
1951 1577
1992 172
1103 82
1877 1480
911 1068
1114 284
1044 717
1582 1146
260 1422
1030 1076
1075 109
1623 447
689 420
1810 433
318 1733
1686 1403
1624 828
1947 1199
437 833
1213 1742
790 204
1789 1077
1254 584
903 973
968 1237
1114 1237
962 554
1340 1686
143 404
1856 703
1832 145
522 1921
1770 1320
1222 1418
482 1827
41 764
1809 1642
671 734
15 1310
1536 1585
472 1481
57 2
1761 958
289 515
1570 87
1459 1667
483 1443
1181 606
1279 285
798 490
1694 1718
658 635
1369 1438
1057 1231
1479 245
1919 1068
393 1573
177 1309
1297 1014
468 1715
1478 11
1517 1846
1065 696
753 1608
177 1193
1297 1076
608 1217
882 1916
1760 682
1919 517
1005 517
1872 1082
1115 164
1834 324
1766 561
353 235
141 1832
1277 1249
69 537
1809 1274
117 431
226 1328
1851 1768
1714 1063
822 1135
1220 790
290 1180
465 1187
835 66
1682 561
1782 1527
586 666
675 1088
527 217
1141 1171
516 316
134 1703
1263 323
1436 504
1859 216
1277 779
1228 1318
1984 172
887 1807
148 157
63 913
1659 1244
1504 1282
750 276
239 1547
979 1452
1564 1320
596 158
79 1552
925 1979
192 62
1725 231
814 1645
600 1783
1911 1650
755 398
1196 50
751 1081
1643 541
671 1492
947 8
1515 299
654 758
1891 989
319 309
370 1209
1946 488
179 1816
1451 1000
216 1546
1106 370
1370 513
45 176
1421 1898
647 970
1043 262
479 181
204 89
1327 1245
981 1653
1958 1665
338 84
904 1738
938 304
969 460
1180 197
1156 1285
1723 726
1485 698
823 1773
94 1068
534 1319
442 833
421 1959
517 1552
1970 1165
1538 1366
981 744
967 1593
1538 398
727 58
1592 630
784 1738
202 330
364 979
954 1452
119 1816
1016 811
149 724
476 1715
372 1991
244 455
1782 975
434 1667
1640 545
640 1114
1333 1156
1203 1055
1484 794
999 719
234 1174
101 1587
1788 162
1001 303
976 1748
1737 769
148 1891
1308 1426
658 1797
1769 253
1989 1459
316 170
1980 1472
322 962
523 1389
1451 1085
654 1016
954 1428
105 1667
1869 1179
73 100
1456 88
373 664
427 1602
1342 1329
921 14
1556 591
869 1997
1663 14
1852 257
912 1641
1274 1200
582 1482
313 404
340 849
1229 1072
1910 706
1841 19
409 507
29 445
1916 1308
1209 553
1524 1178
64 808
1539 726
1884 881
1399 938
1367 29
858 1072
1031 54
1478 253
1443 1163
1532 1855
1421 745
1382 704
1841 891
250 1982
1039 1873
1523 1169
991 331
1415 725
1197 791
1153 894
511 86
1102 837
1309 927
1222 1469
1321 1508
591 1645
1502 1034
1847 697
1049 1289
184 193
1477 435
36 74
478 1459
360 383
1713 1107
1565 1093
1366 1302
1417 1478
140 1777
820 1578
227 782
1643 1555
675 1819
891 1521
183 1190
1823 1839
185 504
1814 1494
188 1940
10 914
1455 1924
1586 1649
616 630
231 369
1238 1160
1608 906
409 195
1214 336
565 90
343 1779
1521 1319
342 719
1428 1074
245 1536
1970 1006
423 845
926 1553
1512 251
354 22
568 1106
221 1192
354 1996
1463 1711
292 286
1395 40
1243 1225
1320 521
877 250
739 566
1025 177
1900 1198
685 1642
1401 1724
1742 1818
1050 826
1039 393
248 578
399 916
270 903
1331 672
1637 142
1242 1447
1790 1188
245 1992
387 1342
266 1101
743 1843
824 823
470 1304
204 882
468 388
1474 289
1976 1715
1686 1525
1139 747
628 298
929 1877
630 222
1919 1667
1799 1109
502 743
641 286
1524 626
1313 1630
1467 1859
1151 1752
540 1217
451 92
353 97
90 1368
1249 600
170 1200
133 1490
1804 1045
57 547
1949 1530
1711 1583
340 106
1429 221
1056 1369
1041 1537
1256 1302
989 501
716 652
825 711
755 847
605 477
577 742
413 521
682 1207
404 1181
817 472
599 1046
482 907
1305 438
40 368
21 886
84 433
1329 232
1500 997
181 1393
1855 353
672 823
834 1980
816 1128
1107 245
1205 1635
1110 1067
1800 240
223 1223
1506 1938
508 900
1515 39
1516 1522
769 1997
1963 1304
2 47
1767 1329
1579 459
519 72
1562 1745
850 1722
1430 1825
37 319
1057 1799
87 1434
1802 575
1988 1026
1948 320
892 1277
344 1196
723 1523
1552 1328
251 720
1023 1277
1517 1462
1657 967
752 308
622 450
1348 593
563 1347
158 872
86 26
1534 1476
1432 1517
24 1522
66 1102
60 599
870 53
718 1638
1169 253
56 185
754 156
221 410
479 1211
531 618
99 272
416 1921
516 824
1472 757
1877 613
292 77
1394 1655
513 1665
1221 234
1806 747
1130 1812
352 168
429 472
1875 188
1234 1266
1217 1084
1895 688
1486 1991
912 52
1219 1243
955 476
444 1959
1342 1378
634 733
924 261
907 13
1226 1432
750 124
1095 1480
397 722
663 164
899 561
980 1064
754 432
775 491
469 333
952 680
1328 176
1540 78
634 801
558 131
1008 1482
1295 101
354 1409
403 852
619 1507
534 1035
1719 2
692 1296
1967 1674
1170 1375
219 254
1251 646
434 1712
1038 1192
1220 410
1790 1839
1871 1806
509 1391
1533 1871
992 1535
1928 1774
906 1291
172 1359
1530 77
1461 52
1898 1775
710 1453
1196 260
1404 1684
104 373
923 1806
1393 1803
925 1452
99 135
1972 1770
650 1781
1079 240
289 1007
158 1307
1843 1391
67 1686
1272 1296
338 1508
1125 1985
1646 925
1089 1052
154 1762
9 307
1139 407
1928 945
1692 574
1130 314
125 1217
698 83
906 1238
1481 814
1489 1791
1978 67
26 1622
464 1910
1532 277
1185 1644
1499 532
281 466
671 1778
907 422
299 1004
300 908
368 1945
1422 354
1143 1007
230 794
164 709
305 1163
832 916
1278 77
1336 769
464 425
848 786
341 542
1615 597
1595 569
1345 688
1341 874
1903 1205
323 933
935 1529
921 74
1493 677
1602 1149
696 762
792 1052
1006 1290
1138 1976
1374 879
1084 735
128 1356
35 390
1763 483
233 1960
982 473
297 586
1919 1088
591 1829
1407 4
1543 1196
694 243
1411 1979
1320 189
327 387
842 1123
513 145
930 223
1071 1036
74 317
189 546
421 1082
1390 750
1053 1982
1503 1436
1056 777
1199 477
695 270
153 1437
1550 439
1753 830
45 871
409 1012
1625 175
863 1342
1192 1008
1069 357
395 1458
1879 248
278 166
380 1563
696 811
1466 1589
107 129
1949 990
131 1381
1537 557
787 827
862 1033
780 663
6 216
1176 809
4 829
215 1725
1391 1437
1852 1487
941 821
1546 939
1748 1655
352 593
1479 1529
1471 1923
177 961
1726 49
529 1706
202 1323
1586 308
1475 643
1042 6
710 1927
1677 83
131 1473
1123 1906
802 1564
16 1751
451 423
91 1421
1371 95
617 1749
938 781
1683 307
877 268
1816 1181
392 1559
1539 951
97 375
1846 1145
1418 733
1312 170
1392 1782
28 1682
1919 614
937 626
448 694
653 1060
283 1781
478 1265
180 885
1513 457
1529 1715
1684 1554
1892 506
167 1144
225 1711
4 1273
637 1621
478 1829
1000 675
1387 1697
121 1785
513 313
767 1138
1479 24
1732 613
1429 1299
1890 880
1241 1542
1764 1625
1385 351
683 278
704 805
694 1533
1574 1733
176 1943
1496 336
780 48
933 462
1100 1292
1451 261
679 385
1028 54
29 937
1764 442
1787 1109
294 1865
261 491
1797 24
1435 1996
586 608
103 465
1268 23
613 419
1280 1353
529 602
616 5
1974 837
1480 364
1737 1652
389 1309
997 616
650 1423
1823 665
1177 551
177 1930
1718 1945
577 414
425 103
907 1855
610 1840
1423 1524
539 184
1835 320
31 1344
204 877
767 1246
1712 1623
1486 1889
424 1119
24 27
1391 580
62 887
1278 1615
630 814
1090 1428
231 1
1430 845
1295 346
447 1595
1535 577
1538 1161
338 886
374 261
1336 546
603 1080
1680 467
1758 1184
1158 663
1670 1951
718 1896
1826 389
543 664
705 1581
1115 1344
1811 1406
1649 1440
103 98
1186 1539
1784 756
1502 765
587 1287
647 650
531 957
1495 1687
1001 141
657 1420
1308 814
1627 727
697 287
1252 1862
10 1838
346 1404
892 514
723 490
769 1439
1110 453
1763 137
644 876
1799 377
341 1542
1007 1821
85 894
443 1724
37 1751
936 443
106 1580
439 981
825 395
1789 915
578 658
391 1800
890 433
339 1052
1914 1746
307 553
239 760
1312 472
318 1124
675 1974
1868 1691
1801 1546
417 55
1431 721
899 1920
914 52
539 26
532 410
633 1135
907 178
1502 1618
705 332
365 615
82 1058
1333 533
243 1190
54 1287
982 189
1218 1598
640 1647
1985 1110
1914 908
672 380
229 299
212 20
1465 1715
1700 1100
899 609
1213 776
214 1481
861 1468
622 558
1374 456
1624 1157
837 297
717 1616
483 27
1816 1271
1864 1158
1749 1355
1304 961
1831 1284
1785 633
271 40
1676 1820
588 1459
175 1989
789 1569
565 1439
1029 909
1811 1861
187 547
863 596
1797 686
339 786
176 1441
436 268
1050 1171
1842 1560
490 1947
903 921
782 65
1263 1391
162 1336
46 1995
838 1209
772 1992
954 1385
1580 251
1939 998
1501 1276
801 1018
1302 1984
151 638
956 1430
88 1750
114 1570
1405 1387
126 124
1854 443
1801 1441
61 1204
1234 663
731 1569
83 1940
593 143
1692 958
1056 1381
154 827
87 377
724 958
1379 36
1703 1062
403 1879
19 314
1615 1296
395 598
1046 270
1219 1884
194 1761
581 957
518 1844
869 1244
1345 1392
36 162
1268 1994
1737 1793
1206 874
1271 1950
1318 1050
634 429
1849 1981
1913 390
303 1432
1767 151
505 140
1666 1325
1108 1683
908 1138
1487 1190
1026 1478
479 1958
186 827
1333 337
1709 804
267 1427
530 1427
1103 1973
17 826
1952 689
283 1320
929 1588
1197 1231
1315 1658
1133 28
998 1226
1249 679
1789 824
1123 344
219 775
610 583
145 548
758 1011
782 927
131 1034
1907 1352
1750 1117
833 765
286 96
1550 1221
1211 1688
200 779
845 803
836 1936
1508 1569
1982 962
499 808
1590 379
1700 689
1534 1473
178 994
544 901
447 957
268 961
973 436
1743 729
988 966
113 258
1782 1978
1652 376
683 1479
692 804
445 460
888 1615
36 1240
159 1540
845 1302
724 181
1411 473
1348 1991
29 1731
484 1195
379 1811
1756 1666
224 84
1098 1184
224 653
476 1967
500 126
1796 1678
1204 194
1591 228
1108 1475
1578 1274
260 77
220 1558
1200 1508
241 798
335 983
1510 1892
1649 1908
158 1003
638 11
1995 1297
764 629
1975 571
1651 270
1471 1124
501 1865
638 1409
1467 220
1713 128
384 1110
1782 1772
1419 1132
688 371
307 1662
601 1159
1841 1035
1360 1467
1162 539
58 1124
802 986
1332 978
905 1937
373 884
739 338
1522 1877
1060 1928
828 1333
1257 1562
700 96
122 1871
757 1182
1940 618
365 1328
406 936
1467 1634
780 481
758 1013
1081 1734
1736 527
1972 1585
150 1709
931 1645
520 1362
504 202
754 1059
1260 579
1817 1218
201 527
336 1234
585 447
632 1872
1446 939
1030 1985
212 1126
1496 1421
1680 793
1309 159
460 215
1495 1652
1232 262
333 1451
136 1053
1781 1867
323 979
1785 140
690 1209
993 788
283 1528
894 437
1764 1904
648 1379
29 96
1171 245
1453 484
1562 96
310 1596
1743 1258
614 459
1807 386
1346 1458
1838 1600
1994 1664
1071 817
1422 1043
1313 1408
194 1044
1926 707
62 505
1614 1444
1477 91
1974 450
547 1674
787 1978
872 494
21 475
1937 162
1156 655
492 289
99 1778
1695 515
257 1106
175 1056
125 343
1354 135
441 1016
348 1007
1221 1922
1384 621
1249 400
620 1595
493 1831
1572 733
812 914
384 1405
833 1506
346 1960
1670 1229
1592 185
1653 1473
1206 910
505 1040
1173 411
931 1731
549 1342
1951 1713
766 912
629 538
105 1413
217 782
396 288
56 368
1556 1027
1641 1311
1862 1218
1620 1238
171 1893
1161 558
638 1498
119 850
1705 1080
1968 1822
279 702
1825 1491
468 566
909 94
207 214
349 870
45 1265
961 522
1808 969
161 728
1632 1810
1388 333
864 1234
1127 1848
300 1685
490 1825
1269 1828
118 919
1007 442
1417 1734
755 1548
53 50
1758 1441
881 1667
1856 352
923 1548
775 1184
1143 1630
226 1819
840 1129
534 1088
1880 1625
1595 1407
1848 1062
1537 1760
1951 746
1324 194
189 1204
1162 1255
808 580
501 52
1560 723
513 1358
430 1119
1771 103
342 1556
332 1357
250 1264
1893 271
957 688
628 1256
241 1727
555 522
1401 240
548 1994
1956 771
299 1879
1747 1320
665 912
259 1999
825 224
1633 200
1845 1718
905 203
1693 297
192 1120
570 1066
1965 1246
265 676
156 898
1350 394
408 984
849 142
485 668
1780 936
630 224
620 1781
725 1436
1192 1772
892 369
1803 304
175 1898
125 1080
1290 476
769 1535
372 482
1899 1178
1071 203
1852 20
990 557
1225 1007
992 265
102 272
643 1037
1699 1192
409 461
699 1535
1027 1686
1879 1138
1334 17
1582 289
1464 1909
575 831
1136 816
1616 1824
706 456
246 1924
24 350
1618 146
1630 175
1397 623
81 189
608 207
1013 1215
1369 708
2 1568
1779 742
1212 1227
765 840
1423 79
1535 1129
1524 1332
1025 642
839 1980
93 1388
1960 1921
130 794
1716 1296
1274 1917
1128 281
1586 937
61 552
1171 485
77 1917
1435 1967
1201 581
42 508
1871 1374
1230 1263
10 1970
453 735
1457 1814
205 292
372 1999
662 1237
729 994
827 1728
684 1966
447 411
1592 1229
831 1549
333 665
1954 1649
1116 612
1188 524
1931 552
850 1578
425 1099
380 707
1164 857
609 1715
1180 319
901 1029
1855 1371
365 152
1710 883
1216 1703
1301 706
105 472
507 1802
1287 764
574 1357
88 115
135 1250
757 1820
1472 1560
752 1552
1106 1116
822 1482
1645 254
59 1728
1889 1206
972 1229
1564 1589
1475 1402
318 646
1045 79
1542 1667
829 1554
1219 352
219 1468
1000 75
1996 1328
371 1569
1167 1612
1297 38
1061 647
1947 282
113 687
1822 26
1055 1494
942 1348
645 1422
1370 771
1742 1834
394 516
921 245
931 1453
158 486
1382 1790
1846 1246
557 1928
1266 85
318 1358
1443 311
283 372
1480 1601
494 531
249 519
859 1823
154 1420
1710 1685
1216 743
181 1183
768 131
1181 599
116 1633
434 708
1836 1619
265 1764
352 660
1311 217
1379 481
1940 217
1783 317
260 1679
1731 1872
665 304
1234 889
1567 308
813 1338
1982 200
1868 379
34 1264
814 1197
158 499
514 293
938 1133
636 988
751 1351
665 627
1001 1162
1277 1713
1434 237
1621 419
108 89
379 160
1106 1920
1096 533
1367 127
550 250
101 994
795 705
1774 255
1098 1526
815 1133
1012 136
477 1923
332 1934
315 951
799 1528
1605 1597
1253 911
1610 1389
828 689
1222 497
571 856
636 602
978 1111
694 1081
1500 234
1106 1432
951 1744
473 450
1209 277
249 1763
978 571
924 1553
641 893
229 192
201 1437
500 752
1526 1914
1177 1072
1536 1062
1797 149
1038 1376
1560 1555
113 1977
1787 643
1725 374
126 1527
77 1655
1807 793
1221 1111
299 1307
1384 1247
1056 65
1873 1672
384 572
869 769
1413 491
523 614
648 1983
502 200
1368 1673
54 1047
1984 130
1778 854
1602 1375
1598 1190
39 173
17 1711
1588 282
1573 1005
622 519
784 88
1981 142
1208 704
922 1614
1304 988
1322 236
233 1089
1565 1656
1087 450
1400 1358
1842 1001
729 1457
1772 202
1297 15
1351 1730
1702 321
444 1470
347 1087
1742 1770
1584 1421
440 1561
860 1500
448 766
1682 920
138 1119
1697 866
1888 1957
1380 1491
282 328
1732 1484
1323 1240
1069 1984
803 597
386 1708
1582 1957
1307 446
186 210
1256 795
2 1729
1840 1830
65 1010
873 861
732 576
1267 1748
470 145
1851 1712
915 1859
1180 989
449 1593
1821 1115
7 1998
599 335
1568 1763
800 1400
1854 1
315 843
768 1904
1101 1255
1013 678
946 863
1269 896
937 1274
388 1193
1472 133
1964 842
106 134
582 226
249 869
444 563
1409 1954
507 1964
1608 1368
1707 1630
1319 942
1779 175
1345 923
6 117
784 1038
1413 1959
1938 535
1619 1023
60 1370
813 14
399 1750
1132 381
1347 1126
948 295
954 1332
932 507
1502 1850
401 745
1464 1997
1786 1000
8 1831
1714 983
1308 940
587 1433
1860 1942
1144 1969
1932 512
553 1696
931 1481
1866 1299
46 154
1287 1067
572 1517
1154 1097
1634 1644
1939 1443
1469 444
133 737
1491 1934
909 951
1014 610
663 1390
1536 358
716 262
94 47
258 173
289 47
953 116
409 1484
332 1464
1801 1822
479 390
1431 319
654 1639
835 1564
915 1343
1385 968
696 1842
1520 1039
1430 1737
1142 1028
1938 1367
1312 621
341 1123
157 136
1237 1995
1193 1652
527 1241
1811 1729
220 1678
1066 1968
659 301
582 654
1783 950
389 1362
1699 695
793 1269
522 1474
808 240
583 587
304 1992
466 27
253 1348
82 937
1865 99
1651 523
1792 475
1950 1554
738 1845
566 693
394 864
1286 405
1698 1380
1857 1935
857 999
1404 797
541 1567
1658 1060
202 910
399 935
184 1077
487 159
766 316
985 807
1499 1233
901 164
1887 917
1633 1894
356 1329
356 1566
864 969
1415 65
517 676
1235 1643
1452 1918
1924 110
1042 1764
1671 1309
1527 1927
1425 668
398 1931
1163 1002
1543 895
813 160
686 1528
984 1163
803 500
1370 752
98 540
1183 1092
933 376
1584 1407
558 182
1136 1639
572 1749
1377 976
520 1730
1112 549
1713 846
1631 616
1807 652
170 698
295 942
716 79
926 1022
1289 53
288 941
1945 990
137 104
171 360
1625 59
1650 214
139 1212
588 124
706 1476
1598 1404
396 1171
1770 903
522 780
1517 192
166 793
492 343
891 809
518 1990
1496 1111
1414 1504
727 554
431 1732
497 113
914 966
957 1387
1672 1231
84 167
1739 648
1877 396
558 450
1804 1584
1540 467
774 354
958 815
1759 542
1074 763
1108 14
417 1525
1057 1201
1846 1925
1012 73
515 790
1047 1840
1649 838
1426 1671
484 1282
998 1620
618 1320
1960 337
1069 113
1742 1237
1082 900
1052 716
455 176
773 261
1650 1243
1728 1092
1487 123
2 112
1370 1875
1226 1897
815 119
795 580
1364 1328
1927 542
623 1970
482 176
962 1915
574 1357
995 1736
1000 934
924 805
1420 569
420 157
916 2000
85 469
1577 1846
1271 1972
1647 726
1322 1258
1584 600
387 239
401 904
512 178
1707 1166
757 334
234 1285
566 1554
1771 688
1883 1413
862 951
1558 1225
713 693
1827 440
1911 282
1490 895
1510 1889
1370 813
1427 1037
1704 563
1500 1433
1819 1292
1543 91
1721 1374
931 689
1896 20
1272 384
543 1083
964 1107
102 680
929 243
879 330
1754 937
1297 1199
100 339
753 328
1638 928
903 1884
1373 822
204 1646
137 663
657 887
1434 1993
1453 549
884 358
1105 596
1862 86
1031 1148
828 1595
354 1273
561 717
1994 1633
1831 671
696 1226
1084 1722
1662 1966
208 1917
470 1382
1974 952
1661 1957
1954 1026
260 1489
471 1963
746 1510
961 429
259 1082
392 317
727 629
934 1514
106 459
1053 815
1896 495
948 177
517 1310
908 429
1036 24
919 967
698 215
315 251
114 832
1173 1003
1516 1380
768 601
726 562
1041 1743
594 186
172 452
555 1324
1866 711
925 1429
1141 94
1542 427
1289 1543
281 874
656 112
1257 934
575 1719
153 970
75 1520
783 362
1626 1319
1514 1938
325 1934
1757 804
1677 676
732 1909
958 1457
1786 822
404 1079
1471 1373
501 765
1897 90
799 1536
24 734
1097 312
631 1932
1237 373
1876 676
1805 404
734 1591
323 1436
531 264
1982 1844
805 1763
182 374
1256 1460
818 67
1764 881
1590 1317
867 586
1225 917
495 1451
1146 1592
262 1851
354 1421
175 460
961 1147
191 1043
32 1937
1808 76
620 561
1562 1944
1176 953
825 298
1803 1621
1300 694
538 796
318 1334
618 170
847 689
1526 340
35 1188
144 508
1000 1637
560 1757
1297 1683
1360 966
669 609
1437 1817
866 691
423 1501
1195 1527
728 832
1745 110
1466 557
1188 1527
1875 846
456 453
113 373
953 719
700 197
1227 1644
309 848
1910 158
402 1338
516 1050
1516 1235
1746 1971
836 632
185 360
1125 120
588 759
629 242
1571 297
934 124
5 320
207 1942
1059 40
961 968
175 491
1285 238
211 1962
1503 1947
1336 14
596 565
1718 1608
1873 1994
1054 1855
379 524
1026 1022
1263 550
1513 1090
1791 1792
759 1848
816 36
744 227
1094 1009
397 78
1543 299
152 375
1034 979
1857 1513
1267 772
435 1777
257 1918
1438 176
589 1967
653 1343
1603 1332
1686 673
910 1692
206 625
1408 235
936 1292
934 1341
186 1242
1098 10
1299 611
1812 764
370 1502
876 331
551 1020
1213 772
823 1131
1707 1362
1722 1006
75 1819
1446 1912
978 312
847 1704
873 595
369 1735
1887 1034
969 569
1581 1763
838 1259
291 1659
1381 1233
1832 1983
1710 70
970 1386
838 612
582 331
428 779
1027 765
1087 1888
854 631
908 1399
702 1667
1427 557
1936 978
1649 1964
1876 57
1909 369
558 1469
932 898
1957 1045
1733 898
1608 656
1211 1631
91 1594
1287 1410
161 631
810 196
1428 1775
1874 1390
1065 524
747 890
1702 228
1226 1361
1032 432
862 483
511 1658
1512 879
1322 561
536 402
638 1934
436 1421
880 923
1315 403
934 296
1562 893
782 1170
720 1767
1838 976
414 852
1962 1949
1367 557
941 1831
1452 1713
986 146
1438 1492
1574 869
707 1288
585 1240
974 1842
1961 1635
922 64
1305 366
22 574
585 7
1931 1437
465 1140
275 759
287 1897
1952 369
1475 1391
489 1133
897 762
471 1012
1250 1194
1372 1314
1893 57
360 1267
347 117
477 71
58 562
1959 1813
926 257
543 1687
731 1251
1869 1767
1206 1340
1321 873
1880 231
1663 642
1372 417
1043 650
958 14
1163 1753
1117 44
59 1438
580 1489
360 1447
1487 232
1191 49
1494 396
473 1059
503 1235
617 136
927 970
324 614
1487 1884
1093 354
908 1247
379 513
1160 1984
1417 1184
987 1531
431 865
1878 1921
217 211
252 465
1569 1123
1727 314
1877 1602
21 1620
1106 1936
1630 1541
390 139
881 1754
1048 1726
495 67
1690 196
170 1816
1801 995
1596 877
1303 960
8 693
675 451
805 1520
133 394
399 179
1959 332
1157 1087
1237 568
1614 1548
1046 442
625 515
180 1195
1431 1893
1879 967
1579 708
1916 1356
1469 535
1603 1158
1904 356
176 430
750 810
1092 801
360 168
1878 1362
1717 1598
1556 444
1717 1799
1247 934
511 1562
1946 1204
1785 476
359 1701
396 397
1485 992
1378 1525
951 618
1374 1594
1227 1064
786 276
1834 1116
1479 432
268 1776
334 71
1604 990
763 1517
1155 643
505 105
811 848
1990 1655
953 719
1476 110
627 1438
1955 1438
358 976
1047 1019
1467 1688
1153 1501
1257 111
1128 1515
1951 1749
1677 1845
527 1624
1299 1586
129 1513
1596 1923
430 1355
1945 1065
210 1487
375 242
1080 1617
1214 444
776 1480
593 1157
1012 777
1309 340
941 153
946 1895
254 1269
1313 871
1678 66
1239 1569
1874 59
1245 1118
977 1762
257 697
1968 1878
1916 646
1714 1749
1167 1222
1153 1145
1285 532
1491 1329
708 197
479 578
13 157
633 1633
1037 1855
1768 877
1564 1481
112 636
1140 732
1634 1636
1450 526
370 704
774 1651
794 257
1835 1579
328 1447
1102 732
1611 1906
1135 1918
1017 543
81 1213
35 1569
1099 62
331 1462
475 1308
475 710
1438 1859
458 477
1431 863
301 1122
1940 40
113 1424
1544 1480
1079 409
1110 2000
1201 1110
1455 1617
190 1772
240 649
877 577
1606 1417
654 888
342 583
1220 956
1934 1721
691 160
2 1836
223 235
877 1116
1473 617
263 1388
1991 1169
1300 1098
212 1698
475 1907
15 180
1574 466
878 398
533 818
611 377
736 933
597 1573
1970 120
428 1520
1200 1220
369 357
1999 1329
494 853
49 1530
1979 173
1507 254
1557 772
1608 1207
15 57
1345 851
1235 209
99 1804
836 1391
682 785
1078 1128
155 1238
648 1177
1418 1500
415 837
916 1938
658 1209
1835 208
938 410
1365 263
417 662
547 1699
1686 1534
427 698
881 802
1802 762
361 115
1744 530
251 1942
1612 1548
1052 334
24 1445
437 1088
492 1701
960 476
131 1294
1418 127
1695 674
1249 1190
1361 1762
1339 103
366 794
1272 837
320 949
1811 1050
1034 1935
446 1960
1480 865
842 415
879 991
385 182
943 1716
1525 568
1897 1978
849 1671
1125 519
695 158
72 1027
1723 344
310 690
1894 1983
1366 1620
771 1065
994 1223
123 824
365 154
1734 572
825 526
1941 674
1079 653
129 1296
841 225
327 1130
407 1116
1202 1672
481 1493
696 1200
1329 31
851 276
711 1583
1341 172
1552 166
1916 11
1075 1433
1071 1801
32 1632
1946 834
570 90
1004 810
1290 2
1639 398
136 826
746 1102
1043 186
83 114
781 1599
1390 1897
508 1982
500 1697
35 1178
1922 1725
179 1849
102 1244
818 66
815 561
1478 606
279 534
1533 1228
675 1985
384 1982
378 498
1197 1551
774 1750
583 1523
644 899
219 427
952 1615
907 1231
1239 488
1608 1957
1100 1226
690 1956
1191 1513
747 1372
1332 1475
108 928
640 1657
1678 784
1328 1228
1556 1473
857 1674
279 590
1952 523
127 1049
242 950
93 1621
172 1916
555 1334
612 647
608 1679
1433 1851
884 282
1409 1287
1136 1048
342 1381
1390 1832
144 863
103 1842
1082 533
386 1501
456 188
787 970
209 1508
1238 1381
1723 637
1956 1433
1491 380
157 1158
769 764
1916 104
1279 1970
102 1325
862 739
256 20
677 1844
1022 1413
348 1946
1078 400
1085 1343
619 1179
644 1200
1666 906
223 1108
537 549
1685 242
1077 153
1692 1932
230 1431
933 1910
1380 273
1852 1247
961 285
1598 286
1051 876
330 913
851 1824
1189 21
292 37
1092 1370
1006 439
959 1338
1929 314
1256 686
648 1985
1361 229
1433 729
1452 978
1165 1191
792 996
952 167
1255 1900
1646 193
36 687
1699 1721
1869 505
1199 1454
174 690
287 1719
508 204
967 1241
1331 1150
888 1516
434 445
1996 1739
1980 650
1166 1268
887 496
657 283
1267 1181
962 620
1301 1778
941 205
743 1491
815 1198
1303 1708
593 1021
795 990
519 821
1935 1147
1785 1255
459 1756
590 1828
664 1201
1175 1840
769 935
224 1939
1740 319
144 970
1643 1824
664 1042
715 140
732 861
1281 785
149 1653
924 106
1605 235
1651 465
728 1084
1534 1315
159 1607
143 774
94 1181
257 1495
1415 1735
1948 161
1221 764
1310 1311
1478 789
984 1344
754 100
1213 463
452 1293
317 1448
395 544
217 668
1243 1175
79 326
1016 1235
797 1323
99 554
1943 781
1401 253
1048 228
1033 1364
769 1593
427 1791
1282 289
1384 1230
1996 1706
1815 1279
1682 115
126 1718
1673 1696
162 1225
139 883
34 622
152 1629
1062 1513
807 1840
346 337
1345 1235
1620 386
1234 1090
92 1691
1761 1037
690 834
751 1661
345 772
1290 1214
1677 1123
845 1217
1037 13
1459 539
658 655
1221 1357
573 1669
816 854
1248 1356
211 1455
1390 63
1579 1831
1247 1758
1742 1134
215 639
1372 115
1825 56
1666 1709
1121 958
527 946
548 372
723 40
320 665
411 1945
506 640
1671 722
557 1683
299 1357
1150 1628
479 1990
64 1627
550 1835
1079 1757
673 1733
266 567
710 340
117 765
636 735
607 929
4 1589
152 1877
304 261
1541 1466
118 1150
617 1327
843 844
710 1594
220 187
1973 1356
180 287
208 1403
954 929
1357 1803
14 338
63 383
202 431
1172 1474
749 1069
1601 142
1552 450
797 582
1328 1115
936 90
1626 81
151 416
1139 1323
1211 131
987 1220
1646 713
240 1263
1787 610
167 1090
788 875
1084 1515
729 803
1447 1083
1104 911
1626 804
1454 1883
593 1329
1296 332
1717 15
554 81
1152 1557
1974 15
553 827
656 777
1898 441
483 1961
510 1021
634 1147
1352 752
1438 1288
1412 116
817 846
353 1909
1191 1462
1095 189
1275 1187
1933 1241
1522 612
146 1332
612 1168
1114 406
1628 54
566 1333
417 1845
946 655
1380 1698
1668 1145
744 1587
1494 1851
1406 1333
1831 449
1149 872
980 1239
1889 80
833 1585
1591 695
797 384
233 1867
1648 716
1782 11
1254 154
1397 1454
507 1931
759 729
1460 433
1352 827
770 1717
1260 1296
1449 182
300 1227
1377 1485
201 292
585 825
120 308
441 1600
948 53
1891 1205
113 1127
1511 101
820 1764
1109 729
1759 17
1461 530
1513 255
1814 665
1758 73
1437 809
1848 1539
256 1893
1064 682
958 1109
532 1451
1481 352
1998 1537
528 1869
107 1340
1447 815
364 1151
685 1472
496 436
1167 519
1653 1428
1662 1993
886 443
1742 928
1296 785
316 796
386 239
1732 649
1627 1553
712 1374
1073 402
1922 1750
1908 918
1707 1965
1105 439
1336 796
198 638
899 1631
207 936
967 1281
1982 1242
428 1233
713 831
1309 588
1836 1158
605 1335
1247 32
467 22
1658 581
1082 1326
1125 971
1865 183
1204 756
540 63
260 1891
1215 446
268 433
1450 373
1823 100
1358 500
905 1657
401 1389
1369 251
1174 1587
1730 1859
1459 1313
353 1918
1294 311
128 1983
392 1405
973 535
1 1137
614 1267
1317 474
1248 1490
1019 1011
1780 1932
499 1683
1792 1247
577 1448
1004 1666
1609 574
617 829
1471 474
1782 1071
1346 583
1125 1441
218 1851
1540 725
943 1092
1675 1500
1831 531
329 1988
1718 1225
1115 1748
1221 984
598 92
982 212
1407 675
67 572
193 699
885 1892
139 424
816 227
1449 381
478 973
764 1682
441 97
821 280
1435 1985
1337 1061
502 1239
1395 612
398 517
319 1306
66 68
1134 505
1069 652
1525 235
1831 1414
51 723
1207 1075
310 767
765 661
1885 1340
1196 962
170 964
1373 1415
1756 928
1470 667
1696 252
574 650
1106 1582
358 1815
1033 340
698 395
1871 202
258 856
1102 750
608 1552
64 1820
325 1879
1521 1613
527 1549
1741 1571
1329 1995
1428 498
974 96
1269 1783
925 1745
1636 584
413 1284
404 634
883 618
33 366
1881 123
127 490
2000 1397
1471 418
71 1084
1574 1483
1105 1334
1815 1147
822 1616
700 1410
1314 1955
88 789
1972 1449
692 1322
1274 1210
1410 1760
644 1110
1014 350
973 969
1174 1695
1173 1728
74 1689
337 890
1051 1952
1327 1771
87 750
1687 1070
495 964
627 1250
1332 1491
344 1385
168 20
261 823
882 1860
695 776
1976 454
1646 378
106 1564
91 1611
1733 527
1416 1802
887 981
943 1700
1266 816
346 1878
1115 1953
555 1535
673 1118
1700 467
1625 1665
827 1576
447 277
351 1056
1207 670
701 1909
653 225
1289 1956
1811 1011
1645 1484
1386 355
177 705
815 1707
1619 732
1024 920
443 1904
1876 1518
759 806
1513 909
850 885
1083 1255
899 275
1830 1081
1216 235
1827 1546
1406 1449
1829 1094
1355 1752
756 1975
1144 1109
1671 27
363 1537
1934 146
791 1351
1170 306
1556 445
493 877
1068 1
180 1065
365 167
766 616
1418 1897
1301 3
610 1444
361 1797
1821 747
406 843
1883 1624
397 165
646 512
110 1601
1285 17
1054 154
1348 1680
1360 821
731 1620
949 146
871 1663
136 620
1292 1148
506 442
1639 1502
1051 238
1159 1772
1487 1636
1605 1845
1649 125
1228 759
985 242
625 1070
1419 360
565 1594
245 1412
778 1805
956 800
1002 1610
1218 1262
1697 924
1282 832
1597 1043
963 384
547 1592
1318 967
918 319
434 1121
1045 1987
1017 659
1704 553
1477 64
7 921
1081 1205
1658 1361
1881 1702
45 218
1050 1178
1897 419
1115 1314
1634 853
337 1618
1614 693
797 925
1931 230
23 837
102 391
1883 1720
167 1466
1416 325
606 449
1751 690
1456 495
1783 1184
572 411
117 1231
419 1873
1909 1276
668 1327
540 1534
1015 1342
909 1841
474 1501
1016 876
1884 1194
1750 966
701 1766
63 1560
1783 974
1682 280
1874 178
1953 1730
21 755
64 818
1989 1852
1681 970
1183 1303
1202 87
663 262
1731 860
903 1935
1086 549
179 842
701 1451
1067 776
570 430
1995 1712
235 1631
1969 783
378 150
778 1764
414 90
182 1633
367 1575
339 1586
123 611
1858 1655
213 1393
339 1366
807 1865
588 830
841 1114
1821 1323
1966 1174
770 50
1066 1100
700 540
1949 1654
207 868
1066 1677
1221 1785
30 1289
1072 1391
2 383
450 1329
1449 1524
948 1185
1954 968
701 1864
1557 207
552 1651
1192 464
642 1831
770 1787
915 817
800 1092
954 238
161 456
888 1414
820 1390
599 1863
1419 574
388 53
977 747
579 1714
1321 709
699 945
73 1
637 114
1890 82
275 1952
20 981
1831 920
1985 1332
1440 679
555 1879
931 1253
1682 1800
237 174
1812 152
1400 108
172 296
427 401
245 1583
932 637
725 1731
221 671
1964 1845
1148 1993
770 174
1297 1913
1449 1428
1276 1293
1985 773
1220 1089
1321 16
314 1611
69 1764
152 28
847 677
171 670
670 1980
346 364
1466 1664
618 21
138 735
972 706
1146 1442
18 71
1030 513
1616 243
1294 400
1467 697
454 772
721 1680
1230 274
868 943
1894 972
887 1834
1648 1640
1739 1102
1000 1304
809 874
1823 558
656 932
1262 225
718 1416
398 329
501 1720
1987 1288
1553 1308
787 1213
1182 1140
1144 382
488 909
1976 305
1938 879
496 388
659 1862
1182 19
301 1854
1270 1823
236 1764
938 1778
1797 1678
617 1421
1102 401
1826 1421
1027 381
737 1878
980 18
250 1296
1741 831
1171 441
912 487
1083 1184
991 189
550 1339
469 666
523 1622
2000 107
1865 1955
514 1147
1893 179
1695 898
1113 1077
20 938
1003 1024
357 1825
1469 639
422 1737
824 118
1693 636
174 1942
769 53
368 127
693 1020
1385 989
1643 1293
1696 558
1700 603
1616 205
464 53
525 1524
904 1469
1567 1113
250 348
1750 1836
1676 1010
1115 485
372 260
957 1462
890 1441
611 584
52 624
35 910
1310 1591
941 1983
1014 369
1105 1359
744 1619
1505 648
892 1290
1479 1139
1989 1000
1619 1338
937 429
1694 524
665 1053
1011 1426
603 1471
334 864
293 1351
489 1463
1675 480
204 1503
1141 1905
968 899
1626 1040
1522 62
1992 1671
1606 1354
1578 878
1191 1279
244 1278
1942 1133
630 1877
1065 1142
1789 1504
819 1112
517 1402
467 1794
1815 1092
253 1525
1738 1518
1749 951
1639 1627
532 159
1226 171
181 1104
1867 1257
1040 1199
1174 804
669 1590
1820 1674
1429 337
1442 1005
1856 1517
92 610
1742 886
1156 124
1323 1095
1235 1320
1764 1513
485 1523
1931 633
1436 775
543 1521
358 952
1033 1640
570 1361
1333 263
1152 1231
593 52
587 535
1650 794
409 12
608 756
1367 1067
1703 654
961 266
1635 1671
830 1579
67 746
968 1193
1016 14
1475 926
474 485
1866 731
408 1760
1134 901
1406 1683
878 485
623 32
1216 1186
687 1706
353 520
758 391
1162 1203
1499 1006
619 1055
1940 1503
104 1122
1146 51
1350 1606
1187 128
1209 1584
1005 1635
784 8
509 311
1778 1438
194 554
1684 918
1521 81
1642 1588
1028 1293
1552 443
81 994
1158 574
430 1153
652 1115
1636 379
296 1948
188 101
812 728
1909 1560
1371 615
1335 582
348 1886
1289 33
1922 1273
1453 1612
681 1119
39 1076
1718 1597
1026 470
666 1370
1009 1750
1001 719
928 1279
1236 103
1827 667
1888 1942
1912 737
707 16
1774 138
601 1046
1333 1455
810 768
973 682
562 1157
1067 42
260 681
1140 355
90 220
915 791
852 1566
831 1267
1894 1578
1575 1070
1885 1048
1332 1108
1261 750
812 1755
798 20
334 313
1253 1078
1629 1306
373 594
1085 1129
661 497
885 860
1988 1471
1881 1304
1475 167
273 1885
1070 1463
1957 1345
891 527
1378 605
170 829
891 1852
710 244
1397 278
22 717
1925 996
1565 1726
174 652
681 760
670 573
69 1285
826 804
1601 1301
873 961
56 61
1299 925
1365 1860
1480 409
1529 137
1559 1385
1996 791
1244 1031
197 1711
536 594
668 166
1675 629
185 512
1073 1726
855 830
1653 1112
1679 868
1578 1763
768 38
1590 608
225 1297
508 1838
1508 794
319 71
1303 1015
418 103
914 139
591 1893
285 259
680 1475
97 927
1571 1999
1455 293
285 163
1803 595
1774 132
1649 1871
461 356
505 385
1173 398
1815 1203
1003 1498
1289 177
371 1519
1652 609
575 1258
1190 1674
452 1363
821 765
524 1592
1526 877
367 744
1590 1842
112 1845
1595 1941
129 53
71 774
832 613
342 1067
851 1002
970 1258
1941 1473
586 672
1886 1679
151 236
414 1085
702 403
1349 110
1460 1257
1109 1899
275 1458
1033 552
120 318
1411 908
352 1399
917 587
1984 884
1893 700
597 196
661 1913
1061 1559
1908 1241
227 1332
1719 1086
366 690
345 1528
883 100
1947 581
416 198
444 1059
83 658
1742 694
1601 1660
1445 1468
501 1499
948 1488
861 1904
1597 340
86 42
570 1546
1960 1560
1573 1808
1851 1496
259 209
950 538
84 104
1883 1011
319 628
1562 1729
874 5
1659 528
1978 75
1140 834
431 1020
280 1721
1108 1238
1119 1930
771 1293
1252 1772
1374 125
1634 632
1412 1504
1407 636
645 708
1102 1096
1433 580
1832 1190
227 347
412 274
799 1916
1961 1375
1447 1973
1474 806
814 616
357 1315
614 455
1713 1247
1461 762
180 233
449 1085
1880 1523
889 1075
759 1375
1506 1049
1213 1727
398 404
215 1520
645 1296
5 96
60 1315
491 392
1913 92
238 64
18 397
1586 1613
1655 1814
1497 943
466 657
1663 549
1818 539
1665 1185
517 1251
1637 15
33 1355
805 1689
1186 689
818 801
1765 92
649 900
914 1386
1905 713
1218 1905
351 186
237 1121
1200 1354
1655 1735
1708 48
1699 1943
644 1825
1103 1304
1728 1051
487 693
966 744
824 463
451 44
749 275
1318 300
1985 124
109 656
511 1936
1988 754
1669 39
1999 1683
1860 1986
1636 761
1466 360
1567 420
69 133
1600 897
1631 1546
1301 1204
46 347
1912 318
1291 1958
1577 594
331 1830
954 592
1869 1650
1793 719
250 1318
469 768
1458 715
681 1762
583 537
1770 547
1648 1364
737 159
1752 1398
1735 74
1533 1831
1490 190
1223 352
880 246
1472 813
442 166
1978 1323
1520 1247
764 861
1074 949
195 621
5 1897
173 1254
1665 943
1309 112
372 1297
1351 1438
117 940
1057 328
998 162
778 1356
869 337
1152 871
1655 1350
1554 1115
553 271
1669 365
1662 1086
1835 133
984 573
917 1608
1734 1883
358 1548
194 782
17 676
1718 1768
846 1705
204 681
1144 608
224 1845
892 1803
1880 325
297 478
832 785
723 1100
811 1371
943 1074
1839 1123
490 203
194 1174
1949 580
242 1501
375 1473
1357 1421
699 747
1894 813
954 1856
978 687
1083 1289
437 1302
1509 1216
1177 1877
76 346
1247 1108
1418 1999
1804 1768
96 203
686 583
316 1498
1356 913
999 1825
1374 180
1543 1828
1496 1811
625 1425
1597 840
583 1306
22 1259
735 867
603 1358
1777 1302
256 1985
1403 1017
1908 487
629 61
1808 1960
352 152
301 859
553 943
1108 100
245 1921
185 1131
446 827
653 782
918 1403
1973 1455
1300 1887
742 1491
1069 1319
1804 1021
1138 370
285 723
1029 203
487 100
629 1505
1585 1338
229 873
1362 1388
1080 1762
88 1098
1204 6
1932 1287
1383 1829
557 199
1360 622
1159 225
1188 356
1844 987
1868 1436
1455 1070
626 970
446 1824
1313 751
553 884
1529 483
880 1523
1630 595
1039 623
1635 1229
1756 1648
674 1133
1194 809
1969 434
913 604
1083 420
665 344
675 120
912 1951
227 1104
299 350
1082 1819
842 956
1173 504
1678 1228
891 136
1032 351
769 1752
1373 1728
900 1121
470 1870
380 340
1988 970
657 1599
1557 760
580 111
1059 1263
1196 664
508 1283
1010 1934
1 848
184 1115
1769 405
1855 464
1185 908
1339 1084
1890 1959
1418 815
1842 883
1228 594
1774 1029
1713 282
1302 1500
496 579
800 623
1853 388
1625 191
594 632
1420 1307
253 751
1403 312
1990 1761
962 109
371 1840
1961 1145
1607 547
228 1670
1945 233
57 1101
1078 1781
1468 85
1533 1988
1443 1006
1854 728
569 1272
1555 753
1392 1121
223 83
1948 499
707 1883
13 609
1877 835
318 1757
1575 612
1689 489
895 602
1595 210
548 1471
1405 1396
323 1191
553 450
1687 1520
1378 1124
690 406
219 1324
1367 1767
1941 1715
1786 1136
1211 610
1949 906
99 463
369 1956
1608 1745
1290 1322
1657 1715
498 1717
818 1152
538 685
1102 1495
1044 1402
1755 1553
1171 1180
960 203
466 904
1958 627
489 1320
1540 1025
1800 1950
46 1653
1981 133
12 1118
1718 97
205 1011
30 354
734 305
1297 1603
1180 124
2 326
29 486
1607 1362
1712 1748
1581 1139
49 586
1689 1591
1010 1034
429 135
1764 137
563 1430
670 1360
1817 978
873 648
96 1032
1979 965
1083 1754
365 866
185 397
1684 1259
1924 325
235 858
138 1373
419 1507
8 29
343 426
1499 1864
1151 59
811 313
1852 1968
400 771
1142 1419
1261 1735
968 1164
1318 572
747 1633
431 10
1723 1963
1455 149
922 1147
1036 723
312 1131
1474 75
471 1927
641 900
1756 529
1271 1008
775 866
307 153
832 969
405 534
1641 791
1420 416
1179 943
1597 880
1046 1315
1125 1116
1247 980
1029 1577
64 1683
1475 1277
475 1129
1666 1438
599 1014
1235 1398
962 480
106 1886
1412 400
402 476
672 355
840 1203
897 1133
16 280
327 1897
618 1874
1513 163
1190 1042
333 1284
1076 1757
9 290
1575 763
1261 1448
1180 423
762 1975
173 579
224 678
1810 689
1720 312
706 392
441 1867
1106 929
1276 766
555 718
4 1183
511 1076
352 39
832 648
1910 1027
1287 388
1221 1911
1981 65
63 1270
1853 1840
361 950
1056 1191
829 156
199 939
1615 739
1558 1871
42 1615
1036 1844
1807 341
1752 897
690 533
1895 321
100 892
1868 218
1249 145
1 61
1675 960
448 1764
1847 1803
716 1138
1034 190
628 371
1097 1015
1395 1768
1146 1779
942 952
1351 451
759 207
882 1703
1506 2000
123 1835
1422 1626
865 259
859 1229
260 140
383 1246
856 828
1626 1856
1247 1966
289 2
1533 710
1171 121
1977 548
667 1519
336 101
139 1191
1299 389
1937 1141
1306 578
32 1928
1469 1066
1451 1955
1647 777
549 1776
1826 709
390 193
555 1492
742 851
1822 1619
181 779
1660 837
1394 1032
862 451
428 971
375 1702
1665 923
1445 426
610 115
622 1272
835 411
623 785
967 1266
304 1726
1051 1829
345 648
1769 1887
1937 1471
583 1201
1656 852
1488 591
1913 1601
992 1259
1765 15
524 1043
1900 1046
507 1956
98 520
1174 494
1972 1934
119 1607
994 1698
1875 515
1275 1486
794 653
288 746
687 8
1957 848
1328 155
1114 1278
1125 1480
815 1895
1423 1144
392 1990
700 975
1943 691
1781 1801
612 645
422 1329
1416 224
165 1841
923 1306
131 1708
708 1281
1984 406
983 1240
574 683
966 1917
95 1833
397 49
1771 1333
1252 1448
1193 1332
1637 213
1115 1698
1551 1254
1441 1377
120 746
752 1053
1400 567
1277 1724
993 1678
433 542
90 502
1463 1843
598 832
1192 1796
373 272
1674 1020
370 1690
1696 559
1680 680
882 614
1028 1671
1013 185
669 657
396 345
52 1505
1469 950
1665 470
918 1846
411 65
911 243
917 134
51 61
1523 1426
1470 191
799 1722
1090 411
949 920
991 1624
1967 1119
1401 505
902 1017
854 93
1346 507
1683 373
739 1890
1096 929
66 1797
211 1255
1633 1320
1686 1991
522 521
1065 922
1924 1432
969 1410
1664 747
1443 864
556 1175
245 679
1922 1273
566 1093
144 1292
1804 1144
210 1345
844 878
1843 314
800 104
1019 754
1599 819
1264 1869
1845 280
360 497
1107 717
567 549
1309 1277
813 729
284 1652
12 1393
1337 1197
1662 893
384 1551
1986 641
297 132
1899 1815
1375 667
1237 1323
300 860
1803 551
560 110
1527 1737
1970 479
1488 693
684 1602
1914 1399
1547 315
1301 1722
1428 369
1974 1037
417 1102
685 118
897 820
329 509
1901 478
415 243
553 541
177 384
757 1199
1143 1536
289 205
709 509
1334 1225
985 1745
781 798
1358 68
1534 995
1786 1352
1243 1119
1402 582
1290 819
528 270
1868 409
721 1649
115 12
807 1312
1416 1536
1158 103
11 734
1939 1473
725 386
500 1129
681 1645
158 365
1078 115
1645 232
1188 1831
1177 888
341 1717
1 144
197 549
1138 1663
104 1214
1167 1182
1065 928
1971 1947
598 1434
1219 1616
1708 402
1640 390
1485 715
849 942
1558 1565
657 162
810 1938
363 1154
867 1947
312 603
108 1164
382 449
688 796
1746 1706
869 10
186 1815
301 1236
527 91
1765 291
1012 1885
1031 928
1184 455
1321 902
1873 1382
1890 1833
1060 117
53 73
852 1586
1908 1279
1606 1163
518 763
887 1331
1270 122
1078 1218
1107 1061
1809 1070
1641 1392
1514 13
886 549
1279 1382
1402 385
1136 924
1262 76
918 189
840 451
891 1255
165 1408
1823 766
1629 1575
1497 1498
1241 215
1076 1661
1061 522
1706 106
1219 187
1794 923
154 838
699 1209
529 263
642 979
829 237
1356 1666
273 1387
641 1348
211 1234
536 1247
867 277
167 1163
527 301
1675 441
1240 1847
527 348
1724 1508
1737 1008
1107 204
396 27
900 1214
1323 238
981 654
1702 1656
782 115
1231 155
752 210
1607 267
19 1065
1699 1076
1997 157
210 1633
1232 319
112 429
671 1097
1499 1386
158 1738
330 1019
274 826
794 1366
1650 1977
1109 745
100 604
1488 390
1890 1147
799 1516
345 1216
359 427
1464 662
1184 147
1382 838
887 1234
1 1199
731 1227
1262 1306
1490 1092
627 1682
583 883
1277 1768
1604 1499
1783 1785
1349 459
792 1336
1330 776
241 869
548 1735
1968 1679
1954 44
293 1215
950 1054
783 1374
1897 1201
358 268
3 1606
517 205
924 444
433 1646
266 1272
405 579
176 1038
1308 1888
1993 1487
1116 1414
209 1876
1292 1669
1650 27
621 1944
1096 954
1412 620
493 1353
1840 950
962 1275
1743 1095
1036 1082
101 1068
715 1453
1475 1617
1334 1880
921 458
1943 660
792 1626
1604 1513
1965 191
1356 1628
674 533
304 1747
1462 1454
1543 1717
700 804
1566 1370
478 757
1319 1353
1693 648
624 877
1959 1446
265 1044
3 175
588 356
1352 1903
1145 998
482 1677
2 176
114 682
563 299
1873 1619
1893 459
943 1749
1659 1612
902 1233
551 1587
1874 1906
192 1829
1633 685
1955 1697
1670 1000
594 201
1714 1564
428 597
478 1129
1801 1088
1894 343
1001 163
1129 879
1834 1807
1948 1295
319 214
1512 1979
501 874
1069 282
19 1574
79 1055
600 1932
125 1720
1370 1696
780 1757
786 1636
1348 1128
644 1335
630 1506
205 1154
1715 927
796 1960
856 1756
1574 1558
1958 693
1009 796
850 1741
1489 1947
164 1203
639 1140
223 1226
671 538
682 680
1815 1842
453 1901
789 127
1703 715
226 1327
1415 1952
1751 1441
710 1130
998 1092
566 1985
1146 751
315 1382
375 1244
333 984
182 1491
1010 442
738 1202
1564 1479
1018 1739
1831 1849
1825 1978
1094 575
1070 1690
614 138
1080 711
1610 564
777 409
1631 87
1389 1068
779 1439
475 698
1047 1960
750 1777
702 856
1474 141
276 1339
553 1985
1172 1561
1925 1684
675 229
564 682
671 33
1564 1883
300 936
798 12
1968 1210
1064 465
1691 407
527 990
1522 1917
1441 1516
1526 1600
1507 1699
685 1638
912 1135
1885 1246
839 402
1190 67
1322 1908
51 10
1221 816
1036 1621
1797 360
600 1898
218 487
1911 375
1777 1845
73 1097
1314 484
1741 1692
288 501
862 835
392 1414
1508 1651
383 503
1270 1036
1130 1497
434 312
1148 1172
1831 653
69 1477
655 701
1971 1214
1227 1183
1663 1596
1793 390
1421 1651
874 1489
933 303
941 1548
1743 1279
130 790
221 1226
810 22
962 664
1044 1166
256 535
173 1133
392 1444
536 132
778 1397
1716 936
1273 505
272 45
1839 1099
1634 628
1359 466
899 350
134 1795
772 111
1290 1937
1346 756
353 220
846 828
1973 133
524 1333
1965 366
198 741
1414 1878
1430 618
644 1877
182 1089
1398 1304
387 1069
100 635
1779 1604
780 1316
1659 612
366 1367
632 1580
650 1259
1103 1040
949 1722
135 1913
1779 568
1261 1199
389 5
298 1978
399 1224
529 655
202 1349
1910 209
1273 1055
859 159
1103 302
937 787
1889 732
665 87
1161 719
1836 899
113 46
483 944
1261 1578
1914 1134
276 78
269 1741
1470 1802
24 1968
467 69
1149 1502
766 631
498 1242
1107 1875
1806 31
1527 36
305 399
1827 213
681 657
102 1104
496 218
1472 1931
1774 1961
1642 1027
1097 1043
1893 136
1014 489
275 992
267 708
444 1230
117 1128
1153 748
1460 1607
1936 846
593 1726
665 610
1058 711
1143 689
1757 1558
1818 1448
959 828
1495 1198
849 1008
1716 1882
1905 1665
230 393
533 67
1016 931
361 1552
1775 1228
1532 676
1262 753
1149 1512
677 678
1410 1205
1398 51
38 712
1493 1691
786 1944
911 890
1615 987
1789 1906
779 5
1574 467
1168 1375
889 397
1161 745
1378 1577
744 446
459 92
43 458
131 1875
885 397
66 1142
70 1218
1668 661
930 1121
790 1464
1516 1541
1012 588
449 1882
1325 1506
429 1054
940 548
1876 1242
791 1835
78 459
982 1450
1788 1439
1216 1331
562 1364
633 1101
748 732
223 768
677 1619
823 1685
107 522
1647 959
1036 982
60 687
499 1753
1627 1214
1436 1232
1152 109
1985 727
1691 753
570 1405
1156 693
1578 1973
1222 1179
1429 640
1289 129
1339 1643
1094 747
1407 1307
1396 344
986 1494
1955 1624
928 714
1978 1980
424 1104
375 1922
1421 946
926 243
233 1195
1394 442
788 1763
1383 905
676 947
597 1993
1007 1724
723 1058
1574 177
1163 1800
1971 1181
733 212
311 532
1478 1264
397 1013
1404 565
891 317
1774 958
551 267
614 319
1729 1863
1340 92
135 1155
811 908
1524 1404
823 1748
842 1414
1911 55
782 1355
1039 1293
1733 970
735 135
1347 155
363 8
73 1574
269 1241
1810 402
1679 684
191 1199
1732 912
1524 887
27 370
1066 310
753 181
601 873
1183 675
779 1236
1138 1254
538 1768
1936 821
468 1984
90 972
1631 1467
1549 508
187 765
1697 1199
577 970
1994 1554
1612 1760
827 785
1034 816
475 1773
1655 510
1535 760
89 726
1951 1013
1046 1814
1656 548
330 1165
511 766
1292 212
804 596
112 1920
384 1015
1121 1783
756 862
1401 1262
1329 1696
1711 1444
1755 989
1762 1995
1352 778
1653 1965
799 1944
1466 1863
1475 131
294 1716
1254 1011
1804 189
1257 205
1876 983
1817 145
1896 1636
1855 1910
1194 1816
960 17
136 1711
401 1228
1841 172
30 1366
1067 1645
1967 913
819 1759
222 1535
136 525
1605 1812
657 1545
490 1892
1526 770
111 911
1945 67
1815 352
1745 1005
1293 1206
1282 916
1777 556
763 1837
1762 1877
812 1618
1964 165
1119 1494
1651 116
1496 648
107 1583
30 19
453 1039
1280 944
222 762
1496 168
534 1132
1010 537
1163 45
670 1895
357 1216
258 1185
1320 1610
1594 1499
1954 1240
327 173
864 748
632 776
108 81
465 383
707 934
423 925
736 680
929 1402
1002 574
1499 662
490 203
1868 555
606 1405
961 1780
1432 964
1529 1932
487 614
873 1438
373 1759
1967 1001
1888 730
1905 1666
643 1894
1450 11
1158 568
1052 740
168 1095
1094 1225
1122 1777
1304 534
744 1622
397 726
1373 542
554 1342
352 743
787 1203
469 1353
328 1528
1983 399
1204 114
1179 407
307 1457
777 1082
1712 1172
1712 360
1680 1828
743 679
690 382
320 1859
1584 996
1079 2000
1679 553
1605 1678
1205 1156
1276 583
1003 1918
556 1749
1962 859
1497 957
831 1869
1227 1898
755 1
1652 1163
637 1969
1087 731
764 1315
483 1715
1591 1416
1651 1360
560 1989
1507 1503
1756 375
311 1912
820 1980
121 1306
940 736
572 433
360 429
268 852
1436 1998
354 950
1173 1621
1934 1965
621 352
1608 273
1829 330
1498 1875
1633 547
318 1980
1458 1786
649 366
910 117
361 432
1093 1421
701 1335
1326 1836
620 1039
70 1727
53 1798
1450 1123
521 207
1551 1655
225 872
730 684
529 406
1234 454
1160 1448
381 1941
344 344
1906 1220
891 834
1832 979
823 1542
54 377
1143 1185
1456 1852
881 836
416 1285
414 621
1898 630
955 1707
892 1770
534 477
249 56
248 325
1686 1666
246 1574
1802 721
539 362
1395 1516
637 1743
1192 1190
492 1410
1392 1819
86 805
1037 186
584 85
710 991
1387 407
1604 1707
1109 926
1647 411
1511 434
1830 1248
860 330
1018 97
9 417
316 263
1093 1292
1127 1205
185 1691
1730 655
195 689
1725 2
1799 538
1845 593
895 223
695 997
1555 1231
915 1890
518 1425
352 223
1974 879
1507 1817
1149 1886
1155 1927
1337 1738
1390 1562
55 461
917 1104
1425 75
413 704
383 876
10 540
1899 1029
1898 465
1234 454
1469 1686
1160 313
502 350
789 306
865 1759
1319 1473
1852 1296
1682 1523
128 267
976 673
340 1761
372 975
904 1817
614 982
405 1949
670 308
839 639
597 1644
956 649
791 1804
249 848
916 1444
903 980
598 1670
603 1363
1678 1791
1270 1080
1852 1015
1829 1603
545 72
253 1510
1627 1529
1409 1833
577 637
591 701
1384 504
679 219
237 412
909 618
1641 1407
858 1472
846 1526
1200 1547
192 552
298 790
1049 1087
1025 1066
410 1536
1703 951
85 1370
55 268
1877 450
1572 1548
1370 1687
999 124
1758 50
1245 513
1180 137
120 291
568 1898
1426 550
1046 1810
1309 121
426 117
1202 1584
999 723
1576 823
1057 1366
418 274
1542 518
603 305
832 1009
743 1487
1170 1146
1160 1201
119 543
1227 1897
1651 541
700 1877
93 1582
282 217
1790 1444
606 1848
1331 36
1879 316
283 892
48 673
506 874
1957 1937
195 8
1412 1604
1659 1746
1583 1229
387 990
1197 290
215 398
1833 514
1979 1852
1412 158
516 611
801 525
170 1398
1531 605
123 1335
902 954
1479 49
1431 127
1687 897
1052 871
1138 1599
1055 1260
1190 728
1057 1852
966 1706
1957 207
1050 1082
548 100
743 1912
1087 173
1732 799
1079 596
1897 741
1248 1952
1899 1013
385 1584
11 957
1638 1402
1344 1519
1955 468
1669 1436
1786 954
1192 1199
921 1778
165 365
1889 396
1419 1436
1323 314
1760 1052
1822 519
1985 1989
1876 1163
1404 30
1025 964
879 1727
390 1384
636 1440
1656 1280
1738 1508
1531 605
781 1868
1774 1248
760 1190
983 1264
1240 1611
225 800
1092 21
1356 568
418 991
407 973
1178 1548
970 230
291 363
1338 1800
605 1100
1671 917
225 877
362 1976
1382 1248
1769 832
1480 1371
333 464
934 98
210 1035
208 1354
223 336
1510 954
1104 126
45 1211
1547 56
387 1214
675 1787
607 624
1973 230
639 1633
1371 1133
520 1590
1859 187
859 662
1422 1600
561 571
1809 1363
1801 1956
1536 1548
320 1138
169 493
797 1972
1616 1359
263 1613
272 421
644 538
1618 91
173 472
270 1745
1811 793
1178 1440
390 249
1390 1464
1124 1169
689 182
256 1989
551 1099
1257 681
73 178
1387 929
1742 1562
1313 1901
1095 1724
488 1963
1529 875
1810 1315
1758 160
863 206
652 627
345 1145
1592 1464
978 246
181 824
1710 988
1287 263
766 1904
1459 1864
1354 1662
850 1813
257 1373
786 1113
1979 1534
1899 177
1652 1819
1928 821
667 441
581 1352
1576 146
252 1339
1456 481
519 1213
478 446
876 420
1551 21
1832 1176
1280 1652
129 624
312 3
1424 1087
1204 1036
1596 950
1938 851
1603 947
749 1769
562 1379
1357 1096
522 1243
1082 1948
282 843
1525 1460
55 19
814 557
179 1898
1879 202
1539 1985
696 1962
1502 1384
1265 1784
391 1412
563 1836
1236 233
782 368
1368 907
917 1764
1190 856
344 1246
952 1284
1966 872
138 1180
1285 1032
112 1448
1972 1417
866 412
1956 355
567 1171
1576 165
793 499
965 82
1026 1680
1334 1290
301 1597
568 1477
1921 1724
516 1281
1337 77
1532 1619
1961 1815
1544 317
265 1829
1835 1255
1197 1123
1252 1624
832 1809
1140 1053
185 1158
230 1533
141 1729
1876 701
906 1855
29 1339
1023 610
410 1440
391 915
311 213
1794 1161
1517 1277
347 1318
1112 740
1909 1890
138 1504
29 1626
723 372
1310 316
1814 1635
1319 594
1342 801
900 903
1465 1021
352 371
1355 928
868 1446
1610 221
611 1165
1702 1336
1666 35
713 198
1042 1641
836 506
38 1529
490 6
104 695
993 1731
1918 103
702 536
1424 1304
1172 1397
843 1994
1182 1492
1461 1589
965 280
889 232
1753 721
849 1820
111 200
1322 1406
542 1437
436 827
31 788
84 1446
784 1436
811 1909
960 906
937 1432
150 768
251 95
303 1799
1945 1194
452 1971
1211 978
571 771
1527 1140
1759 1661
1799 1072
1659 669
820 127
922 488
1677 1987
1534 1730
1855 976
1212 1527
78 1117
1860 29
1814 1552
142 1151
183 457
1466 1237
1000 1386
1413 546
681 1003
476 1395
98 988
196 95
1443 1712
831 783
1472 775
1775 1405
933 84
435 1410
1953 35
835 848
1472 234
1400 911
550 797
724 1484
1698 1280
243 548
1224 1116
630 1479
253 1409
1231 856
1626 1006
1630 503
532 29
111 1438
1406 1840
1173 855
83 1347
172 1872
1827 1127
469 49
553 78
518 173
936 449
387 1637
1344 149
1730 1120
1897 747
1945 579
428 194
1018 32
548 1222
1491 386
791 1842
342 215
136 1362
1585 295
1187 770
303 1122
43 459
1760 1691
1205 1481
960 1534
1248 956
51 1032
685 584
1871 1022
424 106
263 1184
1985 1213
326 653
1321 128
1218 1165
1214 1595
1184 452
299 377
1325 535
1079 253
368 514
430 211
1191 1798
138 821
362 786
1453 1508
1274 627
586 547
979 761
511 60
1710 152
1037 1259
57 760
1509 630
136 873
575 1143
1720 113
1936 509
464 613
1760 875
209 1192
901 739
1912 493
1925 1881
707 1637
213 1742
1116 117
675 416
773 628
1510 43
1782 386
1014 1944
68 924
938 111
382 1652
482 1443
1904 1614
809 55
1465 77
1047 1552
373 266
1007 429
768 1897
1978 8
213 1727
1057 69
742 233
209 995
1859 52
573 1124
431 1930
1624 1110
886 976
261 1277
940 1365
289 545
994 1855
892 949
1740 993
500 370
1968 1821
1379 356
1639 1337
1617 1295
1699 141
797 1963
545 1576
271 1001
1425 21
224 1317
905 1369
1500 1752
1138 1569
1391 1471
576 1047
1542 1348
51 871
263 1764
896 187
260 1897
1956 1497
1675 321
607 486
216 1642
442 100
1419 849
1628 1971
830 1910
1762 1326
566 378
1411 899
1236 1261
220 1584
317 1477
955 1028
133 85
1017 1491
1623 164
381 1541
637 1327
58 1125
604 906
1420 475
1712 1703
1919 1130
1287 1824
993 1953
453 1482
214 929
1904 526
935 1935
1674 1770
619 1060
1058 1491
1339 657
1402 1380
1270 1433
71 1180
1389 1510
385 1581
528 1377
254 1497
1694 433
449 924
1537 4
326 1537
108 1185
78 1971
1814 1681
566 345
712 1305
693 1777
1873 1328
1059 473
1771 856
1682 1586
1178 1333
1358 1854
501 1398
1473 300
909 647
1469 1526
1134 556
745 1093
710 1790
1284 982
1012 1305
1899 815
609 1333
420 71
232 782
1511 466
1857 1621
167 74
580 1901
1094 956
1178 504
514 1735
1837 465
344 382
1806 1884
688 1641
1942 1945
236 127
1002 267
273 297
1067 1367
1837 1607
1497 1090
1560 1814
752 207
352 247
1840 95
1431 97
1565 997
373 1715
1670 1962
465 1595
140 491
1887 1675
518 735
187 1264
1924 408
1102 744
913 12
1781 1142
630 99
1282 768
1913 71
71 501
1482 1912
1345 435
1912 1
495 1166
1361 711
1035 763
1061 1033
1661 1707
89 1554
304 1465
587 238
370 1330
80 319
1511 1748
4 336
1194 1183
1637 627
980 1617
1888 653
582 925
1778 1706
1957 369
1003 867
1511 819
268 986
202 1309
1854 1748
1446 154
102 1067
404 1721
536 761
26 1
1551 281
228 1917
1967 1672
799 1993
1164 344
1776 1608
47 650
329 510
1824 1629
1459 188
182 1745
1341 1155
1058 1578
885 744
1484 803
674 342
839 615
1744 553
551 1262
1804 879
918 1770
1485 179
1219 355
1363 1380
828 1425
1316 481
1527 990
120 1491
1515 569
1689 350
1062 642
741 1248
1290 861
327 94
50 938
1207 431
1903 1404
429 1536
1062 1258
523 313
660 585
1056 1418
751 432
1165 1110
425 917
1624 425
1758 203
1338 518
376 1871
265 1574
1952 461
308 39
815 899
651 183
1748 338
1803 54
1284 48
977 723
1409 357
1050 1687
615 558
1426 1553
978 1161
413 710
1799 446
1346 1678
394 1493
498 1777
67 169
1080 326
903 1898
1523 1971
1428 1561
865 394
468 689
1550 854
605 280
1711 1293
37 1448
1552 1381
923 345
1076 592
585 533
917 1330
654 1698
1370 838
552 1656
1499 10
905 851
312 745
1753 902
918 1266
1379 1016
905 131
1011 1857
1121 1474
233 1
1139 1592
404 966
289 1000
1481 115
1183 135
480 783
728 949
1598 464
262 371
601 887
1030 1844
815 1471
1090 337
1108 917
1571 131
1007 494
1113 1841
1398 248
1118 1784
70 1153
951 1890
1503 65
1114 1533
1322 1369
1720 789
872 305
1874 87
354 1707
1263 1192
312 522
1415 1711
1808 1495
1101 1974
1869 1655
737 962
1259 1690
967 500
1804 692
250 1447
416 227
698 1730
1618 1987
604 1869
507 1669
246 237
1435 1688
1920 240
928 35
71 719
884 1376
763 96
1628 246
372 1549
944 809
1421 975
1095 171
440 673
682 845
1903 792
509 152
1694 150
1612 1440
778 1314
995 1782
516 1614
772 290
931 739
124 1297
635 1078
1099 1980
1915 1727
1865 1786
1533 581
1826 1842
305 118
1622 109
439 1321
188 1055
24 1485
1357 1792
1718 245
1118 1992
504 919
114 1057
874 1368
1090 1001
1267 875
68 1968
1166 233
924 1463
693 1854
467 1060
556 882
840 162
154 592
1722 1599
254 1094
1667 637
657 1035
513 931
1979 992
414 1155
1050 262
1567 927
720 384
211 196
925 170
110 986
1474 1243
2000 17
1408 1494
1586 190
967 1936
697 1274
824 698
1815 1309
1535 1549
1282 1005
1588 1523
1383 1016
161 1913
1468 1307
1927 1165
1027 878
1265 1434
448 1642
103 673
765 51
108 406
1095 832
80 1517
567 500
682 437
390 924
1018 321
819 1202
1695 43
1968 743
999 1165
1179 948
1068 358
228 582
1530 1939
1996 858
326 526
1294 1611
1746 1901
1197 1540
1504 1801
866 964
908 1022
1410 1732
1366 1079
367 304
593 350
1914 1366
526 129
1366 253
103 1058
521 1249
458 1639
298 325
997 1577
688 1414
862 1860
1504 1084
666 123
1374 1295
723 1176
999 1292
276 1998
970 1692
194 1000
1661 143
1611 1337
343 1246
1932 1776
1783 521
1918 1543
1969 306
348 1537
1191 1898
569 1610
107 1700
862 1652
1409 1045
1828 1619
1025 761
696 17
447 518
1491 332
1210 285
1823 763
1630 1037
841 1219
1577 284
1115 1713
1847 66
979 812
799 803
1310 407
411 1792
91 1156
128 1094
1709 1940
701 793
1054 1977
869 389
1385 1670
1640 88
1208 1480
1614 1682
936 1346
965 374
8 330
1246 917
1432 803
1992 1421
154 470
149 1599
641 181
1828 487
1140 267
909 598
971 1276
929 246
874 1711
883 712
1871 1482
1066 1372
706 1318
441 499
817 1362
1007 1283
255 581
522 433
1725 222
1488 1048
1474 450
686 1998
566 1298
1853 809
1859 1005
283 1794
116 1393
1916 1822
1013 311
1028 1961
1073 122
781 645
18 378
461 512
1348 188
1374 1078
1661 1878
796 650
783 912
1101 386
466 1940
64 824
210 774
1197 1607
910 905
172 185
1955 145
1156 124
1329 1795
476 1251
1395 1531
1704 656
1471 1336
769 1939
280 1843
1331 423
1389 720
1533 82
1904 1571
1291 1797
1687 211
1540 73
1755 606
267 351
1397 1038
1448 259
924 570
688 1173
763 257
1779 101
381 1549
1921 584
73 1424
872 586
1147 66
1363 89
889 917
578 111
32 427
1582 623
724 1621
1827 573
150 1863
851 1572
1026 919
1515 280
939 1854
1547 719
424 64
1340 1902
1842 613
1283 1088
1475 1211
1628 411
1515 1474
1044 1856
1427 991
1192 867
966 1725
1333 286
579 340
1232 179
1827 61
114 1912
1529 183
331 1789
1657 244
631 1328
132 1249
721 682
78 369
1052 1129
1667 387
1747 1345
183 828
166 1741
1500 1575
242 1151
862 1998
940 112
426 540
415 1070
1170 1536
574 506
623 1299
1310 1856
1374 885
843 1202
823 360
735 958
1529 786
966 1875
1784 1221
1701 79
18 39
231 927
838 1052
1203 1033
1384 879
1264 1474
643 422
1219 1882
808 409
1046 1722
640 1992
542 438
656 1483
348 1591
622 1342
1044 73
542 1392
1095 247
828 524
141 1670
1170 791
875 605
1217 604
859 626
450 722
1698 963
829 1124
1395 1268
1805 1009
1491 580
1794 1884
1046 400
1508 410
1738 1739
1798 1245
1070 47
537 1833
1151 23
1917 1960
1431 1921
492 1063
1036 799
950 72
939 686
697 477
57 1656
1933 47
1923 1040
562 1927
178 1920
539 1856
827 1313
930 1637
1743 1286
1011 558
918 364
1822 384
1771 1050
618 308
315 1469
1632 1186
828 458
998 105
1613 321
1340 306
1609 1556
347 894
1325 1586
896 1658
1034 1119
770 515
1864 1601
683 1065
1936 1260
1928 569
398 1896
1130 865
620 1339
626 7
1806 580
1555 1564
127 1222
150 1624
1173 58
1629 690
486 1409
183 1353
440 1903
1459 1220
675 876
1921 1920
1059 900
1147 1525
1537 820
945 1995
364 1556
1768 1292
1366 1598
1678 556
474 153
1415 1982
1242 1179
1895 1370
1197 1659
1252 1375
690 1365
1206 429
669 1415
1652 601
1356 527
699 1674
1180 1762
727 1768
1208 1015
15 1985
602 824
45 39
685 408
666 1922
1369 1663
961 1889
1149 1603
1919 156
834 1355
1308 243
1819 1131
1909 1703
1839 708
1515 658
1026 262
1528 1320
1453 754
1460 704
742 1044
580 1140
826 506
1022 1339
1244 1526
1931 769
1873 1942
1222 426
1496 1872
171 1947
1566 606
1550 1008
290 1772
135 225
853 1029
517 935
47 507
1158 1553
1392 816
1477 1058
1031 954
1070 1823
116 1507
377 1071
763 1030
930 1766
335 1435
1441 1925
1119 1379
211 1747
1021 1622
809 1714
119 1119
959 1347
440 689
571 1497
1204 546
694 1272
368 1363
1087 447
1951 1545
1655 1221
1208 363
1128 1842
1638 890
961 687
1822 456
469 971
349 352
637 1271
1214 1974
864 989
1910 34
1864 1647
331 1185
1411 317
1030 545
561 781
959 651
535 1856
1844 554
1032 951
1391 291
813 717
332 1090
558 1753
855 1351
485 729
863 1431
370 1512
345 70
627 1829
844 1996
1831 369
1577 793
1267 1454
196 1516
1239 646
1057 148
1185 475
876 1136
337 666
1452 1384
1094 1676
599 6
965 457
896 514
1447 1761
56 1233
1851 1981
39 423
233 553
155 1040
1968 1726
1327 85
1324 396
557 1542
1312 1126
1546 427
1769 782
1716 511
248 1498
1601 1944
88 1927
1827 1920
1206 628
1705 462
1562 528
1138 1031
98 1440
1532 1896
646 1276
218 1818
616 459
1483 446
746 833
1029 28
1618 1940
1570 1475
536 107
404 1026
1338 1470
1733 198
646 422
1822 1408
1547 1289
552 86
291 135
1351 1084
1393 1997
980 862
1609 435
846 525
1030 362
1225 348
1353 517
451 1140
1390 852
145 1565
434 1700
296 1803
863 718
1498 292
1428 1663
1981 1992
63 1704
376 914
1249 448
112 869
515 201
1855 408
823 482
1885 979
1019 1900
678 1647
870 1852
1620 1898
1372 1945
747 1381
960 852
1463 916
976 1765
506 1363
11 770
1653 1466
990 91
1507 514
1810 1293
1280 1635
448 49
1208 1895
347 287
278 1318
1474 1904
933 893
303 614
1584 933
1774 1620
1776 479
1830 1997
58 507
215 1345
1808 1251
1528 1277
1440 1210
1398 1570
1482 415
1095 1070
1538 58
1895 1761
1314 1708
159 497
791 989
1742 1241
522 513
788 774
1150 1580
893 989
1645 1194
1266 1192
1015 787
1994 1681
422 682
729 582
888 1118
744 809
95 415
260 343
801 1117
1591 1235
1904 590
1430 203
374 1611
1105 1105
944 1846
976 149
1019 1462
1314 1713
1886 1822
373 1792
77 1838
769 1521
409 626
1944 1187
701 1603
976 779
92 1188
1348 238
445 1700
146 1920
1677 1232
63 1235
1195 1799
1923 1297
827 1492
1287 1441
1989 22
440 474
499 1489
107 1722
1934 781
1217 464
636 926
1975 662
24 1502
778 1807
1258 1555
723 1162
737 1612
333 123
555 462
1810 81
1065 104
453 1949
332 186
1045 1473
955 1456
1887 652
70 975
818 941
532 1254
960 1233
1484 1430
1229 1193
897 1085
80 53
1586 147
319 664
1962 413
594 244
1710 509
88 1220
180 1689
718 1751
793 700
346 1645
1527 873
1302 1682
1255 1623
1166 956
1269 1712
1285 1752
1508 981
841 1851
498 1439
391 1574
875 1292
1473 1419
889 1897
440 1242
599 1409
209 830
1273 1964
230 1625
1787 1938
1991 1067
383 364
275 1053
1360 750
723 382
1363 581
1352 1824
603 1087
1826 949
55 1548
1598 1473
1023 1326
1105 1239
157 1563
605 1495
1826 742
198 935
1440 845
76 134
1478 844
198 568
66 377
317 1668
1331 1962
578 1893
1069 1107
1948 936
229 877
1748 520
691 1964
1193 1414
212 1879
789 989
1240 438
748 1955
259 50
240 663
455 1786
787 1248
761 1971
1118 806
1011 1797
601 1153
882 1583
1499 801
1839 1229
1127 1227
829 1725
762 1301
1974 1812
427 226
1580 1362
918 723
989 265
690 1775
1022 1253
1939 216
1259 1465
482 896
1855 363
1380 1622
406 1552
314 1477
1356 646
1501 1101
826 600
1400 353
1699 1127
434 476
1294 72
68 99
384 351
799 428
1031 1525
159 1627
1097 677
1782 355
1392 809
244 413
617 1979
1841 325
221 1080
1912 1761
504 647
1834 622
96 1757
615 201
1658 891
1607 163
1990 947
1008 1852
1098 1070
1677 1891
473 1513
709 867
315 737
855 865
709 1408
294 1381
1385 986
1670 772
571 635
1499 258
212 539
1295 1374
1684 1025
1436 574
717 1715
136 973
1900 912
1144 1635
984 1082
1940 741
702 195
91 1573
1416 735
156 1485
1986 1559
893 1907
1377 430
927 1488
1448 48
667 1908
589 1684
907 599
403 779
53 1951
232 868
7 896
111 378
704 1527
1209 1141
1705 154
461 1337
288 1807
827 1108
521 1783
708 1575
824 1463
1301 1870
1533 1267
1191 123
718 1560
198 426
1982 1530
1539 633
773 1412
500 1055
66 1223
827 305
1163 1461
405 692
1754 119
1814 1520
1827 802
1100 1536
161 516
1144 423
726 503
1560 230
450 715
621 50
144 1419
1446 1275
1620 214
1542 1041
670 562
708 810
2000 512
1665 607
1790 1321
377 1957
1797 1875
383 1970
1477 983
1307 1754
113 685
1880 1442
1973 1822
922 39
1894 1694
1765 776
1477 1562
1828 656
605 1570
711 1799
537 795
383 1862
1275 31
397 1328
1967 1989
365 1195
527 213
413 996
1225 914
335 355
969 1746
930 1671
22 1186
1700 1805
1311 1118
1969 1861
159 1985
1382 1426
811 81
745 1266
1911 686
1580 795
222 1787
869 299
740 345
1441 948
1292 507
1632 175
525 326
130 706
502 918
645 1914
548 793
941 1128
1496 1734
1098 750
373 1463
1177 201
1232 1950
1479 650
1845 1418
22 712
1029 1122
1339 116
1277 1842
459 13
951 1316
334 1191
1479 27
1629 361
57 277
174 1390
1516 482
35 1424
1017 789
1164 835
550 487
1751 846
555 168
488 506
1380 1157
1931 1817
163 1451
1185 50
1062 1504
1098 1554
1010 1739
1263 505
612 438
271 265
1376 1317
685 1326
169 867
798 560
678 1091
271 830
1959 1891
1838 439
419 1479
693 1567
385 777
591 1877
1170 1507
1261 667
645 1823
741 1552
1974 1408
1508 78
1267 1227
117 1534
1946 243
1895 728
495 1293
669 1507
1573 1832
251 1682
1183 573
356 25
48 908
837 1333
1284 1152
25 1692
496 1573
765 1703
38 424
1222 905
1429 1268
1328 612
1710 902
195 1022
1973 267
554 222
1591 1456
1421 657
1851 1273
1028 1078
304 493
1661 1006
1726 1697
75 201
71 537
1902 1339
675 120
1786 1543
1628 206
1400 1725
1816 558
759 1847
1351 203
750 885
152 97
1613 987
390 561
845 1084
1543 23
625 144
1429 1258
1861 281
768 534
976 1990
288 1194
1677 816
1152 110
411 696
679 1155
1377 738
1297 224
1846 1107
1111 1064
1962 1389
617 480
543 970
216 1981
1207 1240
230 1355
1476 1289
1628 1261
1915 152
1873 226
1923 1320
518 1836
1608 1208
1122 245
1307 166
1620 406
624 102
1243 1400
1600 580
1536 319
1645 456
1986 882
1727 1060
162 711
706 481
498 1393
532 709
488 652
1133 1685
510 40
1235 1626
1166 210
652 853
737 158
177 562
365 738
884 671
1367 930
564 973
1944 439
369 615
715 1647
853 1193
1622 496
511 1985
1055 43
177 835
1210 1713
1940 176
70 1351
301 583
632 1609
1485 742
1140 645
1532 9
192 1463
681 1683
1203 474
2000 1672
1162 1136
507 421
1485 45
805 1843
517 998
641 1641
825 1380
1053 1215
1596 159
1581 706
750 1074
107 791
1270 1592
1795 1781
930 178
275 1774
1114 1114
1530 149
1081 1001
12 569
363 624
1744 403
1639 1435
1644 1382
1011 1265
1130 1701
386 759
1007 533
1145 990
534 1408
1872 765
1537 107
548 163
829 1567
1969 1440
479 31
1394 694
1749 1846
1871 358
483 1631
734 1883
198 644
1368 77
515 1269
1554 885
1154 1863
647 161
1502 1696
1535 1268
386 1866
1517 1198
1608 214
1218 622
1627 102
941 745
1793 590
964 1093
1433 1149
476 1609
1027 314
1106 1563
433 668
194 491
629 754
404 990
1589 1291
493 1048
1542 1855
70 61
1688 345
1977 274
1220 990
1473 1709
1488 806
1297 1043
334 611
1384 393
468 1183
1963 226
804 1098
1312 438
1816 1920
1424 952
1317 667
784 1584
1182 294
978 622
448 850
367 1174
246 911
222 720
884 1382
922 468
189 1870
913 1741
462 172
1786 1789
95 1856
1347 765
445 1048
1888 172
1787 277
1705 1885
1706 1090
998 1745
1856 1275
1946 425
1843 4
575 1056
1066 1547
1030 721
1177 694
960 244
46 1990
983 552
513 1826
585 1282
837 507
1649 768
1928 673
1853 890
652 445
420 1998
1218 379
830 1830
993 571
723 1401
694 753
1999 572
1461 1354
1416 1912
475 522
1990 1848
812 580
593 1303
1895 9
365 1433
876 57
331 38
1963 1474
1175 318
1435 1826
77 1701
1793 496
1843 1101
1557 84
1253 1753
505 17
1152 1874
892 291
1830 406
414 267
968 1563
1615 409
1753 1939
122 233
356 669
244 36
1583 270
739 1567
236 735
1211 1974
116 109
515 1702
1371 1082
1647 1303
946 1890
1988 45
1830 1215
1956 596
737 1249
578 1973
1628 1624
975 168
377 1829
1721 1347
1864 953
426 227
171 1834
1773 1359
1531 1510
1671 837
26 76
1217 607
1372 172
592 527
1016 1418
1443 1121
1410 617
1235 1969
782 198
920 139
1159 137
1710 381
1166 1799
1016 1090
1591 1860
858 466
1161 1560
1655 917
142 246
1463 1937
462 1745
596 1911
414 551
756 1527
1482 1763
99 847
171 1277
1338 707
782 1019
164 964
811 437
1617 472
370 1400
376 917
1554 1635
1611 581
1322 648
1670 1675
97 639
1641 378
715 200
1197 1663
311 1313
105 1560
1443 229
1119 1916
210 516
969 795
59 59
1630 1258
1594 1754
336 1047
748 314
1774 683
118 708
743 445
518 1538
868 235
383 1992
853 224
347 63
1649 1121
1508 462
1835 580
1558 825
596 744
1017 883
784 1373
82 1860
83 77
101 824
393 1772
1398 130
1575 780
66 505
1086 691
823 89
843 903
944 731
1572 1903
1943 1075
952 490
953 1182
1447 720
1415 936
1259 1896
1503 1919
1058 1575
530 2
1160 1791
186 352
794 92
179 896
746 1238
53 871
1195 965
1772 1922
1307 780
1452 1328
1177 825
866 766
57 920
383 461
907 1721
778 1143
872 1717
778 637
1496 1956
282 524
193 1071
239 1785
1532 681
1313 1515
595 175
1584 1693
1163 1176
384 786
1403 1103
982 1078
208 1676
1124 1427
1337 1731
1955 405
270 1174
1322 1451
508 624
776 1421
1343 718
324 145
1273 260
918 1482
1964 1810
1634 771
1355 1337
854 333
1977 446
786 1930
1358 1207
766 1653
1231 787
1575 911
52 505
249 656
1155 1856
968 1922
525 831
1901 1616
181 1846
1439 1350
955 1668
834 1543
1711 1488
1185 54
387 50
1632 732
1583 1050
541 503
1646 127
1286 524
996 1017
416 1859
608 1186
87 817
977 195
1647 1704
133 1035
1803 523
367 452
666 493
704 1784
137 819
1159 33
1100 277
113 1505
1063 1214
1111 612
470 1354
325 521
1079 733
483 203
1126 1008
807 192
280 120
1217 1077
38 563
1767 1213
1664 1619
332 1169
204 380
1811 1177
1152 1998
820 868
1309 958
420 526
1833 522
966 279
1981 122
1724 1605
1396 102
863 345
700 1275
500 832
1099 1844
103 442
17 816
149 522
104 1614
1412 957
1645 1920
1648 865
1565 1453
521 1569
1447 970
1563 248
67 1294
1917 1811
1391 1882
753 898
182 576
508 291
1438 673
1805 1713
124 1153
1183 552
532 1720
1576 21
1698 377
979 864
659 1276
744 1319
886 529
585 1569
1529 475
1161 330
1113 178
1726 1680
972 284
1922 1062
1582 844
338 540
559 153
541 623
1364 1635
1645 1346
233 1062
1606 737
574 1417
130 779
622 1575
1885 1829
1760 1156
320 408
325 1191
1899 1925
1990 49
1962 221
889 1260
794 1888
561 733
417 1053
612 87
752 1061
1151 1218
1120 1337
1354 632
233 1957
1327 995
47 1157
1488 1802
1934 166
166 195
1537 350
1446 971
1079 1251
892 1999
704 1961
1619 1821
1717 1312
328 1234
33 1481
1300 1239
962 664
168 180
1628 780
194 1861
1953 1205
1676 1443
1872 858
1702 275
1951 568
1620 460
977 659
901 1319
229 462
476 408
1747 1652
293 838
467 684
974 815
878 962
1152 238
668 142
491 1999
1139 1023
225 773
1686 1881
1668 606
654 1814
1667 293
398 490
1917 1977
1450 1892
740 1782
1189 205
445 1392
169 1109
646 821
1896 121
1536 1343
1351 257
1811 1013
1011 1581
117 808
1251 1807
1968 1028
1108 1769
419 79
1320 1893
1238 99
1238 331
1393 1308
1119 131
1628 519
375 92
36 492
280 1278
985 587
929 157
130 502
298 1531
1296 1947
133 800
1728 1650
1980 1970
1884 1607
781 775
1519 1579
407 694
392 272
21 988
755 1719
1438 496
109 978
401 230
481 1289
1300 368
755 1622
646 1613
475 442
1016 688
1015 1558
1948 1561
374 1610
32 858
1159 423
109 1459
1461 1156
1176 1783
588 584
1637 1609
1590 1415
1800 491
1970 1997
353 33
473 36
806 89
1972 994
712 1079
752 410
1123 24
1782 1519
1479 1904
510 553
1341 23
1284 1746
421 1689
1734 1650
1577 1799
1865 1262
316 806
400 291
1696 1874
674 845
1813 1997
47 1953
899 1765
398 122
722 1771
1723 431
1472 484
903 777
961 1260
667 1840
34 461
967 828
1344 1904
6 1874
140 1210
119 1947
1207 319
798 840
718 18
1389 1866
364 207
1852 813
1463 1866
662 1299
1466 1147
1793 1788
644 1656
1496 1850
1157 1836
499 773
524 126
1517 1114
238 1920
389 994
1533 1204
425 207
962 283
43 803
191 1806
91 369
1845 765
696 1990
743 1311
533 265
1176 1282
308 1827
159 727
1095 1946
1303 709
215 670
631 1621
474 378
1748 1381
796 417
207 288
1112 1735
679 969
72 1320
453 1049
1233 215
1760 356
1460 893
521 1694
27 1877
947 575
1557 1231
1296 774
123 1227
1313 1880
464 1936
1303 780
1121 720
999 1153
210 1373
437 1334
481 464
918 627
397 674
1102 1645
1215 1504
1928 1997
1059 947
1997 1832
1918 66
51 1668
602 1578
909 1596
1241 1120
1011 39
1923 1447
1270 42
264 993
930 1383
980 1926
121 1428
662 1680
1153 1605
1845 451
1843 1463
879 78
1434 397
1301 1730
1822 1756
1059 671
1116 332
844 926
632 197
1680 296
359 142
63 1919
387 892
1920 919
1039 552
933 1502
470 835
713 5
767 1903
431 24
520 1860
647 1088
1847 1307
1156 541
1215 1078
94 969
836 547
583 1244
1160 1731
1513 1292
1442 1427
918 1048
772 949
869 1280
600 792
131 1525
379 1033
491 645
516 1087
867 1884
1036 1301
1608 1956
1844 1147
82 680
750 445
102 1257
1983 1582
325 319
95 822
163 91
641 248
801 1272
1654 1108
124 1816
703 1090
661 123
173 563
1056 1782
8 1580
303 662
1604 1401
872 81
1577 211
1059 1208
617 413
185 1266
1976 876
522 955
1945 1691
698 1221
1508 1346
1782 527
456 1837
26 890
870 1203
727 1110
552 1822
626 265
1698 1421
1067 292
1110 12
1840 1871
1055 13
1622 1272
1210 1006
1138 313
1533 1259
1600 1205
1184 1912
1716 962
1231 302
424 53
1068 1357
978 148
1924 526
1850 41
916 791
86 197
1407 1370
110 150
918 1340
4 1182
1108 174
921 1893
788 1023
837 1321
780 1711
32 195
1628 1585
1818 171
400 1919
547 1050
1548 1380
1287 278
1753 1847
300 260
1566 1428
1134 383
242 308
755 700
320 1226
186 1459
76 1751
448 88
1412 1220
993 350
1423 1425
1470 82
552 686
1347 1741
986 676
869 12
443 853
1510 1132
1171 1710
503 1217
1957 461
207 1654
749 224
1941 12
935 759
1414 1625
180 347
1308 160
1156 1648
980 1057
688 461
1688 1407
233 1535
1313 317
1648 354
1097 1621
1382 352
1569 1755
219 587
1500 2
1339 516
1460 1465
821 157
1425 1049
1670 1381
1928 1222
252 764
435 978
1385 279
100 298
1444 1275
1833 19
975 223
1299 1184
1472 385
812 68
213 1949
425 874
1191 1137
1263 1599
1061 148
949 1342
1063 1417
1411 71
1716 7
1975 916
1253 268
282 1380
85 1697
1743 559
93 4
3 603
1219 1343
1155 1109
1674 477
660 1640
237 1435
1253 940
1390 1003
979 436
1621 1970
1476 205
1418 435
55 1204
475 1695
777 10
