p td 600 1411 
314 7
314 8
314 13
314 18
314 25
314 28
314 36
314 41
314 44
314 50
314 58
314 60
314 63
314 66
314 68
314 72
314 73
314 78
314 87
314 92
314 94
314 95
314 104
314 112
314 120
314 128
314 133
314 138
314 143
314 145
314 146
314 147
314 150
314 154
314 165
314 171
314 179
314 180
314 183
314 185
314 187
314 191
314 195
314 198
314 201
314 203
314 205
314 210
314 215
314 235
314 238
314 240
314 241
314 253
314 259
314 262
314 267
314 275
314 279
314 284
314 293
314 300
314 309
314 311
314 321
314 322
314 339
314 343
314 344
314 345
314 349
314 355
314 356
314 359
314 360
314 367
314 372
314 373
314 374
314 380
314 381
314 386
314 390
314 395
314 409
314 411
314 415
314 432
314 434
314 436
314 438
314 439
314 443
314 448
314 451
314 453
314 456
314 458
314 460
314 461
314 485
314 486
314 487
314 488
314 500
314 518
314 523
314 526
314 534
314 538
314 542
314 552
314 555
314 558
314 560
314 564
314 567
314 580
314 590
314 596
400 7
400 16
400 21
400 24
400 26
400 44
400 45
400 52
400 53
400 57
400 60
400 71
400 73
400 76
400 81
400 84
400 86
400 88
400 90
400 92
400 93
400 98
400 99
400 100
400 103
400 110
400 115
400 118
400 129
400 136
400 141
400 142
400 144
400 148
400 155
400 164
400 165
400 166
400 168
400 180
400 184
400 190
400 196
400 203
400 205
400 206
400 216
400 219
400 222
400 227
400 230
400 231
400 235
400 241
400 242
400 243
400 257
400 258
400 273
400 278
400 304
400 317
400 331
400 335
400 338
400 345
400 347
400 350
400 351
400 353
400 357
400 367
400 371
400 390
400 397
400 406
400 413
400 414
400 415
400 416
400 418
400 424
400 428
400 430
400 434
400 437
400 455
400 456
400 460
400 475
400 488
400 493
400 497
400 501
400 503
400 504
400 506
400 521
400 522
400 528
400 531
400 532
400 538
400 539
400 540
400 547
400 548
400 550
400 553
400 555
400 568
400 571
400 577
400 580
400 584
400 587
400 588
400 589
400 595
400 597
400 600
174 3
174 8
174 9
174 11
174 12
174 16
174 26
174 29
174 30
174 41
174 44
174 51
174 54
174 56
174 60
174 66
174 69
174 76
174 80
174 82
174 94
174 98
174 101
174 110
174 112
174 114
174 115
174 119
174 123
174 130
174 136
174 139
174 141
174 150
174 163
174 167
174 179
174 188
174 192
174 193
174 196
174 198
174 200
174 205
174 210
174 214
174 226
174 229
174 232
174 235
174 236
174 242
174 246
174 247
174 253
174 255
174 256
174 263
174 265
174 266
174 269
174 271
174 279
174 280
174 281
174 283
174 288
174 297
174 304
174 306
174 314
174 316
174 327
174 329
174 330
174 332
174 344
174 346
174 347
174 353
174 367
174 371
174 374
174 380
174 383
174 386
174 389
174 397
174 398
174 399
174 407
174 409
174 421
174 424
174 427
174 432
174 436
174 438
174 447
174 448
174 449
174 450
174 459
174 462
174 464
174 467
174 471
174 474
174 485
174 508
174 510
174 511
174 512
174 513
174 514
174 516
174 527
174 542
174 546
174 548
174 550
174 552
174 554
174 556
174 558
174 560
174 570
174 579
174 580
174 593
174 594
174 595
174 596
37 18
37 23
37 28
37 31
37 33
37 38
37 47
37 56
37 57
37 59
37 60
37 62
37 64
37 69
37 71
37 73
37 75
37 83
37 84
37 88
37 94
37 101
37 103
37 109
37 118
37 126
37 127
37 130
37 141
37 150
37 153
37 154
37 155
37 160
37 162
37 172
37 190
37 191
37 200
37 203
37 205
37 208
37 217
37 230
37 231
37 233
37 234
37 236
37 247
37 258
37 260
37 268
37 269
37 270
37 273
37 278
37 280
37 283
37 288
37 292
37 297
37 299
37 304
37 305
37 312
37 325
37 326
37 327
37 328
37 329
37 335
37 337
37 338
37 343
37 355
37 362
37 368
37 369
37 373
37 383
37 387
37 388
37 391
37 399
37 404
37 414
37 419
37 427
37 430
37 435
37 439
37 441
37 449
37 450
37 458
37 461
37 471
37 479
37 483
37 494
37 499
37 501
37 502
37 510
37 519
37 525
37 535
37 536
37 549
37 577
37 579
37 580
37 584
37 585
37 588
385 6
385 16
385 19
385 22
385 24
385 27
385 35
385 38
385 56
385 67
385 71
385 72
385 80
385 88
385 93
385 97
385 105
385 111
385 117
385 118
385 127
385 131
385 132
385 133
385 135
385 140
385 147
385 148
385 150
385 157
385 166
385 168
385 169
385 176
385 189
385 192
385 193
385 196
385 197
385 199
385 201
385 202
385 208
385 210
385 213
385 214
385 217
385 220
385 223
385 226
385 227
385 241
385 243
385 247
385 250
385 255
385 256
385 264
385 265
385 268
385 283
385 286
385 287
385 296
385 302
385 304
385 308
385 309
385 313
385 314
385 322
385 323
385 327
385 328
385 337
385 340
385 341
385 349
385 350
385 351
385 356
385 361
385 371
385 374
385 375
385 377
385 384
385 385
385 390
385 392
385 394
385 399
385 402
385 404
385 408
385 414
385 423
385 425
385 439
385 463
385 491
385 500
385 504
385 507
385 508
385 516
385 521
385 522
385 523
385 527
385 531
385 532
385 534
385 539
385 545
385 547
385 548
385 550
385 551
385 552
385 553
385 557
385 563
385 567
385 591
385 592
74 12
74 13
74 15
74 20
74 24
74 35
74 42
74 45
74 46
74 49
74 50
74 53
74 56
74 58
74 61
74 62
74 64
74 65
74 70
74 78
74 83
74 84
74 89
74 96
74 108
74 110
74 116
74 118
74 120
74 132
74 134
74 141
74 150
74 160
74 186
74 193
74 200
74 209
74 213
74 219
74 227
74 233
74 237
74 241
74 248
74 253
74 262
74 267
74 270
74 287
74 289
74 297
74 298
74 301
74 314
74 322
74 328
74 330
74 336
74 340
74 345
74 349
74 357
74 360
74 363
74 367
74 382
74 386
74 390
74 398
74 400
74 403
74 406
74 409
74 421
74 432
74 440
74 447
74 451
74 454
74 461
74 464
74 482
74 483
74 485
74 489
74 497
74 498
74 499
74 501
74 505
74 513
74 514
74 517
74 523
74 525
74 550
74 558
74 565
74 566
74 569
74 574
74 577
74 580
74 584
74 585
74 590
74 595
74 596
74 599
426 9
426 10
426 18
426 26
426 39
426 42
426 51
426 60
426 64
426 67
426 69
426 84
426 87
426 88
426 90
426 92
426 106
426 120
426 121
426 122
426 123
426 124
426 127
426 132
426 147
426 164
426 168
426 174
426 190
426 199
426 203
426 212
426 221
426 222
426 229
426 230
426 232
426 233
426 242
426 243
426 247
426 251
426 256
426 272
426 277
426 281
426 285
426 290
426 295
426 298
426 300
426 310
426 313
426 315
426 317
426 318
426 320
426 322
426 327
426 342
426 345
426 360
426 361
426 364
426 373
426 376
426 378
426 379
426 383
426 389
426 390
426 392
426 427
426 428
426 434
426 437
426 439
426 452
426 456
426 457
426 458
426 474
426 476
426 484
426 489
426 491
426 493
426 505
426 509
426 513
426 520
426 531
426 532
426 534
426 536
426 540
426 546
426 548
426 549
426 558
426 567
426 568
426 573
426 576
426 581
426 583
426 587
426 591
426 598
426 599
249 9
249 10
249 12
249 13
249 21
249 23
249 27
249 28
249 31
249 39
249 45
249 54
249 55
249 59
249 61
249 68
249 77
249 81
249 87
249 92
249 114
249 128
249 134
249 139
249 142
249 144
249 145
249 147
249 153
249 154
249 158
249 166
249 168
249 172
249 175
249 180
249 190
249 198
249 200
249 207
249 210
249 220
249 224
249 233
249 242
249 243
249 249
249 253
249 259
249 267
249 274
249 280
249 282
249 283
249 288
249 295
249 302
249 303
249 304
249 308
249 326
249 327
249 329
249 331
249 332
249 335
249 339
249 343
249 360
249 362
249 378
249 380
249 389
249 392
249 407
249 411
249 413
249 420
249 425
249 430
249 431
249 433
249 441
249 443
249 446
249 452
249 453
249 462
249 465
249 472
249 490
249 495
249 501
249 503
249 512
249 515
249 516
249 517
249 521
249 523
249 524
249 527
249 532
249 535
249 541
249 556
249 561
249 565
249 569
249 573
249 574
249 576
249 577
249 600
509 11
509 13
509 27
509 34
509 38
509 40
509 43
509 45
509 53
509 57
509 60
509 62
509 65
509 66
509 71
509 74
509 75
509 84
509 93
509 98
509 104
509 112
509 116
509 117
509 129
509 131
509 135
509 139
509 144
509 149
509 157
509 158
509 160
509 176
509 177
509 180
509 182
509 189
509 190
509 195
509 200
509 203
509 206
509 216
509 225
509 231
509 235
509 236
509 239
509 240
509 248
509 256
509 277
509 280
509 286
509 287
509 288
509 294
509 297
509 299
509 301
509 313
509 315
509 321
509 322
509 333
509 347
509 351
509 353
509 355
509 360
509 370
509 374
509 383
509 385
509 386
509 388
509 394
509 396
509 403
509 405
509 409
509 414
509 419
509 421
509 424
509 428
509 429
509 436
509 441
509 456
509 463
509 473
509 475
509 477
509 482
509 483
509 490
509 491
509 497
509 504
509 506
509 507
509 514
509 515
509 518
509 535
509 548
509 551
509 557
509 561
509 562
509 564
509 568
509 569
509 570
509 577
509 581
509 582
509 593
509 597
277 12
277 15
277 17
277 20
277 24
277 35
277 39
277 42
277 44
277 47
277 50
277 52
277 57
277 58
277 61
277 64
277 67
277 70
277 72
277 75
277 77
277 79
277 85
277 88
277 97
277 105
277 107
277 114
277 116
277 117
277 122
277 125
277 131
277 133
277 138
277 142
277 146
277 161
277 174
277 181
277 182
277 185
277 198
277 200
277 201
277 213
277 215
277 220
277 231
277 242
277 247
277 250
277 254
277 255
277 256
277 262
277 267
277 272
277 292
277 312
277 319
277 322
277 325
277 332
277 333
277 337
277 344
277 356
277 362
277 363
277 376
277 382
277 399
277 402
277 412
277 416
277 418
277 420
277 424
277 426
277 431
277 440
277 469
277 474
277 475
277 477
277 490
277 493
277 507
277 509
277 511
277 513
277 516
277 519
277 520
277 524
277 529
277 536
277 538
277 540
277 550
277 556
277 557
277 566
277 577
277 578
277 588
277 593
277 596
277 599
277 600
231 12
231 13
231 18
231 26
231 34
231 47
231 48
231 53
231 54
231 58
231 63
231 67
231 68
231 73
231 87
231 89
231 97
231 98
231 100
231 112
231 126
231 138
231 144
231 145
231 151
231 154
231 160
231 174
231 185
231 186
231 201
231 202
231 211
231 214
231 216
231 219
231 222
231 226
231 233
231 240
231 242
231 249
231 252
231 254
231 257
231 264
231 270
231 274
231 276
231 281
231 284
231 288
231 296
231 298
231 304
231 306
231 307
231 308
231 310
231 311
231 331
231 340
231 365
231 380
231 381
231 382
231 391
231 396
231 397
231 404
231 405
231 408
231 430
231 432
231 439
231 443
231 445
231 452
231 461
231 467
231 476
231 478
231 484
231 490
231 493
231 501
231 503
231 508
231 517
231 523
231 527
231 536
231 547
231 548
231 550
231 554
231 555
231 559
231 584
231 587
231 594
231 596
455 12
455 14
455 26
455 28
455 31
455 32
455 34
455 38
455 41
455 42
455 53
455 55
455 56
455 59
455 60
455 63
455 69
455 72
455 75
455 80
455 93
455 97
455 98
455 102
455 103
455 105
455 106
455 118
455 119
455 120
455 123
455 125
455 133
455 150
455 151
455 160
455 173
455 174
455 178
455 189
455 193
455 196
455 205
455 215
455 218
455 219
455 220
455 222
455 223
455 227
455 233
455 241
455 245
455 247
455 249
455 252
455 258
455 260
455 261
455 267
455 273
455 278
455 281
455 291
455 298
455 299
455 304
455 306
455 308
455 318
455 319
455 325
455 326
455 336
455 339
455 344
455 355
455 359
455 361
455 363
455 364
455 367
455 368
455 373
455 380
455 387
455 388
455 390
455 393
455 397
455 398
455 400
455 401
455 406
455 420
455 432
455 437
455 455
455 464
455 472
455 474
455 478
455 479
455 483
455 491
455 493
455 500
455 505
455 508
455 509
455 510
455 513
455 514
455 516
455 526
455 530
455 531
455 534
455 544
455 547
455 554
455 555
455 557
455 558
455 569
455 572
455 584
455 598
