p td 3400 8234 
2314 1
2314 3
2314 6
2314 11
2314 13
2314 16
2314 23
2314 28
2314 39
2314 40
2314 53
2314 62
2314 66
2314 68
2314 77
2314 81
2314 96
2314 97
2314 102
2314 106
2314 109
2314 116
2314 118
2314 120
2314 122
2314 129
2314 136
2314 140
2314 144
2314 147
2314 155
2314 163
2314 167
2314 169
2314 170
2314 173
2314 178
2314 181
2314 186
2314 188
2314 197
2314 199
2314 205
2314 207
2314 221
2314 256
2314 258
2314 264
2314 270
2314 274
2314 277
2314 280
2314 281
2314 285
2314 287
2314 288
2314 292
2314 300
2314 302
2314 303
2314 313
2314 319
2314 320
2314 322
2314 325
2314 326
2314 327
2314 332
2314 338
2314 343
2314 348
2314 350
2314 351
2314 353
2314 355
2314 357
2314 362
2314 364
2314 366
2314 369
2314 375
2314 380
2314 382
2314 383
2314 394
2314 397
2314 406
2314 413
2314 416
2314 418
2314 426
2314 439
2314 441
2314 442
2314 447
2314 460
2314 461
2314 466
2314 473
2314 475
2314 488
2314 489
2314 499
2314 509
2314 511
2314 512
2314 517
2314 519
2314 523
2314 530
2314 532
2314 535
2314 538
2314 546
2314 560
2314 562
2314 564
2314 565
2314 567
2314 569
2314 570
2314 571
2314 587
2314 597
2314 600
2314 606
2314 614
2314 621
2314 628
2314 630
2314 631
2314 632
2314 633
2314 647
2314 650
2314 660
2314 662
2314 668
2314 675
2314 676
2314 678
2314 679
2314 681
2314 698
2314 701
2314 722
2314 727
2314 729
2314 733
2314 738
2314 742
2314 747
2314 750
2314 758
2314 759
2314 763
2314 766
2314 778
2314 779
2314 781
2314 788
2314 793
2314 800
2314 803
2314 805
2314 822
2314 823
2314 842
2314 844
2314 847
2314 848
2314 851
2314 853
2314 857
2314 859
2314 860
2314 861
2314 862
2314 864
2314 866
2314 870
2314 874
2314 878
2314 879
2314 880
2314 881
2314 882
2314 883
2314 896
2314 897
2314 898
2314 899
2314 910
2314 913
2314 917
2314 924
2314 931
2314 932
2314 935
2314 942
2314 946
2314 947
2314 949
2314 951
2314 953
2314 961
2314 963
2314 967
2314 972
2314 976
2314 982
2314 986
2314 990
2314 1004
2314 1008
2314 1012
2314 1025
2314 1035
2314 1039
2314 1044
2314 1058
2314 1060
2314 1074
2314 1082
2314 1087
2314 1100
2314 1104
2314 1105
2314 1114
2314 1124
2314 1134
2314 1138
2314 1141
2314 1148
2314 1151
2314 1162
2314 1166
2314 1173
2314 1176
2314 1185
2314 1186
2314 1191
2314 1198
2314 1201
2314 1202
2314 1207
2314 1208
2314 1210
2314 1218
2314 1221
2314 1222
2314 1224
2314 1234
2314 1235
2314 1238
2314 1245
2314 1246
2314 1257
2314 1261
2314 1263
2314 1267
2314 1276
2314 1302
2314 1311
2314 1316
2314 1317
2314 1319
2314 1327
2314 1328
2314 1329
2314 1331
2314 1332
2314 1336
2314 1339
2314 1347
2314 1355
2314 1356
2314 1366
2314 1368
2314 1375
2314 1380
2314 1383
2314 1393
2314 1403
2314 1404
2314 1415
2314 1418
2314 1423
2314 1427
2314 1431
2314 1433
2314 1444
2314 1445
2314 1450
2314 1455
2314 1460
2314 1461
2314 1464
2314 1469
2314 1477
2314 1490
2314 1493
2314 1494
2314 1497
2314 1499
2314 1502
2314 1505
2314 1507
2314 1512
2314 1518
2314 1520
2314 1522
2314 1538
2314 1546
2314 1547
2314 1554
2314 1565
2314 1566
2314 1570
2314 1571
2314 1574
2314 1578
2314 1586
2314 1597
2314 1605
2314 1608
2314 1609
2314 1613
2314 1614
2314 1618
2314 1620
2314 1622
2314 1624
2314 1630
2314 1635
2314 1664
2314 1665
2314 1667
2314 1670
2314 1671
2314 1673
2314 1677
2314 1680
2314 1688
2314 1690
2314 1691
2314 1693
2314 1700
2314 1702
2314 1705
2314 1709
2314 1711
2314 1712
2314 1716
2314 1723
2314 1730
2314 1732
2314 1734
2314 1737
2314 1750
2314 1760
2314 1762
2314 1763
2314 1773
2314 1781
2314 1786
2314 1792
2314 1797
2314 1800
2314 1802
2314 1807
2314 1811
2314 1813
2314 1815
2314 1820
2314 1822
2314 1843
2314 1845
2314 1846
2314 1856
2314 1857
2314 1866
2314 1871
2314 1878
2314 1883
2314 1893
2314 1894
2314 1901
2314 1903
2314 1904
2314 1908
2314 1910
2314 1924
2314 1927
2314 1929
2314 1930
2314 1933
2314 1937
2314 1939
2314 1942
2314 1943
2314 1946
2314 1949
2314 1955
2314 1962
2314 1968
2314 1975
2314 1977
2314 1978
2314 1979
2314 1980
2314 1989
2314 1993
2314 2003
2314 2005
2314 2006
2314 2017
2314 2018
2314 2020
2314 2022
2314 2025
2314 2029
2314 2030
2314 2034
2314 2038
2314 2039
2314 2047
2314 2050
2314 2052
2314 2056
2314 2057
2314 2062
2314 2064
2314 2066
2314 2073
2314 2077
2314 2078
2314 2079
2314 2082
2314 2095
2314 2099
2314 2101
2314 2105
2314 2109
2314 2111
2314 2115
2314 2125
2314 2128
2314 2130
2314 2135
2314 2136
2314 2143
2314 2150
2314 2159
2314 2163
2314 2172
2314 2191
2314 2192
2314 2193
2314 2197
2314 2201
2314 2203
2314 2204
2314 2205
2314 2206
2314 2215
2314 2222
2314 2223
2314 2224
2314 2227
2314 2228
2314 2231
2314 2232
2314 2237
2314 2241
2314 2244
2314 2245
2314 2250
2314 2252
2314 2258
2314 2267
2314 2282
2314 2289
2314 2292
2314 2294
2314 2296
2314 2299
2314 2301
2314 2309
2314 2326
2314 2333
2314 2335
2314 2336
2314 2342
2314 2348
2314 2349
2314 2354
2314 2356
2314 2359
2314 2361
2314 2364
2314 2373
2314 2380
2314 2397
2314 2400
2314 2405
2314 2406
2314 2415
2314 2419
2314 2423
2314 2424
2314 2427
2314 2433
2314 2436
2314 2439
2314 2445
2314 2455
2314 2462
2314 2474
2314 2475
2314 2476
2314 2478
2314 2479
2314 2482
2314 2483
2314 2485
2314 2501
2314 2502
2314 2507
2314 2517
2314 2531
2314 2534
2314 2545
2314 2550
2314 2552
2314 2556
2314 2558
2314 2560
2314 2562
2314 2563
2314 2572
2314 2573
2314 2575
2314 2579
2314 2583
2314 2590
2314 2594
2314 2603
2314 2604
2314 2608
2314 2609
2314 2618
2314 2619
2314 2630
2314 2633
2314 2646
2314 2647
2314 2649
2314 2651
2314 2653
2314 2654
2314 2655
2314 2656
2314 2657
2314 2658
2314 2663
2314 2669
2314 2688
2314 2690
2314 2694
2314 2695
2314 2699
2314 2706
2314 2707
2314 2709
2314 2723
2314 2726
2314 2729
2314 2742
2314 2746
2314 2749
2314 2752
2314 2774
2314 2776
2314 2777
2314 2784
2314 2785
2314 2792
2314 2798
2314 2801
2314 2820
2314 2822
2314 2824
2314 2830
2314 2831
2314 2833
2314 2841
2314 2844
2314 2855
2314 2861
2314 2873
2314 2875
2314 2884
2314 2896
2314 2897
2314 2901
2314 2906
2314 2912
2314 2921
2314 2930
2314 2931
2314 2933
2314 2941
2314 2943
2314 2949
2314 2955
2314 2956
2314 2963
2314 2966
2314 2969
2314 2972
2314 2978
2314 2987
2314 2989
2314 2990
2314 2992
2314 2994
2314 2996
2314 3010
2314 3049
2314 3050
2314 3055
2314 3058
2314 3065
2314 3066
2314 3068
2314 3070
2314 3074
2314 3082
2314 3087
2314 3095
2314 3096
2314 3098
2314 3106
2314 3117
2314 3118
2314 3129
2314 3130
2314 3132
2314 3135
2314 3150
2314 3154
2314 3168
2314 3170
2314 3171
2314 3172
2314 3176
2314 3177
2314 3180
2314 3185
2314 3194
2314 3196
2314 3206
2314 3216
2314 3218
2314 3219
2314 3224
2314 3227
2314 3235
2314 3238
2314 3239
2314 3245
2314 3258
2314 3270
2314 3277
2314 3278
2314 3282
2314 3290
2314 3296
2314 3297
2314 3300
2314 3309
2314 3312
2314 3313
2314 3315
2314 3318
2314 3325
2314 3326
2314 3343
2314 3344
2314 3349
2314 3352
2314 3354
2314 3356
2314 3357
2314 3364
2314 3367
2314 3369
2314 3374
2314 3380
2314 3394
2314 3395
2314 3397
2314 3398
2919 2
2919 12
2919 27
2919 29
2919 34
2919 39
2919 41
2919 53
2919 59
2919 62
2919 63
2919 69
2919 71
2919 74
2919 75
2919 76
2919 78
2919 81
2919 96
2919 97
2919 98
2919 105
2919 113
2919 114
2919 121
2919 125
2919 126
2919 129
2919 133
2919 142
2919 146
2919 152
2919 164
2919 171
2919 173
2919 188
2919 190
2919 197
2919 198
2919 199
2919 203
2919 212
2919 226
2919 227
2919 231
2919 238
2919 251
2919 253
2919 254
2919 255
2919 256
2919 263
2919 278
2919 279
2919 286
2919 289
2919 290
2919 300
2919 304
2919 322
2919 329
2919 336
2919 343
2919 344
2919 347
2919 348
2919 350
2919 357
2919 361
2919 366
2919 369
2919 370
2919 373
2919 381
2919 383
2919 388
2919 389
2919 393
2919 395
2919 397
2919 402
2919 409
2919 413
2919 421
2919 433
2919 435
2919 436
2919 439
2919 445
2919 453
2919 457
2919 459
2919 462
2919 485
2919 487
2919 496
2919 497
2919 500
2919 503
2919 505
2919 509
2919 521
2919 522
2919 526
2919 538
2919 540
2919 541
2919 544
2919 547
2919 550
2919 565
2919 571
2919 573
2919 576
2919 581
2919 589
2919 592
2919 602
2919 607
2919 610
2919 612
2919 615
2919 621
2919 622
2919 626
2919 629
2919 634
2919 636
2919 646
2919 654
2919 655
2919 656
2919 658
2919 661
2919 668
2919 672
2919 682
2919 686
2919 687
2919 690
2919 693
2919 697
2919 698
2919 706
2919 720
2919 722
2919 723
2919 726
2919 729
2919 730
2919 731
2919 732
2919 733
2919 734
2919 748
2919 751
2919 756
2919 759
2919 760
2919 761
2919 765
2919 775
2919 777
2919 783
2919 787
2919 790
2919 791
2919 795
2919 803
2919 830
2919 837
2919 858
2919 866
2919 871
2919 874
2919 881
2919 885
2919 893
2919 914
2919 917
2919 931
2919 933
2919 937
2919 942
2919 945
2919 950
2919 954
2919 957
2919 964
2919 976
2919 978
2919 984
2919 987
2919 996
2919 1000
2919 1005
2919 1014
2919 1018
2919 1025
2919 1030
2919 1031
2919 1033
2919 1035
2919 1041
2919 1051
2919 1053
2919 1055
2919 1057
2919 1059
2919 1067
2919 1068
2919 1070
2919 1072
2919 1077
2919 1078
2919 1080
2919 1085
2919 1087
2919 1107
2919 1117
2919 1119
2919 1121
2919 1130
2919 1131
2919 1135
2919 1138
2919 1153
2919 1155
2919 1160
2919 1161
2919 1165
2919 1179
2919 1182
2919 1184
2919 1185
2919 1187
2919 1188
2919 1195
2919 1198
2919 1206
2919 1208
2919 1210
2919 1211
2919 1220
2919 1226
2919 1233
2919 1238
2919 1245
2919 1246
2919 1249
2919 1250
2919 1257
2919 1259
2919 1261
2919 1262
2919 1264
2919 1269
2919 1270
2919 1274
2919 1289
2919 1290
2919 1298
2919 1308
2919 1320
2919 1323
2919 1335
2919 1339
2919 1348
2919 1350
2919 1358
2919 1359
2919 1365
2919 1371
2919 1373
2919 1374
2919 1375
2919 1378
2919 1379
2919 1381
2919 1382
2919 1383
2919 1388
2919 1389
2919 1398
2919 1412
2919 1425
2919 1432
2919 1438
2919 1439
2919 1443
2919 1461
2919 1475
2919 1479
2919 1494
2919 1495
2919 1500
2919 1504
2919 1519
2919 1522
2919 1524
2919 1527
2919 1533
2919 1543
2919 1549
2919 1556
2919 1557
2919 1569
2919 1573
2919 1576
2919 1585
2919 1596
2919 1599
2919 1611
2919 1616
2919 1619
2919 1623
2919 1627
2919 1654
2919 1656
2919 1663
2919 1664
2919 1667
2919 1668
2919 1670
2919 1671
2919 1680
2919 1683
2919 1686
2919 1690
2919 1695
2919 1696
2919 1698
2919 1716
2919 1719
2919 1721
2919 1726
2919 1730
2919 1741
2919 1745
2919 1749
2919 1756
2919 1762
2919 1764
2919 1771
2919 1774
2919 1783
2919 1791
2919 1793
2919 1800
2919 1803
2919 1804
2919 1806
2919 1810
2919 1811
2919 1814
2919 1824
2919 1831
2919 1833
2919 1838
2919 1840
2919 1852
2919 1857
2919 1864
2919 1867
2919 1868
2919 1871
2919 1872
2919 1882
2919 1885
2919 1895
2919 1899
2919 1904
2919 1909
2919 1913
2919 1925
2919 1928
2919 1933
2919 1939
2919 1945
2919 1946
2919 1951
2919 1954
2919 1963
2919 1972
2919 1979
2919 1980
2919 1991
2919 1993
2919 1995
2919 1998
2919 2000
2919 2001
2919 2017
2919 2021
2919 2024
2919 2025
2919 2031
2919 2037
2919 2040
2919 2048
2919 2049
2919 2056
2919 2063
2919 2065
2919 2070
2919 2072
2919 2081
2919 2082
2919 2084
2919 2085
2919 2088
2919 2099
2919 2104
2919 2105
2919 2117
2919 2123
2919 2130
2919 2138
2919 2159
2919 2161
2919 2167
2919 2186
2919 2192
2919 2198
2919 2211
2919 2225
2919 2226
2919 2230
2919 2239
2919 2240
2919 2243
2919 2245
2919 2248
2919 2252
2919 2253
2919 2261
2919 2264
2919 2267
2919 2269
2919 2277
2919 2280
2919 2281
2919 2284
2919 2291
2919 2295
2919 2300
2919 2309
2919 2313
2919 2315
2919 2316
2919 2318
2919 2321
2919 2322
2919 2323
2919 2325
2919 2327
2919 2330
2919 2333
2919 2339
2919 2347
2919 2351
2919 2353
2919 2358
2919 2368
2919 2370
2919 2372
2919 2376
2919 2391
2919 2396
2919 2404
2919 2405
2919 2409
2919 2410
2919 2417
2919 2422
2919 2427
2919 2441
2919 2443
2919 2444
2919 2446
2919 2459
2919 2462
2919 2487
2919 2494
2919 2495
2919 2497
2919 2519
2919 2522
2919 2527
2919 2528
2919 2534
2919 2536
2919 2537
2919 2538
2919 2540
2919 2546
2919 2548
2919 2551
2919 2561
2919 2564
2919 2571
2919 2575
2919 2580
2919 2581
2919 2586
2919 2587
2919 2591
2919 2603
2919 2614
2919 2618
2919 2622
2919 2623
2919 2626
2919 2636
2919 2637
2919 2638
2919 2644
2919 2646
2919 2650
2919 2657
2919 2663
2919 2664
2919 2665
2919 2667
2919 2673
2919 2674
2919 2679
2919 2684
2919 2688
2919 2689
2919 2690
2919 2695
2919 2697
2919 2709
2919 2711
2919 2721
2919 2725
2919 2726
2919 2730
2919 2731
2919 2732
2919 2734
2919 2744
2919 2751
2919 2754
2919 2762
2919 2769
2919 2771
2919 2773
2919 2774
2919 2777
2919 2781
2919 2782
2919 2784
2919 2788
2919 2790
2919 2793
2919 2796
2919 2802
2919 2808
2919 2811
2919 2813
2919 2827
2919 2830
2919 2839
2919 2842
2919 2855
2919 2858
2919 2862
2919 2876
2919 2882
2919 2885
2919 2887
2919 2897
2919 2898
2919 2905
2919 2910
2919 2911
2919 2914
2919 2920
2919 2930
2919 2942
2919 2944
2919 2947
2919 2949
2919 2955
2919 2974
2919 2977
2919 2980
2919 2996
2919 2999
2919 3010
2919 3016
2919 3017
2919 3020
2919 3029
2919 3033
2919 3038
2919 3041
2919 3042
2919 3044
2919 3045
2919 3046
2919 3047
2919 3049
2919 3059
2919 3060
2919 3061
2919 3062
2919 3065
2919 3077
2919 3084
2919 3089
2919 3090
2919 3093
2919 3094
2919 3105
2919 3112
2919 3113
2919 3116
2919 3120
2919 3121
2919 3128
2919 3129
2919 3130
2919 3131
2919 3134
2919 3141
2919 3146
2919 3152
2919 3157
2919 3159
2919 3160
2919 3161
2919 3166
2919 3168
2919 3170
2919 3171
2919 3173
2919 3175
2919 3176
2919 3182
2919 3184
2919 3187
2919 3190
2919 3197
2919 3198
2919 3201
2919 3204
2919 3212
2919 3214
2919 3221
2919 3232
2919 3239
2919 3240
2919 3244
2919 3246
2919 3251
2919 3255
2919 3256
2919 3258
2919 3262
2919 3263
2919 3279
2919 3280
2919 3296
2919 3297
2919 3298
2919 3305
2919 3319
2919 3320
2919 3326
2919 3328
2919 3330
2919 3333
2919 3334
2919 3339
2919 3343
2919 3347
2919 3349
2919 3356
2919 3361
2919 3372
2919 3377
2919 3378
2919 3379
2919 3381
2919 3383
2919 3395
2919 3396
2919 3400
3242 4
3242 8
3242 11
3242 12
3242 26
3242 28
3242 30
3242 33
3242 34
3242 37
3242 47
3242 67
3242 71
3242 77
3242 78
3242 86
3242 89
3242 91
3242 93
3242 112
3242 118
3242 120
3242 129
3242 132
3242 152
3242 158
3242 169
3242 170
3242 171
3242 173
3242 186
3242 187
3242 195
3242 197
3242 200
3242 202
3242 209
3242 212
3242 220
3242 225
3242 230
3242 233
3242 235
3242 239
3242 241
3242 252
3242 255
3242 257
3242 258
3242 260
3242 261
3242 266
3242 267
3242 272
3242 287
3242 301
3242 310
3242 320
3242 328
3242 332
3242 333
3242 342
3242 345
3242 354
3242 356
3242 358
3242 364
3242 373
3242 376
3242 379
3242 382
3242 388
3242 394
3242 395
3242 402
3242 405
3242 408
3242 420
3242 423
3242 434
3242 447
3242 449
3242 455
3242 458
3242 461
3242 467
3242 469
3242 470
3242 475
3242 477
3242 480
3242 481
3242 491
3242 494
3242 496
3242 504
3242 506
3242 509
3242 510
3242 517
3242 521
3242 527
3242 531
3242 534
3242 535
3242 545
3242 546
3242 549
3242 550
3242 553
3242 558
3242 563
3242 564
3242 569
3242 585
3242 594
3242 605
3242 606
3242 610
3242 616
3242 617
3242 622
3242 625
3242 626
3242 627
3242 634
3242 643
3242 648
3242 651
3242 654
3242 655
3242 659
3242 661
3242 670
3242 677
3242 680
3242 684
3242 688
3242 692
3242 696
3242 699
3242 701
3242 702
3242 703
3242 723
3242 739
3242 750
3242 754
3242 755
3242 756
3242 757
3242 760
3242 762
3242 765
3242 768
3242 769
3242 771
3242 783
3242 785
3242 787
3242 789
3242 790
3242 794
3242 801
3242 803
3242 816
3242 819
3242 820
3242 833
3242 852
3242 853
3242 855
3242 857
3242 858
3242 859
3242 867
3242 869
3242 872
3242 880
3242 881
3242 889
3242 890
3242 918
3242 921
3242 926
3242 938
3242 946
3242 959
3242 962
3242 968
3242 969
3242 973
3242 982
3242 984
3242 986
3242 988
3242 991
3242 998
3242 1003
3242 1004
3242 1012
3242 1013
3242 1014
3242 1015
3242 1018
3242 1020
3242 1025
3242 1035
3242 1040
3242 1041
3242 1045
3242 1048
3242 1052
3242 1060
3242 1067
3242 1068
3242 1069
3242 1070
3242 1072
3242 1083
3242 1095
3242 1097
3242 1103
3242 1104
3242 1105
3242 1118
3242 1120
3242 1133
3242 1149
3242 1160
3242 1167
3242 1171
3242 1174
3242 1178
3242 1189
3242 1192
3242 1196
3242 1197
3242 1202
3242 1205
3242 1208
3242 1213
3242 1222
3242 1230
3242 1231
3242 1239
3242 1245
3242 1247
3242 1252
3242 1261
3242 1267
3242 1268
3242 1271
3242 1281
3242 1288
3242 1292
3242 1295
3242 1296
3242 1300
3242 1303
3242 1306
3242 1309
3242 1311
3242 1316
3242 1322
3242 1323
3242 1324
3242 1329
3242 1332
3242 1336
3242 1339
3242 1340
3242 1342
3242 1345
3242 1346
3242 1359
3242 1362
3242 1365
3242 1366
3242 1378
3242 1382
3242 1385
3242 1388
3242 1399
3242 1400
3242 1405
3242 1406
3242 1412
3242 1426
3242 1433
3242 1441
3242 1445
3242 1448
3242 1449
3242 1462
3242 1466
3242 1467
3242 1469
3242 1472
3242 1481
3242 1483
3242 1488
3242 1499
3242 1510
3242 1513
3242 1518
3242 1526
3242 1530
3242 1531
3242 1538
3242 1541
3242 1546
3242 1549
3242 1550
3242 1551
3242 1559
3242 1561
3242 1562
3242 1564
3242 1570
3242 1571
3242 1572
3242 1574
3242 1585
3242 1588
3242 1593
3242 1594
3242 1597
3242 1602
3242 1603
3242 1604
3242 1617
3242 1620
3242 1632
3242 1639
3242 1641
3242 1644
3242 1649
3242 1650
3242 1656
3242 1657
3242 1662
3242 1663
3242 1670
3242 1677
3242 1681
3242 1684
3242 1686
3242 1689
3242 1697
3242 1700
3242 1704
3242 1712
3242 1720
3242 1725
3242 1731
3242 1741
3242 1742
3242 1744
3242 1746
3242 1756
3242 1759
3242 1761
3242 1767
3242 1769
3242 1785
3242 1786
3242 1790
3242 1792
3242 1796
3242 1801
3242 1802
3242 1803
3242 1811
3242 1812
3242 1819
3242 1821
3242 1826
3242 1831
3242 1835
3242 1846
3242 1849
3242 1850
3242 1851
3242 1861
3242 1863
3242 1871
3242 1875
3242 1886
3242 1887
3242 1890
3242 1914
3242 1917
3242 1919
3242 1922
3242 1925
3242 1926
3242 1927
3242 1930
3242 1932
3242 1948
3242 1950
3242 1954
3242 1976
3242 1990
3242 1997
3242 2007
3242 2011
3242 2015
3242 2017
3242 2021
3242 2028
3242 2030
3242 2033
3242 2034
3242 2035
3242 2037
3242 2046
3242 2049
3242 2051
3242 2055
3242 2056
3242 2060
3242 2064
3242 2066
3242 2072
3242 2078
3242 2091
3242 2095
3242 2099
3242 2103
3242 2105
3242 2108
3242 2111
3242 2115
3242 2117
3242 2124
3242 2128
3242 2130
3242 2137
3242 2138
3242 2147
3242 2148
3242 2150
3242 2151
3242 2157
3242 2163
3242 2168
3242 2170
3242 2172
3242 2188
3242 2202
3242 2207
3242 2208
3242 2210
3242 2234
3242 2242
3242 2259
3242 2263
3242 2268
3242 2283
3242 2295
3242 2305
3242 2310
3242 2312
3242 2322
3242 2324
3242 2327
3242 2330
3242 2352
3242 2368
3242 2372
3242 2378
3242 2384
3242 2389
3242 2390
3242 2393
3242 2396
3242 2410
3242 2411
3242 2413
3242 2414
3242 2424
3242 2432
3242 2433
3242 2435
3242 2437
3242 2438
3242 2440
3242 2443
3242 2452
3242 2461
3242 2472
3242 2474
3242 2476
3242 2482
3242 2487
3242 2491
3242 2492
3242 2505
3242 2519
3242 2522
3242 2530
3242 2532
3242 2538
3242 2547
3242 2549
3242 2550
3242 2551
3242 2554
3242 2555
3242 2558
3242 2563
3242 2575
3242 2589
3242 2590
3242 2592
3242 2601
3242 2602
3242 2633
3242 2638
3242 2639
3242 2641
3242 2653
3242 2655
3242 2665
3242 2669
3242 2674
3242 2684
3242 2690
3242 2696
3242 2701
3242 2704
3242 2709
3242 2711
3242 2714
3242 2719
3242 2725
3242 2729
3242 2733
3242 2734
3242 2738
3242 2740
3242 2742
3242 2747
3242 2749
3242 2750
3242 2751
3242 2755
3242 2757
3242 2762
3242 2765
3242 2774
3242 2775
3242 2779
3242 2782
3242 2785
3242 2786
3242 2788
3242 2791
3242 2792
3242 2804
3242 2805
3242 2808
3242 2812
3242 2820
3242 2821
3242 2826
3242 2837
3242 2838
3242 2844
3242 2846
3242 2848
3242 2849
3242 2853
3242 2855
3242 2862
3242 2863
3242 2870
3242 2872
3242 2874
3242 2876
3242 2877
3242 2879
3242 2883
3242 2886
3242 2888
3242 2892
3242 2894
3242 2898
3242 2909
3242 2910
3242 2919
3242 2920
3242 2921
3242 2928
3242 2932
3242 2936
3242 2952
3242 2955
3242 2961
3242 2967
3242 2973
3242 2977
3242 2983
3242 2988
3242 2995
3242 2998
3242 2999
3242 3012
3242 3016
3242 3024
3242 3030
3242 3032
3242 3034
3242 3041
3242 3047
3242 3048
3242 3053
3242 3065
3242 3066
3242 3069
3242 3072
3242 3074
3242 3077
3242 3080
3242 3092
3242 3099
3242 3102
3242 3111
3242 3113
3242 3118
3242 3122
3242 3125
3242 3134
3242 3137
3242 3146
3242 3148
3242 3160
3242 3162
3242 3166
3242 3172
3242 3175
3242 3176
3242 3178
3242 3191
3242 3194
3242 3200
3242 3202
3242 3211
3242 3225
3242 3228
3242 3233
3242 3237
3242 3242
3242 3245
3242 3255
3242 3263
3242 3265
3242 3267
3242 3269
3242 3289
3242 3290
3242 3292
3242 3297
3242 3298
3242 3300
3242 3301
3242 3302
3242 3311
3242 3312
3242 3315
3242 3324
3242 3328
3242 3329
3242 3348
3242 3351
3242 3352
3242 3356
3242 3370
3242 3394
3242 3396
3242 3397
2538 4
2538 5
2538 10
2538 12
2538 16
2538 17
2538 22
2538 24
2538 31
2538 37
2538 39
2538 41
2538 44
2538 54
2538 63
2538 73
2538 88
2538 97
2538 110
2538 115
2538 131
2538 139
2538 142
2538 147
2538 153
2538 155
2538 157
2538 161
2538 165
2538 175
2538 177
2538 181
2538 187
2538 195
2538 203
2538 217
2538 224
2538 226
2538 229
2538 230
2538 242
2538 251
2538 253
2538 256
2538 257
2538 262
2538 269
2538 271
2538 272
2538 278
2538 281
2538 282
2538 285
2538 286
2538 290
2538 299
2538 300
2538 308
2538 315
2538 321
2538 326
2538 327
2538 330
2538 335
2538 338
2538 344
2538 347
2538 352
2538 353
2538 354
2538 356
2538 359
2538 361
2538 363
2538 369
2538 372
2538 382
2538 383
2538 387
2538 389
2538 390
2538 392
2538 393
2538 395
2538 401
2538 410
2538 412
2538 418
2538 420
2538 425
2538 428
2538 435
2538 442
2538 448
2538 450
2538 452
2538 453
2538 454
2538 455
2538 456
2538 459
2538 461
2538 462
2538 467
2538 468
2538 469
2538 480
2538 481
2538 494
2538 495
2538 496
2538 500
2538 504
2538 505
2538 515
2538 518
2538 520
2538 523
2538 524
2538 539
2538 546
2538 547
2538 551
2538 552
2538 558
2538 561
2538 576
2538 582
2538 583
2538 586
2538 589
2538 591
2538 592
2538 595
2538 598
2538 599
2538 605
2538 606
2538 613
2538 622
2538 628
2538 634
2538 637
2538 656
2538 661
2538 667
2538 670
2538 672
2538 674
2538 678
2538 679
2538 683
2538 688
2538 696
2538 699
2538 702
2538 706
2538 712
2538 722
2538 726
2538 728
2538 734
2538 735
2538 737
2538 744
2538 745
2538 749
2538 754
2538 760
2538 761
2538 762
2538 763
2538 769
2538 776
2538 778
2538 781
2538 786
2538 789
2538 793
2538 796
2538 801
2538 804
2538 815
2538 816
2538 817
2538 831
2538 835
2538 836
2538 849
2538 853
2538 859
2538 863
2538 868
2538 871
2538 873
2538 874
2538 883
2538 891
2538 895
2538 910
2538 917
2538 919
2538 932
2538 935
2538 937
2538 944
2538 960
2538 965
2538 968
2538 969
2538 972
2538 973
2538 978
2538 982
2538 998
2538 1000
2538 1001
2538 1002
2538 1003
2538 1028
2538 1036
2538 1041
2538 1046
2538 1053
2538 1056
2538 1060
2538 1062
2538 1063
2538 1067
2538 1068
2538 1078
2538 1080
2538 1092
2538 1095
2538 1101
2538 1103
2538 1105
2538 1114
2538 1118
2538 1119
2538 1122
2538 1127
2538 1131
2538 1132
2538 1135
2538 1143
2538 1146
2538 1149
2538 1150
2538 1152
2538 1153
2538 1155
2538 1158
2538 1161
2538 1169
2538 1174
2538 1178
2538 1179
2538 1184
2538 1191
2538 1197
2538 1198
2538 1199
2538 1208
2538 1209
2538 1215
2538 1218
2538 1220
2538 1222
2538 1223
2538 1225
2538 1226
2538 1227
2538 1232
2538 1234
2538 1251
2538 1259
2538 1260
2538 1262
2538 1265
2538 1274
2538 1284
2538 1285
2538 1295
2538 1296
2538 1310
2538 1311
2538 1313
2538 1320
2538 1325
2538 1328
2538 1330
2538 1332
2538 1334
2538 1340
2538 1342
2538 1346
2538 1348
2538 1351
2538 1353
2538 1354
2538 1360
2538 1361
2538 1370
2538 1376
2538 1383
2538 1390
2538 1393
2538 1397
2538 1399
2538 1405
2538 1408
2538 1412
2538 1417
2538 1418
2538 1423
2538 1432
2538 1433
2538 1436
2538 1440
2538 1441
2538 1442
2538 1453
2538 1454
2538 1458
2538 1459
2538 1462
2538 1463
2538 1467
2538 1476
2538 1483
2538 1489
2538 1493
2538 1502
2538 1508
2538 1509
2538 1514
2538 1517
2538 1518
2538 1528
2538 1534
2538 1542
2538 1550
2538 1556
2538 1558
2538 1572
2538 1578
2538 1584
2538 1591
2538 1595
2538 1603
2538 1604
2538 1606
2538 1608
2538 1614
2538 1623
2538 1624
2538 1629
2538 1634
2538 1636
2538 1639
2538 1640
2538 1641
2538 1647
2538 1650
2538 1657
2538 1661
2538 1665
2538 1679
2538 1682
2538 1698
2538 1704
2538 1710
2538 1712
2538 1718
2538 1722
2538 1730
2538 1731
2538 1747
2538 1753
2538 1768
2538 1769
2538 1775
2538 1782
2538 1783
2538 1784
2538 1799
2538 1800
2538 1802
2538 1803
2538 1806
2538 1808
2538 1809
2538 1810
2538 1821
2538 1822
2538 1839
2538 1843
2538 1849
2538 1850
2538 1854
2538 1856
2538 1858
2538 1860
2538 1866
2538 1868
2538 1869
2538 1873
2538 1874
2538 1880
2538 1882
2538 1883
2538 1889
2538 1890
2538 1897
2538 1899
2538 1900
2538 1906
2538 1915
2538 1928
2538 1933
2538 1938
2538 1957
2538 1959
2538 1964
2538 1979
2538 1985
2538 1986
2538 1990
2538 1993
2538 1998
2538 2002
2538 2006
2538 2022
2538 2027
2538 2041
2538 2050
2538 2054
2538 2060
2538 2068
2538 2083
2538 2085
2538 2086
2538 2091
2538 2092
2538 2095
2538 2096
2538 2099
2538 2100
2538 2106
2538 2107
2538 2108
2538 2112
2538 2121
2538 2129
2538 2131
2538 2137
2538 2146
2538 2150
2538 2153
2538 2161
2538 2162
2538 2173
2538 2177
2538 2178
2538 2179
2538 2181
2538 2184
2538 2189
2538 2192
2538 2200
2538 2204
2538 2206
2538 2213
2538 2230
2538 2233
2538 2235
2538 2236
2538 2237
2538 2240
2538 2250
2538 2253
2538 2259
2538 2261
2538 2263
2538 2264
2538 2267
2538 2268
2538 2270
2538 2276
2538 2277
2538 2288
2538 2295
2538 2297
2538 2305
2538 2317
2538 2326
2538 2330
2538 2331
2538 2334
2538 2339
2538 2368
2538 2376
2538 2398
2538 2402
2538 2408
2538 2423
2538 2424
2538 2425
2538 2432
2538 2435
2538 2438
2538 2444
2538 2447
2538 2448
2538 2450
2538 2453
2538 2457
2538 2459
2538 2460
2538 2469
2538 2474
2538 2480
2538 2481
2538 2483
2538 2485
2538 2490
2538 2491
2538 2504
2538 2506
2538 2509
2538 2514
2538 2516
2538 2517
2538 2519
2538 2527
2538 2528
2538 2539
2538 2541
2538 2554
2538 2555
2538 2564
2538 2573
2538 2575
2538 2578
2538 2583
2538 2590
2538 2591
2538 2592
2538 2593
2538 2597
2538 2608
2538 2610
2538 2611
2538 2618
2538 2622
2538 2623
2538 2625
2538 2634
2538 2654
2538 2656
2538 2669
2538 2671
2538 2687
2538 2694
2538 2697
2538 2698
2538 2702
2538 2703
2538 2707
2538 2709
2538 2710
2538 2722
2538 2727
2538 2763
2538 2766
2538 2768
2538 2774
2538 2775
2538 2776
2538 2782
2538 2791
2538 2803
2538 2806
2538 2808
2538 2815
2538 2836
2538 2837
2538 2841
2538 2843
2538 2848
2538 2860
2538 2863
2538 2864
2538 2867
2538 2871
2538 2872
2538 2874
2538 2876
2538 2879
2538 2880
2538 2887
2538 2894
2538 2906
2538 2907
2538 2931
2538 2932
2538 2935
2538 2936
2538 2937
2538 2938
2538 2943
2538 2948
2538 2962
2538 2965
2538 2966
2538 2980
2538 2986
2538 2989
2538 2990
2538 3001
2538 3016
2538 3017
2538 3018
2538 3020
2538 3021
2538 3022
2538 3025
2538 3027
2538 3034
2538 3035
2538 3045
2538 3047
2538 3051
2538 3064
2538 3066
2538 3075
2538 3080
2538 3082
2538 3084
2538 3086
2538 3088
2538 3093
2538 3097
2538 3101
2538 3103
2538 3114
2538 3119
2538 3127
2538 3132
2538 3139
2538 3151
2538 3153
2538 3154
2538 3173
2538 3182
2538 3185
2538 3193
2538 3212
2538 3218
2538 3228
2538 3231
2538 3233
2538 3237
2538 3247
2538 3251
2538 3253
2538 3258
2538 3261
2538 3277
2538 3278
2538 3281
2538 3284
2538 3287
2538 3302
2538 3304
2538 3306
2538 3307
2538 3313
2538 3316
2538 3317
2538 3320
2538 3324
2538 3336
2538 3340
2538 3350
2538 3351
2538 3358
2538 3361
2538 3366
2538 3368
2538 3370
2538 3373
2538 3377
2538 3378
2538 3388
2538 3390
2497 26
2497 33
2497 34
2497 35
2497 46
2497 52
2497 60
2497 63
2497 81
2497 93
2497 94
2497 98
2497 99
2497 106
2497 115
2497 117
2497 119
2497 121
2497 129
2497 134
2497 138
2497 153
2497 160
2497 164
2497 168
2497 184
2497 198
2497 206
2497 210
2497 221
2497 223
2497 224
2497 232
2497 234
2497 241
2497 256
2497 259
2497 268
2497 270
2497 272
2497 283
2497 289
2497 295
2497 298
2497 305
2497 311
2497 312
2497 321
2497 324
2497 325
2497 330
2497 332
2497 335
2497 342
2497 343
2497 344
2497 345
2497 349
2497 352
2497 355
2497 360
2497 362
2497 364
2497 367
2497 384
2497 388
2497 390
2497 391
2497 396
2497 400
2497 405
2497 412
2497 414
2497 422
2497 429
2497 434
2497 435
2497 445
2497 456
2497 478
2497 480
2497 481
2497 486
2497 494
2497 500
2497 506
2497 509
2497 511
2497 514
2497 519
2497 525
2497 531
2497 534
2497 538
2497 544
2497 548
2497 553
2497 555
2497 556
2497 559
2497 569
2497 571
2497 583
2497 585
2497 587
2497 589
2497 599
2497 604
2497 617
2497 620
2497 624
2497 637
2497 638
2497 639
2497 642
2497 643
2497 649
2497 652
2497 653
2497 661
2497 664
2497 670
2497 672
2497 675
2497 679
2497 684
2497 685
2497 688
2497 691
2497 694
2497 695
2497 697
2497 700
2497 702
2497 705
2497 714
2497 716
2497 718
2497 719
2497 726
2497 729
2497 732
2497 733
2497 737
2497 739
2497 741
2497 744
2497 747
2497 748
2497 749
2497 750
2497 752
2497 757
2497 763
2497 768
2497 775
2497 785
2497 790
2497 791
2497 800
2497 806
2497 808
2497 809
2497 813
2497 814
2497 824
2497 828
2497 833
2497 841
2497 851
2497 853
2497 867
2497 869
2497 877
2497 878
2497 882
2497 884
2497 886
2497 888
2497 892
2497 894
2497 898
2497 901
2497 908
2497 911
2497 912
2497 914
2497 917
2497 924
2497 927
2497 930
2497 935
2497 936
2497 950
2497 955
2497 957
2497 973
2497 977
2497 979
2497 989
2497 991
2497 1005
2497 1007
2497 1011
2497 1027
2497 1039
2497 1042
2497 1048
2497 1053
2497 1061
2497 1063
2497 1064
2497 1071
2497 1076
2497 1080
2497 1083
2497 1091
2497 1100
2497 1101
2497 1105
2497 1114
2497 1116
2497 1120
2497 1121
2497 1123
2497 1124
2497 1126
2497 1131
2497 1138
2497 1142
2497 1146
2497 1154
2497 1156
2497 1162
2497 1183
2497 1187
2497 1188
2497 1193
2497 1197
2497 1201
2497 1204
2497 1205
2497 1209
2497 1210
2497 1218
2497 1230
2497 1234
2497 1235
2497 1236
2497 1237
2497 1244
2497 1252
2497 1257
2497 1261
2497 1262
2497 1280
2497 1283
2497 1289
2497 1301
2497 1304
2497 1307
2497 1313
2497 1315
2497 1317
2497 1321
2497 1326
2497 1338
2497 1349
2497 1358
2497 1364
2497 1366
2497 1369
2497 1370
2497 1384
2497 1387
2497 1391
2497 1394
2497 1397
2497 1403
2497 1404
2497 1410
2497 1417
2497 1420
2497 1422
2497 1425
2497 1428
2497 1438
2497 1441
2497 1443
2497 1451
2497 1456
2497 1470
2497 1471
2497 1472
2497 1475
2497 1494
2497 1505
2497 1507
2497 1509
2497 1514
2497 1525
2497 1530
2497 1532
2497 1535
2497 1541
2497 1546
2497 1550
2497 1552
2497 1561
2497 1564
2497 1579
2497 1585
2497 1597
2497 1600
2497 1617
2497 1618
2497 1630
2497 1638
2497 1640
2497 1647
2497 1649
2497 1650
2497 1652
2497 1654
2497 1667
2497 1671
2497 1675
2497 1676
2497 1678
2497 1680
2497 1691
2497 1695
2497 1697
2497 1710
2497 1727
2497 1729
2497 1732
2497 1735
2497 1737
2497 1739
2497 1740
2497 1743
2497 1750
2497 1758
2497 1767
2497 1775
2497 1776
2497 1777
2497 1783
2497 1786
2497 1787
2497 1789
2497 1796
2497 1799
2497 1809
2497 1822
2497 1824
2497 1825
2497 1833
2497 1835
2497 1840
2497 1851
2497 1853
2497 1856
2497 1865
2497 1869
2497 1876
2497 1879
2497 1884
2497 1885
2497 1889
2497 1906
2497 1916
2497 1922
2497 1923
2497 1926
2497 1931
2497 1945
2497 1947
2497 1958
2497 1959
2497 1964
2497 1980
2497 1987
2497 1990
2497 1995
2497 2006
2497 2008
2497 2015
2497 2019
2497 2024
2497 2035
2497 2038
2497 2040
2497 2046
2497 2049
2497 2062
2497 2080
2497 2083
2497 2084
2497 2090
2497 2092
2497 2105
2497 2110
2497 2120
2497 2124
2497 2125
2497 2126
2497 2128
2497 2131
2497 2138
2497 2143
2497 2148
2497 2152
2497 2159
2497 2166
2497 2171
2497 2172
2497 2176
2497 2177
2497 2179
2497 2183
2497 2192
2497 2195
2497 2196
2497 2202
2497 2205
2497 2206
2497 2214
2497 2216
2497 2223
2497 2225
2497 2227
2497 2236
2497 2246
2497 2250
2497 2252
2497 2261
2497 2264
2497 2270
2497 2272
2497 2273
2497 2274
2497 2276
2497 2277
2497 2279
2497 2288
2497 2290
2497 2291
2497 2294
2497 2301
2497 2305
2497 2308
2497 2313
2497 2316
2497 2318
2497 2321
2497 2323
2497 2324
2497 2328
2497 2329
2497 2332
2497 2342
2497 2345
2497 2347
2497 2352
2497 2354
2497 2355
2497 2356
2497 2358
2497 2371
2497 2373
2497 2382
2497 2384
2497 2415
2497 2425
2497 2433
2497 2442
2497 2449
2497 2452
2497 2453
2497 2460
2497 2484
2497 2488
2497 2494
2497 2498
2497 2505
2497 2506
2497 2510
2497 2513
2497 2515
2497 2519
2497 2523
2497 2544
2497 2548
2497 2553
2497 2556
2497 2568
2497 2582
2497 2583
2497 2584
2497 2585
2497 2589
2497 2590
2497 2600
2497 2603
2497 2608
2497 2611
2497 2615
2497 2616
2497 2625
2497 2634
2497 2640
2497 2650
2497 2655
2497 2667
2497 2673
2497 2674
2497 2675
2497 2678
2497 2679
2497 2686
2497 2689
2497 2693
2497 2699
2497 2705
2497 2709
2497 2712
2497 2716
2497 2719
2497 2720
2497 2731
2497 2732
2497 2734
2497 2736
2497 2738
2497 2741
2497 2745
2497 2746
2497 2751
2497 2753
2497 2755
2497 2770
2497 2773
2497 2778
2497 2779
2497 2780
2497 2783
2497 2786
2497 2794
2497 2803
2497 2820
2497 2822
2497 2839
2497 2841
2497 2843
2497 2846
2497 2856
2497 2862
2497 2863
2497 2872
2497 2877
2497 2887
2497 2889
2497 2897
2497 2898
2497 2903
2497 2917
2497 2918
2497 2925
2497 2926
2497 2927
2497 2929
2497 2931
2497 2935
2497 2946
2497 2948
2497 2966
2497 2977
2497 2978
2497 2980
2497 2986
2497 2998
2497 3008
2497 3016
2497 3023
2497 3029
2497 3032
2497 3033
2497 3038
2497 3040
2497 3044
2497 3058
2497 3060
2497 3070
2497 3080
2497 3082
2497 3084
2497 3087
2497 3094
2497 3103
2497 3109
2497 3110
2497 3112
2497 3120
2497 3127
2497 3128
2497 3130
2497 3131
2497 3137
2497 3143
2497 3147
2497 3155
2497 3158
2497 3168
2497 3169
2497 3176
2497 3180
2497 3183
2497 3184
2497 3189
2497 3192
2497 3217
2497 3218
2497 3223
2497 3224
2497 3240
2497 3247
2497 3273
2497 3280
2497 3284
2497 3289
2497 3290
2497 3292
2497 3294
2497 3298
2497 3304
2497 3312
2497 3318
2497 3342
2497 3345
2497 3352
2497 3353
2497 3354
2497 3356
2497 3357
2497 3366
2497 3368
2497 3390
2497 3393
1373 11
1373 18
1373 22
1373 24
1373 33
1373 48
1373 55
1373 57
1373 68
1373 70
1373 77
1373 81
1373 82
1373 86
1373 93
1373 110
1373 112
1373 115
1373 119
1373 120
1373 127
1373 144
1373 146
1373 150
1373 151
1373 152
1373 158
1373 169
1373 171
1373 180
1373 193
1373 195
1373 204
1373 221
1373 224
1373 232
1373 233
1373 234
1373 236
1373 237
1373 249
1373 254
1373 256
1373 257
1373 262
1373 269
1373 273
1373 280
1373 288
1373 291
1373 294
1373 295
1373 299
1373 320
1373 321
1373 323
1373 324
1373 329
1373 331
1373 335
1373 336
1373 342
1373 344
1373 346
1373 347
1373 349
1373 352
1373 362
1373 363
1373 365
1373 370
1373 378
1373 381
1373 386
1373 405
1373 407
1373 412
1373 430
1373 440
1373 444
1373 448
1373 455
1373 463
1373 469
1373 473
1373 481
1373 483
1373 484
1373 485
1373 487
1373 492
1373 493
1373 509
1373 513
1373 516
1373 518
1373 519
1373 520
1373 521
1373 532
1373 533
1373 538
1373 542
1373 559
1373 561
1373 564
1373 569
1373 571
1373 574
1373 579
1373 581
1373 583
1373 588
1373 599
1373 605
1373 609
1373 619
1373 628
1373 634
1373 635
1373 640
1373 651
1373 657
1373 663
1373 669
1373 678
1373 685
1373 688
1373 697
1373 698
1373 700
1373 704
1373 705
1373 710
1373 719
1373 720
1373 721
1373 724
1373 732
1373 736
1373 740
1373 741
1373 745
1373 753
1373 755
1373 756
1373 757
1373 759
1373 764
1373 766
1373 773
1373 775
1373 776
1373 779
1373 782
1373 792
1373 797
1373 798
1373 800
1373 811
1373 818
1373 819
1373 821
1373 830
1373 835
1373 839
1373 840
1373 841
1373 845
1373 848
1373 852
1373 862
1373 864
1373 888
1373 894
1373 899
1373 903
1373 913
1373 915
1373 925
1373 929
1373 930
1373 932
1373 938
1373 939
1373 948
1373 953
1373 956
1373 957
1373 964
1373 987
1373 993
1373 1008
1373 1014
1373 1017
1373 1020
1373 1022
1373 1025
1373 1027
1373 1029
1373 1030
1373 1031
1373 1033
1373 1036
1373 1038
1373 1039
1373 1041
1373 1042
1373 1047
1373 1048
1373 1050
1373 1053
1373 1063
1373 1064
1373 1069
1373 1077
1373 1089
1373 1091
1373 1100
1373 1105
1373 1106
1373 1108
1373 1110
1373 1120
1373 1123
1373 1127
1373 1133
1373 1137
1373 1144
1373 1148
1373 1150
1373 1154
1373 1164
1373 1165
1373 1166
1373 1168
1373 1170
1373 1176
1373 1178
1373 1186
1373 1194
1373 1212
1373 1213
1373 1214
1373 1215
1373 1218
1373 1231
1373 1240
1373 1246
1373 1251
1373 1254
1373 1263
1373 1266
1373 1268
1373 1275
1373 1276
1373 1277
1373 1279
1373 1282
1373 1297
1373 1312
1373 1314
1373 1316
1373 1317
1373 1325
1373 1326
1373 1328
1373 1330
1373 1335
1373 1358
1373 1360
1373 1372
1373 1376
1373 1382
1373 1385
1373 1394
1373 1402
1373 1411
1373 1424
1373 1426
1373 1442
1373 1443
1373 1467
1373 1474
1373 1480
1373 1486
1373 1490
1373 1498
1373 1500
1373 1502
1373 1517
1373 1520
1373 1523
1373 1527
1373 1534
1373 1537
1373 1549
1373 1558
1373 1560
1373 1565
1373 1566
1373 1574
1373 1576
1373 1581
1373 1582
1373 1587
1373 1598
1373 1601
1373 1605
1373 1611
1373 1614
1373 1619
1373 1620
1373 1621
1373 1627
1373 1637
1373 1648
1373 1649
1373 1657
1373 1660
1373 1665
1373 1668
1373 1669
1373 1676
1373 1682
1373 1688
1373 1703
1373 1720
1373 1727
1373 1731
1373 1735
1373 1738
1373 1742
1373 1748
1373 1757
1373 1758
1373 1760
1373 1761
1373 1764
1373 1765
1373 1766
1373 1783
1373 1784
1373 1787
1373 1789
1373 1803
1373 1811
1373 1813
1373 1815
1373 1824
1373 1825
1373 1826
1373 1830
1373 1848
1373 1853
1373 1857
1373 1863
1373 1866
1373 1880
1373 1883
1373 1890
1373 1896
1373 1898
1373 1904
1373 1922
1373 1923
1373 1925
1373 1932
1373 1933
1373 1940
1373 1953
1373 1954
1373 1956
1373 1957
1373 1959
1373 1964
1373 1972
1373 1984
1373 1987
1373 1997
1373 2002
1373 2006
1373 2007
1373 2013
1373 2018
1373 2021
1373 2022
1373 2027
1373 2032
1373 2033
1373 2036
1373 2045
1373 2052
1373 2059
1373 2064
1373 2071
1373 2078
1373 2087
1373 2088
1373 2094
1373 2107
1373 2115
1373 2118
1373 2123
1373 2125
1373 2140
1373 2145
1373 2161
1373 2162
1373 2163
1373 2173
1373 2176
1373 2179
1373 2186
1373 2190
1373 2193
1373 2197
1373 2199
1373 2201
1373 2208
1373 2209
1373 2215
1373 2220
1373 2228
1373 2232
1373 2235
1373 2239
1373 2241
1373 2243
1373 2247
1373 2249
1373 2257
1373 2264
1373 2267
1373 2271
1373 2275
1373 2276
1373 2279
1373 2289
1373 2291
1373 2292
1373 2308
1373 2311
1373 2313
1373 2314
1373 2338
1373 2346
1373 2348
1373 2352
1373 2356
1373 2357
1373 2358
1373 2360
1373 2370
1373 2372
1373 2381
1373 2386
1373 2394
1373 2395
1373 2400
1373 2410
1373 2411
1373 2420
1373 2423
1373 2426
1373 2431
1373 2442
1373 2443
1373 2449
1373 2455
1373 2458
1373 2466
1373 2468
1373 2470
1373 2474
1373 2479
1373 2481
1373 2490
1373 2502
1373 2503
1373 2505
1373 2511
1373 2519
1373 2534
1373 2536
1373 2543
1373 2552
1373 2553
1373 2554
1373 2556
1373 2560
1373 2561
1373 2564
1373 2570
1373 2573
1373 2577
1373 2579
1373 2581
1373 2582
1373 2595
1373 2596
1373 2605
1373 2624
1373 2627
1373 2633
1373 2645
1373 2647
1373 2650
1373 2651
1373 2652
1373 2658
1373 2659
1373 2660
1373 2661
1373 2664
1373 2665
1373 2672
1373 2680
1373 2682
1373 2683
1373 2689
1373 2692
1373 2695
1373 2699
1373 2702
1373 2705
1373 2707
1373 2722
1373 2724
1373 2729
1373 2731
1373 2737
1373 2740
1373 2743
1373 2744
1373 2745
1373 2749
1373 2750
1373 2755
1373 2756
1373 2766
1373 2769
1373 2771
1373 2772
1373 2773
1373 2779
1373 2788
1373 2792
1373 2795
1373 2804
1373 2806
1373 2807
1373 2808
1373 2809
1373 2811
1373 2817
1373 2818
1373 2825
1373 2827
1373 2834
1373 2839
1373 2845
1373 2848
1373 2851
1373 2863
1373 2867
1373 2880
1373 2881
1373 2885
1373 2889
1373 2890
1373 2891
1373 2896
1373 2898
1373 2901
1373 2907
1373 2911
1373 2915
1373 2923
1373 2924
1373 2929
1373 2930
1373 2946
1373 2948
1373 2949
1373 2951
1373 2952
1373 2953
1373 2958
1373 2960
1373 2962
1373 2967
1373 2970
1373 2971
1373 2973
1373 2975
1373 2981
1373 2983
1373 2989
1373 2990
1373 2995
1373 3002
1373 3003
1373 3004
1373 3007
1373 3013
1373 3015
1373 3025
1373 3029
1373 3031
1373 3035
1373 3052
1373 3056
1373 3069
1373 3070
1373 3073
1373 3076
1373 3078
1373 3083
1373 3092
1373 3093
1373 3097
1373 3100
1373 3110
1373 3130
1373 3131
1373 3138
1373 3155
1373 3157
1373 3158
1373 3160
1373 3164
1373 3167
1373 3168
1373 3169
1373 3174
1373 3183
1373 3185
1373 3188
1373 3210
1373 3211
1373 3220
1373 3232
1373 3237
1373 3245
1373 3246
1373 3252
1373 3253
1373 3256
1373 3263
1373 3265
1373 3269
1373 3272
1373 3276
1373 3282
1373 3283
1373 3284
1373 3289
1373 3291
1373 3293
1373 3296
1373 3297
1373 3299
1373 3300
1373 3312
1373 3315
1373 3316
1373 3327
1373 3329
1373 3330
1373 3336
1373 3339
1373 3345
1373 3351
1373 3358
1373 3361
1373 3366
1373 3375
1373 3376
1373 3380
1373 3381
1373 3385
1373 3394
1373 3395
1373 3398
9 19
9 28
9 38
9 48
9 61
9 62
9 67
9 69
9 74
9 87
9 95
9 97
9 98
9 99
9 100
9 115
9 117
9 121
9 124
9 125
9 129
9 135
9 136
9 139
9 140
9 146
9 151
9 154
9 159
9 160
9 162
9 164
9 165
9 169
9 182
9 184
9 191
9 192
9 198
9 204
9 216
9 221
9 223
9 227
9 229
9 238
9 241
9 244
9 245
9 247
9 252
9 254
9 277
9 280
9 281
9 283
9 286
9 288
9 291
9 295
9 303
9 313
9 314
9 315
9 317
9 318
9 324
9 331
9 337
9 345
9 346
9 356
9 365
9 377
9 383
9 386
9 395
9 429
9 443
9 448
9 451
9 454
9 459
9 469
9 480
9 481
9 487
9 488
9 489
9 492
9 493
9 498
9 503
9 508
9 509
9 517
9 519
9 521
9 522
9 526
9 544
9 561
9 564
9 565
9 567
9 577
9 580
9 585
9 590
9 599
9 609
9 611
9 613
9 614
9 617
9 625
9 626
9 636
9 642
9 647
9 652
9 659
9 664
9 673
9 675
9 676
9 684
9 687
9 708
9 714
9 716
9 720
9 721
9 722
9 726
9 727
9 733
9 737
9 743
9 746
9 751
9 765
9 767
9 769
9 770
9 771
9 775
9 777
9 784
9 787
9 791
9 792
9 794
9 795
9 796
9 802
9 805
9 808
9 816
9 818
9 819
9 821
9 828
9 845
9 849
9 850
9 851
9 857
9 858
9 871
9 876
9 884
9 885
9 890
9 898
9 900
9 923
9 930
9 934
9 940
9 942
9 947
9 950
9 952
9 962
9 966
9 967
9 969
9 970
9 971
9 977
9 980
9 982
9 987
9 989
9 994
9 1001
9 1017
9 1019
9 1021
9 1024
9 1025
9 1031
9 1033
9 1043
9 1044
9 1050
9 1058
9 1063
9 1064
9 1066
9 1067
9 1068
9 1071
9 1077
9 1084
9 1087
9 1092
9 1093
9 1097
9 1102
9 1103
9 1109
9 1116
9 1120
9 1132
9 1139
9 1143
9 1145
9 1150
9 1155
9 1159
9 1164
9 1169
9 1171
9 1180
9 1183
9 1184
9 1214
9 1215
9 1232
9 1235
9 1238
9 1239
9 1240
9 1249
9 1254
9 1267
9 1268
9 1271
9 1272
9 1278
9 1282
9 1286
9 1290
9 1296
9 1306
9 1310
9 1316
9 1318
9 1326
9 1330
9 1331
9 1332
9 1334
9 1348
9 1353
9 1363
9 1364
9 1365
9 1367
9 1377
9 1380
9 1381
9 1387
9 1396
9 1397
9 1402
9 1407
9 1410
9 1413
9 1416
9 1417
9 1419
9 1431
9 1433
9 1439
9 1447
9 1450
9 1458
9 1460
9 1464
9 1465
9 1466
9 1467
9 1480
9 1488
9 1490
9 1493
9 1494
9 1499
9 1500
9 1504
9 1510
9 1514
9 1523
9 1524
9 1543
9 1549
9 1551
9 1554
9 1558
9 1565
9 1567
9 1573
9 1578
9 1580
9 1587
9 1597
9 1598
9 1605
9 1613
9 1623
9 1629
9 1636
9 1638
9 1648
9 1650
9 1660
9 1664
9 1680
9 1685
9 1687
9 1701
9 1707
9 1711
9 1715
9 1717
9 1718
9 1724
9 1725
9 1727
9 1735
9 1751
9 1760
9 1763
9 1764
9 1766
9 1768
9 1769
9 1771
9 1785
9 1786
9 1798
9 1807
9 1811
9 1812
9 1830
9 1832
9 1849
9 1864
9 1868
9 1872
9 1875
9 1878
9 1881
9 1884
9 1886
9 1887
9 1889
9 1890
9 1891
9 1899
9 1902
9 1905
9 1909
9 1914
9 1918
9 1924
9 1935
9 1940
9 1955
9 1956
9 1967
9 1970
9 1974
9 1975
9 1981
9 1993
9 1994
9 1995
9 2002
9 2004
9 2007
9 2010
9 2012
9 2013
9 2014
9 2018
9 2019
9 2021
9 2023
9 2031
9 2040
9 2042
9 2046
9 2048
9 2050
9 2053
9 2061
9 2064
9 2068
9 2070
9 2093
9 2097
9 2101
9 2103
9 2106
9 2111
9 2115
9 2121
9 2127
9 2135
9 2138
9 2159
9 2163
9 2164
9 2167
9 2172
9 2173
9 2177
9 2187
9 2189
9 2191
9 2197
9 2201
9 2205
9 2211
9 2215
9 2225
9 2227
9 2230
9 2236
9 2244
9 2246
9 2247
9 2248
9 2251
9 2264
9 2272
9 2276
9 2279
9 2291
9 2298
9 2304
9 2308
9 2314
9 2315
9 2327
9 2331
9 2336
9 2337
9 2341
9 2358
9 2361
9 2367
9 2368
9 2370
9 2380
9 2391
9 2392
9 2407
9 2414
9 2427
9 2431
9 2435
9 2441
9 2444
9 2446
9 2447
9 2461
9 2463
9 2465
9 2467
9 2471
9 2472
9 2477
9 2478
9 2483
9 2487
9 2495
9 2497
9 2508
9 2514
9 2516
9 2520
9 2521
9 2525
9 2551
9 2559
9 2565
9 2574
9 2575
9 2579
9 2582
9 2584
9 2588
9 2589
9 2591
9 2595
9 2601
9 2615
9 2616
9 2622
9 2626
9 2627
9 2639
9 2645
9 2660
9 2662
9 2665
9 2666
9 2669
9 2676
9 2680
9 2689
9 2700
9 2702
9 2708
9 2709
9 2716
9 2719
9 2739
9 2746
9 2755
9 2757
9 2759
9 2763
9 2765
9 2766
9 2767
9 2770
9 2775
9 2797
9 2808
9 2814
9 2816
9 2817
9 2823
9 2826
9 2827
9 2828
9 2836
9 2837
9 2851
9 2854
9 2866
9 2870
9 2876
9 2888
9 2890
9 2895
9 2898
9 2899
9 2910
9 2912
9 2913
9 2914
9 2930
9 2931
9 2933
9 2937
9 2938
9 2944
9 2946
9 2952
9 2953
9 2971
9 2972
9 2973
9 2974
9 2980
9 2984
9 2985
9 2987
9 2993
9 3000
9 3002
9 3003
9 3005
9 3008
9 3012
9 3014
9 3041
9 3047
9 3050
9 3052
9 3057
9 3059
9 3060
9 3069
9 3070
9 3075
9 3082
9 3083
9 3085
9 3086
9 3087
9 3102
9 3103
9 3106
9 3122
9 3134
9 3141
9 3142
9 3149
9 3153
9 3154
9 3170
9 3172
9 3174
9 3177
9 3185
9 3192
9 3198
9 3202
9 3208
9 3212
9 3214
9 3217
9 3219
9 3220
9 3221
9 3224
9 3227
9 3228
9 3232
9 3233
9 3236
9 3237
9 3238
9 3241
9 3247
9 3253
9 3275
9 3278
9 3286
9 3288
9 3302
9 3303
9 3311
9 3316
9 3317
9 3320
9 3325
9 3327
9 3329
9 3331
9 3334
9 3336
9 3340
9 3343
9 3344
9 3347
9 3350
9 3351
9 3358
9 3364
9 3372
9 3373
9 3374
9 3378
9 3383
9 3388
9 3391
966 9
966 14
966 21
966 37
966 50
966 52
966 55
966 58
966 63
966 65
966 67
966 68
966 72
966 75
966 95
966 98
966 99
966 102
966 105
966 106
966 110
966 119
966 124
966 136
966 140
966 145
966 149
966 150
966 166
966 172
966 177
966 193
966 199
966 213
966 218
966 223
966 227
966 236
966 238
966 241
966 242
966 246
966 247
966 259
966 261
966 288
966 293
966 299
966 322
966 324
966 342
966 350
966 362
966 366
966 373
966 374
966 378
966 381
966 387
966 394
966 396
966 407
966 408
966 412
966 419
966 426
966 427
966 431
966 442
966 452
966 455
966 458
966 465
966 477
966 478
966 481
966 485
966 491
966 492
966 493
966 497
966 508
966 510
966 515
966 526
966 528
966 532
966 545
966 546
966 553
966 555
966 566
966 567
966 571
966 577
966 580
966 584
966 586
966 595
966 606
966 609
966 610
966 611
966 615
966 621
966 622
966 646
966 649
966 660
966 661
966 663
966 664
966 668
966 670
966 680
966 696
966 699
966 703
966 704
966 705
966 709
966 710
966 715
966 721
966 722
966 731
966 736
966 739
966 740
966 745
966 752
966 762
966 763
966 766
966 767
966 771
966 773
966 776
966 784
966 790
966 805
966 810
966 813
966 814
966 817
966 824
966 827
966 831
966 834
966 842
966 858
966 860
966 862
966 872
966 878
966 884
966 885
966 898
966 908
966 910
966 917
966 922
966 935
966 937
966 940
966 943
966 945
966 947
966 948
966 950
966 956
966 959
966 960
966 967
966 971
966 980
966 981
966 990
966 997
966 999
966 1006
966 1009
966 1014
966 1015
966 1016
966 1017
966 1021
966 1025
966 1034
966 1036
966 1037
966 1048
966 1051
966 1057
966 1059
966 1061
966 1064
966 1068
966 1070
966 1081
966 1082
966 1086
966 1088
966 1110
966 1111
966 1119
966 1121
966 1123
966 1133
966 1136
966 1143
966 1144
966 1156
966 1161
966 1170
966 1186
966 1188
966 1190
966 1202
966 1205
966 1218
966 1219
966 1220
966 1221
966 1222
966 1225
966 1228
966 1229
966 1231
966 1234
966 1239
966 1240
966 1243
966 1245
966 1248
966 1256
966 1261
966 1263
966 1264
966 1265
966 1281
966 1292
966 1302
966 1305
966 1307
966 1314
966 1346
966 1347
966 1350
966 1353
966 1359
966 1365
966 1372
966 1381
966 1390
966 1395
966 1398
966 1403
966 1408
966 1412
966 1413
966 1416
966 1418
966 1419
966 1420
966 1423
966 1428
966 1431
966 1443
966 1447
966 1452
966 1454
966 1460
966 1465
966 1468
966 1474
966 1475
966 1487
966 1490
966 1496
966 1500
966 1505
966 1510
966 1521
966 1527
966 1528
966 1537
966 1541
966 1544
966 1546
966 1551
966 1556
966 1560
966 1562
966 1565
966 1567
966 1569
966 1577
966 1581
966 1590
966 1591
966 1592
966 1593
966 1596
966 1599
966 1602
966 1603
966 1614
966 1616
966 1624
966 1633
966 1637
966 1638
966 1641
966 1645
966 1655
966 1658
966 1659
966 1666
966 1676
966 1690
966 1694
966 1698
966 1704
966 1706
966 1715
966 1724
966 1727
966 1732
966 1733
966 1734
966 1735
966 1737
966 1742
966 1753
966 1755
966 1758
966 1761
966 1765
966 1767
966 1768
966 1771
966 1776
966 1782
966 1790
966 1791
966 1794
966 1805
966 1812
966 1817
966 1819
966 1824
966 1826
966 1827
966 1841
966 1848
966 1853
966 1854
966 1858
966 1859
966 1865
966 1869
966 1870
966 1875
966 1881
966 1883
966 1888
966 1896
966 1901
966 1909
966 1926
966 1936
966 1938
966 1947
966 1949
966 1952
966 1958
966 1961
966 1964
966 1978
966 1985
966 1990
966 1993
966 1995
966 2008
966 2011
966 2012
966 2013
966 2017
966 2024
966 2026
966 2030
966 2032
966 2035
966 2036
966 2038
966 2041
966 2043
966 2056
966 2057
966 2059
966 2066
966 2075
966 2081
966 2083
966 2092
966 2103
966 2106
966 2107
966 2116
966 2117
966 2118
966 2121
966 2127
966 2128
966 2139
966 2159
966 2166
966 2172
966 2181
966 2183
966 2185
966 2188
966 2200
966 2201
966 2204
966 2212
966 2220
966 2226
966 2229
966 2233
966 2238
966 2249
966 2254
966 2255
966 2257
966 2259
966 2260
966 2261
966 2263
966 2264
966 2265
966 2269
966 2272
966 2274
966 2279
966 2282
966 2284
966 2290
966 2306
966 2307
966 2309
966 2312
966 2313
966 2321
966 2324
966 2325
966 2328
966 2336
966 2337
966 2359
966 2361
966 2369
966 2371
966 2378
966 2385
966 2389
966 2393
966 2398
966 2401
966 2402
966 2408
966 2412
966 2416
966 2419
966 2420
966 2422
966 2425
966 2433
966 2444
966 2446
966 2450
966 2451
966 2452
966 2453
966 2463
966 2467
966 2468
966 2469
966 2477
966 2484
966 2492
966 2493
966 2497
966 2498
966 2508
966 2509
966 2511
966 2512
966 2520
966 2530
966 2540
966 2543
966 2546
966 2548
966 2551
966 2554
966 2562
966 2565
966 2567
966 2568
966 2572
966 2575
966 2583
966 2591
966 2594
966 2609
966 2610
966 2613
966 2614
966 2617
966 2619
966 2626
966 2627
966 2629
966 2632
966 2641
966 2656
966 2657
966 2661
966 2683
966 2692
966 2693
966 2698
966 2708
966 2709
966 2723
966 2726
966 2732
966 2734
966 2741
966 2747
966 2755
966 2761
966 2768
966 2770
966 2771
966 2772
966 2774
966 2779
966 2781
966 2784
966 2786
966 2787
966 2800
966 2828
966 2829
966 2845
966 2857
966 2864
966 2869
966 2870
966 2872
966 2874
966 2879
966 2900
966 2901
966 2902
966 2905
966 2916
966 2924
966 2926
966 2927
966 2929
966 2933
966 2935
966 2938
966 2947
966 2953
966 2957
966 2958
966 2959
966 2968
966 2969
966 2970
966 2976
966 2980
966 2984
966 2985
966 2989
966 2992
966 2993
966 2994
966 2998
966 2999
966 3007
966 3025
966 3026
966 3034
966 3038
966 3039
966 3043
966 3047
966 3056
966 3060
966 3061
966 3062
966 3068
966 3073
966 3080
966 3081
966 3089
966 3093
966 3105
966 3106
966 3110
966 3112
966 3113
966 3119
966 3121
966 3124
966 3128
966 3130
966 3143
966 3158
966 3165
966 3167
966 3170
966 3171
966 3176
966 3179
966 3185
966 3194
966 3198
966 3199
966 3200
966 3201
966 3208
966 3212
966 3218
966 3222
966 3227
966 3247
966 3249
966 3253
966 3264
966 3267
966 3284
966 3290
966 3291
966 3295
966 3296
966 3297
966 3298
966 3302
966 3307
966 3308
966 3319
966 3324
966 3328
966 3331
966 3332
966 3335
966 3336
966 3349
966 3372
966 3386
966 3388
966 3398
966 3400
2886 20
2886 22
2886 30
2886 31
2886 33
2886 36
2886 42
2886 47
2886 59
2886 61
2886 65
2886 77
2886 85
2886 86
2886 92
2886 93
2886 96
2886 103
2886 105
2886 108
2886 118
2886 121
2886 122
2886 124
2886 125
2886 143
2886 144
2886 148
2886 155
2886 157
2886 160
2886 166
2886 171
2886 175
2886 178
2886 187
2886 193
2886 196
2886 198
2886 199
2886 201
2886 202
2886 205
2886 207
2886 211
2886 214
2886 217
2886 219
2886 239
2886 241
2886 244
2886 246
2886 251
2886 252
2886 253
2886 255
2886 263
2886 278
2886 286
2886 296
2886 300
2886 302
2886 307
2886 309
2886 310
2886 315
2886 318
2886 325
2886 326
2886 327
2886 332
2886 333
2886 338
2886 341
2886 346
2886 350
2886 356
2886 357
2886 362
2886 363
2886 368
2886 369
2886 377
2886 378
2886 381
2886 389
2886 401
2886 402
2886 405
2886 408
2886 416
2886 418
2886 421
2886 426
2886 430
2886 436
2886 439
2886 445
2886 446
2886 454
2886 456
2886 458
2886 459
2886 470
2886 478
2886 483
2886 486
2886 487
2886 489
2886 496
2886 498
2886 500
2886 501
2886 509
2886 512
2886 513
2886 514
2886 528
2886 534
2886 540
2886 544
2886 551
2886 554
2886 556
2886 562
2886 563
2886 565
2886 568
2886 572
2886 573
2886 579
2886 584
2886 585
2886 586
2886 587
2886 598
2886 600
2886 605
2886 608
2886 611
2886 613
2886 629
2886 643
2886 645
2886 648
2886 660
2886 662
2886 664
2886 690
2886 691
2886 695
2886 706
2886 707
2886 709
2886 712
2886 716
2886 719
2886 726
2886 727
2886 734
2886 755
2886 756
2886 758
2886 762
2886 768
2886 771
2886 772
2886 776
2886 793
2886 797
2886 803
2886 807
2886 815
2886 817
2886 823
2886 825
2886 826
2886 830
2886 833
2886 836
2886 843
2886 848
2886 855
2886 864
2886 875
2886 876
2886 884
2886 885
2886 902
2886 908
2886 909
2886 919
2886 921
2886 943
2886 951
2886 952
2886 960
2886 963
2886 964
2886 967
2886 972
2886 977
2886 979
2886 980
2886 984
2886 985
2886 987
2886 995
2886 998
2886 1005
2886 1014
2886 1016
2886 1019
2886 1025
2886 1027
2886 1031
2886 1032
2886 1039
2886 1040
2886 1041
2886 1047
2886 1052
2886 1055
2886 1058
2886 1063
2886 1067
2886 1070
2886 1072
2886 1077
2886 1081
2886 1084
2886 1092
2886 1097
2886 1098
2886 1105
2886 1118
2886 1121
2886 1126
2886 1130
2886 1133
2886 1136
2886 1140
2886 1144
2886 1146
2886 1147
2886 1148
2886 1157
2886 1163
2886 1164
2886 1166
2886 1169
2886 1171
2886 1175
2886 1186
2886 1190
2886 1191
2886 1204
2886 1205
2886 1210
2886 1211
2886 1212
2886 1217
2886 1219
2886 1226
2886 1228
2886 1230
2886 1231
2886 1235
2886 1241
2886 1243
2886 1251
2886 1255
2886 1264
2886 1276
2886 1277
2886 1284
2886 1285
2886 1287
2886 1295
2886 1307
2886 1310
2886 1312
2886 1313
2886 1321
2886 1324
2886 1351
2886 1352
2886 1353
2886 1355
2886 1358
2886 1362
2886 1367
2886 1368
2886 1370
2886 1372
2886 1374
2886 1387
2886 1393
2886 1395
2886 1398
2886 1401
2886 1403
2886 1406
2886 1422
2886 1430
2886 1433
2886 1434
2886 1438
2886 1441
2886 1443
2886 1444
2886 1446
2886 1454
2886 1458
2886 1463
2886 1474
2886 1478
2886 1480
2886 1481
2886 1483
2886 1497
2886 1498
2886 1499
2886 1507
2886 1515
2886 1518
2886 1520
2886 1521
2886 1522
2886 1525
2886 1527
2886 1532
2886 1533
2886 1549
2886 1554
2886 1556
2886 1559
2886 1563
2886 1567
2886 1569
2886 1580
2886 1583
2886 1585
2886 1588
2886 1592
2886 1596
2886 1598
2886 1605
2886 1606
2886 1607
2886 1612
2886 1613
2886 1615
2886 1618
2886 1620
2886 1621
2886 1633
2886 1638
2886 1640
2886 1644
2886 1647
2886 1667
2886 1669
2886 1670
2886 1673
2886 1676
2886 1684
2886 1688
2886 1696
2886 1698
2886 1701
2886 1722
2886 1727
2886 1734
2886 1735
2886 1738
2886 1743
2886 1747
2886 1756
2886 1757
2886 1766
2886 1767
2886 1768
2886 1770
2886 1776
2886 1780
2886 1781
2886 1786
2886 1791
2886 1797
2886 1804
2886 1805
2886 1815
2886 1830
2886 1839
2886 1845
2886 1848
2886 1850
2886 1863
2886 1868
2886 1870
2886 1905
2886 1907
2886 1908
2886 1909
2886 1914
2886 1918
2886 1919
2886 1922
2886 1924
2886 1925
2886 1939
2886 1941
2886 1947
2886 1952
2886 1959
2886 1966
2886 1967
2886 1968
2886 1976
2886 1990
2886 1991
2886 1992
2886 1994
2886 1996
2886 2002
2886 2003
2886 2016
2886 2024
2886 2025
2886 2027
2886 2036
2886 2047
2886 2050
2886 2055
2886 2057
2886 2062
2886 2066
2886 2072
2886 2082
2886 2090
2886 2092
2886 2107
2886 2108
2886 2110
2886 2117
2886 2121
2886 2130
2886 2135
2886 2142
2886 2154
2886 2161
2886 2168
2886 2174
2886 2185
2886 2200
2886 2201
2886 2202
2886 2208
2886 2209
2886 2214
2886 2215
2886 2218
2886 2222
2886 2236
2886 2239
2886 2244
2886 2253
2886 2256
2886 2257
2886 2259
2886 2262
2886 2266
2886 2271
2886 2282
2886 2293
2886 2296
2886 2297
2886 2303
2886 2304
2886 2307
2886 2311
2886 2328
2886 2329
2886 2342
2886 2346
2886 2357
2886 2364
2886 2369
2886 2372
2886 2377
2886 2393
2886 2395
2886 2400
2886 2426
2886 2453
2886 2456
2886 2458
2886 2469
2886 2474
2886 2478
2886 2484
2886 2491
2886 2497
2886 2505
2886 2508
2886 2512
2886 2515
2886 2517
2886 2518
2886 2525
2886 2533
2886 2535
2886 2549
2886 2551
2886 2553
2886 2555
2886 2557
2886 2558
2886 2560
2886 2566
2886 2580
2886 2582
2886 2588
2886 2589
2886 2601
2886 2607
2886 2611
2886 2613
2886 2614
2886 2625
2886 2630
2886 2638
2886 2639
2886 2645
2886 2648
2886 2652
2886 2655
2886 2677
2886 2679
2886 2681
2886 2685
2886 2688
2886 2689
2886 2694
2886 2699
2886 2701
2886 2708
2886 2709
2886 2712
2886 2713
2886 2714
2886 2715
2886 2716
2886 2720
2886 2722
2886 2731
2886 2734
2886 2745
2886 2753
2886 2759
2886 2761
2886 2767
2886 2769
2886 2772
2886 2774
2886 2783
2886 2785
2886 2790
2886 2792
2886 2793
2886 2797
2886 2804
2886 2805
2886 2807
2886 2810
2886 2818
2886 2820
2886 2824
2886 2826
2886 2831
2886 2832
2886 2840
2886 2848
2886 2854
2886 2856
2886 2859
2886 2861
2886 2862
2886 2863
2886 2873
2886 2877
2886 2886
2886 2893
2886 2894
2886 2896
2886 2905
2886 2908
2886 2910
2886 2915
2886 2922
2886 2927
2886 2930
2886 2932
2886 2933
2886 2938
2886 2955
2886 2958
2886 2971
2886 2972
2886 2974
2886 2975
2886 2976
2886 2978
2886 2980
2886 2985
2886 2986
2886 2994
2886 2998
2886 3001
2886 3004
2886 3012
2886 3019
2886 3022
2886 3026
2886 3028
2886 3030
2886 3034
2886 3036
2886 3052
2886 3053
2886 3056
2886 3057
2886 3058
2886 3060
2886 3064
2886 3069
2886 3072
2886 3074
2886 3080
2886 3082
2886 3091
2886 3094
2886 3099
2886 3106
2886 3110
2886 3119
2886 3123
2886 3130
2886 3134
2886 3137
2886 3140
2886 3146
2886 3148
2886 3150
2886 3161
2886 3162
2886 3164
2886 3167
2886 3171
2886 3173
2886 3180
2886 3186
2886 3190
2886 3191
2886 3212
2886 3215
2886 3216
2886 3229
2886 3231
2886 3232
2886 3235
2886 3241
2886 3247
2886 3252
2886 3253
2886 3264
2886 3267
2886 3279
2886 3281
2886 3285
2886 3286
2886 3287
2886 3289
2886 3300
2886 3318
2886 3320
2886 3323
2886 3327
2886 3329
2886 3330
2886 3339
2886 3343
2886 3346
2886 3347
2886 3348
2886 3352
2886 3358
2886 3365
2886 3369
2886 3371
2886 3378
2886 3387
2886 3397
2886 3398
1692 16
1692 31
1692 34
1692 36
1692 40
1692 50
1692 53
1692 54
1692 57
1692 60
1692 61
1692 62
1692 82
1692 87
1692 91
1692 93
1692 106
1692 118
1692 120
1692 124
1692 128
1692 135
1692 136
1692 139
1692 140
1692 143
1692 148
1692 152
1692 154
1692 159
1692 161
1692 164
1692 170
1692 175
1692 176
1692 187
1692 189
1692 190
1692 192
1692 198
1692 209
1692 211
1692 214
1692 217
1692 218
1692 221
1692 224
1692 226
1692 227
1692 229
1692 232
1692 235
1692 237
1692 238
1692 239
1692 243
1692 246
1692 252
1692 255
1692 257
1692 260
1692 264
1692 265
1692 269
1692 277
1692 288
1692 296
1692 297
1692 301
1692 302
1692 306
1692 316
1692 319
1692 325
1692 328
1692 331
1692 332
1692 338
1692 346
1692 353
1692 355
1692 356
1692 361
1692 364
1692 366
1692 367
1692 368
1692 380
1692 386
1692 388
1692 389
1692 390
1692 394
1692 397
1692 398
1692 399
1692 400
1692 404
1692 413
1692 417
1692 420
1692 424
1692 425
1692 431
1692 433
1692 451
1692 455
1692 459
1692 472
1692 473
1692 474
1692 481
1692 495
1692 497
1692 500
1692 501
1692 502
1692 510
1692 511
1692 516
1692 525
1692 527
1692 541
1692 549
1692 551
1692 554
1692 555
1692 557
1692 563
1692 564
1692 568
1692 576
1692 577
1692 582
1692 583
1692 585
1692 587
1692 588
1692 597
1692 607
1692 613
1692 619
1692 624
1692 630
1692 631
1692 635
1692 636
1692 639
1692 641
1692 660
1692 666
1692 673
1692 676
1692 679
1692 680
1692 686
1692 696
1692 697
1692 700
1692 702
1692 703
1692 709
1692 710
1692 714
1692 715
1692 716
1692 721
1692 725
1692 731
1692 741
1692 747
1692 748
1692 751
1692 754
1692 755
1692 756
1692 758
1692 760
1692 765
1692 769
1692 770
1692 774
1692 775
1692 776
1692 781
1692 788
1692 792
1692 799
1692 802
1692 809
1692 810
1692 811
1692 813
1692 816
1692 817
1692 822
1692 825
1692 826
1692 827
1692 834
1692 836
1692 837
1692 846
1692 847
1692 851
1692 852
1692 858
1692 861
1692 877
1692 881
1692 887
1692 891
1692 897
1692 901
1692 908
1692 915
1692 917
1692 922
1692 926
1692 927
1692 929
1692 930
1692 941
1692 946
1692 949
1692 954
1692 961
1692 962
1692 964
1692 965
1692 974
1692 975
1692 976
1692 984
1692 993
1692 994
1692 996
1692 999
1692 1000
1692 1003
1692 1008
1692 1017
1692 1020
1692 1022
1692 1028
1692 1035
1692 1036
1692 1040
1692 1043
1692 1046
1692 1058
1692 1063
1692 1064
1692 1069
1692 1072
1692 1076
1692 1080
1692 1085
1692 1091
1692 1099
1692 1102
1692 1108
1692 1109
1692 1110
1692 1115
1692 1128
1692 1129
1692 1132
1692 1134
1692 1139
1692 1143
1692 1149
1692 1155
1692 1164
1692 1166
1692 1177
1692 1186
1692 1187
1692 1188
1692 1190
1692 1192
1692 1199
1692 1208
1692 1210
1692 1214
1692 1215
1692 1220
1692 1226
1692 1227
1692 1229
1692 1230
1692 1231
1692 1245
1692 1246
1692 1249
1692 1255
1692 1256
1692 1258
1692 1260
1692 1264
1692 1278
1692 1280
1692 1306
1692 1316
1692 1321
1692 1333
1692 1342
1692 1347
1692 1348
1692 1350
1692 1353
1692 1355
1692 1356
1692 1365
1692 1370
1692 1380
1692 1382
1692 1387
1692 1389
1692 1391
1692 1396
1692 1398
1692 1399
1692 1400
1692 1401
1692 1403
1692 1406
1692 1410
1692 1411
1692 1413
1692 1415
1692 1432
1692 1442
1692 1444
1692 1449
1692 1452
1692 1455
1692 1457
1692 1461
1692 1467
1692 1468
1692 1474
1692 1476
1692 1480
1692 1481
1692 1482
1692 1484
1692 1488
1692 1492
1692 1496
1692 1498
1692 1501
1692 1504
1692 1510
1692 1521
1692 1526
1692 1528
1692 1535
1692 1539
1692 1544
1692 1547
1692 1554
1692 1561
1692 1567
1692 1568
1692 1593
1692 1595
1692 1596
1692 1599
1692 1608
1692 1620
1692 1621
1692 1624
1692 1631
1692 1634
1692 1635
1692 1643
1692 1644
1692 1648
1692 1652
1692 1656
1692 1657
1692 1658
1692 1662
1692 1663
1692 1667
1692 1668
1692 1671
1692 1677
1692 1686
1692 1700
1692 1703
1692 1708
1692 1713
1692 1718
1692 1723
1692 1724
1692 1725
1692 1726
1692 1727
1692 1729
1692 1733
1692 1738
1692 1742
1692 1744
1692 1745
1692 1759
1692 1763
1692 1764
1692 1767
1692 1768
1692 1778
1692 1780
1692 1783
1692 1785
1692 1803
1692 1825
1692 1826
1692 1829
1692 1837
1692 1838
1692 1839
1692 1855
1692 1856
1692 1869
1692 1883
1692 1894
1692 1895
1692 1904
1692 1908
1692 1909
1692 1919
1692 1920
1692 1923
1692 1927
1692 1933
1692 1936
1692 1945
1692 1949
1692 1954
1692 1956
1692 1967
1692 1969
1692 1978
1692 1979
1692 1985
1692 1986
1692 1995
1692 2003
1692 2007
1692 2009
1692 2010
1692 2013
1692 2014
1692 2016
1692 2017
1692 2036
1692 2051
1692 2055
1692 2056
1692 2060
1692 2064
1692 2072
1692 2082
1692 2092
1692 2107
1692 2108
1692 2116
1692 2122
1692 2140
1692 2144
1692 2155
1692 2156
1692 2167
1692 2172
1692 2173
1692 2174
1692 2181
1692 2190
1692 2198
1692 2199
1692 2231
1692 2233
1692 2243
1692 2247
1692 2251
1692 2270
1692 2275
1692 2280
1692 2281
1692 2285
1692 2288
1692 2294
1692 2297
1692 2306
1692 2308
1692 2311
1692 2316
1692 2325
1692 2332
1692 2334
1692 2338
1692 2344
1692 2345
1692 2346
1692 2348
1692 2350
1692 2361
1692 2363
1692 2365
1692 2367
1692 2369
1692 2370
1692 2374
1692 2379
1692 2388
1692 2397
1692 2401
1692 2410
1692 2425
1692 2427
1692 2434
1692 2440
1692 2443
1692 2447
1692 2455
1692 2457
1692 2464
1692 2465
1692 2466
1692 2469
1692 2472
1692 2473
1692 2482
1692 2490
1692 2499
1692 2510
1692 2512
1692 2528
1692 2537
1692 2544
1692 2546
1692 2551
1692 2554
1692 2564
1692 2565
1692 2566
1692 2567
1692 2585
1692 2591
1692 2596
1692 2602
1692 2604
1692 2608
1692 2618
1692 2631
1692 2636
1692 2640
1692 2644
1692 2646
1692 2647
1692 2651
1692 2664
1692 2665
1692 2666
1692 2671
1692 2674
1692 2675
1692 2677
1692 2700
1692 2707
1692 2709
1692 2710
1692 2712
1692 2716
1692 2722
1692 2731
1692 2733
1692 2739
1692 2746
1692 2748
1692 2752
1692 2753
1692 2755
1692 2757
1692 2758
1692 2761
1692 2765
1692 2780
1692 2790
1692 2791
1692 2794
1692 2795
1692 2804
1692 2805
1692 2806
1692 2813
1692 2816
1692 2820
1692 2831
1692 2832
1692 2840
1692 2851
1692 2853
1692 2857
1692 2862
1692 2864
1692 2873
1692 2878
1692 2884
1692 2887
1692 2893
1692 2899
1692 2901
1692 2906
1692 2908
1692 2920
1692 2923
1692 2924
1692 2926
1692 2929
1692 2934
1692 2937
1692 2945
1692 2949
1692 2953
1692 2959
1692 2965
1692 2968
1692 2977
1692 2980
1692 2981
1692 2982
1692 2987
1692 2994
1692 2995
1692 2996
1692 2997
1692 2998
1692 3004
1692 3005
1692 3013
1692 3015
1692 3026
1692 3027
1692 3029
1692 3036
1692 3037
1692 3044
1692 3047
1692 3049
1692 3059
1692 3060
1692 3064
1692 3066
1692 3068
1692 3069
1692 3075
1692 3081
1692 3087
1692 3095
1692 3096
1692 3098
1692 3103
1692 3109
1692 3111
1692 3117
1692 3120
1692 3128
1692 3131
1692 3138
1692 3140
1692 3153
1692 3158
1692 3165
1692 3168
1692 3178
1692 3183
1692 3187
1692 3193
1692 3195
1692 3200
1692 3208
1692 3211
1692 3217
1692 3219
1692 3223
1692 3225
1692 3228
1692 3229
1692 3239
1692 3253
1692 3256
1692 3262
1692 3268
1692 3270
1692 3280
1692 3289
1692 3291
1692 3292
1692 3295
1692 3297
1692 3298
1692 3299
1692 3323
1692 3326
1692 3327
1692 3344
1692 3354
1692 3364
1692 3372
1692 3376
1692 3396
3190 13
3190 16
3190 19
3190 20
3190 27
3190 29
3190 30
3190 32
3190 55
3190 63
3190 71
3190 79
3190 81
3190 90
3190 97
3190 98
3190 99
3190 104
3190 107
3190 109
3190 110
3190 111
3190 117
3190 125
3190 126
3190 129
3190 143
3190 146
3190 147
3190 148
3190 150
3190 157
3190 159
3190 160
3190 161
3190 167
3190 180
3190 184
3190 188
3190 191
3190 193
3190 196
3190 199
3190 208
3190 210
3190 216
3190 218
3190 220
3190 222
3190 229
3190 233
3190 239
3190 253
3190 258
3190 264
3190 269
3190 283
3190 288
3190 289
3190 294
3190 296
3190 302
3190 312
3190 316
3190 321
3190 322
3190 324
3190 329
3190 330
3190 337
3190 342
3190 349
3190 351
3190 359
3190 381
3190 394
3190 405
3190 406
3190 411
3190 416
3190 418
3190 423
3190 425
3190 432
3190 436
3190 441
3190 445
3190 451
3190 456
3190 460
3190 461
3190 467
3190 470
3190 478
3190 498
3190 502
3190 507
3190 513
3190 521
3190 531
3190 534
3190 535
3190 538
3190 542
3190 548
3190 554
3190 558
3190 565
3190 597
3190 600
3190 605
3190 607
3190 609
3190 617
3190 620
3190 624
3190 630
3190 636
3190 637
3190 638
3190 639
3190 640
3190 653
3190 658
3190 660
3190 665
3190 668
3190 670
3190 675
3190 679
3190 680
3190 682
3190 684
3190 686
3190 691
3190 696
3190 697
3190 698
3190 705
3190 706
3190 714
3190 722
3190 725
3190 737
3190 746
3190 747
3190 748
3190 750
3190 755
3190 756
3190 758
3190 759
3190 764
3190 768
3190 770
3190 771
3190 772
3190 773
3190 782
3190 788
3190 791
3190 806
3190 808
3190 812
3190 820
3190 824
3190 825
3190 833
3190 838
3190 840
3190 843
3190 844
3190 850
3190 852
3190 855
3190 856
3190 860
3190 866
3190 870
3190 882
3190 885
3190 890
3190 893
3190 895
3190 901
3190 904
3190 917
3190 920
3190 924
3190 938
3190 947
3190 952
3190 957
3190 959
3190 960
3190 963
3190 964
3190 976
3190 979
3190 980
3190 983
3190 991
3190 993
3190 1001
3190 1002
3190 1010
3190 1019
3190 1024
3190 1029
3190 1030
3190 1035
3190 1042
3190 1045
3190 1046
3190 1048
3190 1053
3190 1063
3190 1065
3190 1073
3190 1077
3190 1080
3190 1085
3190 1091
3190 1095
3190 1098
3190 1104
3190 1108
3190 1111
3190 1112
3190 1115
3190 1118
3190 1120
3190 1121
3190 1123
3190 1127
3190 1128
3190 1129
3190 1132
3190 1151
3190 1156
3190 1169
3190 1171
3190 1177
3190 1179
3190 1187
3190 1189
3190 1192
3190 1214
3190 1219
3190 1221
3190 1222
3190 1226
3190 1231
3190 1239
3190 1242
3190 1245
3190 1247
3190 1252
3190 1260
3190 1261
3190 1266
3190 1277
3190 1281
3190 1283
3190 1284
3190 1287
3190 1294
3190 1300
3190 1302
3190 1306
3190 1316
3190 1318
3190 1345
3190 1357
3190 1358
3190 1359
3190 1366
3190 1374
3190 1383
3190 1388
3190 1403
3190 1409
3190 1410
3190 1411
3190 1412
3190 1413
3190 1416
3190 1421
3190 1429
3190 1432
3190 1433
3190 1437
3190 1441
3190 1445
3190 1447
3190 1449
3190 1459
3190 1464
3190 1471
3190 1473
3190 1475
3190 1478
3190 1490
3190 1498
3190 1499
3190 1502
3190 1504
3190 1505
3190 1506
3190 1507
3190 1508
3190 1530
3190 1532
3190 1546
3190 1548
3190 1551
3190 1555
3190 1556
3190 1560
3190 1562
3190 1569
3190 1578
3190 1579
3190 1581
3190 1586
3190 1590
3190 1591
3190 1610
3190 1614
3190 1616
3190 1618
3190 1630
3190 1633
3190 1639
3190 1652
3190 1659
3190 1664
3190 1665
3190 1671
3190 1673
3190 1678
3190 1682
3190 1694
3190 1696
3190 1697
3190 1715
3190 1732
3190 1739
3190 1744
3190 1752
3190 1760
3190 1764
3190 1774
3190 1776
3190 1777
3190 1778
3190 1788
3190 1790
3190 1792
3190 1795
3190 1796
3190 1805
3190 1807
3190 1811
3190 1815
3190 1820
3190 1822
3190 1823
3190 1832
3190 1835
3190 1837
3190 1842
3190 1854
3190 1856
3190 1858
3190 1870
3190 1875
3190 1878
3190 1879
3190 1881
3190 1882
3190 1883
3190 1892
3190 1893
3190 1899
3190 1904
3190 1907
3190 1912
3190 1928
3190 1929
3190 1931
3190 1936
3190 1940
3190 1950
3190 1967
3190 1968
3190 1969
3190 1972
3190 1975
3190 1978
3190 1989
3190 1991
3190 1992
3190 1996
3190 2005
3190 2006
3190 2017
3190 2021
3190 2029
3190 2031
3190 2033
3190 2038
3190 2039
3190 2044
3190 2047
3190 2048
3190 2050
3190 2052
3190 2055
3190 2062
3190 2067
3190 2074
3190 2077
3190 2079
3190 2080
3190 2082
3190 2083
3190 2089
3190 2090
3190 2091
3190 2101
3190 2105
3190 2109
3190 2115
3190 2120
3190 2127
3190 2128
3190 2135
3190 2139
3190 2144
3190 2147
3190 2148
3190 2154
3190 2165
3190 2168
3190 2169
3190 2170
3190 2177
3190 2183
3190 2184
3190 2205
3190 2212
3190 2217
3190 2226
3190 2230
3190 2233
3190 2238
3190 2241
3190 2250
3190 2251
3190 2252
3190 2253
3190 2258
3190 2259
3190 2265
3190 2282
3190 2289
3190 2290
3190 2291
3190 2295
3190 2304
3190 2314
3190 2325
3190 2330
3190 2334
3190 2346
3190 2364
3190 2367
3190 2370
3190 2371
3190 2373
3190 2383
3190 2387
3190 2395
3190 2402
3190 2404
3190 2408
3190 2410
3190 2420
3190 2423
3190 2424
3190 2434
3190 2436
3190 2437
3190 2438
3190 2443
3190 2445
3190 2449
3190 2460
3190 2464
3190 2466
3190 2475
3190 2479
3190 2480
3190 2495
3190 2498
3190 2503
3190 2505
3190 2508
3190 2509
3190 2526
3190 2531
3190 2540
3190 2544
3190 2545
3190 2549
3190 2553
3190 2557
3190 2559
3190 2562
3190 2563
3190 2565
3190 2567
3190 2574
3190 2577
3190 2584
3190 2585
3190 2590
3190 2593
3190 2601
3190 2607
3190 2615
3190 2618
3190 2631
3190 2632
3190 2634
3190 2636
3190 2638
3190 2639
3190 2647
3190 2653
3190 2654
3190 2692
3190 2706
3190 2711
3190 2712
3190 2714
3190 2719
3190 2738
3190 2739
3190 2740
3190 2749
3190 2752
3190 2753
3190 2756
3190 2761
3190 2764
3190 2765
3190 2768
3190 2772
3190 2779
3190 2783
3190 2786
3190 2788
3190 2792
3190 2798
3190 2800
3190 2802
3190 2807
3190 2809
3190 2811
3190 2813
3190 2814
3190 2819
3190 2828
3190 2839
3190 2840
3190 2841
3190 2842
3190 2847
3190 2853
3190 2871
3190 2874
3190 2884
3190 2905
3190 2909
3190 2912
3190 2914
3190 2918
3190 2925
3190 2934
3190 2935
3190 2940
3190 2943
3190 2944
3190 2956
3190 2962
3190 2970
3190 2971
3190 2973
3190 2978
3190 2979
3190 2982
3190 2984
3190 2985
3190 2990
3190 2995
3190 2999
3190 3007
3190 3011
3190 3012
3190 3013
3190 3018
3190 3022
3190 3029
3190 3031
3190 3032
3190 3042
3190 3045
3190 3058
3190 3065
3190 3072
3190 3075
3190 3076
3190 3077
3190 3086
3190 3090
3190 3097
3190 3102
3190 3103
3190 3109
3190 3112
3190 3116
3190 3117
3190 3124
3190 3125
3190 3141
3190 3142
3190 3152
3190 3161
3190 3175
3190 3180
3190 3185
3190 3186
3190 3187
3190 3190
3190 3197
3190 3199
3190 3202
3190 3204
3190 3216
3190 3217
3190 3218
3190 3224
3190 3228
3190 3229
3190 3232
3190 3234
3190 3235
3190 3237
3190 3244
3190 3249
3190 3255
3190 3262
3190 3264
3190 3266
3190 3267
3190 3269
3190 3272
3190 3273
3190 3277
3190 3290
3190 3291
3190 3295
3190 3298
3190 3305
3190 3307
3190 3308
3190 3314
3190 3326
3190 3341
3190 3345
3190 3347
3190 3350
3190 3352
3190 3354
3190 3357
3190 3360
3190 3372
3190 3376
3190 3387
3190 3400
1900 13
1900 15
1900 18
1900 20
1900 22
1900 23
1900 25
1900 26
1900 30
1900 33
1900 34
1900 35
1900 51
1900 58
1900 59
1900 71
1900 84
1900 89
1900 93
1900 94
1900 95
1900 97
1900 98
1900 101
1900 102
1900 104
1900 109
1900 111
1900 120
1900 129
1900 135
1900 142
1900 146
1900 151
1900 152
1900 154
1900 165
1900 182
1900 183
1900 185
1900 193
1900 209
1900 218
1900 227
1900 231
1900 241
1900 247
1900 258
1900 260
1900 265
1900 266
1900 276
1900 297
1900 298
1900 300
1900 306
1900 315
1900 326
1900 327
1900 329
1900 332
1900 338
1900 342
1900 343
1900 353
1900 356
1900 365
1900 373
1900 379
1900 382
1900 384
1900 394
1900 400
1900 403
1900 406
1900 408
1900 411
1900 414
1900 416
1900 417
1900 419
1900 431
1900 445
1900 449
1900 452
1900 454
1900 484
1900 495
1900 498
1900 499
1900 503
1900 504
1900 508
1900 516
1900 522
1900 524
1900 527
1900 528
1900 530
1900 532
1900 545
1900 550
1900 560
1900 561
1900 575
1900 586
1900 587
1900 588
1900 598
1900 602
1900 612
1900 622
1900 626
1900 629
1900 631
1900 641
1900 645
1900 646
1900 655
1900 657
1900 658
1900 661
1900 671
1900 679
1900 684
1900 685
1900 691
1900 693
1900 705
1900 710
1900 711
1900 720
1900 733
1900 738
1900 741
1900 744
1900 754
1900 756
1900 757
1900 760
1900 762
1900 765
1900 775
1900 785
1900 788
1900 794
1900 799
1900 803
1900 806
1900 811
1900 816
1900 817
1900 821
1900 826
1900 827
1900 831
1900 832
1900 836
1900 838
1900 840
1900 841
1900 842
1900 846
1900 848
1900 853
1900 856
1900 870
1900 878
1900 882
1900 883
1900 888
1900 892
1900 897
1900 900
1900 910
1900 915
1900 917
1900 935
1900 936
1900 938
1900 940
1900 944
1900 953
1900 954
1900 960
1900 961
1900 964
1900 965
1900 967
1900 984
1900 990
1900 996
1900 1002
1900 1003
1900 1005
1900 1016
1900 1027
1900 1031
1900 1037
1900 1041
1900 1046
1900 1050
1900 1053
1900 1055
1900 1060
1900 1061
1900 1062
1900 1067
1900 1068
1900 1071
1900 1078
1900 1082
1900 1084
1900 1092
1900 1100
1900 1106
1900 1109
1900 1119
1900 1120
1900 1121
1900 1122
1900 1123
1900 1127
1900 1150
1900 1158
1900 1159
1900 1180
1900 1188
1900 1189
1900 1193
1900 1194
1900 1195
1900 1197
1900 1199
1900 1201
1900 1202
1900 1206
1900 1214
1900 1220
1900 1227
1900 1233
1900 1235
1900 1241
1900 1247
1900 1248
1900 1271
1900 1272
1900 1277
1900 1279
1900 1281
1900 1282
1900 1285
1900 1291
1900 1294
1900 1297
1900 1299
1900 1300
1900 1301
1900 1312
1900 1313
1900 1324
1900 1331
1900 1341
1900 1344
1900 1347
1900 1351
1900 1352
1900 1354
1900 1374
1900 1375
1900 1377
1900 1392
1900 1395
1900 1398
1900 1401
1900 1424
1900 1432
1900 1433
1900 1438
1900 1458
1900 1465
1900 1469
1900 1477
1900 1480
1900 1485
1900 1492
1900 1495
1900 1501
1900 1504
1900 1506
1900 1510
1900 1511
1900 1514
1900 1518
1900 1520
1900 1530
1900 1532
1900 1533
1900 1546
1900 1547
1900 1553
1900 1564
1900 1572
1900 1577
1900 1580
1900 1581
1900 1591
1900 1594
1900 1595
1900 1623
1900 1635
1900 1651
1900 1655
1900 1656
1900 1658
1900 1665
1900 1670
1900 1673
1900 1674
1900 1678
1900 1683
1900 1686
1900 1690
1900 1701
1900 1708
1900 1721
1900 1723
1900 1726
1900 1730
1900 1732
1900 1743
1900 1751
1900 1757
1900 1761
1900 1768
1900 1773
1900 1781
1900 1793
1900 1800
1900 1807
1900 1815
1900 1818
1900 1832
1900 1833
1900 1836
1900 1845
1900 1846
1900 1857
1900 1862
1900 1867
1900 1881
1900 1882
1900 1886
1900 1887
1900 1890
1900 1898
1900 1914
1900 1916
1900 1918
1900 1921
1900 1922
1900 1943
1900 1948
1900 1949
1900 1951
1900 1964
1900 1970
1900 1979
1900 1984
1900 1986
1900 1990
1900 1992
1900 1996
1900 1998
1900 2003
1900 2006
1900 2011
1900 2017
1900 2021
1900 2022
1900 2023
1900 2026
1900 2030
1900 2036
1900 2037
1900 2038
1900 2039
1900 2040
1900 2047
1900 2048
1900 2050
1900 2054
1900 2055
1900 2068
1900 2075
1900 2083
1900 2086
1900 2090
1900 2094
1900 2097
1900 2099
1900 2123
1900 2132
1900 2133
1900 2134
1900 2136
1900 2137
1900 2143
1900 2150
1900 2151
1900 2158
1900 2167
1900 2173
1900 2201
1900 2203
1900 2204
1900 2207
1900 2208
1900 2213
1900 2216
1900 2226
1900 2242
1900 2245
1900 2246
1900 2248
1900 2252
1900 2258
1900 2261
1900 2267
1900 2270
1900 2271
1900 2272
1900 2275
1900 2276
1900 2277
1900 2280
1900 2282
1900 2284
1900 2290
1900 2302
1900 2303
1900 2320
1900 2327
1900 2350
1900 2351
1900 2354
1900 2359
1900 2363
1900 2365
1900 2369
1900 2378
1900 2384
1900 2393
1900 2395
1900 2404
1900 2405
1900 2412
1900 2413
1900 2414
1900 2423
1900 2426
1900 2430
1900 2435
1900 2436
1900 2440
1900 2442
1900 2448
1900 2449
1900 2453
1900 2455
1900 2461
1900 2468
1900 2472
1900 2479
1900 2486
1900 2492
1900 2496
1900 2500
1900 2501
1900 2508
1900 2510
1900 2512
1900 2514
1900 2522
1900 2523
1900 2525
1900 2535
1900 2543
1900 2545
1900 2552
1900 2560
1900 2563
1900 2567
1900 2568
1900 2573
1900 2575
1900 2579
1900 2582
1900 2585
1900 2586
1900 2588
1900 2589
1900 2591
1900 2604
1900 2609
1900 2613
1900 2622
1900 2630
1900 2632
1900 2634
1900 2635
1900 2640
1900 2642
1900 2643
1900 2644
1900 2645
1900 2649
1900 2650
1900 2664
1900 2665
1900 2667
1900 2677
1900 2679
1900 2686
1900 2690
1900 2700
1900 2704
1900 2706
1900 2708
1900 2715
1900 2720
1900 2721
1900 2726
1900 2732
1900 2734
1900 2749
1900 2750
1900 2757
1900 2762
1900 2764
1900 2765
1900 2766
1900 2770
1900 2777
1900 2778
1900 2783
1900 2786
1900 2787
1900 2791
1900 2793
1900 2794
1900 2802
1900 2810
1900 2812
1900 2813
1900 2825
1900 2826
1900 2828
1900 2835
1900 2838
1900 2843
1900 2848
1900 2850
1900 2854
1900 2861
1900 2865
1900 2867
1900 2871
1900 2874
1900 2876
1900 2884
1900 2887
1900 2912
1900 2919
1900 2924
1900 2930
1900 2931
1900 2935
1900 2939
1900 2945
1900 2949
1900 2956
1900 2960
1900 2966
1900 2977
1900 2982
1900 2985
1900 2986
1900 2989
1900 3006
1900 3009
1900 3012
1900 3014
1900 3015
1900 3019
1900 3023
1900 3027
1900 3028
1900 3036
1900 3041
1900 3043
1900 3047
1900 3059
1900 3065
1900 3068
1900 3070
1900 3072
1900 3074
1900 3079
1900 3080
1900 3085
1900 3088
1900 3089
1900 3095
1900 3096
1900 3097
1900 3102
1900 3107
1900 3111
1900 3122
1900 3131
1900 3132
1900 3148
1900 3152
1900 3153
1900 3154
1900 3171
1900 3177
1900 3191
1900 3202
1900 3203
1900 3205
1900 3210
1900 3219
1900 3224
1900 3225
1900 3231
1900 3232
1900 3236
1900 3238
1900 3247
1900 3250
1900 3251
1900 3255
1900 3259
1900 3261
1900 3262
1900 3268
1900 3270
1900 3273
1900 3282
1900 3286
1900 3287
1900 3290
1900 3291
1900 3292
1900 3306
1900 3307
1900 3312
1900 3320
1900 3326
1900 3337
1900 3343
1900 3349
1900 3365
1900 3374
1900 3388
1900 3395
1900 3398
