p td 2000 4890 
943 1
943 5
943 9
943 17
943 31
943 33
943 34
943 39
943 41
943 47
943 54
943 55
943 57
943 58
943 64
943 66
943 72
943 82
943 87
943 100
943 109
943 111
943 122
943 125
943 134
943 137
943 140
943 145
943 151
943 159
943 163
943 164
943 167
943 182
943 184
943 190
943 199
943 200
943 217
943 220
943 221
943 228
943 244
943 247
943 249
943 250
943 252
943 253
943 257
943 258
943 259
943 265
943 267
943 272
943 277
943 284
943 286
943 290
943 291
943 297
943 319
943 330
943 335
943 349
943 354
943 360
943 363
943 364
943 368
943 376
943 381
943 386
943 409
943 412
943 415
943 419
943 421
943 422
943 429
943 434
943 435
943 443
943 449
943 450
943 452
943 458
943 459
943 460
943 470
943 480
943 482
943 483
943 485
943 490
943 492
943 496
943 507
943 513
943 514
943 518
943 521
943 525
943 532
943 536
943 545
943 546
943 552
943 557
943 559
943 564
943 571
943 573
943 578
943 582
943 583
943 585
943 596
943 598
943 602
943 607
943 611
943 620
943 625
943 632
943 643
943 644
943 651
943 663
943 671
943 675
943 684
943 693
943 703
943 705
943 708
943 710
943 733
943 734
943 749
943 751
943 753
943 760
943 763
943 771
943 772
943 778
943 780
943 782
943 783
943 784
943 792
943 798
943 800
943 810
943 814
943 818
943 820
943 821
943 824
943 827
943 829
943 834
943 839
943 840
943 847
943 848
943 850
943 854
943 855
943 860
943 864
943 871
943 877
943 879
943 883
943 884
943 898
943 907
943 908
943 912
943 913
943 915
943 924
943 927
943 932
943 936
943 937
943 938
943 939
943 947
943 950
943 954
943 957
943 962
943 963
943 965
943 969
943 971
943 977
943 989
943 991
943 994
943 997
943 1000
943 1001
943 1011
943 1014
943 1015
943 1018
943 1020
943 1021
943 1023
943 1025
943 1028
943 1032
943 1041
943 1045
943 1053
943 1055
943 1060
943 1068
943 1071
943 1073
943 1076
943 1077
943 1079
943 1080
943 1081
943 1084
943 1089
943 1112
943 1116
943 1118
943 1126
943 1132
943 1135
943 1147
943 1148
943 1150
943 1154
943 1173
943 1174
943 1175
943 1187
943 1188
943 1189
943 1193
943 1194
943 1200
943 1203
943 1204
943 1207
943 1208
943 1215
943 1221
943 1231
943 1234
943 1239
943 1241
943 1246
943 1253
943 1254
943 1257
943 1260
943 1263
943 1267
943 1269
943 1292
943 1294
943 1295
943 1296
943 1297
943 1299
943 1301
943 1310
943 1312
943 1317
943 1325
943 1326
943 1335
943 1336
943 1347
943 1365
943 1369
943 1371
943 1380
943 1386
943 1393
943 1394
943 1402
943 1404
943 1408
943 1417
943 1431
943 1435
943 1437
943 1438
943 1442
943 1444
943 1448
943 1451
943 1454
943 1457
943 1462
943 1467
943 1473
943 1475
943 1478
943 1484
943 1486
943 1489
943 1493
943 1498
943 1501
943 1503
943 1506
943 1513
943 1515
943 1525
943 1528
943 1559
943 1563
943 1564
943 1573
943 1576
943 1579
943 1585
943 1586
943 1604
943 1605
943 1610
943 1624
943 1625
943 1626
943 1634
943 1638
943 1645
943 1649
943 1650
943 1654
943 1659
943 1664
943 1667
943 1670
943 1671
943 1678
943 1682
943 1689
943 1690
943 1697
943 1704
943 1709
943 1710
943 1714
943 1715
943 1717
943 1719
943 1720
943 1727
943 1734
943 1736
943 1743
943 1748
943 1753
943 1756
943 1757
943 1759
943 1763
943 1766
943 1771
943 1772
943 1774
943 1779
943 1780
943 1781
943 1783
943 1790
943 1796
943 1804
943 1811
943 1833
943 1839
943 1845
943 1846
943 1852
943 1853
943 1859
943 1863
943 1871
943 1872
943 1877
943 1878
943 1879
943 1882
943 1888
943 1892
943 1895
943 1901
943 1903
943 1904
943 1925
943 1929
943 1944
943 1947
943 1948
943 1953
943 1955
943 1956
943 1957
943 1964
943 1972
943 1978
943 1989
943 1991
943 1992
943 1998
48 2
48 7
48 10
48 17
48 24
48 26
48 32
48 50
48 52
48 55
48 60
48 65
48 66
48 75
48 78
48 79
48 80
48 92
48 96
48 98
48 99
48 105
48 122
48 123
48 135
48 141
48 151
48 154
48 155
48 156
48 163
48 177
48 188
48 189
48 190
48 192
48 194
48 196
48 197
48 199
48 202
48 205
48 209
48 211
48 218
48 222
48 225
48 227
48 228
48 230
48 236
48 244
48 248
48 250
48 251
48 253
48 255
48 261
48 276
48 280
48 285
48 297
48 299
48 305
48 307
48 310
48 311
48 318
48 321
48 322
48 326
48 338
48 344
48 346
48 349
48 358
48 365
48 369
48 371
48 386
48 387
48 394
48 416
48 418
48 429
48 430
48 434
48 445
48 448
48 449
48 453
48 455
48 466
48 470
48 471
48 475
48 480
48 482
48 490
48 491
48 497
48 501
48 503
48 509
48 512
48 515
48 520
48 522
48 526
48 530
48 531
48 548
48 550
48 551
48 558
48 565
48 567
48 571
48 572
48 575
48 579
48 590
48 605
48 606
48 607
48 609
48 613
48 615
48 616
48 617
48 621
48 627
48 630
48 638
48 641
48 642
48 643
48 652
48 653
48 658
48 659
48 664
48 674
48 679
48 681
48 685
48 686
48 696
48 697
48 699
48 701
48 710
48 711
48 719
48 724
48 732
48 736
48 740
48 748
48 751
48 754
48 760
48 766
48 773
48 777
48 778
48 803
48 813
48 815
48 821
48 823
48 826
48 827
48 830
48 836
48 844
48 846
48 848
48 850
48 855
48 857
48 859
48 861
48 864
48 866
48 872
48 873
48 878
48 921
48 925
48 940
48 942
48 947
48 948
48 962
48 979
48 982
48 992
48 994
48 996
48 998
48 1003
48 1007
48 1015
48 1025
48 1033
48 1041
48 1060
48 1069
48 1073
48 1076
48 1082
48 1083
48 1088
48 1098
48 1100
48 1101
48 1105
48 1106
48 1107
48 1108
48 1111
48 1126
48 1135
48 1140
48 1151
48 1157
48 1172
48 1179
48 1182
48 1193
48 1200
48 1211
48 1221
48 1223
48 1226
48 1227
48 1228
48 1231
48 1242
48 1250
48 1252
48 1256
48 1264
48 1266
48 1271
48 1272
48 1279
48 1282
48 1285
48 1286
48 1312
48 1328
48 1334
48 1337
48 1340
48 1344
48 1345
48 1351
48 1353
48 1357
48 1358
48 1361
48 1363
48 1364
48 1371
48 1372
48 1374
48 1384
48 1400
48 1401
48 1402
48 1403
48 1406
48 1407
48 1413
48 1415
48 1417
48 1422
48 1429
48 1431
48 1435
48 1440
48 1447
48 1449
48 1457
48 1460
48 1461
48 1467
48 1471
48 1473
48 1479
48 1481
48 1486
48 1488
48 1489
48 1491
48 1494
48 1514
48 1515
48 1516
48 1518
48 1525
48 1528
48 1537
48 1550
48 1555
48 1564
48 1566
48 1567
48 1574
48 1575
48 1580
48 1583
48 1585
48 1586
48 1590
48 1598
48 1599
48 1603
48 1605
48 1608
48 1612
48 1615
48 1629
48 1633
48 1636
48 1640
48 1648
48 1651
48 1660
48 1661
48 1662
48 1663
48 1665
48 1674
48 1680
48 1682
48 1683
48 1690
48 1691
48 1693
48 1695
48 1711
48 1713
48 1715
48 1725
48 1727
48 1733
48 1734
48 1736
48 1737
48 1739
48 1746
48 1748
48 1749
48 1752
48 1773
48 1780
48 1783
48 1785
48 1789
48 1791
48 1796
48 1805
48 1810
48 1812
48 1815
48 1816
48 1817
48 1821
48 1824
48 1827
48 1831
48 1834
48 1836
48 1840
48 1841
48 1846
48 1847
48 1850
48 1858
48 1866
48 1886
48 1889
48 1899
48 1905
48 1907
48 1911
48 1940
48 1950
48 1951
48 1977
48 1985
48 1987
48 1988
48 1995
136 5
136 7
136 8
136 11
136 18
136 22
136 24
136 25
136 37
136 38
136 40
136 43
136 48
136 51
136 52
136 53
136 54
136 58
136 66
136 75
136 78
136 83
136 87
136 92
136 96
136 102
136 105
136 106
136 112
136 130
136 139
136 140
136 141
136 144
136 147
136 148
136 149
136 150
136 151
136 152
136 153
136 161
136 162
136 177
136 178
136 186
136 187
136 189
136 195
136 196
136 205
136 208
136 212
136 215
136 216
136 219
136 224
136 225
136 242
136 252
136 255
136 257
136 258
136 266
136 268
136 277
136 281
136 283
136 287
136 289
136 298
136 300
136 307
136 313
136 323
136 325
136 328
136 329
136 330
136 335
136 336
136 342
136 344
136 346
136 348
136 351
136 362
136 363
136 372
136 373
136 380
136 383
136 386
136 392
136 393
136 396
136 397
136 404
136 411
136 413
136 421
136 422
136 444
136 445
136 456
136 457
136 458
136 463
136 465
136 472
136 477
136 481
136 485
136 489
136 501
136 503
136 504
136 505
136 508
136 513
136 525
136 526
136 527
136 541
136 555
136 563
136 564
136 567
136 589
136 591
136 595
136 609
136 616
136 619
136 620
136 626
136 629
136 630
136 638
136 643
136 657
136 669
136 670
136 672
136 677
136 681
136 683
136 689
136 692
136 695
136 696
136 702
136 703
136 706
136 709
136 713
136 715
136 716
136 725
136 726
136 735
136 748
136 753
136 756
136 757
136 764
136 768
136 770
136 771
136 772
136 781
136 783
136 787
136 788
136 790
136 802
136 806
136 817
136 821
136 829
136 830
136 833
136 834
136 838
136 841
136 842
136 845
136 848
136 849
136 851
136 854
136 863
136 864
136 868
136 870
136 877
136 878
136 880
136 887
136 888
136 892
136 898
136 903
136 916
136 927
136 932
136 933
136 937
136 953
136 954
136 958
136 967
136 970
136 973
136 981
136 985
136 989
136 991
136 998
136 1009
136 1012
136 1014
136 1016
136 1026
136 1028
136 1029
136 1037
136 1040
136 1046
136 1048
136 1052
136 1055
136 1057
136 1060
136 1064
136 1070
136 1086
136 1093
136 1098
136 1102
136 1104
136 1107
136 1117
136 1126
136 1152
136 1163
136 1168
136 1171
136 1175
136 1181
136 1204
136 1210
136 1214
136 1216
136 1217
136 1219
136 1223
136 1225
136 1227
136 1230
136 1231
136 1235
136 1245
136 1248
136 1249
136 1253
136 1261
136 1266
136 1273
136 1276
136 1286
136 1288
136 1290
136 1293
136 1307
136 1308
136 1309
136 1323
136 1324
136 1327
136 1339
136 1343
136 1351
136 1355
136 1358
136 1368
136 1379
136 1381
136 1383
136 1401
136 1405
136 1415
136 1421
136 1424
136 1433
136 1434
136 1452
136 1471
136 1476
136 1477
136 1487
136 1495
136 1504
136 1506
136 1518
136 1527
136 1532
136 1537
136 1545
136 1554
136 1557
136 1568
136 1570
136 1571
136 1587
136 1593
136 1594
136 1596
136 1597
136 1604
136 1605
136 1613
136 1615
136 1621
136 1634
136 1648
136 1665
136 1667
136 1670
136 1672
136 1680
136 1684
136 1686
136 1689
136 1690
136 1691
136 1695
136 1708
136 1711
136 1715
136 1717
136 1720
136 1723
136 1732
136 1743
136 1750
136 1754
136 1755
136 1763
136 1769
136 1770
136 1785
136 1786
136 1790
136 1791
136 1800
136 1806
136 1808
136 1809
136 1811
136 1814
136 1817
136 1818
136 1822
136 1824
136 1826
136 1833
136 1838
136 1840
136 1858
136 1859
136 1867
136 1873
136 1875
136 1877
136 1881
136 1884
136 1885
136 1902
136 1903
136 1906
136 1910
136 1912
136 1915
136 1916
136 1917
136 1922
136 1923
136 1926
136 1928
136 1930
136 1934
136 1950
136 1951
136 1954
136 1965
136 1968
136 1969
136 1980
136 1981
136 1983
136 1985
136 1987
136 1988
136 1989
136 1990
136 1993
136 1996
136 1998
148 7
148 14
148 23
148 24
148 30
148 33
148 40
148 41
148 45
148 46
148 48
148 53
148 73
148 81
148 87
148 93
148 98
148 103
148 104
148 106
148 110
148 111
148 114
148 127
148 132
148 135
148 140
148 147
148 153
148 175
148 186
148 193
148 197
148 198
148 199
148 202
148 216
148 219
148 225
148 239
148 244
148 249
148 250
148 253
148 254
148 258
148 259
148 267
148 269
148 275
148 277
148 280
148 282
148 284
148 296
148 305
148 317
148 319
148 323
148 344
148 349
148 351
148 355
148 357
148 360
148 361
148 365
148 368
148 376
148 378
148 384
148 391
148 395
148 400
148 401
148 404
148 410
148 413
148 414
148 416
148 421
148 423
148 425
148 426
148 429
148 435
148 437
148 438
148 439
148 440
148 441
148 449
148 453
148 454
148 457
148 466
148 468
148 470
148 471
148 472
148 473
148 474
148 477
148 483
148 490
148 493
148 499
148 502
148 507
148 509
148 510
148 519
148 523
148 525
148 541
148 544
148 551
148 553
148 556
148 558
148 560
148 562
148 574
148 592
148 595
148 599
148 605
148 606
148 610
148 612
148 616
148 620
148 622
148 626
148 632
148 636
148 640
148 665
148 670
148 672
148 675
148 676
148 678
148 680
148 692
148 695
148 701
148 708
148 709
148 710
148 714
148 725
148 726
148 734
148 735
148 736
148 738
148 739
148 741
148 744
148 752
148 768
148 772
148 774
148 775
148 782
148 788
148 798
148 801
148 802
148 804
148 822
148 827
148 828
148 829
148 831
148 833
148 846
148 847
148 849
148 854
148 856
148 857
148 859
148 864
148 867
148 869
148 877
148 882
148 883
148 886
148 890
148 892
148 895
148 897
148 900
148 901
148 905
148 909
148 911
148 920
148 922
148 934
148 943
148 946
148 961
148 970
148 971
148 976
148 978
148 980
148 981
148 988
148 991
148 1000
148 1001
148 1004
148 1006
148 1015
148 1035
148 1040
148 1052
148 1054
148 1063
148 1066
148 1067
148 1069
148 1071
148 1072
148 1078
148 1085
148 1086
148 1088
148 1093
148 1094
148 1100
148 1101
148 1109
148 1110
148 1114
148 1115
148 1116
148 1126
148 1130
148 1131
148 1152
148 1156
148 1161
148 1163
148 1165
148 1176
148 1177
148 1180
148 1182
148 1183
148 1184
148 1198
148 1199
148 1200
148 1201
148 1203
148 1208
148 1214
148 1215
148 1218
148 1220
148 1235
148 1244
148 1251
148 1256
148 1257
148 1260
148 1264
148 1274
148 1276
148 1277
148 1283
148 1284
148 1286
148 1294
148 1295
148 1298
148 1311
148 1312
148 1315
148 1316
148 1323
148 1336
148 1339
148 1354
148 1363
148 1375
148 1383
148 1384
148 1386
148 1392
148 1404
148 1416
148 1423
148 1425
148 1428
148 1434
148 1436
148 1437
148 1443
148 1452
148 1459
148 1465
148 1481
148 1482
148 1490
148 1496
148 1498
148 1504
148 1505
148 1513
148 1515
148 1518
148 1520
148 1525
148 1526
148 1528
148 1530
148 1532
148 1539
148 1540
148 1544
148 1562
148 1566
148 1573
148 1590
148 1591
148 1595
148 1601
148 1605
148 1611
148 1613
148 1620
148 1627
148 1631
148 1638
148 1639
148 1643
148 1644
148 1650
148 1655
148 1660
148 1662
148 1663
148 1665
148 1670
148 1675
148 1679
148 1680
148 1686
148 1698
148 1709
148 1715
148 1717
148 1718
148 1725
148 1728
148 1729
148 1739
148 1743
148 1746
148 1747
148 1752
148 1757
148 1762
148 1763
148 1765
148 1766
148 1775
148 1782
148 1786
148 1794
148 1795
148 1800
148 1809
148 1813
148 1824
148 1826
148 1835
148 1845
148 1855
148 1856
148 1858
148 1860
148 1868
148 1870
148 1884
148 1889
148 1898
148 1901
148 1903
148 1906
148 1910
148 1912
148 1918
148 1919
148 1936
148 1941
148 1945
148 1947
148 1948
148 1955
148 1956
148 1959
148 1960
148 1970
148 1975
148 1976
148 1984
148 1989
148 1994
1429 12
1429 16
1429 32
1429 33
1429 36
1429 39
1429 50
1429 54
1429 70
1429 72
1429 79
1429 81
1429 92
1429 94
1429 95
1429 103
1429 110
1429 114
1429 122
1429 125
1429 129
1429 130
1429 135
1429 167
1429 176
1429 180
1429 181
1429 191
1429 200
1429 211
1429 212
1429 217
1429 222
1429 226
1429 228
1429 244
1429 246
1429 247
1429 248
1429 251
1429 253
1429 256
1429 258
1429 261
1429 263
1429 264
1429 268
1429 269
1429 278
1429 286
1429 293
1429 294
1429 296
1429 298
1429 304
1429 306
1429 311
1429 312
1429 328
1429 329
1429 331
1429 339
1429 341
1429 343
1429 344
1429 345
1429 355
1429 357
1429 367
1429 375
1429 380
1429 384
1429 387
1429 389
1429 392
1429 398
1429 399
1429 407
1429 417
1429 419
1429 420
1429 432
1429 441
1429 445
1429 446
1429 455
1429 458
1429 460
1429 463
1429 470
1429 476
1429 478
1429 484
1429 489
1429 492
1429 505
1429 507
1429 518
1429 521
1429 528
1429 530
1429 533
1429 541
1429 546
1429 553
1429 563
1429 564
1429 566
1429 570
1429 571
1429 573
1429 575
1429 596
1429 597
1429 600
1429 603
1429 606
1429 619
1429 622
1429 623
1429 624
1429 632
1429 640
1429 644
1429 646
1429 657
1429 661
1429 665
1429 669
1429 673
1429 676
1429 682
1429 688
1429 692
1429 693
1429 696
1429 697
1429 703
1429 707
1429 708
1429 712
1429 713
1429 717
1429 722
1429 723
1429 725
1429 730
1429 738
1429 744
1429 745
1429 747
1429 748
1429 751
1429 767
1429 772
1429 774
1429 777
1429 783
1429 784
1429 793
1429 795
1429 796
1429 798
1429 806
1429 807
1429 814
1429 822
1429 825
1429 831
1429 835
1429 837
1429 842
1429 846
1429 868
1429 876
1429 883
1429 885
1429 888
1429 897
1429 898
1429 900
1429 909
1429 915
1429 917
1429 932
1429 937
1429 940
1429 941
1429 945
1429 951
1429 952
1429 954
1429 955
1429 956
1429 959
1429 962
1429 963
1429 964
1429 966
1429 971
1429 973
1429 977
1429 984
1429 989
1429 992
1429 994
1429 995
1429 1000
1429 1001
1429 1004
1429 1012
1429 1019
1429 1022
1429 1025
1429 1026
1429 1027
1429 1028
1429 1030
1429 1031
1429 1049
1429 1050
1429 1051
1429 1052
1429 1055
1429 1056
1429 1060
1429 1061
1429 1062
1429 1064
1429 1066
1429 1068
1429 1071
1429 1075
1429 1078
1429 1080
1429 1084
1429 1090
1429 1091
1429 1092
1429 1098
1429 1099
1429 1100
1429 1101
1429 1103
1429 1116
1429 1119
1429 1130
1429 1131
1429 1135
1429 1141
1429 1145
1429 1146
1429 1149
1429 1152
1429 1154
1429 1161
1429 1162
1429 1164
1429 1165
1429 1176
1429 1183
1429 1185
1429 1186
1429 1187
1429 1188
1429 1189
1429 1205
1429 1218
1429 1221
1429 1232
1429 1236
1429 1237
1429 1238
1429 1241
1429 1249
1429 1254
1429 1255
1429 1256
1429 1257
1429 1261
1429 1264
1429 1266
1429 1269
1429 1275
1429 1290
1429 1293
1429 1303
1429 1304
1429 1306
1429 1317
1429 1320
1429 1325
1429 1331
1429 1332
1429 1334
1429 1343
1429 1345
1429 1361
1429 1364
1429 1372
1429 1373
1429 1375
1429 1379
1429 1380
1429 1391
1429 1393
1429 1404
1429 1407
1429 1413
1429 1430
1429 1437
1429 1438
1429 1439
1429 1446
1429 1448
1429 1449
1429 1452
1429 1455
1429 1466
1429 1487
1429 1502
1429 1506
1429 1508
1429 1511
1429 1512
1429 1516
1429 1517
1429 1519
1429 1522
1429 1524
1429 1525
1429 1526
1429 1527
1429 1528
1429 1533
1429 1534
1429 1538
1429 1545
1429 1556
1429 1560
1429 1569
1429 1574
1429 1587
1429 1592
1429 1597
1429 1598
1429 1600
1429 1603
1429 1606
1429 1611
1429 1612
1429 1615
1429 1623
1429 1626
1429 1627
1429 1628
1429 1630
1429 1631
1429 1632
1429 1637
1429 1639
1429 1645
1429 1646
1429 1649
1429 1663
1429 1664
1429 1677
1429 1688
1429 1690
1429 1694
1429 1702
1429 1703
1429 1706
1429 1707
1429 1708
1429 1710
1429 1713
1429 1720
1429 1724
1429 1725
1429 1726
1429 1739
1429 1750
1429 1755
1429 1757
1429 1759
1429 1760
1429 1762
1429 1781
1429 1784
1429 1787
1429 1796
1429 1799
1429 1800
1429 1808
1429 1812
1429 1823
1429 1829
1429 1831
1429 1833
1429 1834
1429 1844
1429 1847
1429 1849
1429 1865
1429 1867
1429 1870
1429 1873
1429 1882
1429 1883
1429 1884
1429 1885
1429 1890
1429 1891
1429 1900
1429 1922
1429 1924
1429 1927
1429 1937
1429 1942
1429 1944
1429 1946
1429 1957
1429 1964
1429 1965
1429 1966
1429 1971
1429 1976
1429 1978
1429 1982
1429 1983
1429 1984
1429 1990
1429 1993
1764 9
1764 11
1764 20
1764 27
1764 36
1764 37
1764 38
1764 40
1764 45
1764 48
1764 49
1764 50
1764 55
1764 59
1764 67
1764 69
1764 73
1764 79
1764 82
1764 86
1764 92
1764 102
1764 106
1764 114
1764 117
1764 120
1764 122
1764 124
1764 127
1764 128
1764 129
1764 130
1764 131
1764 135
1764 137
1764 139
1764 142
1764 144
1764 148
1764 149
1764 150
1764 151
1764 160
1764 164
1764 169
1764 175
1764 190
1764 191
1764 196
1764 199
1764 201
1764 206
1764 209
1764 210
1764 214
1764 219
1764 223
1764 227
1764 232
1764 234
1764 238
1764 241
1764 243
1764 244
1764 264
1764 266
1764 267
1764 270
1764 274
1764 279
1764 285
1764 289
1764 304
1764 312
1764 316
1764 322
1764 323
1764 325
1764 327
1764 332
1764 339
1764 343
1764 347
1764 349
1764 352
1764 354
1764 359
1764 365
1764 370
1764 371
1764 381
1764 401
1764 407
1764 414
1764 417
1764 428
1764 432
1764 443
1764 468
1764 477
1764 480
1764 481
1764 486
1764 502
1764 505
1764 507
1764 518
1764 532
1764 533
1764 537
1764 538
1764 545
1764 553
1764 566
1764 567
1764 578
1764 590
1764 592
1764 593
1764 594
1764 609
1764 619
1764 622
1764 623
1764 628
1764 635
1764 636
1764 642
1764 654
1764 656
1764 658
1764 661
1764 662
1764 663
1764 665
1764 669
1764 677
1764 678
1764 679
1764 686
1764 687
1764 696
1764 704
1764 712
1764 714
1764 715
1764 719
1764 725
1764 732
1764 735
1764 743
1764 748
1764 750
1764 752
1764 754
1764 758
1764 760
1764 763
1764 775
1764 784
1764 786
1764 789
1764 791
1764 796
1764 804
1764 805
1764 807
1764 808
1764 821
1764 833
1764 838
1764 841
1764 843
1764 845
1764 866
1764 871
1764 872
1764 873
1764 877
1764 878
1764 880
1764 881
1764 886
1764 889
1764 892
1764 896
1764 909
1764 911
1764 914
1764 920
1764 923
1764 956
1764 967
1764 981
1764 988
1764 989
1764 992
1764 997
1764 1004
1764 1008
1764 1010
1764 1011
1764 1021
1764 1023
1764 1024
1764 1028
1764 1030
1764 1039
1764 1050
1764 1057
1764 1058
1764 1062
1764 1068
1764 1073
1764 1077
1764 1080
1764 1082
1764 1083
1764 1088
1764 1093
1764 1095
1764 1100
1764 1103
1764 1104
1764 1106
1764 1115
1764 1118
1764 1128
1764 1139
1764 1145
1764 1158
1764 1160
1764 1164
1764 1168
1764 1170
1764 1172
1764 1173
1764 1174
1764 1176
1764 1180
1764 1187
1764 1201
1764 1212
1764 1213
1764 1215
1764 1216
1764 1222
1764 1234
1764 1238
1764 1239
1764 1240
1764 1246
1764 1255
1764 1256
1764 1268
1764 1278
1764 1282
1764 1283
1764 1288
1764 1290
1764 1294
1764 1301
1764 1302
1764 1317
1764 1324
1764 1336
1764 1348
1764 1355
1764 1361
1764 1363
1764 1372
1764 1375
1764 1377
1764 1387
1764 1388
1764 1391
1764 1392
1764 1396
1764 1399
1764 1403
1764 1404
1764 1415
1764 1421
1764 1435
1764 1443
1764 1445
1764 1453
1764 1454
1764 1462
1764 1463
1764 1466
1764 1468
1764 1475
1764 1477
1764 1478
1764 1479
1764 1481
1764 1482
1764 1491
1764 1514
1764 1517
1764 1518
1764 1520
1764 1540
1764 1543
1764 1559
1764 1560
1764 1565
1764 1568
1764 1579
1764 1583
1764 1585
1764 1587
1764 1596
1764 1600
1764 1601
1764 1604
1764 1612
1764 1622
1764 1623
1764 1626
1764 1640
1764 1654
1764 1656
1764 1657
1764 1662
1764 1663
1764 1672
1764 1685
1764 1692
1764 1697
1764 1699
1764 1703
1764 1704
1764 1717
1764 1719
1764 1720
1764 1728
1764 1730
1764 1740
1764 1742
1764 1746
1764 1754
1764 1755
1764 1769
1764 1772
1764 1778
1764 1781
1764 1783
1764 1785
1764 1786
1764 1798
1764 1804
1764 1814
1764 1817
1764 1819
1764 1821
1764 1823
1764 1829
1764 1842
1764 1850
1764 1858
1764 1867
1764 1869
1764 1881
1764 1884
1764 1886
1764 1899
1764 1900
1764 1913
1764 1917
1764 1918
1764 1924
1764 1932
1764 1938
1764 1944
1764 1956
1764 1957
1764 1962
1764 1965
1764 1966
1764 1970
1764 1971
1764 1981
1764 1991
1764 1992
1764 1999
731 8
731 9
731 16
731 20
731 28
731 30
731 36
731 43
731 53
731 57
731 58
731 68
731 72
731 75
731 77
731 79
731 81
731 93
731 95
731 97
731 98
731 110
731 111
731 113
731 115
731 118
731 121
731 128
731 130
731 141
731 143
731 144
731 151
731 155
731 156
731 159
731 163
731 168
731 170
731 175
731 179
731 182
731 193
731 203
731 205
731 208
731 210
731 211
731 214
731 222
731 227
731 228
731 238
731 240
731 241
731 249
731 252
731 255
731 259
731 261
731 268
731 270
731 280
731 282
731 286
731 299
731 304
731 310
731 314
731 315
731 317
731 334
731 337
731 340
731 344
731 346
731 351
731 354
731 357
731 360
731 366
731 367
731 370
731 397
731 401
731 403
731 409
731 413
731 419
731 437
731 442
731 446
731 449
731 451
731 458
731 460
731 462
731 468
731 485
731 486
731 487
731 498
731 499
731 500
731 502
731 503
731 508
731 511
731 521
731 530
731 537
731 538
731 541
731 546
731 551
731 560
731 567
731 568
731 569
731 571
731 587
731 591
731 597
731 599
731 601
731 602
731 605
731 606
731 612
731 614
731 616
731 617
731 620
731 623
731 625
731 633
731 637
731 643
731 647
731 654
731 656
731 665
731 669
731 670
731 678
731 680
731 691
731 694
731 698
731 699
731 703
731 723
731 724
731 725
731 726
731 731
731 734
731 737
731 738
731 739
731 744
731 747
731 748
731 751
731 756
731 767
731 776
731 778
731 779
731 784
731 787
731 796
731 799
731 804
731 806
731 809
731 821
731 824
731 825
731 826
731 833
731 835
731 840
731 842
731 850
731 852
731 853
731 856
731 870
731 872
731 879
731 884
731 885
731 902
731 903
731 904
731 905
731 920
731 924
731 925
731 926
731 938
731 940
731 944
731 952
731 965
731 968
731 969
731 972
731 974
731 975
731 981
731 982
731 985
731 997
731 1009
731 1019
731 1020
731 1021
731 1030
731 1042
731 1044
731 1050
731 1067
731 1072
731 1076
731 1085
731 1086
731 1088
731 1091
731 1093
731 1097
731 1108
731 1110
731 1111
731 1115
731 1121
731 1125
731 1126
731 1129
731 1133
731 1134
731 1149
731 1159
731 1161
731 1163
731 1167
731 1173
731 1179
731 1181
731 1186
731 1192
731 1195
731 1200
731 1203
731 1211
731 1212
731 1213
731 1215
731 1221
731 1222
731 1227
731 1245
731 1251
731 1253
731 1261
731 1262
731 1269
731 1274
731 1283
731 1290
731 1292
731 1293
731 1306
731 1310
731 1322
731 1327
731 1328
731 1334
731 1337
731 1343
731 1345
731 1347
731 1354
731 1362
731 1365
731 1366
731 1373
731 1377
731 1383
731 1384
731 1394
731 1398
731 1401
731 1412
731 1413
731 1414
731 1415
731 1421
731 1424
731 1428
731 1434
731 1441
731 1448
731 1450
731 1455
731 1462
731 1463
731 1468
731 1471
731 1478
731 1488
731 1494
731 1498
731 1500
731 1504
731 1516
731 1519
731 1530
731 1538
731 1539
731 1547
731 1552
731 1556
731 1559
731 1565
731 1572
731 1579
731 1584
731 1593
731 1594
731 1595
731 1597
731 1601
731 1614
731 1615
731 1620
731 1622
731 1625
731 1631
731 1643
731 1645
731 1646
731 1651
731 1653
731 1658
731 1659
731 1662
731 1665
731 1670
731 1679
731 1681
731 1685
731 1688
731 1693
731 1694
731 1704
731 1712
731 1717
731 1718
731 1719
731 1721
731 1726
731 1727
731 1729
731 1733
731 1734
731 1737
731 1741
731 1743
731 1760
731 1763
731 1773
731 1780
731 1782
731 1784
731 1794
731 1795
731 1800
731 1809
731 1814
731 1819
731 1830
731 1842
731 1845
731 1852
731 1860
731 1869
731 1873
731 1877
731 1881
731 1884
731 1889
731 1896
731 1897
731 1898
731 1901
731 1910
731 1912
731 1914
731 1936
731 1940
731 1943
731 1950
731 1971
731 1983
731 1995
568 15
568 19
568 28
568 31
568 35
568 36
568 37
568 53
568 62
568 63
568 65
568 72
568 74
568 78
568 79
568 81
568 82
568 93
568 100
568 101
568 102
568 111
568 118
568 120
568 121
568 132
568 133
568 136
568 146
568 151
568 153
568 157
568 161
568 163
568 164
568 165
568 169
568 174
568 182
568 195
568 196
568 197
568 217
568 221
568 223
568 236
568 244
568 247
568 248
568 252
568 261
568 269
568 270
568 277
568 279
568 283
568 291
568 296
568 300
568 305
568 313
568 317
568 318
568 327
568 332
568 333
568 343
568 349
568 354
568 356
568 362
568 364
568 373
568 375
568 376
568 383
568 385
568 387
568 389
568 392
568 394
568 399
568 401
568 406
568 408
568 410
568 411
568 422
568 426
568 428
568 432
568 444
568 446
568 455
568 458
568 460
568 468
568 477
568 483
568 486
568 494
568 498
568 503
568 510
568 513
568 515
568 522
568 523
568 553
568 555
568 564
568 565
568 576
568 579
568 592
568 599
568 601
568 605
568 612
568 613
568 618
568 625
568 630
568 637
568 638
568 640
568 645
568 647
568 653
568 657
568 661
568 675
568 676
568 682
568 688
568 697
568 708
568 712
568 713
568 722
568 727
568 739
568 748
568 749
568 753
568 756
568 758
568 761
568 767
568 768
568 769
568 770
568 771
568 773
568 774
568 777
568 788
568 796
568 807
568 808
568 812
568 813
568 823
568 826
568 831
568 833
568 836
568 842
568 851
568 856
568 858
568 866
568 867
568 868
568 874
568 876
568 882
568 886
568 888
568 889
568 901
568 902
568 905
568 906
568 911
568 922
568 928
568 932
568 933
568 936
568 939
568 941
568 948
568 952
568 954
568 963
568 970
568 971
568 973
568 979
568 982
568 983
568 987
568 993
568 1007
568 1011
568 1019
568 1028
568 1033
568 1035
568 1036
568 1038
568 1040
568 1044
568 1049
568 1056
568 1072
568 1073
568 1074
568 1079
568 1081
568 1084
568 1088
568 1095
568 1102
568 1106
568 1114
568 1115
568 1116
568 1120
568 1125
568 1131
568 1134
568 1140
568 1153
568 1154
568 1162
568 1170
568 1175
568 1178
568 1188
568 1192
568 1193
568 1194
568 1195
568 1198
568 1202
568 1211
568 1217
568 1226
568 1229
568 1234
568 1235
568 1239
568 1245
568 1246
568 1249
568 1252
568 1255
568 1256
568 1258
568 1259
568 1270
568 1274
568 1276
568 1277
568 1283
568 1287
568 1292
568 1293
568 1296
568 1300
568 1302
568 1303
568 1306
568 1307
568 1308
568 1310
568 1314
568 1322
568 1327
568 1332
568 1341
568 1343
568 1345
568 1352
568 1354
568 1360
568 1361
568 1365
568 1369
568 1371
568 1373
568 1379
568 1382
568 1383
568 1389
568 1392
568 1394
568 1398
568 1401
568 1404
568 1407
568 1414
568 1415
568 1438
568 1440
568 1443
568 1445
568 1453
568 1455
568 1456
568 1460
568 1462
568 1467
568 1486
568 1487
568 1490
568 1491
568 1492
568 1495
568 1499
568 1500
568 1502
568 1503
568 1508
568 1522
568 1524
568 1526
568 1527
568 1532
568 1533
568 1539
568 1540
568 1541
568 1542
568 1552
568 1564
568 1569
568 1571
568 1584
568 1587
568 1588
568 1589
568 1590
568 1591
568 1593
568 1599
568 1603
568 1607
568 1614
568 1617
568 1618
568 1619
568 1631
568 1636
568 1637
568 1649
568 1654
568 1659
568 1662
568 1678
568 1684
568 1695
568 1696
568 1710
568 1720
568 1723
568 1724
568 1726
568 1729
568 1757
568 1759
568 1761
568 1765
568 1766
568 1769
568 1776
568 1790
568 1793
568 1805
568 1810
568 1811
568 1813
568 1814
568 1817
568 1820
568 1823
568 1828
568 1837
568 1843
568 1851
568 1863
568 1866
568 1871
568 1882
568 1884
568 1885
568 1891
568 1897
568 1915
568 1920
568 1922
568 1923
568 1933
568 1942
568 1953
568 1954
568 1955
568 1958
568 1960
568 1967
568 1970
568 1976
568 1990
568 2000
261 11
261 13
261 15
261 16
261 22
261 32
261 44
261 47
261 52
261 55
261 58
261 61
261 71
261 76
261 79
261 84
261 87
261 91
261 94
261 103
261 104
261 106
261 109
261 112
261 117
261 118
261 119
261 125
261 133
261 145
261 146
261 148
261 150
261 156
261 162
261 165
261 169
261 175
261 191
261 193
261 194
261 195
261 200
261 207
261 214
261 215
261 233
261 234
261 238
261 246
261 254
261 255
261 257
261 259
261 283
261 291
261 293
261 303
261 307
261 318
261 324
261 328
261 329
261 344
261 351
261 356
261 371
261 374
261 382
261 385
261 388
261 389
261 413
261 414
261 424
261 434
261 436
261 441
261 443
261 444
261 445
261 446
261 452
261 453
261 479
261 487
261 489
261 490
261 497
261 500
261 502
261 508
261 509
261 518
261 522
261 524
261 527
261 528
261 530
261 531
261 532
261 534
261 535
261 536
261 538
261 544
261 564
261 566
261 567
261 568
261 570
261 572
261 581
261 597
261 598
261 602
261 607
261 613
261 615
261 629
261 631
261 634
261 647
261 674
261 694
261 695
261 696
261 697
261 699
261 700
261 703
261 707
261 742
261 752
261 754
261 759
261 762
261 767
261 774
261 782
261 792
261 810
261 814
261 828
261 831
261 833
261 839
261 842
261 845
261 863
261 866
261 867
261 870
261 871
261 873
261 875
261 882
261 887
261 900
261 901
261 904
261 906
261 907
261 908
261 912
261 918
261 928
261 932
261 934
261 939
261 941
261 943
261 947
261 948
261 950
261 959
261 961
261 964
261 965
261 971
261 987
261 1008
261 1010
261 1011
261 1023
261 1026
261 1032
261 1034
261 1035
261 1041
261 1044
261 1047
261 1054
261 1055
261 1061
261 1067
261 1095
261 1099
261 1105
261 1109
261 1112
261 1121
261 1124
261 1127
261 1129
261 1141
261 1142
261 1145
261 1150
261 1155
261 1161
261 1169
261 1176
261 1182
261 1188
261 1193
261 1196
261 1207
261 1208
261 1211
261 1212
261 1225
261 1228
261 1229
261 1233
261 1240
261 1245
261 1246
261 1253
261 1258
261 1264
261 1270
261 1278
261 1280
261 1284
261 1289
261 1298
261 1300
261 1301
261 1319
261 1320
261 1323
261 1335
261 1336
261 1338
261 1340
261 1346
261 1347
261 1355
261 1361
261 1369
261 1375
261 1378
261 1391
261 1396
261 1397
261 1399
261 1406
261 1407
261 1415
261 1417
261 1420
261 1423
261 1425
261 1432
261 1437
261 1440
261 1441
261 1449
261 1450
261 1457
261 1464
261 1466
261 1467
261 1469
261 1473
261 1493
261 1504
261 1513
261 1514
261 1526
261 1529
261 1536
261 1540
261 1541
261 1551
261 1552
261 1555
261 1557
261 1562
261 1581
261 1584
261 1591
261 1604
261 1607
261 1616
261 1617
261 1620
261 1625
261 1626
261 1627
261 1629
261 1634
261 1639
261 1641
261 1642
261 1645
261 1656
261 1662
261 1677
261 1678
261 1680
261 1681
261 1686
261 1692
261 1695
261 1696
261 1703
261 1704
261 1727
261 1730
261 1731
261 1739
261 1755
261 1756
261 1760
261 1763
261 1765
261 1768
261 1770
261 1773
261 1774
261 1782
261 1784
261 1786
261 1788
261 1790
261 1791
261 1792
261 1793
261 1801
261 1812
261 1815
261 1818
261 1820
261 1823
261 1824
261 1827
261 1831
261 1833
261 1837
261 1846
261 1850
261 1857
261 1863
261 1867
261 1869
261 1870
261 1885
261 1888
261 1892
261 1913
261 1924
261 1926
261 1941
261 1945
261 1953
261 1954
261 1959
261 1965
261 1967
261 1971
261 1982
261 1983
261 1985
261 1989
261 1993
586 10
586 14
586 16
586 17
586 18
586 28
586 34
586 38
586 39
586 41
586 46
586 50
586 58
586 60
586 62
586 65
586 69
586 83
586 86
586 89
586 92
586 99
586 101
586 105
586 112
586 120
586 128
586 131
586 141
586 145
586 150
586 151
586 155
586 161
586 162
586 163
586 169
586 170
586 180
586 193
586 198
586 201
586 220
586 225
586 228
586 231
586 235
586 236
586 240
586 249
586 251
586 264
586 267
586 272
586 278
586 279
586 282
586 283
586 292
586 294
586 298
586 303
586 305
586 306
586 309
586 322
586 323
586 332
586 336
586 343
586 344
586 348
586 350
586 370
586 372
586 379
586 383
586 385
586 386
586 405
586 408
586 415
586 417
586 424
586 433
586 436
586 438
586 439
586 450
586 456
586 463
586 465
586 470
586 471
586 473
586 479
586 485
586 488
586 491
586 494
586 497
586 502
586 507
586 510
586 520
586 526
586 537
586 541
586 556
586 561
586 563
586 565
586 583
586 589
586 599
586 602
586 606
586 612
586 618
586 643
586 651
586 655
586 665
586 670
586 673
586 679
586 697
586 703
586 712
586 724
586 734
586 739
586 748
586 762
586 766
586 774
586 777
586 785
586 788
586 792
586 798
586 805
586 808
586 811
586 830
586 833
586 835
586 837
586 838
586 840
586 845
586 846
586 849
586 850
586 856
586 859
586 860
586 865
586 870
586 872
586 874
586 877
586 878
586 881
586 890
586 893
586 898
586 905
586 915
586 916
586 922
586 924
586 930
586 934
586 947
586 951
586 961
586 962
586 965
586 970
586 971
586 972
586 975
586 977
586 979
586 981
586 986
586 987
586 992
586 999
586 1000
586 1009
586 1017
586 1019
586 1020
586 1024
586 1026
586 1028
586 1030
586 1039
586 1042
586 1043
586 1045
586 1047
586 1061
586 1066
586 1090
586 1099
586 1100
586 1105
586 1113
586 1121
586 1129
586 1130
586 1132
586 1137
586 1147
586 1148
586 1150
586 1151
586 1160
586 1162
586 1164
586 1168
586 1176
586 1178
586 1186
586 1189
586 1195
586 1197
586 1198
586 1202
586 1214
586 1216
586 1225
586 1227
586 1233
586 1243
586 1257
586 1260
586 1261
586 1263
586 1274
586 1275
586 1280
586 1286
586 1299
586 1302
586 1308
586 1321
586 1323
586 1337
586 1338
586 1339
586 1340
586 1350
586 1357
586 1372
586 1377
586 1379
586 1381
586 1384
586 1389
586 1394
586 1395
586 1408
586 1411
586 1412
586 1422
586 1430
586 1432
586 1434
586 1437
586 1441
586 1448
586 1452
586 1464
586 1470
586 1478
586 1479
586 1480
586 1499
586 1502
586 1509
586 1522
586 1524
586 1526
586 1533
586 1535
586 1536
586 1540
586 1541
586 1542
586 1544
586 1547
586 1557
586 1559
586 1564
586 1565
586 1570
586 1575
586 1577
586 1583
586 1587
586 1588
586 1591
586 1601
586 1604
586 1607
586 1613
586 1617
586 1618
586 1622
586 1624
586 1626
586 1637
586 1644
586 1652
586 1656
586 1658
586 1659
586 1664
586 1671
586 1672
586 1676
586 1689
586 1690
586 1691
586 1697
586 1704
586 1708
586 1716
586 1719
586 1720
586 1725
586 1731
586 1732
586 1737
586 1740
586 1757
586 1758
586 1771
586 1772
586 1781
586 1782
586 1806
586 1828
586 1831
586 1832
586 1836
586 1839
586 1845
586 1849
586 1852
586 1856
586 1857
586 1859
586 1861
586 1865
586 1874
586 1877
586 1879
586 1883
586 1888
586 1896
586 1897
586 1916
586 1928
586 1930
586 1938
586 1940
586 1949
586 1959
586 1960
586 1961
586 1964
586 1967
586 1975
586 1976
586 1977
586 1978
586 1982
586 1983
586 1985
586 1990
586 1992
586 1995
586 1996
1867 14
1867 21
1867 29
1867 31
1867 40
1867 41
1867 42
1867 55
1867 59
1867 61
1867 63
1867 65
1867 73
1867 74
1867 81
1867 83
1867 87
1867 92
1867 94
1867 117
1867 118
1867 125
1867 131
1867 137
1867 140
1867 142
1867 149
1867 155
1867 160
1867 170
1867 180
1867 183
1867 189
1867 193
1867 197
1867 198
1867 200
1867 202
1867 203
1867 205
1867 207
1867 214
1867 218
1867 221
1867 229
1867 231
1867 233
1867 235
1867 238
1867 241
1867 257
1867 268
1867 269
1867 272
1867 277
1867 278
1867 282
1867 291
1867 302
1867 306
1867 317
1867 318
1867 329
1867 332
1867 337
1867 339
1867 348
1867 353
1867 358
1867 367
1867 368
1867 377
1867 390
1867 396
1867 407
1867 423
1867 427
1867 431
1867 436
1867 442
1867 446
1867 450
1867 453
1867 455
1867 459
1867 464
1867 465
1867 469
1867 470
1867 471
1867 473
1867 477
1867 484
1867 487
1867 488
1867 501
1867 504
1867 509
1867 510
1867 514
1867 515
1867 518
1867 519
1867 526
1867 531
1867 532
1867 538
1867 550
1867 566
1867 573
1867 575
1867 577
1867 580
1867 581
1867 586
1867 588
1867 589
1867 594
1867 600
1867 601
1867 603
1867 605
1867 610
1867 612
1867 617
1867 618
1867 621
1867 623
1867 630
1867 642
1867 647
1867 657
1867 662
1867 666
1867 667
1867 674
1867 676
1867 678
1867 686
1867 697
1867 707
1867 709
1867 721
1867 725
1867 726
1867 728
1867 729
1867 739
1867 742
1867 750
1867 758
1867 763
1867 764
1867 765
1867 768
1867 781
1867 782
1867 796
1867 800
1867 803
1867 807
1867 808
1867 811
1867 817
1867 826
1867 831
1867 832
1867 833
1867 834
1867 845
1867 858
1867 859
1867 867
1867 868
1867 871
1867 873
1867 875
1867 876
1867 880
1867 881
1867 882
1867 883
1867 884
1867 890
1867 891
1867 893
1867 898
1867 903
1867 904
1867 908
1867 915
1867 917
1867 920
1867 922
1867 929
1867 933
1867 935
1867 937
1867 943
1867 947
1867 948
1867 953
1867 955
1867 961
1867 962
1867 984
1867 988
1867 989
1867 991
1867 1001
1867 1005
1867 1007
1867 1008
1867 1010
1867 1026
1867 1028
1867 1031
1867 1033
1867 1035
1867 1043
1867 1058
1867 1066
1867 1072
1867 1073
1867 1074
1867 1075
1867 1078
1867 1080
1867 1090
1867 1093
1867 1098
1867 1099
1867 1100
1867 1105
1867 1107
1867 1108
1867 1114
1867 1121
1867 1122
1867 1123
1867 1125
1867 1130
1867 1131
1867 1132
1867 1135
1867 1149
1867 1151
1867 1152
1867 1158
1867 1163
1867 1168
1867 1170
1867 1179
1867 1180
1867 1181
1867 1186
1867 1198
1867 1201
1867 1202
1867 1203
1867 1205
1867 1208
1867 1211
1867 1212
1867 1222
1867 1224
1867 1228
1867 1235
1867 1250
1867 1273
1867 1277
1867 1285
1867 1286
1867 1287
1867 1298
1867 1304
1867 1305
1867 1312
1867 1317
1867 1318
1867 1320
1867 1323
1867 1324
1867 1327
1867 1329
1867 1354
1867 1356
1867 1366
1867 1369
1867 1375
1867 1377
1867 1386
1867 1388
1867 1392
1867 1396
1867 1401
1867 1403
1867 1406
1867 1414
1867 1426
1867 1432
1867 1434
1867 1445
1867 1448
1867 1451
1867 1453
1867 1455
1867 1457
1867 1462
1867 1467
1867 1469
1867 1476
1867 1477
1867 1478
1867 1482
1867 1491
1867 1494
1867 1495
1867 1496
1867 1532
1867 1539
1867 1541
1867 1542
1867 1543
1867 1545
1867 1547
1867 1551
1867 1574
1867 1577
1867 1584
1867 1585
1867 1591
1867 1598
1867 1601
1867 1614
1867 1619
1867 1622
1867 1628
1867 1631
1867 1637
1867 1642
1867 1643
1867 1645
1867 1649
1867 1650
1867 1657
1867 1662
1867 1664
1867 1665
1867 1669
1867 1671
1867 1675
1867 1679
1867 1681
1867 1684
1867 1690
1867 1691
1867 1692
1867 1695
1867 1699
1867 1701
1867 1702
1867 1709
1867 1714
1867 1720
1867 1725
1867 1731
1867 1733
1867 1735
1867 1745
1867 1752
1867 1753
1867 1755
1867 1760
1867 1761
1867 1762
1867 1765
1867 1767
1867 1769
1867 1773
1867 1777
1867 1778
1867 1781
1867 1799
1867 1811
1867 1812
1867 1817
1867 1836
1867 1841
1867 1843
1867 1846
1867 1847
1867 1848
1867 1851
1867 1853
1867 1855
1867 1856
1867 1860
1867 1873
1867 1874
1867 1875
1867 1877
1867 1883
1867 1889
1867 1891
1867 1900
1867 1904
1867 1911
1867 1913
1867 1918
1867 1927
1867 1932
1867 1942
1867 1943
1867 1944
1867 1959
1867 1964
1867 1966
1867 1968
1867 1970
1867 1974
1867 1976
1867 1977
1867 1981
1867 1996
1971 13
1971 17
1971 18
1971 22
1971 25
1971 27
1971 31
1971 37
1971 40
1971 47
1971 60
1971 74
1971 75
1971 86
1971 89
1971 91
1971 99
1971 100
1971 102
1971 104
1971 107
1971 110
1971 114
1971 141
1971 144
1971 145
1971 157
1971 160
1971 161
1971 163
1971 164
1971 167
1971 170
1971 172
1971 175
1971 184
1971 189
1971 193
1971 199
1971 204
1971 206
1971 211
1971 218
1971 225
1971 230
1971 231
1971 234
1971 237
1971 245
1971 258
1971 262
1971 266
1971 278
1971 282
1971 301
1971 308
1971 311
1971 329
1971 331
1971 334
1971 339
1971 341
1971 344
1971 345
1971 348
1971 351
1971 356
1971 358
1971 362
1971 363
1971 367
1971 368
1971 370
1971 373
1971 374
1971 378
1971 388
1971 390
1971 398
1971 411
1971 417
1971 424
1971 425
1971 426
1971 433
1971 434
1971 439
1971 441
1971 452
1971 454
1971 455
1971 456
1971 458
1971 460
1971 461
1971 462
1971 464
1971 466
1971 468
1971 470
1971 476
1971 480
1971 482
1971 488
1971 497
1971 498
1971 514
1971 516
1971 518
1971 522
1971 528
1971 533
1971 542
1971 550
1971 553
1971 554
1971 556
1971 560
1971 569
1971 573
1971 574
1971 577
1971 590
1971 592
1971 598
1971 603
1971 607
1971 609
1971 611
1971 616
1971 620
1971 624
1971 628
1971 635
1971 636
1971 637
1971 648
1971 650
1971 652
1971 655
1971 657
1971 668
1971 669
1971 672
1971 674
1971 675
1971 680
1971 684
1971 692
1971 700
1971 705
1971 710
1971 713
1971 716
1971 717
1971 718
1971 719
1971 720
1971 727
1971 745
1971 759
1971 762
1971 775
1971 793
1971 796
1971 798
1971 800
1971 810
1971 813
1971 820
1971 825
1971 832
1971 839
1971 853
1971 856
1971 857
1971 859
1971 860
1971 863
1971 865
1971 871
1971 884
1971 886
1971 891
1971 893
1971 895
1971 902
1971 907
1971 909
1971 911
1971 912
1971 914
1971 917
1971 919
1971 922
1971 923
1971 924
1971 928
1971 931
1971 933
1971 938
1971 941
1971 942
1971 952
1971 956
1971 967
1971 978
1971 980
1971 985
1971 987
1971 988
1971 994
1971 999
1971 1000
1971 1005
1971 1016
1971 1020
1971 1022
1971 1025
1971 1026
1971 1031
1971 1041
1971 1045
1971 1047
1971 1052
1971 1053
1971 1056
1971 1063
1971 1064
1971 1066
1971 1072
1971 1080
1971 1082
1971 1099
1971 1103
1971 1107
1971 1114
1971 1117
1971 1121
1971 1124
1971 1125
1971 1126
1971 1134
1971 1139
1971 1152
1971 1154
1971 1156
1971 1157
1971 1159
1971 1160
1971 1163
1971 1164
1971 1165
1971 1166
1971 1172
1971 1174
1971 1182
1971 1193
1971 1199
1971 1200
1971 1201
1971 1203
1971 1208
1971 1213
1971 1216
1971 1218
1971 1228
1971 1229
1971 1237
1971 1238
1971 1241
1971 1246
1971 1253
1971 1259
1971 1262
1971 1266
1971 1286
1971 1293
1971 1294
1971 1304
1971 1305
1971 1312
1971 1327
1971 1336
1971 1338
1971 1340
1971 1347
1971 1350
1971 1351
1971 1361
1971 1369
1971 1372
1971 1376
1971 1377
1971 1382
1971 1393
1971 1395
1971 1396
1971 1401
1971 1402
1971 1408
1971 1409
1971 1410
1971 1412
1971 1422
1971 1426
1971 1434
1971 1436
1971 1442
1971 1443
1971 1449
1971 1452
1971 1458
1971 1459
1971 1460
1971 1468
1971 1484
1971 1488
1971 1489
1971 1503
1971 1507
1971 1513
1971 1518
1971 1525
1971 1527
1971 1528
1971 1529
1971 1531
1971 1532
1971 1534
1971 1535
1971 1544
1971 1547
1971 1550
1971 1551
1971 1560
1971 1567
1971 1568
1971 1569
1971 1570
1971 1573
1971 1577
1971 1586
1971 1594
1971 1595
1971 1596
1971 1599
1971 1608
1971 1612
1971 1624
1971 1630
1971 1631
1971 1634
1971 1637
1971 1642
1971 1659
1971 1663
1971 1667
1971 1672
1971 1676
1971 1678
1971 1689
1971 1691
1971 1692
1971 1702
1971 1704
1971 1706
1971 1727
1971 1728
1971 1730
1971 1731
1971 1736
1971 1740
1971 1741
1971 1749
1971 1758
1971 1763
1971 1767
1971 1782
1971 1785
1971 1795
1971 1805
1971 1809
1971 1813
1971 1815
1971 1827
1971 1828
1971 1841
1971 1842
1971 1858
1971 1868
1971 1871
1971 1873
1971 1887
1971 1893
1971 1896
1971 1897
1971 1903
1971 1928
1971 1935
1971 1936
1971 1937
1971 1957
1971 1959
1971 1960
1971 1962
1971 1964
1971 1968
1971 1971
1971 1975
1971 1979
1971 1983
1971 1986
1971 1988
1971 1989
1971 1993
1971 1995
1971 1998
