p td 3800 8951 
1913 3
1913 4
1913 8
1913 13
1913 14
1913 24
1913 29
1913 35
1913 36
1913 37
1913 38
1913 54
1913 56
1913 60
1913 64
1913 69
1913 77
1913 80
1913 82
1913 87
1913 88
1913 90
1913 93
1913 94
1913 102
1913 117
1913 123
1913 125
1913 126
1913 130
1913 131
1913 136
1913 137
1913 140
1913 153
1913 159
1913 174
1913 183
1913 187
1913 191
1913 200
1913 207
1913 208
1913 214
1913 215
1913 221
1913 232
1913 234
1913 242
1913 245
1913 250
1913 252
1913 253
1913 258
1913 261
1913 264
1913 273
1913 276
1913 283
1913 290
1913 291
1913 300
1913 308
1913 316
1913 318
1913 321
1913 323
1913 332
1913 336
1913 339
1913 344
1913 348
1913 353
1913 359
1913 363
1913 365
1913 370
1913 373
1913 377
1913 391
1913 393
1913 398
1913 399
1913 402
1913 403
1913 411
1913 419
1913 422
1913 425
1913 426
1913 438
1913 451
1913 453
1913 459
1913 464
1913 468
1913 478
1913 479
1913 481
1913 492
1913 504
1913 511
1913 516
1913 525
1913 526
1913 539
1913 543
1913 556
1913 561
1913 564
1913 572
1913 575
1913 577
1913 583
1913 592
1913 594
1913 595
1913 598
1913 600
1913 617
1913 618
1913 625
1913 626
1913 627
1913 636
1913 650
1913 657
1913 660
1913 662
1913 672
1913 673
1913 683
1913 684
1913 694
1913 696
1913 697
1913 698
1913 701
1913 703
1913 704
1913 706
1913 711
1913 712
1913 715
1913 725
1913 726
1913 727
1913 729
1913 735
1913 743
1913 745
1913 746
1913 750
1913 755
1913 762
1913 763
1913 769
1913 775
1913 779
1913 785
1913 788
1913 789
1913 791
1913 794
1913 806
1913 817
1913 824
1913 833
1913 837
1913 839
1913 845
1913 846
1913 854
1913 858
1913 863
1913 864
1913 867
1913 877
1913 920
1913 928
1913 930
1913 931
1913 934
1913 935
1913 949
1913 953
1913 955
1913 957
1913 960
1913 963
1913 964
1913 966
1913 975
1913 983
1913 984
1913 991
1913 996
1913 1001
1913 1002
1913 1016
1913 1021
1913 1024
1913 1028
1913 1029
1913 1034
1913 1037
1913 1045
1913 1046
1913 1060
1913 1064
1913 1068
1913 1072
1913 1075
1913 1078
1913 1086
1913 1090
1913 1091
1913 1097
1913 1107
1913 1110
1913 1118
1913 1120
1913 1127
1913 1129
1913 1133
1913 1138
1913 1147
1913 1149
1913 1157
1913 1162
1913 1167
1913 1168
1913 1174
1913 1177
1913 1179
1913 1180
1913 1184
1913 1186
1913 1190
1913 1199
1913 1211
1913 1215
1913 1229
1913 1237
1913 1239
1913 1240
1913 1245
1913 1248
1913 1255
1913 1257
1913 1266
1913 1274
1913 1279
1913 1299
1913 1319
1913 1326
1913 1331
1913 1337
1913 1340
1913 1342
1913 1352
1913 1355
1913 1360
1913 1373
1913 1381
1913 1383
1913 1387
1913 1395
1913 1396
1913 1397
1913 1404
1913 1415
1913 1417
1913 1420
1913 1422
1913 1427
1913 1429
1913 1438
1913 1442
1913 1443
1913 1450
1913 1455
1913 1462
1913 1466
1913 1471
1913 1478
1913 1483
1913 1484
1913 1500
1913 1501
1913 1505
1913 1513
1913 1519
1913 1525
1913 1526
1913 1531
1913 1533
1913 1537
1913 1553
1913 1556
1913 1563
1913 1565
1913 1569
1913 1574
1913 1576
1913 1598
1913 1599
1913 1604
1913 1609
1913 1612
1913 1621
1913 1626
1913 1629
1913 1635
1913 1636
1913 1652
1913 1653
1913 1658
1913 1659
1913 1660
1913 1661
1913 1669
1913 1673
1913 1676
1913 1680
1913 1681
1913 1682
1913 1684
1913 1685
1913 1692
1913 1694
1913 1695
1913 1699
1913 1702
1913 1705
1913 1706
1913 1709
1913 1713
1913 1714
1913 1719
1913 1722
1913 1728
1913 1737
1913 1738
1913 1739
1913 1742
1913 1743
1913 1746
1913 1748
1913 1750
1913 1765
1913 1770
1913 1773
1913 1777
1913 1784
1913 1785
1913 1797
1913 1798
1913 1821
1913 1824
1913 1828
1913 1831
1913 1838
1913 1839
1913 1841
1913 1848
1913 1850
1913 1851
1913 1854
1913 1855
1913 1858
1913 1861
1913 1863
1913 1864
1913 1869
1913 1883
1913 1889
1913 1892
1913 1893
1913 1894
1913 1906
1913 1917
1913 1940
1913 1959
1913 1960
1913 1966
1913 1968
1913 1975
1913 1977
1913 1978
1913 1981
1913 1982
1913 1983
1913 1986
1913 1987
1913 1996
1913 2003
1913 2006
1913 2008
1913 2014
1913 2031
1913 2038
1913 2041
1913 2047
1913 2057
1913 2059
1913 2064
1913 2065
1913 2072
1913 2073
1913 2087
1913 2089
1913 2090
1913 2093
1913 2094
1913 2096
1913 2098
1913 2101
1913 2104
1913 2111
1913 2113
1913 2134
1913 2135
1913 2136
1913 2144
1913 2157
1913 2160
1913 2166
1913 2172
1913 2181
1913 2183
1913 2192
1913 2206
1913 2216
1913 2217
1913 2218
1913 2219
1913 2226
1913 2235
1913 2236
1913 2237
1913 2238
1913 2241
1913 2248
1913 2251
1913 2276
1913 2288
1913 2300
1913 2303
1913 2312
1913 2316
1913 2317
1913 2335
1913 2340
1913 2344
1913 2352
1913 2355
1913 2358
1913 2361
1913 2384
1913 2390
1913 2392
1913 2396
1913 2400
1913 2407
1913 2409
1913 2426
1913 2430
1913 2444
1913 2445
1913 2447
1913 2449
1913 2451
1913 2452
1913 2455
1913 2475
1913 2479
1913 2490
1913 2494
1913 2499
1913 2501
1913 2504
1913 2506
1913 2507
1913 2517
1913 2526
1913 2533
1913 2535
1913 2546
1913 2558
1913 2559
1913 2577
1913 2583
1913 2589
1913 2592
1913 2599
1913 2603
1913 2604
1913 2607
1913 2608
1913 2610
1913 2612
1913 2615
1913 2629
1913 2630
1913 2631
1913 2634
1913 2636
1913 2641
1913 2654
1913 2662
1913 2666
1913 2667
1913 2682
1913 2684
1913 2691
1913 2698
1913 2704
1913 2712
1913 2720
1913 2721
1913 2722
1913 2729
1913 2733
1913 2741
1913 2750
1913 2753
1913 2768
1913 2787
1913 2789
1913 2790
1913 2793
1913 2794
1913 2796
1913 2801
1913 2802
1913 2810
1913 2823
1913 2827
1913 2828
1913 2829
1913 2838
1913 2839
1913 2841
1913 2855
1913 2861
1913 2867
1913 2869
1913 2875
1913 2884
1913 2887
1913 2893
1913 2898
1913 2905
1913 2911
1913 2919
1913 2924
1913 2929
1913 2934
1913 2935
1913 2936
1913 2943
1913 2946
1913 2948
1913 2949
1913 2956
1913 2959
1913 2963
1913 2966
1913 2976
1913 2978
1913 2981
1913 2987
1913 3004
1913 3010
1913 3023
1913 3024
1913 3025
1913 3029
1913 3037
1913 3050
1913 3053
1913 3055
1913 3071
1913 3077
1913 3078
1913 3079
1913 3087
1913 3088
1913 3091
1913 3097
1913 3099
1913 3102
1913 3104
1913 3109
1913 3111
1913 3119
1913 3123
1913 3127
1913 3134
1913 3135
1913 3145
1913 3149
1913 3150
1913 3152
1913 3153
1913 3157
1913 3169
1913 3171
1913 3175
1913 3176
1913 3180
1913 3185
1913 3187
1913 3188
1913 3189
1913 3190
1913 3195
1913 3198
1913 3199
1913 3208
1913 3209
1913 3212
1913 3213
1913 3214
1913 3222
1913 3226
1913 3234
1913 3237
1913 3241
1913 3244
1913 3246
1913 3250
1913 3253
1913 3258
1913 3259
1913 3261
1913 3267
1913 3270
1913 3278
1913 3279
1913 3282
1913 3284
1913 3288
1913 3291
1913 3294
1913 3295
1913 3301
1913 3318
1913 3328
1913 3330
1913 3332
1913 3335
1913 3337
1913 3342
1913 3345
1913 3358
1913 3362
1913 3365
1913 3366
1913 3374
1913 3399
1913 3403
1913 3405
1913 3414
1913 3423
1913 3426
1913 3428
1913 3431
1913 3456
1913 3466
1913 3470
1913 3472
1913 3473
1913 3482
1913 3483
1913 3485
1913 3486
1913 3490
1913 3493
1913 3496
1913 3497
1913 3498
1913 3508
1913 3513
1913 3515
1913 3523
1913 3524
1913 3533
1913 3535
1913 3537
1913 3538
1913 3539
1913 3543
1913 3556
1913 3558
1913 3559
1913 3566
1913 3575
1913 3576
1913 3585
1913 3586
1913 3589
1913 3595
1913 3596
1913 3599
1913 3602
1913 3605
1913 3607
1913 3615
1913 3617
1913 3619
1913 3623
1913 3625
1913 3627
1913 3628
1913 3630
1913 3631
1913 3632
1913 3636
1913 3638
1913 3647
1913 3656
1913 3660
1913 3666
1913 3670
1913 3681
1913 3682
1913 3685
1913 3689
1913 3690
1913 3696
1913 3697
1913 3699
1913 3700
1913 3706
1913 3709
1913 3714
1913 3716
1913 3722
1913 3729
1913 3737
1913 3745
1913 3750
1913 3752
1913 3765
1913 3768
1913 3776
1913 3781
1913 3783
1913 3787
1913 3788
1913 3791
1913 3795
1913 3797
2119 4
2119 5
2119 6
2119 21
2119 35
2119 52
2119 54
2119 60
2119 64
2119 72
2119 73
2119 79
2119 92
2119 93
2119 94
2119 100
2119 106
2119 111
2119 125
2119 129
2119 137
2119 139
2119 141
2119 143
2119 147
2119 148
2119 164
2119 166
2119 171
2119 180
2119 190
2119 191
2119 194
2119 202
2119 207
2119 210
2119 215
2119 219
2119 225
2119 233
2119 235
2119 236
2119 242
2119 248
2119 255
2119 256
2119 260
2119 265
2119 274
2119 282
2119 296
2119 300
2119 303
2119 309
2119 318
2119 319
2119 323
2119 328
2119 331
2119 332
2119 333
2119 335
2119 347
2119 348
2119 363
2119 364
2119 374
2119 376
2119 387
2119 393
2119 398
2119 400
2119 406
2119 420
2119 428
2119 438
2119 441
2119 447
2119 448
2119 449
2119 450
2119 451
2119 452
2119 456
2119 459
2119 460
2119 461
2119 467
2119 473
2119 482
2119 483
2119 497
2119 502
2119 506
2119 515
2119 518
2119 521
2119 522
2119 529
2119 531
2119 534
2119 540
2119 543
2119 544
2119 552
2119 558
2119 563
2119 581
2119 582
2119 583
2119 584
2119 597
2119 610
2119 615
2119 618
2119 619
2119 620
2119 622
2119 626
2119 628
2119 633
2119 635
2119 637
2119 638
2119 640
2119 647
2119 662
2119 664
2119 669
2119 670
2119 675
2119 680
2119 681
2119 700
2119 705
2119 706
2119 710
2119 711
2119 722
2119 727
2119 730
2119 736
2119 739
2119 741
2119 744
2119 751
2119 758
2119 761
2119 764
2119 780
2119 782
2119 786
2119 787
2119 788
2119 790
2119 796
2119 800
2119 809
2119 811
2119 812
2119 813
2119 826
2119 828
2119 829
2119 830
2119 833
2119 845
2119 847
2119 850
2119 852
2119 856
2119 859
2119 867
2119 879
2119 891
2119 892
2119 894
2119 896
2119 899
2119 906
2119 914
2119 920
2119 924
2119 929
2119 942
2119 962
2119 966
2119 976
2119 983
2119 986
2119 988
2119 989
2119 993
2119 997
2119 1002
2119 1007
2119 1010
2119 1011
2119 1013
2119 1024
2119 1026
2119 1040
2119 1042
2119 1055
2119 1056
2119 1063
2119 1073
2119 1091
2119 1092
2119 1105
2119 1114
2119 1130
2119 1136
2119 1138
2119 1141
2119 1149
2119 1166
2119 1173
2119 1178
2119 1183
2119 1184
2119 1187
2119 1189
2119 1190
2119 1191
2119 1200
2119 1201
2119 1203
2119 1205
2119 1212
2119 1213
2119 1218
2119 1219
2119 1220
2119 1222
2119 1230
2119 1233
2119 1236
2119 1243
2119 1244
2119 1250
2119 1254
2119 1259
2119 1262
2119 1263
2119 1265
2119 1266
2119 1271
2119 1274
2119 1280
2119 1283
2119 1285
2119 1286
2119 1292
2119 1293
2119 1294
2119 1302
2119 1303
2119 1305
2119 1307
2119 1315
2119 1318
2119 1322
2119 1327
2119 1331
2119 1335
2119 1343
2119 1353
2119 1359
2119 1362
2119 1369
2119 1370
2119 1371
2119 1375
2119 1381
2119 1385
2119 1394
2119 1407
2119 1409
2119 1415
2119 1417
2119 1420
2119 1422
2119 1424
2119 1430
2119 1431
2119 1434
2119 1438
2119 1439
2119 1443
2119 1459
2119 1468
2119 1469
2119 1475
2119 1477
2119 1479
2119 1482
2119 1488
2119 1489
2119 1494
2119 1518
2119 1523
2119 1537
2119 1539
2119 1541
2119 1549
2119 1559
2119 1564
2119 1577
2119 1581
2119 1582
2119 1584
2119 1585
2119 1588
2119 1597
2119 1601
2119 1602
2119 1603
2119 1606
2119 1617
2119 1626
2119 1629
2119 1638
2119 1647
2119 1650
2119 1652
2119 1654
2119 1663
2119 1667
2119 1668
2119 1670
2119 1683
2119 1694
2119 1711
2119 1728
2119 1731
2119 1734
2119 1736
2119 1748
2119 1760
2119 1764
2119 1765
2119 1766
2119 1781
2119 1782
2119 1793
2119 1797
2119 1801
2119 1804
2119 1807
2119 1813
2119 1814
2119 1816
2119 1817
2119 1824
2119 1828
2119 1834
2119 1842
2119 1843
2119 1844
2119 1845
2119 1861
2119 1870
2119 1876
2119 1889
2119 1890
2119 1891
2119 1898
2119 1906
2119 1913
2119 1914
2119 1920
2119 1930
2119 1936
2119 1939
2119 1949
2119 1960
2119 1961
2119 1962
2119 1966
2119 1968
2119 1971
2119 1975
2119 1980
2119 1988
2119 1990
2119 1992
2119 1996
2119 1998
2119 1999
2119 2002
2119 2003
2119 2004
2119 2008
2119 2021
2119 2025
2119 2032
2119 2034
2119 2038
2119 2046
2119 2051
2119 2052
2119 2055
2119 2057
2119 2060
2119 2065
2119 2069
2119 2070
2119 2076
2119 2079
2119 2083
2119 2084
2119 2087
2119 2093
2119 2099
2119 2109
2119 2114
2119 2124
2119 2131
2119 2132
2119 2134
2119 2138
2119 2141
2119 2143
2119 2150
2119 2151
2119 2153
2119 2159
2119 2161
2119 2162
2119 2171
2119 2172
2119 2174
2119 2177
2119 2180
2119 2187
2119 2189
2119 2191
2119 2194
2119 2204
2119 2207
2119 2209
2119 2210
2119 2220
2119 2224
2119 2232
2119 2238
2119 2240
2119 2242
2119 2243
2119 2248
2119 2253
2119 2254
2119 2257
2119 2265
2119 2272
2119 2273
2119 2277
2119 2279
2119 2281
2119 2284
2119 2286
2119 2289
2119 2291
2119 2292
2119 2296
2119 2304
2119 2306
2119 2309
2119 2310
2119 2311
2119 2316
2119 2317
2119 2320
2119 2327
2119 2341
2119 2356
2119 2358
2119 2364
2119 2373
2119 2374
2119 2380
2119 2393
2119 2395
2119 2399
2119 2425
2119 2432
2119 2445
2119 2448
2119 2451
2119 2452
2119 2453
2119 2458
2119 2466
2119 2473
2119 2477
2119 2486
2119 2494
2119 2510
2119 2517
2119 2525
2119 2532
2119 2535
2119 2536
2119 2538
2119 2540
2119 2543
2119 2547
2119 2550
2119 2558
2119 2560
2119 2565
2119 2571
2119 2573
2119 2574
2119 2584
2119 2588
2119 2597
2119 2603
2119 2614
2119 2615
2119 2622
2119 2635
2119 2646
2119 2649
2119 2650
2119 2657
2119 2666
2119 2678
2119 2679
2119 2681
2119 2686
2119 2688
2119 2694
2119 2705
2119 2713
2119 2715
2119 2716
2119 2717
2119 2736
2119 2737
2119 2740
2119 2748
2119 2755
2119 2757
2119 2762
2119 2770
2119 2771
2119 2778
2119 2779
2119 2782
2119 2784
2119 2785
2119 2790
2119 2793
2119 2798
2119 2805
2119 2806
2119 2808
2119 2818
2119 2826
2119 2841
2119 2861
2119 2877
2119 2883
2119 2884
2119 2888
2119 2897
2119 2901
2119 2905
2119 2911
2119 2915
2119 2916
2119 2919
2119 2920
2119 2921
2119 2926
2119 2927
2119 2929
2119 2931
2119 2955
2119 2956
2119 2972
2119 2973
2119 2975
2119 2988
2119 3004
2119 3006
2119 3007
2119 3008
2119 3009
2119 3016
2119 3022
2119 3026
2119 3028
2119 3032
2119 3037
2119 3041
2119 3052
2119 3066
2119 3068
2119 3070
2119 3080
2119 3081
2119 3083
2119 3089
2119 3095
2119 3127
2119 3129
2119 3133
2119 3134
2119 3141
2119 3142
2119 3146
2119 3152
2119 3154
2119 3161
2119 3165
2119 3170
2119 3172
2119 3178
2119 3182
2119 3185
2119 3186
2119 3188
2119 3191
2119 3207
2119 3214
2119 3222
2119 3227
2119 3229
2119 3231
2119 3238
2119 3239
2119 3244
2119 3252
2119 3255
2119 3257
2119 3258
2119 3263
2119 3265
2119 3291
2119 3301
2119 3302
2119 3317
2119 3321
2119 3325
2119 3326
2119 3332
2119 3339
2119 3353
2119 3355
2119 3358
2119 3371
2119 3374
2119 3375
2119 3385
2119 3390
2119 3399
2119 3403
2119 3415
2119 3419
2119 3428
2119 3431
2119 3434
2119 3439
2119 3454
2119 3459
2119 3460
2119 3465
2119 3469
2119 3471
2119 3472
2119 3487
2119 3491
2119 3494
2119 3514
2119 3520
2119 3525
2119 3536
2119 3544
2119 3549
2119 3555
2119 3556
2119 3560
2119 3561
2119 3563
2119 3564
2119 3575
2119 3579
2119 3583
2119 3584
2119 3588
2119 3589
2119 3603
2119 3611
2119 3616
2119 3617
2119 3624
2119 3627
2119 3636
2119 3637
2119 3638
2119 3644
2119 3653
2119 3658
2119 3661
2119 3666
2119 3668
2119 3670
2119 3685
2119 3691
2119 3697
2119 3701
2119 3707
2119 3713
2119 3716
2119 3722
2119 3729
2119 3735
2119 3736
2119 3737
2119 3743
2119 3755
2119 3757
2119 3758
2119 3760
2119 3765
2119 3766
2119 3769
2119 3779
2119 3785
2119 3789
293 6
293 10
293 16
293 24
293 25
293 28
293 38
293 39
293 50
293 51
293 52
293 55
293 58
293 60
293 61
293 62
293 63
293 66
293 72
293 84
293 89
293 111
293 113
293 115
293 118
293 120
293 122
293 125
293 131
293 141
293 142
293 148
293 149
293 165
293 168
293 173
293 175
293 176
293 177
293 179
293 182
293 188
293 189
293 192
293 195
293 199
293 216
293 218
293 221
293 222
293 225
293 235
293 237
293 239
293 247
293 254
293 259
293 262
293 268
293 270
293 290
293 295
293 297
293 299
293 302
293 304
293 307
293 315
293 316
293 317
293 328
293 334
293 338
293 339
293 344
293 345
293 347
293 355
293 356
293 359
293 361
293 368
293 372
293 374
293 375
293 376
293 377
293 382
293 388
293 391
293 393
293 410
293 419
293 425
293 426
293 431
293 432
293 439
293 451
293 452
293 453
293 456
293 461
293 463
293 467
293 476
293 477
293 478
293 484
293 489
293 492
293 493
293 514
293 518
293 521
293 522
293 523
293 535
293 540
293 554
293 559
293 566
293 574
293 577
293 582
293 584
293 585
293 590
293 591
293 592
293 595
293 598
293 606
293 619
293 629
293 636
293 641
293 644
293 653
293 664
293 670
293 671
293 679
293 681
293 688
293 696
293 709
293 713
293 714
293 723
293 725
293 727
293 740
293 743
293 744
293 754
293 762
293 763
293 775
293 781
293 788
293 801
293 804
293 808
293 812
293 817
293 821
293 823
293 829
293 830
293 832
293 837
293 845
293 850
293 852
293 853
293 860
293 862
293 865
293 867
293 871
293 875
293 877
293 884
293 893
293 907
293 915
293 919
293 935
293 937
293 942
293 945
293 946
293 950
293 960
293 962
293 963
293 966
293 967
293 971
293 974
293 978
293 979
293 984
293 988
293 1001
293 1006
293 1008
293 1011
293 1017
293 1018
293 1033
293 1043
293 1048
293 1052
293 1063
293 1067
293 1069
293 1071
293 1075
293 1082
293 1085
293 1094
293 1114
293 1115
293 1116
293 1131
293 1132
293 1135
293 1142
293 1146
293 1147
293 1152
293 1158
293 1166
293 1169
293 1185
293 1186
293 1189
293 1193
293 1198
293 1206
293 1207
293 1211
293 1216
293 1228
293 1232
293 1238
293 1241
293 1243
293 1247
293 1248
293 1250
293 1252
293 1256
293 1262
293 1267
293 1272
293 1279
293 1280
293 1292
293 1296
293 1301
293 1303
293 1305
293 1314
293 1320
293 1323
293 1326
293 1329
293 1342
293 1348
293 1350
293 1351
293 1352
293 1355
293 1356
293 1359
293 1361
293 1363
293 1365
293 1368
293 1374
293 1378
293 1380
293 1381
293 1383
293 1398
293 1408
293 1411
293 1418
293 1433
293 1435
293 1436
293 1446
293 1449
293 1467
293 1468
293 1485
293 1505
293 1520
293 1532
293 1535
293 1536
293 1548
293 1558
293 1561
293 1562
293 1574
293 1588
293 1598
293 1607
293 1611
293 1614
293 1616
293 1617
293 1624
293 1626
293 1628
293 1639
293 1647
293 1651
293 1658
293 1667
293 1668
293 1669
293 1671
293 1687
293 1690
293 1693
293 1696
293 1698
293 1705
293 1706
293 1711
293 1715
293 1718
293 1727
293 1738
293 1743
293 1746
293 1754
293 1757
293 1765
293 1786
293 1795
293 1802
293 1803
293 1809
293 1811
293 1817
293 1819
293 1827
293 1828
293 1830
293 1832
293 1834
293 1838
293 1839
293 1841
293 1842
293 1846
293 1853
293 1863
293 1864
293 1868
293 1870
293 1874
293 1877
293 1881
293 1883
293 1896
293 1900
293 1901
293 1903
293 1905
293 1909
293 1918
293 1920
293 1921
293 1935
293 1939
293 1952
293 1955
293 1968
293 1970
293 1972
293 1981
293 1985
293 1993
293 1996
293 1997
293 2010
293 2013
293 2018
293 2024
293 2027
293 2035
293 2042
293 2044
293 2053
293 2055
293 2063
293 2071
293 2072
293 2073
293 2074
293 2078
293 2083
293 2086
293 2092
293 2097
293 2100
293 2101
293 2106
293 2116
293 2123
293 2126
293 2128
293 2131
293 2136
293 2137
293 2143
293 2144
293 2147
293 2151
293 2157
293 2162
293 2163
293 2166
293 2172
293 2173
293 2176
293 2177
293 2191
293 2194
293 2196
293 2198
293 2199
293 2200
293 2203
293 2209
293 2210
293 2226
293 2234
293 2238
293 2239
293 2243
293 2247
293 2251
293 2257
293 2260
293 2269
293 2280
293 2284
293 2285
293 2289
293 2297
293 2298
293 2299
293 2302
293 2303
293 2310
293 2315
293 2317
293 2328
293 2329
293 2331
293 2333
293 2334
293 2338
293 2348
293 2351
293 2354
293 2359
293 2365
293 2372
293 2374
293 2376
293 2383
293 2384
293 2387
293 2391
293 2405
293 2406
293 2410
293 2413
293 2419
293 2425
293 2431
293 2435
293 2444
293 2461
293 2465
293 2475
293 2476
293 2477
293 2481
293 2498
293 2499
293 2507
293 2515
293 2532
293 2541
293 2542
293 2543
293 2555
293 2558
293 2559
293 2564
293 2565
293 2566
293 2567
293 2568
293 2575
293 2576
293 2589
293 2591
293 2612
293 2615
293 2617
293 2619
293 2623
293 2635
293 2638
293 2647
293 2650
293 2651
293 2657
293 2674
293 2676
293 2678
293 2682
293 2691
293 2701
293 2709
293 2711
293 2715
293 2723
293 2725
293 2726
293 2729
293 2742
293 2744
293 2745
293 2755
293 2759
293 2761
293 2762
293 2771
293 2772
293 2774
293 2776
293 2777
293 2781
293 2785
293 2788
293 2791
293 2793
293 2796
293 2801
293 2806
293 2818
293 2819
293 2820
293 2823
293 2832
293 2835
293 2845
293 2849
293 2864
293 2867
293 2868
293 2871
293 2887
293 2894
293 2899
293 2902
293 2903
293 2904
293 2908
293 2917
293 2920
293 2921
293 2924
293 2928
293 2929
293 2943
293 2949
293 2960
293 2961
293 2971
293 2972
293 2977
293 2978
293 2980
293 2988
293 2990
293 2994
293 2999
293 3001
293 3008
293 3013
293 3016
293 3021
293 3027
293 3028
293 3035
293 3036
293 3050
293 3052
293 3054
293 3055
293 3061
293 3062
293 3064
293 3065
293 3072
293 3075
293 3080
293 3082
293 3086
293 3091
293 3102
293 3106
293 3109
293 3110
293 3120
293 3128
293 3131
293 3133
293 3142
293 3143
293 3148
293 3158
293 3161
293 3168
293 3169
293 3174
293 3178
293 3181
293 3193
293 3194
293 3205
293 3209
293 3213
293 3215
293 3216
293 3237
293 3242
293 3245
293 3250
293 3260
293 3261
293 3262
293 3269
293 3276
293 3280
293 3296
293 3297
293 3308
293 3312
293 3313
293 3316
293 3320
293 3322
293 3328
293 3333
293 3338
293 3350
293 3353
293 3354
293 3355
293 3364
293 3366
293 3367
293 3372
293 3383
293 3385
293 3389
293 3391
293 3401
293 3404
293 3405
293 3412
293 3420
293 3423
293 3426
293 3430
293 3438
293 3441
293 3442
293 3446
293 3448
293 3450
293 3452
293 3454
293 3456
293 3458
293 3461
293 3464
293 3466
293 3468
293 3478
293 3485
293 3493
293 3494
293 3496
293 3503
293 3508
293 3513
293 3521
293 3524
293 3530
293 3535
293 3544
293 3545
293 3548
293 3555
293 3561
293 3568
293 3570
293 3572
293 3582
293 3584
293 3585
293 3590
293 3596
293 3599
293 3602
293 3608
293 3621
293 3625
293 3628
293 3634
293 3635
293 3642
293 3656
293 3660
293 3662
293 3665
293 3670
293 3671
293 3672
293 3677
293 3683
293 3694
293 3701
293 3703
293 3704
293 3706
293 3711
293 3712
293 3713
293 3714
293 3718
293 3722
293 3724
293 3731
293 3743
293 3744
293 3750
293 3753
293 3764
293 3765
293 3770
293 3772
293 3780
293 3783
293 3787
293 3792
293 3794
293 3800
387 4
387 16
387 23
387 24
387 31
387 32
387 34
387 35
387 39
387 48
387 50
387 54
387 56
387 57
387 66
387 71
387 73
387 74
387 76
387 89
387 90
387 93
387 94
387 96
387 101
387 106
387 108
387 115
387 116
387 128
387 134
387 137
387 139
387 142
387 145
387 146
387 148
387 155
387 164
387 166
387 172
387 175
387 178
387 179
387 180
387 185
387 186
387 187
387 194
387 195
387 199
387 213
387 231
387 238
387 239
387 242
387 246
387 248
387 254
387 261
387 264
387 280
387 284
387 285
387 302
387 311
387 314
387 332
387 333
387 336
387 342
387 344
387 352
387 354
387 356
387 361
387 362
387 368
387 372
387 382
387 384
387 391
387 392
387 413
387 417
387 418
387 444
387 448
387 452
387 456
387 458
387 460
387 463
387 467
387 468
387 470
387 475
387 477
387 478
387 489
387 491
387 502
387 525
387 529
387 531
387 532
387 533
387 539
387 554
387 560
387 566
387 571
387 574
387 579
387 586
387 588
387 608
387 613
387 615
387 620
387 624
387 626
387 628
387 632
387 640
387 641
387 647
387 652
387 655
387 656
387 660
387 663
387 668
387 675
387 680
387 682
387 685
387 692
387 693
387 699
387 702
387 704
387 705
387 708
387 710
387 711
387 713
387 720
387 738
387 739
387 753
387 755
387 781
387 783
387 785
387 795
387 797
387 801
387 805
387 811
387 823
387 824
387 830
387 843
387 849
387 852
387 867
387 868
387 877
387 879
387 890
387 891
387 895
387 903
387 905
387 913
387 919
387 922
387 923
387 928
387 933
387 937
387 946
387 947
387 949
387 950
387 960
387 968
387 976
387 978
387 981
387 984
387 993
387 994
387 995
387 997
387 1001
387 1008
387 1017
387 1022
387 1026
387 1027
387 1031
387 1035
387 1050
387 1054
387 1057
387 1058
387 1059
387 1067
387 1074
387 1082
387 1084
387 1091
387 1095
387 1096
387 1099
387 1102
387 1115
387 1128
387 1131
387 1133
387 1137
387 1153
387 1161
387 1166
387 1167
387 1170
387 1175
387 1176
387 1179
387 1180
387 1187
387 1222
387 1226
387 1228
387 1229
387 1234
387 1240
387 1241
387 1243
387 1245
387 1246
387 1247
387 1249
387 1251
387 1254
387 1255
387 1262
387 1263
387 1270
387 1271
387 1273
387 1281
387 1282
387 1287
387 1288
387 1295
387 1301
387 1311
387 1315
387 1324
387 1329
387 1337
387 1350
387 1351
387 1352
387 1355
387 1357
387 1367
387 1375
387 1381
387 1386
387 1394
387 1406
387 1408
387 1414
387 1416
387 1418
387 1422
387 1423
387 1430
387 1435
387 1440
387 1447
387 1455
387 1459
387 1460
387 1474
387 1477
387 1482
387 1495
387 1498
387 1501
387 1503
387 1506
387 1509
387 1517
387 1522
387 1532
387 1533
387 1536
387 1545
387 1546
387 1551
387 1553
387 1554
387 1556
387 1558
387 1563
387 1565
387 1568
387 1578
387 1584
387 1588
387 1595
387 1597
387 1612
387 1616
387 1626
387 1637
387 1639
387 1661
387 1669
387 1675
387 1676
387 1678
387 1682
387 1694
387 1697
387 1701
387 1714
387 1722
387 1724
387 1726
387 1740
387 1750
387 1752
387 1758
387 1776
387 1777
387 1784
387 1786
387 1787
387 1797
387 1803
387 1806
387 1809
387 1813
387 1815
387 1818
387 1821
387 1822
387 1826
387 1827
387 1829
387 1830
387 1834
387 1856
387 1862
387 1863
387 1866
387 1867
387 1870
387 1873
387 1874
387 1877
387 1879
387 1881
387 1885
387 1892
387 1894
387 1897
387 1906
387 1909
387 1913
387 1918
387 1920
387 1921
387 1925
387 1936
387 1939
387 1940
387 1942
387 1943
387 1950
387 1952
387 1956
387 1966
387 1968
387 1969
387 1991
387 1996
387 1998
387 2011
387 2019
387 2027
387 2028
387 2030
387 2045
387 2049
387 2052
387 2067
387 2069
387 2075
387 2079
387 2089
387 2093
387 2102
387 2103
387 2104
387 2105
387 2109
387 2128
387 2157
387 2168
387 2183
387 2194
387 2197
387 2200
387 2206
387 2218
387 2219
387 2224
387 2240
387 2242
387 2245
387 2247
387 2248
387 2249
387 2251
387 2254
387 2263
387 2264
387 2269
387 2277
387 2285
387 2297
387 2305
387 2311
387 2315
387 2319
387 2324
387 2326
387 2331
387 2335
387 2337
387 2343
387 2344
387 2350
387 2355
387 2366
387 2382
387 2396
387 2398
387 2413
387 2415
387 2422
387 2428
387 2429
387 2432
387 2435
387 2436
387 2444
387 2458
387 2464
387 2468
387 2470
387 2476
387 2477
387 2483
387 2506
387 2510
387 2513
387 2515
387 2520
387 2521
387 2524
387 2529
387 2535
387 2538
387 2540
387 2541
387 2547
387 2552
387 2575
387 2583
387 2584
387 2588
387 2594
387 2599
387 2600
387 2604
387 2605
387 2609
387 2610
387 2613
387 2614
387 2619
387 2624
387 2643
387 2644
387 2645
387 2652
387 2654
387 2656
387 2657
387 2659
387 2663
387 2670
387 2672
387 2674
387 2677
387 2680
387 2687
387 2691
387 2692
387 2693
387 2694
387 2698
387 2702
387 2703
387 2713
387 2716
387 2720
387 2721
387 2723
387 2726
387 2727
387 2733
387 2752
387 2760
387 2761
387 2765
387 2785
387 2787
387 2788
387 2797
387 2799
387 2804
387 2806
387 2808
387 2809
387 2812
387 2818
387 2842
387 2843
387 2845
387 2859
387 2864
387 2865
387 2869
387 2878
387 2890
387 2895
387 2897
387 2902
387 2907
387 2917
387 2918
387 2927
387 2936
387 2937
387 2941
387 2943
387 2945
387 2950
387 2955
387 2957
387 2961
387 2962
387 2964
387 2971
387 2978
387 2981
387 2997
387 3001
387 3006
387 3019
387 3021
387 3031
387 3040
387 3041
387 3043
387 3044
387 3050
387 3052
387 3054
387 3056
387 3064
387 3066
387 3069
387 3070
387 3073
387 3074
387 3077
387 3085
387 3097
387 3101
387 3105
387 3109
387 3112
387 3117
387 3122
387 3133
387 3139
387 3149
387 3151
387 3156
387 3160
387 3167
387 3173
387 3175
387 3176
387 3181
387 3186
387 3191
387 3203
387 3204
387 3206
387 3212
387 3226
387 3228
387 3237
387 3245
387 3247
387 3256
387 3259
387 3260
387 3263
387 3264
387 3265
387 3269
387 3270
387 3272
387 3275
387 3280
387 3283
387 3285
387 3295
387 3302
387 3304
387 3310
387 3317
387 3318
387 3321
387 3335
387 3339
387 3348
387 3352
387 3356
387 3357
387 3363
387 3368
387 3369
387 3375
387 3381
387 3386
387 3388
387 3390
387 3391
387 3399
387 3401
387 3408
387 3409
387 3416
387 3420
387 3424
387 3426
387 3428
387 3432
387 3433
387 3442
387 3443
387 3448
387 3449
387 3456
387 3460
387 3465
387 3472
387 3478
387 3479
387 3482
387 3484
387 3486
387 3488
387 3489
387 3490
387 3491
387 3493
387 3495
387 3499
387 3500
387 3504
387 3511
387 3516
387 3520
387 3529
387 3534
387 3538
387 3540
387 3548
387 3553
387 3568
387 3573
387 3574
387 3585
387 3593
387 3608
387 3610
387 3616
387 3623
387 3625
387 3627
387 3630
387 3632
387 3633
387 3636
387 3638
387 3646
387 3664
387 3684
387 3687
387 3688
387 3690
387 3691
387 3698
387 3718
387 3720
387 3721
387 3722
387 3729
387 3742
387 3743
387 3750
387 3756
387 3760
387 3764
387 3770
387 3772
387 3779
387 3781
387 3782
387 3786
387 3788
387 3791
2238 17
2238 18
2238 22
2238 36
2238 41
2238 53
2238 68
2238 70
2238 71
2238 72
2238 75
2238 81
2238 84
2238 86
2238 92
2238 100
2238 107
2238 109
2238 110
2238 112
2238 116
2238 120
2238 123
2238 130
2238 132
2238 134
2238 154
2238 157
2238 161
2238 166
2238 169
2238 178
2238 185
2238 190
2238 191
2238 197
2238 200
2238 203
2238 204
2238 215
2238 223
2238 227
2238 235
2238 242
2238 244
2238 245
2238 248
2238 253
2238 259
2238 261
2238 264
2238 269
2238 273
2238 275
2238 277
2238 280
2238 287
2238 294
2238 309
2238 310
2238 317
2238 319
2238 337
2238 338
2238 341
2238 344
2238 350
2238 356
2238 362
2238 372
2238 377
2238 379
2238 381
2238 386
2238 390
2238 403
2238 406
2238 410
2238 415
2238 423
2238 429
2238 430
2238 434
2238 436
2238 437
2238 450
2238 456
2238 469
2238 475
2238 477
2238 478
2238 486
2238 490
2238 492
2238 496
2238 501
2238 504
2238 521
2238 523
2238 525
2238 536
2238 538
2238 542
2238 551
2238 559
2238 561
2238 564
2238 565
2238 573
2238 577
2238 591
2238 593
2238 595
2238 596
2238 600
2238 602
2238 607
2238 609
2238 626
2238 630
2238 643
2238 655
2238 661
2238 667
2238 669
2238 670
2238 675
2238 688
2238 690
2238 693
2238 695
2238 698
2238 700
2238 705
2238 711
2238 712
2238 730
2238 731
2238 732
2238 743
2238 747
2238 752
2238 761
2238 764
2238 769
2238 772
2238 781
2238 782
2238 788
2238 791
2238 794
2238 800
2238 805
2238 807
2238 819
2238 832
2238 839
2238 849
2238 854
2238 857
2238 858
2238 870
2238 879
2238 883
2238 890
2238 895
2238 908
2238 911
2238 915
2238 916
2238 920
2238 925
2238 928
2238 929
2238 930
2238 946
2238 949
2238 950
2238 955
2238 958
2238 960
2238 963
2238 972
2238 977
2238 984
2238 986
2238 987
2238 988
2238 993
2238 997
2238 1003
2238 1006
2238 1013
2238 1017
2238 1022
2238 1034
2238 1038
2238 1047
2238 1061
2238 1065
2238 1067
2238 1080
2238 1081
2238 1091
2238 1094
2238 1096
2238 1097
2238 1099
2238 1103
2238 1104
2238 1106
2238 1114
2238 1115
2238 1120
2238 1133
2238 1135
2238 1136
2238 1137
2238 1143
2238 1149
2238 1155
2238 1158
2238 1160
2238 1164
2238 1168
2238 1188
2238 1189
2238 1205
2238 1217
2238 1219
2238 1225
2238 1246
2238 1251
2238 1253
2238 1254
2238 1255
2238 1258
2238 1261
2238 1266
2238 1275
2238 1279
2238 1281
2238 1287
2238 1288
2238 1292
2238 1296
2238 1302
2238 1311
2238 1313
2238 1317
2238 1318
2238 1327
2238 1330
2238 1349
2238 1353
2238 1357
2238 1364
2238 1379
2238 1384
2238 1388
2238 1392
2238 1396
2238 1407
2238 1417
2238 1418
2238 1419
2238 1420
2238 1422
2238 1440
2238 1448
2238 1452
2238 1457
2238 1470
2238 1471
2238 1473
2238 1477
2238 1479
2238 1481
2238 1496
2238 1507
2238 1512
2238 1532
2238 1537
2238 1538
2238 1543
2238 1549
2238 1555
2238 1557
2238 1560
2238 1561
2238 1565
2238 1570
2238 1579
2238 1581
2238 1582
2238 1584
2238 1587
2238 1594
2238 1612
2238 1622
2238 1623
2238 1628
2238 1633
2238 1637
2238 1638
2238 1644
2238 1646
2238 1653
2238 1657
2238 1661
2238 1670
2238 1671
2238 1673
2238 1677
2238 1679
2238 1689
2238 1690
2238 1694
2238 1696
2238 1699
2238 1701
2238 1718
2238 1723
2238 1724
2238 1731
2238 1732
2238 1742
2238 1746
2238 1747
2238 1749
2238 1752
2238 1755
2238 1760
2238 1780
2238 1787
2238 1790
2238 1791
2238 1797
2238 1809
2238 1810
2238 1819
2238 1825
2238 1827
2238 1841
2238 1843
2238 1844
2238 1847
2238 1861
2238 1866
2238 1868
2238 1875
2238 1880
2238 1884
2238 1886
2238 1889
2238 1906
2238 1910
2238 1914
2238 1915
2238 1933
2238 1934
2238 1939
2238 1943
2238 1944
2238 1952
2238 1954
2238 1959
2238 1960
2238 1964
2238 1967
2238 1972
2238 1974
2238 1992
2238 2000
2238 2005
2238 2011
2238 2018
2238 2019
2238 2020
2238 2024
2238 2030
2238 2031
2238 2040
2238 2045
2238 2048
2238 2050
2238 2054
2238 2065
2238 2067
2238 2074
2238 2081
2238 2082
2238 2083
2238 2090
2238 2092
2238 2097
2238 2099
2238 2104
2238 2106
2238 2110
2238 2112
2238 2113
2238 2117
2238 2127
2238 2139
2238 2146
2238 2151
2238 2154
2238 2158
2238 2162
2238 2163
2238 2169
2238 2170
2238 2171
2238 2180
2238 2181
2238 2186
2238 2189
2238 2195
2238 2201
2238 2205
2238 2212
2238 2216
2238 2217
2238 2218
2238 2228
2238 2246
2238 2252
2238 2262
2238 2265
2238 2268
2238 2273
2238 2283
2238 2292
2238 2301
2238 2307
2238 2308
2238 2316
2238 2322
2238 2330
2238 2332
2238 2337
2238 2339
2238 2340
2238 2344
2238 2354
2238 2356
2238 2360
2238 2364
2238 2366
2238 2370
2238 2371
2238 2372
2238 2374
2238 2376
2238 2377
2238 2398
2238 2402
2238 2405
2238 2407
2238 2427
2238 2430
2238 2433
2238 2438
2238 2441
2238 2446
2238 2450
2238 2451
2238 2452
2238 2455
2238 2456
2238 2466
2238 2471
2238 2472
2238 2475
2238 2489
2238 2491
2238 2492
2238 2493
2238 2494
2238 2500
2238 2506
2238 2507
2238 2509
2238 2510
2238 2513
2238 2530
2238 2544
2238 2548
2238 2552
2238 2555
2238 2556
2238 2562
2238 2565
2238 2567
2238 2571
2238 2580
2238 2581
2238 2583
2238 2584
2238 2587
2238 2592
2238 2611
2238 2614
2238 2628
2238 2633
2238 2636
2238 2651
2238 2654
2238 2660
2238 2665
2238 2673
2238 2682
2238 2689
2238 2696
2238 2704
2238 2707
2238 2731
2238 2736
2238 2737
2238 2742
2238 2746
2238 2747
2238 2748
2238 2751
2238 2755
2238 2769
2238 2775
2238 2779
2238 2781
2238 2785
2238 2788
2238 2789
2238 2797
2238 2803
2238 2804
2238 2805
2238 2806
2238 2808
2238 2813
2238 2814
2238 2821
2238 2832
2238 2835
2238 2840
2238 2845
2238 2862
2238 2871
2238 2875
2238 2877
2238 2886
2238 2890
2238 2891
2238 2911
2238 2920
2238 2925
2238 2932
2238 2933
2238 2940
2238 2949
2238 2957
2238 2960
2238 2962
2238 2963
2238 2964
2238 2968
2238 2972
2238 2973
2238 2974
2238 2977
2238 2978
2238 2980
2238 2985
2238 2988
2238 2998
2238 3006
2238 3011
2238 3016
2238 3018
2238 3029
2238 3030
2238 3031
2238 3037
2238 3038
2238 3047
2238 3048
2238 3057
2238 3063
2238 3064
2238 3093
2238 3100
2238 3101
2238 3106
2238 3112
2238 3118
2238 3125
2238 3129
2238 3143
2238 3150
2238 3157
2238 3168
2238 3179
2238 3186
2238 3187
2238 3197
2238 3198
2238 3202
2238 3205
2238 3209
2238 3215
2238 3221
2238 3223
2238 3233
2238 3235
2238 3252
2238 3254
2238 3256
2238 3258
2238 3268
2238 3271
2238 3274
2238 3284
2238 3285
2238 3292
2238 3301
2238 3304
2238 3306
2238 3311
2238 3319
2238 3322
2238 3325
2238 3327
2238 3328
2238 3331
2238 3332
2238 3339
2238 3341
2238 3346
2238 3352
2238 3356
2238 3362
2238 3370
2238 3372
2238 3381
2238 3384
2238 3388
2238 3405
2238 3417
2238 3418
2238 3422
2238 3428
2238 3440
2238 3444
2238 3448
2238 3449
2238 3457
2238 3459
2238 3462
2238 3474
2238 3475
2238 3486
2238 3489
2238 3501
2238 3503
2238 3504
2238 3521
2238 3522
2238 3523
2238 3525
2238 3528
2238 3530
2238 3532
2238 3544
2238 3548
2238 3551
2238 3555
2238 3557
2238 3558
2238 3565
2238 3566
2238 3568
2238 3569
2238 3582
2238 3583
2238 3593
2238 3595
2238 3596
2238 3597
2238 3598
2238 3604
2238 3605
2238 3608
2238 3611
2238 3613
2238 3618
2238 3625
2238 3633
2238 3635
2238 3636
2238 3637
2238 3638
2238 3644
2238 3645
2238 3652
2238 3654
2238 3664
2238 3667
2238 3679
2238 3685
2238 3687
2238 3688
2238 3690
2238 3691
2238 3697
2238 3702
2238 3705
2238 3707
2238 3708
2238 3714
2238 3717
2238 3718
2238 3722
2238 3724
2238 3725
2238 3727
2238 3728
2238 3729
2238 3733
2238 3739
2238 3741
2238 3744
2238 3753
2238 3757
2238 3762
2238 3765
2238 3773
2238 3789
2238 3790
2238 3794
2476 12
2476 28
2476 30
2476 43
2476 44
2476 45
2476 56
2476 61
2476 65
2476 76
2476 80
2476 81
2476 83
2476 90
2476 95
2476 96
2476 98
2476 107
2476 109
2476 110
2476 115
2476 123
2476 125
2476 130
2476 132
2476 134
2476 135
2476 136
2476 137
2476 139
2476 143
2476 146
2476 150
2476 158
2476 160
2476 161
2476 162
2476 167
2476 170
2476 173
2476 174
2476 176
2476 180
2476 181
2476 187
2476 189
2476 198
2476 209
2476 213
2476 216
2476 226
2476 231
2476 236
2476 237
2476 240
2476 249
2476 259
2476 260
2476 273
2476 286
2476 287
2476 294
2476 295
2476 303
2476 305
2476 320
2476 323
2476 327
2476 332
2476 339
2476 347
2476 348
2476 351
2476 357
2476 359
2476 370
2476 393
2476 398
2476 401
2476 403
2476 404
2476 405
2476 429
2476 430
2476 431
2476 432
2476 442
2476 448
2476 454
2476 455
2476 462
2476 464
2476 468
2476 469
2476 471
2476 474
2476 484
2476 499
2476 503
2476 506
2476 510
2476 514
2476 516
2476 518
2476 519
2476 530
2476 533
2476 534
2476 535
2476 539
2476 542
2476 554
2476 559
2476 573
2476 575
2476 578
2476 581
2476 582
2476 583
2476 585
2476 588
2476 589
2476 599
2476 603
2476 609
2476 610
2476 616
2476 619
2476 625
2476 626
2476 631
2476 638
2476 648
2476 651
2476 657
2476 661
2476 666
2476 672
2476 674
2476 679
2476 686
2476 690
2476 691
2476 699
2476 710
2476 711
2476 720
2476 724
2476 738
2476 747
2476 752
2476 754
2476 756
2476 786
2476 803
2476 804
2476 806
2476 808
2476 811
2476 813
2476 815
2476 822
2476 823
2476 830
2476 831
2476 852
2476 858
2476 863
2476 866
2476 869
2476 872
2476 878
2476 881
2476 888
2476 891
2476 894
2476 895
2476 898
2476 904
2476 910
2476 911
2476 918
2476 934
2476 936
2476 941
2476 945
2476 948
2476 953
2476 956
2476 961
2476 969
2476 975
2476 984
2476 989
2476 995
2476 997
2476 1002
2476 1007
2476 1016
2476 1021
2476 1023
2476 1024
2476 1027
2476 1030
2476 1045
2476 1053
2476 1054
2476 1069
2476 1072
2476 1075
2476 1076
2476 1086
2476 1093
2476 1109
2476 1111
2476 1114
2476 1120
2476 1125
2476 1134
2476 1135
2476 1136
2476 1140
2476 1143
2476 1144
2476 1154
2476 1159
2476 1164
2476 1169
2476 1172
2476 1175
2476 1177
2476 1180
2476 1186
2476 1190
2476 1195
2476 1196
2476 1207
2476 1212
2476 1215
2476 1232
2476 1235
2476 1236
2476 1240
2476 1241
2476 1242
2476 1244
2476 1251
2476 1263
2476 1282
2476 1301
2476 1316
2476 1320
2476 1336
2476 1342
2476 1348
2476 1362
2476 1364
2476 1365
2476 1374
2476 1375
2476 1377
2476 1391
2476 1396
2476 1400
2476 1404
2476 1405
2476 1429
2476 1430
2476 1432
2476 1434
2476 1437
2476 1440
2476 1442
2476 1446
2476 1451
2476 1455
2476 1456
2476 1460
2476 1465
2476 1476
2476 1479
2476 1488
2476 1489
2476 1491
2476 1493
2476 1496
2476 1501
2476 1506
2476 1508
2476 1512
2476 1513
2476 1516
2476 1517
2476 1520
2476 1521
2476 1524
2476 1526
2476 1527
2476 1545
2476 1551
2476 1557
2476 1577
2476 1578
2476 1580
2476 1592
2476 1615
2476 1618
2476 1621
2476 1623
2476 1636
2476 1638
2476 1645
2476 1659
2476 1676
2476 1680
2476 1682
2476 1686
2476 1687
2476 1690
2476 1693
2476 1698
2476 1699
2476 1700
2476 1702
2476 1708
2476 1717
2476 1723
2476 1737
2476 1742
2476 1746
2476 1747
2476 1748
2476 1753
2476 1754
2476 1756
2476 1757
2476 1759
2476 1764
2476 1770
2476 1777
2476 1779
2476 1787
2476 1789
2476 1790
2476 1791
2476 1793
2476 1796
2476 1799
2476 1810
2476 1812
2476 1820
2476 1821
2476 1822
2476 1830
2476 1832
2476 1838
2476 1843
2476 1855
2476 1857
2476 1862
2476 1867
2476 1870
2476 1879
2476 1882
2476 1887
2476 1896
2476 1898
2476 1903
2476 1913
2476 1918
2476 1920
2476 1921
2476 1922
2476 1928
2476 1929
2476 1932
2476 1933
2476 1939
2476 1950
2476 1951
2476 1955
2476 1957
2476 1958
2476 1959
2476 1965
2476 1969
2476 1981
2476 1986
2476 1989
2476 1990
2476 1993
2476 1994
2476 2004
2476 2016
2476 2022
2476 2023
2476 2027
2476 2031
2476 2033
2476 2038
2476 2039
2476 2061
2476 2062
2476 2065
2476 2068
2476 2074
2476 2075
2476 2076
2476 2081
2476 2083
2476 2090
2476 2115
2476 2119
2476 2125
2476 2126
2476 2131
2476 2141
2476 2143
2476 2144
2476 2153
2476 2155
2476 2160
2476 2161
2476 2165
2476 2167
2476 2171
2476 2182
2476 2183
2476 2185
2476 2191
2476 2199
2476 2200
2476 2212
2476 2232
2476 2240
2476 2245
2476 2249
2476 2250
2476 2252
2476 2262
2476 2264
2476 2270
2476 2278
2476 2287
2476 2289
2476 2297
2476 2304
2476 2305
2476 2306
2476 2331
2476 2332
2476 2338
2476 2341
2476 2362
2476 2364
2476 2372
2476 2374
2476 2375
2476 2376
2476 2378
2476 2380
2476 2381
2476 2382
2476 2384
2476 2388
2476 2393
2476 2396
2476 2400
2476 2406
2476 2408
2476 2415
2476 2419
2476 2422
2476 2429
2476 2430
2476 2435
2476 2439
2476 2440
2476 2442
2476 2445
2476 2448
2476 2449
2476 2459
2476 2474
2476 2486
2476 2487
2476 2490
2476 2495
2476 2496
2476 2510
2476 2511
2476 2518
2476 2521
2476 2522
2476 2523
2476 2535
2476 2541
2476 2548
2476 2554
2476 2558
2476 2565
2476 2569
2476 2577
2476 2586
2476 2591
2476 2592
2476 2595
2476 2598
2476 2604
2476 2605
2476 2607
2476 2653
2476 2654
2476 2656
2476 2664
2476 2666
2476 2671
2476 2679
2476 2681
2476 2682
2476 2696
2476 2699
2476 2702
2476 2703
2476 2715
2476 2731
2476 2732
2476 2739
2476 2743
2476 2744
2476 2747
2476 2750
2476 2755
2476 2760
2476 2762
2476 2764
2476 2767
2476 2788
2476 2789
2476 2792
2476 2796
2476 2804
2476 2810
2476 2817
2476 2818
2476 2821
2476 2830
2476 2832
2476 2840
2476 2846
2476 2848
2476 2861
2476 2867
2476 2868
2476 2872
2476 2884
2476 2898
2476 2899
2476 2907
2476 2908
2476 2911
2476 2914
2476 2915
2476 2921
2476 2927
2476 2941
2476 2942
2476 2943
2476 2944
2476 2954
2476 2957
2476 2958
2476 2962
2476 2967
2476 2968
2476 2974
2476 2978
2476 2982
2476 2992
2476 3006
2476 3010
2476 3023
2476 3026
2476 3027
2476 3032
2476 3037
2476 3042
2476 3046
2476 3056
2476 3060
2476 3063
2476 3068
2476 3073
2476 3080
2476 3091
2476 3096
2476 3097
2476 3103
2476 3107
2476 3108
2476 3114
2476 3119
2476 3127
2476 3128
2476 3135
2476 3137
2476 3141
2476 3147
2476 3148
2476 3152
2476 3153
2476 3155
2476 3163
2476 3172
2476 3174
2476 3176
2476 3180
2476 3191
2476 3195
2476 3198
2476 3202
2476 3208
2476 3214
2476 3222
2476 3224
2476 3235
2476 3244
2476 3252
2476 3256
2476 3261
2476 3262
2476 3267
2476 3268
2476 3272
2476 3284
2476 3285
2476 3286
2476 3289
2476 3293
2476 3301
2476 3310
2476 3312
2476 3313
2476 3315
2476 3319
2476 3321
2476 3325
2476 3330
2476 3341
2476 3343
2476 3348
2476 3351
2476 3352
2476 3354
2476 3364
2476 3367
2476 3376
2476 3381
2476 3383
2476 3388
2476 3389
2476 3391
2476 3408
2476 3411
2476 3415
2476 3433
2476 3444
2476 3454
2476 3457
2476 3460
2476 3462
2476 3463
2476 3466
2476 3475
2476 3477
2476 3481
2476 3482
2476 3484
2476 3487
2476 3488
2476 3490
2476 3493
2476 3504
2476 3507
2476 3514
2476 3517
2476 3520
2476 3521
2476 3523
2476 3524
2476 3530
2476 3536
2476 3539
2476 3540
2476 3542
2476 3544
2476 3547
2476 3561
2476 3562
2476 3564
2476 3567
2476 3574
2476 3576
2476 3577
2476 3578
2476 3589
2476 3591
2476 3602
2476 3606
2476 3609
2476 3611
2476 3612
2476 3616
2476 3620
2476 3623
2476 3624
2476 3628
2476 3637
2476 3639
2476 3644
2476 3646
2476 3650
2476 3651
2476 3654
2476 3659
2476 3660
2476 3661
2476 3672
2476 3684
2476 3687
2476 3693
2476 3696
2476 3700
2476 3711
2476 3713
2476 3723
2476 3730
2476 3736
2476 3742
2476 3747
2476 3754
2476 3762
2476 3770
2476 3782
2476 3792
2476 3798
2494 8
2494 10
2494 14
2494 20
2494 24
2494 25
2494 30
2494 35
2494 40
2494 42
2494 47
2494 48
2494 49
2494 51
2494 66
2494 70
2494 72
2494 73
2494 81
2494 82
2494 86
2494 97
2494 105
2494 106
2494 123
2494 125
2494 130
2494 132
2494 133
2494 134
2494 135
2494 138
2494 142
2494 145
2494 149
2494 165
2494 166
2494 169
2494 175
2494 177
2494 178
2494 186
2494 188
2494 200
2494 201
2494 202
2494 210
2494 211
2494 212
2494 213
2494 215
2494 216
2494 222
2494 224
2494 226
2494 231
2494 235
2494 240
2494 245
2494 253
2494 256
2494 260
2494 264
2494 266
2494 270
2494 277
2494 291
2494 296
2494 305
2494 313
2494 323
2494 325
2494 333
2494 339
2494 355
2494 360
2494 367
2494 382
2494 398
2494 406
2494 411
2494 424
2494 434
2494 435
2494 438
2494 443
2494 446
2494 471
2494 477
2494 495
2494 498
2494 501
2494 507
2494 511
2494 512
2494 515
2494 519
2494 526
2494 541
2494 546
2494 549
2494 553
2494 554
2494 555
2494 556
2494 558
2494 564
2494 565
2494 566
2494 567
2494 576
2494 580
2494 581
2494 584
2494 586
2494 591
2494 600
2494 605
2494 607
2494 610
2494 617
2494 618
2494 622
2494 623
2494 625
2494 626
2494 628
2494 636
2494 637
2494 639
2494 650
2494 652
2494 657
2494 660
2494 661
2494 664
2494 667
2494 668
2494 669
2494 671
2494 672
2494 680
2494 681
2494 682
2494 685
2494 688
2494 695
2494 703
2494 706
2494 709
2494 710
2494 716
2494 725
2494 727
2494 729
2494 730
2494 731
2494 734
2494 743
2494 750
2494 752
2494 753
2494 756
2494 758
2494 761
2494 763
2494 769
2494 772
2494 791
2494 795
2494 796
2494 798
2494 800
2494 818
2494 819
2494 830
2494 836
2494 840
2494 841
2494 842
2494 850
2494 862
2494 872
2494 873
2494 877
2494 879
2494 882
2494 887
2494 894
2494 898
2494 899
2494 901
2494 914
2494 918
2494 941
2494 944
2494 952
2494 956
2494 957
2494 958
2494 963
2494 975
2494 978
2494 982
2494 986
2494 988
2494 993
2494 999
2494 1003
2494 1011
2494 1016
2494 1043
2494 1045
2494 1053
2494 1057
2494 1058
2494 1061
2494 1062
2494 1064
2494 1069
2494 1070
2494 1073
2494 1074
2494 1080
2494 1082
2494 1091
2494 1107
2494 1116
2494 1118
2494 1119
2494 1128
2494 1130
2494 1132
2494 1155
2494 1159
2494 1164
2494 1170
2494 1172
2494 1182
2494 1186
2494 1192
2494 1198
2494 1217
2494 1220
2494 1224
2494 1225
2494 1226
2494 1245
2494 1252
2494 1268
2494 1272
2494 1275
2494 1280
2494 1288
2494 1294
2494 1296
2494 1297
2494 1301
2494 1306
2494 1312
2494 1313
2494 1319
2494 1320
2494 1324
2494 1330
2494 1343
2494 1345
2494 1347
2494 1348
2494 1354
2494 1355
2494 1360
2494 1361
2494 1363
2494 1366
2494 1368
2494 1371
2494 1374
2494 1378
2494 1382
2494 1394
2494 1397
2494 1401
2494 1406
2494 1409
2494 1413
2494 1415
2494 1416
2494 1418
2494 1420
2494 1427
2494 1432
2494 1440
2494 1444
2494 1445
2494 1456
2494 1461
2494 1462
2494 1465
2494 1466
2494 1467
2494 1468
2494 1473
2494 1474
2494 1475
2494 1479
2494 1485
2494 1488
2494 1490
2494 1491
2494 1500
2494 1501
2494 1508
2494 1509
2494 1520
2494 1526
2494 1530
2494 1533
2494 1534
2494 1535
2494 1536
2494 1544
2494 1558
2494 1561
2494 1565
2494 1567
2494 1568
2494 1582
2494 1586
2494 1589
2494 1593
2494 1594
2494 1604
2494 1609
2494 1613
2494 1620
2494 1621
2494 1624
2494 1625
2494 1637
2494 1647
2494 1648
2494 1667
2494 1668
2494 1669
2494 1682
2494 1683
2494 1703
2494 1706
2494 1707
2494 1711
2494 1712
2494 1721
2494 1726
2494 1730
2494 1734
2494 1737
2494 1738
2494 1753
2494 1756
2494 1762
2494 1765
2494 1766
2494 1776
2494 1779
2494 1787
2494 1791
2494 1794
2494 1800
2494 1812
2494 1831
2494 1834
2494 1835
2494 1836
2494 1837
2494 1844
2494 1845
2494 1848
2494 1850
2494 1852
2494 1853
2494 1857
2494 1862
2494 1868
2494 1875
2494 1877
2494 1888
2494 1891
2494 1895
2494 1896
2494 1907
2494 1910
2494 1915
2494 1920
2494 1925
2494 1936
2494 1943
2494 1951
2494 1952
2494 1958
2494 1964
2494 1967
2494 1976
2494 1988
2494 1992
2494 1995
2494 1996
2494 2007
2494 2009
2494 2011
2494 2014
2494 2019
2494 2022
2494 2046
2494 2053
2494 2065
2494 2077
2494 2080
2494 2090
2494 2093
2494 2103
2494 2109
2494 2111
2494 2116
2494 2121
2494 2126
2494 2130
2494 2147
2494 2154
2494 2163
2494 2165
2494 2167
2494 2173
2494 2177
2494 2179
2494 2185
2494 2186
2494 2188
2494 2193
2494 2194
2494 2198
2494 2201
2494 2204
2494 2205
2494 2206
2494 2212
2494 2213
2494 2217
2494 2227
2494 2235
2494 2243
2494 2247
2494 2250
2494 2255
2494 2268
2494 2277
2494 2278
2494 2279
2494 2280
2494 2290
2494 2293
2494 2299
2494 2303
2494 2310
2494 2317
2494 2330
2494 2331
2494 2340
2494 2342
2494 2347
2494 2349
2494 2359
2494 2362
2494 2364
2494 2370
2494 2375
2494 2381
2494 2382
2494 2389
2494 2394
2494 2400
2494 2402
2494 2403
2494 2413
2494 2421
2494 2430
2494 2434
2494 2439
2494 2446
2494 2447
2494 2449
2494 2463
2494 2473
2494 2474
2494 2477
2494 2480
2494 2485
2494 2488
2494 2492
2494 2493
2494 2496
2494 2506
2494 2510
2494 2511
2494 2541
2494 2542
2494 2544
2494 2545
2494 2565
2494 2570
2494 2573
2494 2581
2494 2582
2494 2587
2494 2590
2494 2592
2494 2596
2494 2599
2494 2609
2494 2613
2494 2614
2494 2623
2494 2625
2494 2626
2494 2640
2494 2650
2494 2651
2494 2653
2494 2665
2494 2671
2494 2679
2494 2685
2494 2688
2494 2693
2494 2695
2494 2696
2494 2700
2494 2701
2494 2709
2494 2713
2494 2719
2494 2721
2494 2722
2494 2723
2494 2729
2494 2732
2494 2736
2494 2740
2494 2742
2494 2743
2494 2750
2494 2758
2494 2761
2494 2773
2494 2774
2494 2775
2494 2782
2494 2783
2494 2786
2494 2787
2494 2790
2494 2791
2494 2798
2494 2814
2494 2816
2494 2824
2494 2825
2494 2830
2494 2835
2494 2847
2494 2853
2494 2857
2494 2858
2494 2860
2494 2869
2494 2876
2494 2878
2494 2887
2494 2889
2494 2890
2494 2904
2494 2908
2494 2911
2494 2913
2494 2914
2494 2919
2494 2924
2494 2930
2494 2934
2494 2939
2494 2940
2494 2941
2494 2946
2494 2953
2494 2969
2494 2975
2494 2983
2494 2986
2494 2987
2494 2988
2494 2992
2494 2995
2494 2998
2494 3002
2494 3008
2494 3009
2494 3012
2494 3013
2494 3014
2494 3019
2494 3022
2494 3032
2494 3037
2494 3042
2494 3043
2494 3048
2494 3052
2494 3065
2494 3078
2494 3087
2494 3089
2494 3090
2494 3094
2494 3105
2494 3107
2494 3109
2494 3111
2494 3117
2494 3123
2494 3124
2494 3140
2494 3141
2494 3154
2494 3156
2494 3162
2494 3169
2494 3174
2494 3179
2494 3181
2494 3182
2494 3183
2494 3186
2494 3187
2494 3198
2494 3199
2494 3206
2494 3207
2494 3209
2494 3213
2494 3215
2494 3218
2494 3219
2494 3220
2494 3231
2494 3235
2494 3245
2494 3247
2494 3257
2494 3265
2494 3270
2494 3284
2494 3290
2494 3294
2494 3295
2494 3297
2494 3305
2494 3310
2494 3341
2494 3344
2494 3346
2494 3347
2494 3355
2494 3375
2494 3376
2494 3385
2494 3390
2494 3392
2494 3399
2494 3413
2494 3418
2494 3426
2494 3430
2494 3435
2494 3438
2494 3440
2494 3443
2494 3446
2494 3458
2494 3459
2494 3468
2494 3469
2494 3482
2494 3484
2494 3486
2494 3491
2494 3494
2494 3498
2494 3499
2494 3500
2494 3501
2494 3505
2494 3514
2494 3515
2494 3516
2494 3519
2494 3520
2494 3529
2494 3531
2494 3536
2494 3543
2494 3544
2494 3547
2494 3566
2494 3567
2494 3569
2494 3578
2494 3582
2494 3585
2494 3593
2494 3594
2494 3596
2494 3597
2494 3599
2494 3600
2494 3601
2494 3613
2494 3615
2494 3616
2494 3618
2494 3621
2494 3622
2494 3625
2494 3628
2494 3629
2494 3632
2494 3635
2494 3637
2494 3639
2494 3642
2494 3646
2494 3652
2494 3653
2494 3660
2494 3663
2494 3665
2494 3675
2494 3681
2494 3686
2494 3687
2494 3695
2494 3697
2494 3699
2494 3723
2494 3728
2494 3729
2494 3730
2494 3736
2494 3751
2494 3768
2494 3773
2494 3775
2494 3776
2494 3784
2494 3786
2494 3788
2494 3792
2494 3794
2494 3795
2494 3797
2494 3798
2494 3800
781 12
781 13
781 14
781 15
781 29
781 39
781 41
781 48
781 50
781 51
781 55
781 61
781 65
781 67
781 75
781 91
781 92
781 112
781 119
781 123
781 127
781 135
781 140
781 141
781 145
781 162
781 171
781 175
781 178
781 181
781 186
781 187
781 188
781 191
781 197
781 200
781 203
781 206
781 209
781 210
781 212
781 215
781 226
781 228
781 234
781 238
781 249
781 251
781 269
781 272
781 277
781 278
781 288
781 299
781 300
781 306
781 310
781 317
781 318
781 321
781 334
781 336
781 339
781 345
781 354
781 358
781 366
781 367
781 368
781 371
781 374
781 380
781 393
781 400
781 407
781 415
781 427
781 431
781 447
781 453
781 454
781 457
781 459
781 466
781 471
781 474
781 481
781 494
781 503
781 504
781 505
781 508
781 510
781 523
781 529
781 531
781 532
781 536
781 555
781 558
781 559
781 564
781 569
781 575
781 588
781 596
781 604
781 605
781 607
781 612
781 622
781 625
781 636
781 637
781 643
781 652
781 662
781 670
781 674
781 692
781 696
781 699
781 700
781 705
781 707
781 708
781 710
781 712
781 722
781 723
781 728
781 729
781 737
781 746
781 748
781 751
781 770
781 777
781 778
781 793
781 800
781 803
781 816
781 821
781 823
781 826
781 830
781 832
781 836
781 842
781 849
781 855
781 858
781 881
781 885
781 888
781 893
781 900
781 910
781 917
781 922
781 924
781 931
781 945
781 958
781 960
781 967
781 971
781 974
781 989
781 993
781 997
781 1004
781 1015
781 1018
781 1029
781 1038
781 1043
781 1049
781 1053
781 1058
781 1059
781 1061
781 1068
781 1073
781 1082
781 1083
781 1099
781 1101
781 1108
781 1111
781 1115
781 1121
781 1123
781 1126
781 1127
781 1132
781 1133
781 1140
781 1141
781 1142
781 1143
781 1147
781 1149
781 1161
781 1173
781 1180
781 1183
781 1199
781 1201
781 1204
781 1206
781 1207
781 1208
781 1213
781 1225
781 1226
781 1229
781 1230
781 1232
781 1238
781 1252
781 1260
781 1264
781 1272
781 1274
781 1275
781 1276
781 1281
781 1282
781 1283
781 1296
781 1301
781 1303
781 1309
781 1326
781 1331
781 1333
781 1340
781 1341
781 1343
781 1345
781 1346
781 1369
781 1377
781 1384
781 1391
781 1394
781 1398
781 1404
781 1412
781 1415
781 1420
781 1421
781 1423
781 1434
781 1435
781 1437
781 1438
781 1461
781 1464
781 1472
781 1477
781 1478
781 1481
781 1483
781 1492
781 1502
781 1512
781 1514
781 1516
781 1519
781 1523
781 1531
781 1534
781 1551
781 1564
781 1573
781 1576
781 1586
781 1589
781 1596
781 1597
781 1601
781 1604
781 1606
781 1607
781 1608
781 1611
781 1613
781 1634
781 1645
781 1647
781 1651
781 1654
781 1655
781 1656
781 1658
781 1667
781 1677
781 1686
781 1709
781 1710
781 1711
781 1717
781 1727
781 1731
781 1736
781 1742
781 1748
781 1749
781 1750
781 1759
781 1765
781 1766
781 1767
781 1774
781 1781
781 1789
781 1805
781 1824
781 1831
781 1833
781 1834
781 1837
781 1841
781 1844
781 1847
781 1849
781 1850
781 1854
781 1875
781 1876
781 1880
781 1886
781 1889
781 1898
781 1904
781 1907
781 1909
781 1910
781 1920
781 1923
781 1925
781 1927
781 1934
781 1937
781 1939
781 1942
781 1963
781 1970
781 1971
781 1973
781 1976
781 1977
781 1987
781 1988
781 1995
781 1996
781 1997
781 2000
781 2007
781 2012
781 2015
781 2032
781 2033
781 2042
781 2043
781 2048
781 2067
781 2070
781 2075
781 2076
781 2082
781 2085
781 2092
781 2093
781 2094
781 2096
781 2102
781 2107
781 2111
781 2112
781 2115
781 2124
781 2126
781 2130
781 2134
781 2137
781 2142
781 2143
781 2145
781 2148
781 2157
781 2158
781 2161
781 2162
781 2177
781 2178
781 2179
781 2182
781 2184
781 2188
781 2191
781 2194
781 2195
781 2196
781 2206
781 2213
781 2221
781 2234
781 2238
781 2241
781 2244
781 2266
781 2271
781 2279
781 2283
781 2284
781 2291
781 2311
781 2313
781 2314
781 2315
781 2316
781 2319
781 2322
781 2334
781 2348
781 2350
781 2353
781 2358
781 2361
781 2362
781 2363
781 2365
781 2370
781 2371
781 2372
781 2383
781 2388
781 2394
781 2412
781 2413
781 2417
781 2422
781 2425
781 2427
781 2430
781 2432
781 2443
781 2448
781 2450
781 2453
781 2461
781 2472
781 2479
781 2491
781 2494
781 2495
781 2496
781 2499
781 2500
781 2502
781 2515
781 2516
781 2519
781 2520
781 2521
781 2524
781 2525
781 2527
781 2530
781 2534
781 2541
781 2553
781 2555
781 2558
781 2562
781 2563
781 2568
781 2570
781 2577
781 2580
781 2581
781 2585
781 2586
781 2590
781 2591
781 2592
781 2593
781 2594
781 2606
781 2608
781 2613
781 2616
781 2618
781 2625
781 2626
781 2627
781 2628
781 2629
781 2630
781 2637
781 2638
781 2647
781 2653
781 2655
781 2665
781 2666
781 2673
781 2681
781 2682
781 2696
781 2701
781 2705
781 2707
781 2715
781 2718
781 2729
781 2730
781 2731
781 2735
781 2742
781 2745
781 2746
781 2752
781 2753
781 2757
781 2759
781 2765
781 2770
781 2772
781 2778
781 2780
781 2782
781 2795
781 2805
781 2806
781 2812
781 2813
781 2814
781 2823
781 2826
781 2827
781 2830
781 2838
781 2839
781 2842
781 2847
781 2851
781 2856
781 2857
781 2860
781 2864
781 2867
781 2869
781 2870
781 2871
781 2877
781 2879
781 2881
781 2886
781 2887
781 2890
781 2904
781 2909
781 2911
781 2912
781 2915
781 2921
781 2924
781 2926
781 2932
781 2935
781 2937
781 2941
781 2943
781 2948
781 2952
781 2953
781 2956
781 2957
781 2964
781 2978
781 2979
781 2990
781 2991
781 2992
781 2993
781 2999
781 3000
781 3007
781 3008
781 3013
781 3020
781 3026
781 3031
781 3036
781 3040
781 3045
781 3047
781 3048
781 3058
781 3059
781 3062
781 3063
781 3070
781 3073
781 3079
781 3086
781 3089
781 3098
781 3111
781 3120
781 3121
781 3125
781 3131
781 3133
781 3135
781 3139
781 3142
781 3146
781 3151
781 3153
781 3155
781 3157
781 3159
781 3169
781 3174
781 3176
781 3178
781 3182
781 3183
781 3186
781 3189
781 3208
781 3221
781 3223
781 3225
781 3227
781 3233
781 3236
781 3242
781 3280
781 3283
781 3290
781 3293
781 3304
781 3311
781 3316
781 3341
781 3343
781 3348
781 3350
781 3357
781 3362
781 3366
781 3373
781 3380
781 3381
781 3391
781 3396
781 3400
781 3402
781 3403
781 3410
781 3424
781 3426
781 3430
781 3436
781 3438
781 3449
781 3455
781 3456
781 3457
781 3471
781 3474
781 3479
781 3485
781 3497
781 3509
781 3510
781 3514
781 3523
781 3528
781 3534
781 3536
781 3552
781 3553
781 3555
781 3558
781 3560
781 3561
781 3565
781 3568
781 3572
781 3578
781 3581
781 3585
781 3589
781 3592
781 3599
781 3605
781 3620
781 3621
781 3624
781 3625
781 3628
781 3633
781 3646
781 3650
781 3665
781 3671
781 3676
781 3681
781 3682
781 3683
781 3685
781 3688
781 3691
781 3693
781 3696
781 3700
781 3701
781 3708
781 3709
781 3713
781 3721
781 3722
781 3724
781 3725
781 3727
781 3730
781 3731
781 3733
781 3740
781 3742
781 3749
781 3750
781 3752
781 3759
781 3773
781 3779
781 3782
781 3791
781 3797
2459 12
2459 17
2459 24
2459 25
2459 36
2459 43
2459 57
2459 69
2459 71
2459 73
2459 77
2459 78
2459 80
2459 83
2459 88
2459 106
2459 107
2459 110
2459 112
2459 115
2459 117
2459 125
2459 130
2459 131
2459 133
2459 135
2459 140
2459 149
2459 159
2459 161
2459 169
2459 174
2459 179
2459 196
2459 202
2459 203
2459 207
2459 208
2459 218
2459 221
2459 222
2459 239
2459 244
2459 249
2459 251
2459 258
2459 275
2459 277
2459 281
2459 283
2459 297
2459 306
2459 314
2459 318
2459 325
2459 326
2459 331
2459 337
2459 344
2459 345
2459 346
2459 347
2459 348
2459 356
2459 375
2459 384
2459 388
2459 393
2459 400
2459 403
2459 412
2459 414
2459 418
2459 421
2459 425
2459 429
2459 430
2459 433
2459 438
2459 445
2459 454
2459 459
2459 461
2459 462
2459 471
2459 472
2459 476
2459 479
2459 487
2459 493
2459 503
2459 507
2459 508
2459 516
2459 517
2459 525
2459 529
2459 530
2459 540
2459 542
2459 547
2459 550
2459 551
2459 553
2459 562
2459 570
2459 571
2459 579
2459 582
2459 583
2459 591
2459 593
2459 606
2459 612
2459 614
2459 615
2459 617
2459 630
2459 657
2459 664
2459 672
2459 680
2459 692
2459 700
2459 704
2459 705
2459 708
2459 711
2459 719
2459 727
2459 728
2459 729
2459 733
2459 751
2459 758
2459 766
2459 768
2459 770
2459 774
2459 789
2459 796
2459 798
2459 803
2459 819
2459 827
2459 828
2459 835
2459 837
2459 843
2459 844
2459 846
2459 850
2459 863
2459 864
2459 865
2459 867
2459 873
2459 878
2459 893
2459 897
2459 900
2459 901
2459 904
2459 931
2459 936
2459 940
2459 945
2459 947
2459 953
2459 955
2459 963
2459 971
2459 973
2459 986
2459 994
2459 997
2459 999
2459 1005
2459 1013
2459 1015
2459 1026
2459 1030
2459 1031
2459 1036
2459 1038
2459 1042
2459 1045
2459 1046
2459 1047
2459 1058
2459 1059
2459 1060
2459 1061
2459 1075
2459 1079
2459 1080
2459 1081
2459 1083
2459 1088
2459 1092
2459 1094
2459 1098
2459 1100
2459 1109
2459 1116
2459 1121
2459 1122
2459 1129
2459 1130
2459 1133
2459 1135
2459 1137
2459 1141
2459 1148
2459 1155
2459 1159
2459 1166
2459 1171
2459 1172
2459 1173
2459 1176
2459 1179
2459 1200
2459 1202
2459 1205
2459 1206
2459 1216
2459 1217
2459 1219
2459 1229
2459 1230
2459 1244
2459 1246
2459 1271
2459 1273
2459 1281
2459 1287
2459 1288
2459 1293
2459 1305
2459 1311
2459 1314
2459 1318
2459 1320
2459 1335
2459 1339
2459 1340
2459 1341
2459 1349
2459 1354
2459 1358
2459 1363
2459 1370
2459 1377
2459 1385
2459 1388
2459 1393
2459 1396
2459 1397
2459 1398
2459 1409
2459 1418
2459 1424
2459 1427
2459 1428
2459 1431
2459 1433
2459 1434
2459 1436
2459 1437
2459 1439
2459 1440
2459 1445
2459 1449
2459 1450
2459 1459
2459 1464
2459 1478
2459 1487
2459 1496
2459 1501
2459 1505
2459 1506
2459 1513
2459 1517
2459 1520
2459 1522
2459 1534
2459 1538
2459 1547
2459 1557
2459 1560
2459 1563
2459 1565
2459 1572
2459 1574
2459 1576
2459 1577
2459 1599
2459 1602
2459 1607
2459 1608
2459 1609
2459 1610
2459 1617
2459 1618
2459 1622
2459 1628
2459 1633
2459 1637
2459 1640
2459 1641
2459 1647
2459 1655
2459 1658
2459 1659
2459 1664
2459 1669
2459 1673
2459 1674
2459 1676
2459 1677
2459 1679
2459 1682
2459 1684
2459 1691
2459 1698
2459 1699
2459 1703
2459 1706
2459 1715
2459 1716
2459 1718
2459 1720
2459 1726
2459 1728
2459 1730
2459 1733
2459 1735
2459 1737
2459 1739
2459 1743
2459 1744
2459 1746
2459 1751
2459 1755
2459 1786
2459 1788
2459 1795
2459 1798
2459 1814
2459 1818
2459 1819
2459 1821
2459 1822
2459 1834
2459 1835
2459 1836
2459 1837
2459 1844
2459 1849
2459 1850
2459 1854
2459 1858
2459 1868
2459 1870
2459 1871
2459 1876
2459 1879
2459 1883
2459 1891
2459 1895
2459 1900
2459 1902
2459 1911
2459 1923
2459 1924
2459 1925
2459 1932
2459 1934
2459 1936
2459 1939
2459 1940
2459 1943
2459 1945
2459 1946
2459 1948
2459 1950
2459 1953
2459 1967
2459 1973
2459 1976
2459 1980
2459 1982
2459 1983
2459 1984
2459 1990
2459 1998
2459 2006
2459 2008
2459 2016
2459 2032
2459 2036
2459 2037
2459 2039
2459 2048
2459 2051
2459 2052
2459 2056
2459 2057
2459 2058
2459 2063
2459 2068
2459 2069
2459 2073
2459 2074
2459 2075
2459 2078
2459 2085
2459 2086
2459 2091
2459 2099
2459 2101
2459 2105
2459 2107
2459 2115
2459 2117
2459 2121
2459 2126
2459 2131
2459 2133
2459 2137
2459 2142
2459 2143
2459 2150
2459 2153
2459 2163
2459 2165
2459 2169
2459 2179
2459 2181
2459 2182
2459 2183
2459 2184
2459 2185
2459 2197
2459 2202
2459 2215
2459 2216
2459 2227
2459 2237
2459 2243
2459 2248
2459 2264
2459 2282
2459 2284
2459 2289
2459 2294
2459 2299
2459 2303
2459 2305
2459 2315
2459 2319
2459 2335
2459 2340
2459 2344
2459 2345
2459 2346
2459 2347
2459 2359
2459 2366
2459 2370
2459 2389
2459 2396
2459 2401
2459 2404
2459 2409
2459 2411
2459 2414
2459 2416
2459 2423
2459 2433
2459 2434
2459 2437
2459 2444
2459 2445
2459 2448
2459 2450
2459 2454
2459 2456
2459 2470
2459 2473
2459 2475
2459 2477
2459 2480
2459 2483
2459 2486
2459 2487
2459 2489
2459 2490
2459 2491
2459 2494
2459 2496
2459 2501
2459 2511
2459 2512
2459 2513
2459 2516
2459 2518
2459 2520
2459 2524
2459 2525
2459 2531
2459 2557
2459 2558
2459 2566
2459 2587
2459 2592
2459 2595
2459 2598
2459 2600
2459 2610
2459 2612
2459 2619
2459 2622
2459 2624
2459 2626
2459 2636
2459 2656
2459 2669
2459 2670
2459 2690
2459 2692
2459 2695
2459 2698
2459 2704
2459 2708
2459 2722
2459 2726
2459 2743
2459 2758
2459 2761
2459 2765
2459 2766
2459 2769
2459 2787
2459 2788
2459 2810
2459 2813
2459 2821
2459 2823
2459 2844
2459 2871
2459 2874
2459 2879
2459 2884
2459 2893
2459 2897
2459 2899
2459 2903
2459 2911
2459 2917
2459 2938
2459 2940
2459 2944
2459 2967
2459 2974
2459 2977
2459 2983
2459 2984
2459 2993
2459 2997
2459 3006
2459 3010
2459 3018
2459 3021
2459 3022
2459 3024
2459 3025
2459 3027
2459 3036
2459 3039
2459 3047
2459 3053
2459 3056
2459 3066
2459 3067
2459 3070
2459 3071
2459 3073
2459 3078
2459 3082
2459 3101
2459 3119
2459 3126
2459 3129
2459 3136
2459 3149
2459 3158
2459 3160
2459 3163
2459 3164
2459 3166
2459 3175
2459 3188
2459 3194
2459 3199
2459 3200
2459 3201
2459 3202
2459 3208
2459 3210
2459 3216
2459 3224
2459 3228
2459 3233
2459 3237
2459 3241
2459 3251
2459 3252
2459 3261
2459 3276
2459 3280
2459 3284
2459 3286
2459 3288
2459 3295
2459 3296
2459 3300
2459 3301
2459 3315
2459 3317
2459 3318
2459 3320
2459 3324
2459 3326
2459 3334
2459 3335
2459 3352
2459 3359
2459 3364
2459 3366
2459 3370
2459 3371
2459 3374
2459 3378
2459 3379
2459 3382
2459 3392
2459 3394
2459 3404
2459 3405
2459 3409
2459 3413
2459 3423
2459 3425
2459 3426
2459 3429
2459 3432
2459 3435
2459 3447
2459 3449
2459 3452
2459 3455
2459 3456
2459 3458
2459 3459
2459 3460
2459 3475
2459 3476
2459 3479
2459 3511
2459 3514
2459 3517
2459 3525
2459 3539
2459 3549
2459 3551
2459 3556
2459 3559
2459 3560
2459 3561
2459 3564
2459 3567
2459 3571
2459 3574
2459 3578
2459 3584
2459 3591
2459 3594
2459 3602
2459 3603
2459 3605
2459 3610
2459 3615
2459 3616
2459 3618
2459 3620
2459 3629
2459 3633
2459 3634
2459 3638
2459 3646
2459 3648
2459 3652
2459 3657
2459 3662
2459 3670
2459 3679
2459 3680
2459 3686
2459 3695
2459 3700
2459 3704
2459 3706
2459 3707
2459 3708
2459 3711
2459 3713
2459 3716
2459 3720
2459 3722
2459 3727
2459 3730
2459 3735
2459 3739
2459 3740
2459 3746
2459 3766
2459 3774
2459 3783
2459 3788
2459 3793
2459 3795
2459 3797
2639 16
2639 17
2639 18
2639 27
2639 28
2639 36
2639 37
2639 38
2639 59
2639 63
2639 72
2639 88
2639 91
2639 92
2639 100
2639 104
2639 108
2639 111
2639 113
2639 121
2639 122
2639 140
2639 143
2639 145
2639 146
2639 149
2639 153
2639 154
2639 174
2639 180
2639 182
2639 185
2639 186
2639 187
2639 191
2639 194
2639 198
2639 213
2639 218
2639 221
2639 225
2639 235
2639 239
2639 240
2639 244
2639 250
2639 253
2639 261
2639 262
2639 264
2639 266
2639 272
2639 284
2639 293
2639 297
2639 300
2639 302
2639 304
2639 309
2639 312
2639 319
2639 323
2639 324
2639 331
2639 334
2639 340
2639 347
2639 350
2639 355
2639 357
2639 364
2639 365
2639 372
2639 386
2639 387
2639 392
2639 413
2639 438
2639 463
2639 464
2639 467
2639 476
2639 477
2639 485
2639 489
2639 492
2639 504
2639 510
2639 511
2639 513
2639 515
2639 527
2639 529
2639 543
2639 545
2639 547
2639 557
2639 559
2639 564
2639 573
2639 576
2639 583
2639 584
2639 586
2639 589
2639 593
2639 597
2639 614
2639 627
2639 630
2639 636
2639 637
2639 643
2639 644
2639 645
2639 646
2639 653
2639 655
2639 661
2639 670
2639 672
2639 678
2639 684
2639 695
2639 698
2639 716
2639 724
2639 727
2639 728
2639 734
2639 739
2639 744
2639 751
2639 753
2639 755
2639 759
2639 773
2639 783
2639 784
2639 785
2639 788
2639 797
2639 804
2639 811
2639 819
2639 820
2639 821
2639 822
2639 823
2639 831
2639 849
2639 850
2639 852
2639 853
2639 854
2639 855
2639 857
2639 877
2639 880
2639 888
2639 911
2639 914
2639 915
2639 925
2639 927
2639 930
2639 933
2639 943
2639 944
2639 951
2639 960
2639 974
2639 976
2639 980
2639 982
2639 984
2639 1000
2639 1010
2639 1013
2639 1015
2639 1016
2639 1018
2639 1020
2639 1023
2639 1024
2639 1026
2639 1028
2639 1029
2639 1030
2639 1035
2639 1041
2639 1043
2639 1046
2639 1050
2639 1055
2639 1056
2639 1059
2639 1075
2639 1076
2639 1099
2639 1104
2639 1108
2639 1110
2639 1123
2639 1127
2639 1130
2639 1135
2639 1140
2639 1145
2639 1147
2639 1148
2639 1160
2639 1162
2639 1172
2639 1173
2639 1176
2639 1181
2639 1184
2639 1185
2639 1198
2639 1201
2639 1202
2639 1204
2639 1207
2639 1209
2639 1212
2639 1215
2639 1216
2639 1219
2639 1222
2639 1223
2639 1234
2639 1253
2639 1272
2639 1276
2639 1278
2639 1286
2639 1287
2639 1289
2639 1291
2639 1298
2639 1304
2639 1307
2639 1317
2639 1323
2639 1344
2639 1345
2639 1353
2639 1355
2639 1367
2639 1370
2639 1375
2639 1382
2639 1388
2639 1389
2639 1395
2639 1402
2639 1403
2639 1415
2639 1419
2639 1426
2639 1432
2639 1444
2639 1448
2639 1465
2639 1472
2639 1473
2639 1476
2639 1477
2639 1485
2639 1486
2639 1487
2639 1489
2639 1497
2639 1503
2639 1505
2639 1514
2639 1523
2639 1529
2639 1532
2639 1537
2639 1538
2639 1540
2639 1559
2639 1560
2639 1567
2639 1572
2639 1576
2639 1580
2639 1583
2639 1593
2639 1600
2639 1604
2639 1606
2639 1610
2639 1615
2639 1621
2639 1624
2639 1631
2639 1637
2639 1639
2639 1645
2639 1659
2639 1662
2639 1668
2639 1673
2639 1679
2639 1680
2639 1681
2639 1682
2639 1684
2639 1688
2639 1689
2639 1699
2639 1703
2639 1718
2639 1738
2639 1743
2639 1749
2639 1753
2639 1754
2639 1755
2639 1756
2639 1761
2639 1762
2639 1768
2639 1772
2639 1776
2639 1784
2639 1786
2639 1788
2639 1791
2639 1793
2639 1797
2639 1798
2639 1803
2639 1804
2639 1807
2639 1810
2639 1813
2639 1823
2639 1826
2639 1835
2639 1840
2639 1850
2639 1853
2639 1856
2639 1857
2639 1862
2639 1869
2639 1873
2639 1874
2639 1882
2639 1885
2639 1893
2639 1894
2639 1896
2639 1899
2639 1910
2639 1918
2639 1921
2639 1925
2639 1931
2639 1932
2639 1940
2639 1941
2639 1944
2639 1962
2639 1965
2639 1972
2639 1981
2639 1984
2639 1989
2639 1995
2639 1996
2639 2020
2639 2021
2639 2022
2639 2029
2639 2034
2639 2039
2639 2046
2639 2052
2639 2060
2639 2062
2639 2064
2639 2066
2639 2070
2639 2081
2639 2083
2639 2085
2639 2088
2639 2092
2639 2096
2639 2098
2639 2100
2639 2101
2639 2104
2639 2112
2639 2115
2639 2120
2639 2123
2639 2126
2639 2130
2639 2134
2639 2135
2639 2136
2639 2140
2639 2141
2639 2150
2639 2152
2639 2157
2639 2158
2639 2164
2639 2176
2639 2177
2639 2179
2639 2186
2639 2191
2639 2194
2639 2202
2639 2203
2639 2211
2639 2213
2639 2231
2639 2232
2639 2237
2639 2243
2639 2246
2639 2250
2639 2251
2639 2256
2639 2261
2639 2267
2639 2269
2639 2270
2639 2273
2639 2274
2639 2293
2639 2300
2639 2308
2639 2311
2639 2319
2639 2340
2639 2346
2639 2349
2639 2356
2639 2363
2639 2372
2639 2373
2639 2380
2639 2384
2639 2385
2639 2386
2639 2403
2639 2404
2639 2406
2639 2421
2639 2428
2639 2429
2639 2437
2639 2442
2639 2446
2639 2451
2639 2458
2639 2461
2639 2465
2639 2466
2639 2479
2639 2484
2639 2499
2639 2503
2639 2520
2639 2526
2639 2541
2639 2543
2639 2565
2639 2568
2639 2593
2639 2598
2639 2602
2639 2604
2639 2610
2639 2617
2639 2624
2639 2625
2639 2630
2639 2638
2639 2639
2639 2640
2639 2641
2639 2644
2639 2645
2639 2647
2639 2652
2639 2653
2639 2657
2639 2658
2639 2663
2639 2665
2639 2668
2639 2671
2639 2686
2639 2693
2639 2698
2639 2700
2639 2701
2639 2705
2639 2710
2639 2714
2639 2715
2639 2716
2639 2722
2639 2723
2639 2724
2639 2732
2639 2745
2639 2753
2639 2759
2639 2767
2639 2774
2639 2779
2639 2781
2639 2784
2639 2786
2639 2797
2639 2802
2639 2806
2639 2807
2639 2808
2639 2814
2639 2825
2639 2826
2639 2835
2639 2839
2639 2841
2639 2852
2639 2855
2639 2862
2639 2867
2639 2869
2639 2870
2639 2875
2639 2880
2639 2889
2639 2895
2639 2922
2639 2924
2639 2925
2639 2934
2639 2935
2639 2938
2639 2939
2639 2953
2639 2961
2639 2963
2639 2964
2639 2974
2639 2978
2639 2983
2639 2984
2639 2986
2639 2996
2639 3002
2639 3007
2639 3008
2639 3010
2639 3014
2639 3051
2639 3052
2639 3064
2639 3066
2639 3077
2639 3078
2639 3080
2639 3085
2639 3091
2639 3094
2639 3095
2639 3098
2639 3100
2639 3102
2639 3112
2639 3113
2639 3115
2639 3121
2639 3123
2639 3127
2639 3133
2639 3134
2639 3135
2639 3140
2639 3151
2639 3157
2639 3159
2639 3161
2639 3162
2639 3163
2639 3175
2639 3181
2639 3185
2639 3186
2639 3187
2639 3193
2639 3197
2639 3205
2639 3209
2639 3214
2639 3222
2639 3228
2639 3236
2639 3239
2639 3246
2639 3253
2639 3266
2639 3267
2639 3274
2639 3275
2639 3279
2639 3284
2639 3324
2639 3325
2639 3326
2639 3329
2639 3334
2639 3346
2639 3350
2639 3358
2639 3366
2639 3368
2639 3369
2639 3374
2639 3375
2639 3383
2639 3386
2639 3402
2639 3404
2639 3411
2639 3414
2639 3417
2639 3427
2639 3430
2639 3435
2639 3438
2639 3439
2639 3440
2639 3441
2639 3446
2639 3450
2639 3461
2639 3464
2639 3468
2639 3470
2639 3481
2639 3497
2639 3498
2639 3502
2639 3506
2639 3508
2639 3509
2639 3516
2639 3520
2639 3521
2639 3524
2639 3530
2639 3541
2639 3542
2639 3548
2639 3556
2639 3563
2639 3569
2639 3579
2639 3583
2639 3586
2639 3589
2639 3599
2639 3605
2639 3620
2639 3626
2639 3639
2639 3643
2639 3647
2639 3663
2639 3669
2639 3677
2639 3687
2639 3692
2639 3695
2639 3706
2639 3707
2639 3712
2639 3718
2639 3740
2639 3767
2639 3771
2639 3777
2639 3781
2639 3783
2639 3795
2639 3796
2639 3800
2061 20
2061 21
2061 22
2061 32
2061 33
2061 37
2061 50
2061 53
2061 54
2061 59
2061 63
2061 66
2061 69
2061 75
2061 85
2061 92
2061 93
2061 97
2061 103
2061 106
2061 111
2061 114
2061 117
2061 118
2061 122
2061 123
2061 126
2061 130
2061 133
2061 147
2061 150
2061 153
2061 154
2061 157
2061 162
2061 165
2061 168
2061 174
2061 185
2061 191
2061 194
2061 199
2061 200
2061 201
2061 203
2061 205
2061 209
2061 217
2061 220
2061 237
2061 238
2061 240
2061 243
2061 249
2061 260
2061 261
2061 274
2061 276
2061 286
2061 288
2061 307
2061 309
2061 325
2061 327
2061 328
2061 331
2061 332
2061 340
2061 351
2061 355
2061 358
2061 363
2061 367
2061 389
2061 398
2061 411
2061 414
2061 417
2061 423
2061 437
2061 439
2061 444
2061 449
2061 468
2061 469
2061 470
2061 474
2061 477
2061 478
2061 480
2061 482
2061 486
2061 493
2061 502
2061 503
2061 510
2061 512
2061 516
2061 523
2061 533
2061 534
2061 537
2061 545
2061 558
2061 568
2061 571
2061 584
2061 588
2061 590
2061 592
2061 595
2061 600
2061 602
2061 608
2061 619
2061 622
2061 626
2061 628
2061 631
2061 635
2061 637
2061 641
2061 649
2061 651
2061 659
2061 679
2061 685
2061 692
2061 694
2061 695
2061 698
2061 701
2061 703
2061 710
2061 733
2061 735
2061 737
2061 741
2061 742
2061 749
2061 754
2061 757
2061 759
2061 770
2061 774
2061 780
2061 791
2061 797
2061 817
2061 824
2061 829
2061 843
2061 854
2061 855
2061 865
2061 868
2061 871
2061 875
2061 877
2061 880
2061 890
2061 897
2061 900
2061 902
2061 912
2061 913
2061 915
2061 916
2061 925
2061 926
2061 927
2061 938
2061 945
2061 954
2061 962
2061 964
2061 970
2061 972
2061 977
2061 990
2061 991
2061 993
2061 998
2061 1001
2061 1002
2061 1005
2061 1008
2061 1010
2061 1014
2061 1023
2061 1026
2061 1032
2061 1037
2061 1042
2061 1044
2061 1057
2061 1069
2061 1072
2061 1077
2061 1082
2061 1087
2061 1090
2061 1101
2061 1106
2061 1133
2061 1134
2061 1139
2061 1142
2061 1146
2061 1151
2061 1159
2061 1161
2061 1167
2061 1172
2061 1178
2061 1179
2061 1180
2061 1182
2061 1185
2061 1186
2061 1194
2061 1197
2061 1198
2061 1202
2061 1205
2061 1210
2061 1212
2061 1224
2061 1243
2061 1248
2061 1252
2061 1253
2061 1257
2061 1261
2061 1266
2061 1273
2061 1274
2061 1278
2061 1280
2061 1282
2061 1293
2061 1313
2061 1321
2061 1340
2061 1348
2061 1355
2061 1361
2061 1364
2061 1374
2061 1378
2061 1390
2061 1395
2061 1398
2061 1400
2061 1411
2061 1413
2061 1425
2061 1430
2061 1435
2061 1443
2061 1444
2061 1453
2061 1458
2061 1459
2061 1465
2061 1469
2061 1483
2061 1485
2061 1493
2061 1494
2061 1497
2061 1502
2061 1507
2061 1516
2061 1523
2061 1529
2061 1531
2061 1540
2061 1548
2061 1551
2061 1554
2061 1569
2061 1573
2061 1580
2061 1585
2061 1586
2061 1590
2061 1592
2061 1599
2061 1606
2061 1610
2061 1616
2061 1631
2061 1636
2061 1643
2061 1646
2061 1648
2061 1649
2061 1660
2061 1666
2061 1672
2061 1674
2061 1676
2061 1677
2061 1678
2061 1680
2061 1682
2061 1683
2061 1696
2061 1698
2061 1699
2061 1701
2061 1706
2061 1712
2061 1718
2061 1739
2061 1747
2061 1750
2061 1754
2061 1760
2061 1773
2061 1777
2061 1779
2061 1789
2061 1790
2061 1792
2061 1798
2061 1803
2061 1805
2061 1812
2061 1813
2061 1830
2061 1839
2061 1852
2061 1855
2061 1859
2061 1860
2061 1861
2061 1864
2061 1865
2061 1866
2061 1867
2061 1873
2061 1875
2061 1880
2061 1888
2061 1889
2061 1910
2061 1911
2061 1924
2061 1925
2061 1927
2061 1929
2061 1931
2061 1955
2061 1958
2061 1960
2061 1961
2061 1965
2061 1970
2061 1974
2061 1977
2061 1983
2061 1989
2061 1994
2061 1998
2061 2006
2061 2013
2061 2017
2061 2022
2061 2025
2061 2027
2061 2028
2061 2042
2061 2043
2061 2045
2061 2052
2061 2055
2061 2063
2061 2070
2061 2071
2061 2074
2061 2087
2061 2099
2061 2101
2061 2107
2061 2110
2061 2115
2061 2127
2061 2131
2061 2134
2061 2147
2061 2151
2061 2155
2061 2157
2061 2166
2061 2179
2061 2180
2061 2187
2061 2188
2061 2190
2061 2191
2061 2200
2061 2203
2061 2204
2061 2215
2061 2227
2061 2229
2061 2236
2061 2241
2061 2243
2061 2251
2061 2255
2061 2256
2061 2260
2061 2274
2061 2275
2061 2279
2061 2281
2061 2282
2061 2284
2061 2289
2061 2292
2061 2302
2061 2304
2061 2307
2061 2310
2061 2312
2061 2315
2061 2316
2061 2317
2061 2321
2061 2322
2061 2340
2061 2341
2061 2342
2061 2343
2061 2349
2061 2351
2061 2352
2061 2354
2061 2364
2061 2366
2061 2376
2061 2388
2061 2390
2061 2407
2061 2418
2061 2424
2061 2425
2061 2428
2061 2429
2061 2436
2061 2437
2061 2442
2061 2445
2061 2449
2061 2451
2061 2461
2061 2469
2061 2479
2061 2482
2061 2483
2061 2486
2061 2488
2061 2489
2061 2491
2061 2492
2061 2498
2061 2499
2061 2503
2061 2507
2061 2518
2061 2519
2061 2529
2061 2530
2061 2533
2061 2535
2061 2556
2061 2569
2061 2574
2061 2577
2061 2578
2061 2597
2061 2598
2061 2600
2061 2602
2061 2607
2061 2609
2061 2613
2061 2614
2061 2623
2061 2627
2061 2628
2061 2631
2061 2632
2061 2637
2061 2640
2061 2645
2061 2652
2061 2657
2061 2669
2061 2675
2061 2678
2061 2689
2061 2690
2061 2699
2061 2701
2061 2702
2061 2705
2061 2713
2061 2714
2061 2720
2061 2727
2061 2728
2061 2730
2061 2734
2061 2741
2061 2745
2061 2752
2061 2777
2061 2779
2061 2782
2061 2785
2061 2793
2061 2794
2061 2798
2061 2799
2061 2801
2061 2807
2061 2811
2061 2824
2061 2826
2061 2842
2061 2861
2061 2862
2061 2878
2061 2882
2061 2888
2061 2896
2061 2900
2061 2902
2061 2905
2061 2910
2061 2911
2061 2913
2061 2916
2061 2931
2061 2933
2061 2935
2061 2938
2061 2944
2061 2951
2061 2955
2061 2960
2061 2963
2061 2968
2061 2971
2061 2974
2061 2975
2061 2982
2061 2986
2061 2988
2061 2993
2061 3009
2061 3011
2061 3022
2061 3027
2061 3028
2061 3029
2061 3032
2061 3036
2061 3051
2061 3053
2061 3077
2061 3091
2061 3095
2061 3098
2061 3107
2061 3113
2061 3117
2061 3125
2061 3130
2061 3133
2061 3136
2061 3140
2061 3142
2061 3146
2061 3147
2061 3152
2061 3153
2061 3154
2061 3155
2061 3161
2061 3165
2061 3168
2061 3173
2061 3178
2061 3182
2061 3184
2061 3190
2061 3196
2061 3204
2061 3207
2061 3208
2061 3210
2061 3217
2061 3219
2061 3223
2061 3225
2061 3226
2061 3229
2061 3235
2061 3241
2061 3249
2061 3252
2061 3264
2061 3268
2061 3270
2061 3272
2061 3277
2061 3278
2061 3295
2061 3307
2061 3323
2061 3324
2061 3325
2061 3336
2061 3355
2061 3364
2061 3367
2061 3376
2061 3380
2061 3382
2061 3386
2061 3403
2061 3408
2061 3409
2061 3412
2061 3414
2061 3416
2061 3418
2061 3421
2061 3425
2061 3427
2061 3432
2061 3438
2061 3441
2061 3444
2061 3453
2061 3479
2061 3481
2061 3484
2061 3487
2061 3492
2061 3502
2061 3504
2061 3507
2061 3508
2061 3510
2061 3512
2061 3514
2061 3519
2061 3523
2061 3528
2061 3529
2061 3538
2061 3544
2061 3546
2061 3548
2061 3562
2061 3569
2061 3575
2061 3577
2061 3592
2061 3593
2061 3606
2061 3608
2061 3611
2061 3612
2061 3641
2061 3643
2061 3646
2061 3648
2061 3649
2061 3653
2061 3656
2061 3662
2061 3666
2061 3667
2061 3668
2061 3673
2061 3682
2061 3684
2061 3685
2061 3686
2061 3690
2061 3700
2061 3703
2061 3711
2061 3713
2061 3729
2061 3738
2061 3740
2061 3741
2061 3743
2061 3744
2061 3755
2061 3756
2061 3764
2061 3768
2061 3773
2061 3792
2061 3797
904 14
904 21
904 24
904 28
904 35
904 36
904 37
904 38
904 41
904 44
904 45
904 50
904 53
904 60
904 72
904 75
904 76
904 78
904 82
904 88
904 89
904 90
904 94
904 98
904 100
904 103
904 104
904 109
904 113
904 117
904 121
904 125
904 129
904 130
904 137
904 140
904 142
904 144
904 148
904 150
904 156
904 160
904 163
904 167
904 173
904 174
904 185
904 190
904 193
904 196
904 201
904 205
904 209
904 210
904 212
904 215
904 222
904 229
904 230
904 232
904 241
904 247
904 252
904 253
904 257
904 258
904 259
904 262
904 270
904 275
904 291
904 292
904 303
904 313
904 327
904 331
904 335
904 337
904 338
904 340
904 341
904 346
904 357
904 362
904 377
904 379
904 381
904 390
904 395
904 401
904 409
904 410
904 415
904 420
904 422
904 427
904 430
904 431
904 433
904 438
904 441
904 445
904 456
904 471
904 488
904 490
904 492
904 497
904 503
904 505
904 507
904 510
904 512
904 517
904 518
904 521
904 522
904 535
904 536
904 546
904 553
904 559
904 560
904 565
904 574
904 582
904 588
904 590
904 592
904 593
904 601
904 604
904 607
904 608
904 618
904 627
904 635
904 637
904 642
904 643
904 649
904 650
904 654
904 657
904 658
904 663
904 666
904 674
904 685
904 695
904 696
904 701
904 705
904 718
904 723
904 725
904 735
904 737
904 744
904 745
904 747
904 749
904 758
904 768
904 776
904 779
904 780
904 783
904 785
904 793
904 804
904 807
904 809
904 812
904 821
904 828
904 829
904 831
904 842
904 846
904 848
904 862
904 865
904 866
904 869
904 872
904 873
904 878
904 879
904 881
904 883
904 886
904 897
904 898
904 900
904 904
904 909
904 917
904 919
904 923
904 926
904 928
904 934
904 944
904 947
904 951
904 954
904 968
904 970
904 973
904 974
904 979
904 983
904 989
904 992
904 993
904 1004
904 1015
904 1016
904 1031
904 1032
904 1033
904 1037
904 1040
904 1044
904 1045
904 1048
904 1052
904 1055
904 1062
904 1069
904 1073
904 1075
904 1081
904 1085
904 1086
904 1087
904 1095
904 1100
904 1101
904 1102
904 1104
904 1106
904 1107
904 1111
904 1114
904 1130
904 1139
904 1143
904 1144
904 1154
904 1155
904 1156
904 1158
904 1163
904 1165
904 1175
904 1178
904 1179
904 1180
904 1184
904 1185
904 1186
904 1187
904 1194
904 1196
904 1197
904 1198
904 1205
904 1208
904 1223
904 1224
904 1233
904 1241
904 1250
904 1252
904 1254
904 1258
904 1260
904 1262
904 1265
904 1269
904 1272
904 1274
904 1281
904 1285
904 1293
904 1294
904 1298
904 1302
904 1305
904 1308
904 1313
904 1314
904 1325
904 1332
904 1344
904 1346
904 1362
904 1363
904 1366
904 1368
904 1372
904 1373
904 1374
904 1380
904 1384
904 1385
904 1389
904 1391
904 1398
904 1399
904 1405
904 1406
904 1409
904 1414
904 1429
904 1436
904 1441
904 1446
904 1450
904 1460
904 1470
904 1474
904 1481
904 1483
904 1484
904 1496
904 1498
904 1505
904 1512
904 1517
904 1523
904 1525
904 1531
904 1540
904 1541
904 1547
904 1548
904 1549
904 1550
904 1552
904 1568
904 1569
904 1572
904 1581
904 1584
904 1590
904 1596
904 1603
904 1604
904 1626
904 1635
904 1644
904 1646
904 1665
904 1667
904 1668
904 1675
904 1676
904 1684
904 1686
904 1687
904 1701
904 1706
904 1707
904 1708
904 1710
904 1712
904 1715
904 1718
904 1721
904 1722
904 1725
904 1726
904 1734
904 1743
904 1761
904 1762
904 1765
904 1776
904 1784
904 1789
904 1799
904 1801
904 1808
904 1823
904 1826
904 1830
904 1836
904 1843
904 1846
904 1848
904 1850
904 1861
904 1875
904 1878
904 1887
904 1891
904 1893
904 1909
904 1911
904 1913
904 1922
904 1925
904 1933
904 1937
904 1940
904 1949
904 1951
904 1960
904 1961
904 1969
904 1974
904 1975
904 1976
904 1993
904 1994
904 1996
904 1999
904 2000
904 2002
904 2008
904 2013
904 2018
904 2019
904 2033
904 2034
904 2035
904 2038
904 2040
904 2041
904 2047
904 2059
904 2064
904 2066
904 2067
904 2069
904 2079
904 2087
904 2089
904 2097
904 2105
904 2117
904 2122
904 2138
904 2141
904 2146
904 2147
904 2156
904 2160
904 2168
904 2173
904 2179
904 2186
904 2187
904 2190
904 2193
904 2195
904 2201
904 2202
904 2207
904 2220
904 2226
904 2227
904 2233
904 2234
904 2241
904 2242
904 2254
904 2261
904 2263
904 2266
904 2277
904 2278
904 2282
904 2289
904 2303
904 2304
904 2315
904 2316
904 2320
904 2322
904 2325
904 2334
904 2350
904 2354
904 2360
904 2363
904 2372
904 2374
904 2377
904 2383
904 2389
904 2391
904 2394
904 2401
904 2405
904 2409
904 2412
904 2416
904 2421
904 2424
904 2425
904 2426
904 2429
904 2430
904 2432
904 2434
904 2442
904 2452
904 2455
904 2466
904 2468
904 2473
904 2477
904 2480
904 2481
904 2486
904 2490
904 2491
904 2497
904 2505
904 2519
904 2520
904 2537
904 2542
904 2547
904 2549
904 2551
904 2557
904 2560
904 2561
904 2566
904 2569
904 2572
904 2577
904 2578
904 2587
904 2591
904 2595
904 2612
904 2613
904 2615
904 2616
904 2620
904 2633
904 2638
904 2642
904 2643
904 2651
904 2652
904 2657
904 2663
904 2670
904 2680
904 2682
904 2692
904 2694
904 2704
904 2712
904 2713
904 2720
904 2723
904 2732
904 2736
904 2739
904 2740
904 2753
904 2756
904 2759
904 2762
904 2767
904 2768
904 2775
904 2778
904 2788
904 2792
904 2794
904 2797
904 2799
904 2800
904 2802
904 2805
904 2807
904 2814
904 2821
904 2826
904 2829
904 2832
904 2833
904 2834
904 2835
904 2839
904 2840
904 2845
904 2850
904 2852
904 2866
904 2874
904 2887
904 2891
904 2892
904 2895
904 2906
904 2914
904 2921
904 2932
904 2934
904 2935
904 2938
904 2941
904 2942
904 2946
904 2953
904 2955
904 2957
904 2960
904 2962
904 2969
904 2977
904 2978
904 2987
904 2988
904 2995
904 2997
904 2998
904 3007
904 3008
904 3015
904 3018
904 3019
904 3025
904 3026
904 3031
904 3034
904 3041
904 3043
904 3051
904 3053
904 3058
904 3060
904 3063
904 3071
904 3075
904 3079
904 3084
904 3090
904 3092
904 3095
904 3099
904 3104
904 3108
904 3110
904 3115
904 3117
904 3120
904 3125
904 3143
904 3155
904 3181
904 3182
904 3184
904 3188
904 3192
904 3193
904 3196
904 3203
904 3204
904 3208
904 3216
904 3218
904 3229
904 3235
904 3239
904 3241
904 3253
904 3258
904 3266
904 3267
904 3268
904 3269
904 3279
904 3282
904 3286
904 3288
904 3292
904 3305
904 3311
904 3315
904 3320
904 3329
904 3333
904 3334
904 3337
904 3348
904 3351
904 3360
904 3363
904 3366
904 3371
904 3374
904 3382
904 3383
904 3386
904 3390
904 3394
904 3399
904 3400
904 3401
904 3408
904 3409
904 3412
904 3415
904 3421
904 3424
904 3425
904 3432
904 3433
904 3438
904 3440
904 3464
904 3465
904 3468
904 3472
904 3488
904 3492
904 3500
904 3505
904 3508
904 3510
904 3538
904 3539
904 3543
904 3545
904 3546
904 3547
904 3550
904 3557
904 3559
904 3565
904 3566
904 3567
904 3573
904 3577
904 3585
904 3586
904 3587
904 3605
904 3609
904 3613
904 3633
904 3639
904 3644
904 3649
904 3650
904 3655
904 3656
904 3657
904 3658
904 3661
904 3662
904 3664
904 3665
904 3674
904 3675
904 3682
904 3693
904 3696
904 3704
904 3716
904 3717
904 3723
904 3724
904 3729
904 3731
904 3733
904 3734
904 3735
904 3746
904 3748
904 3752
904 3753
904 3756
904 3767
904 3768
904 3778
904 3780
904 3788
904 3791
904 3792
