p td 3000 7205 
2428 1
2428 4
2428 7
2428 8
2428 10
2428 11
2428 29
2428 36
2428 43
2428 45
2428 46
2428 47
2428 48
2428 52
2428 56
2428 62
2428 65
2428 70
2428 75
2428 76
2428 85
2428 88
2428 108
2428 112
2428 118
2428 125
2428 130
2428 148
2428 151
2428 154
2428 156
2428 162
2428 165
2428 173
2428 176
2428 183
2428 184
2428 194
2428 200
2428 202
2428 206
2428 215
2428 222
2428 239
2428 246
2428 248
2428 266
2428 268
2428 272
2428 273
2428 284
2428 290
2428 294
2428 298
2428 300
2428 305
2428 312
2428 319
2428 320
2428 323
2428 325
2428 326
2428 334
2428 341
2428 345
2428 363
2428 365
2428 367
2428 370
2428 371
2428 373
2428 378
2428 381
2428 382
2428 383
2428 387
2428 401
2428 406
2428 407
2428 414
2428 423
2428 427
2428 428
2428 429
2428 431
2428 437
2428 439
2428 447
2428 450
2428 457
2428 463
2428 465
2428 468
2428 474
2428 478
2428 483
2428 486
2428 489
2428 491
2428 494
2428 499
2428 501
2428 513
2428 516
2428 531
2428 534
2428 535
2428 536
2428 538
2428 539
2428 540
2428 546
2428 550
2428 551
2428 557
2428 561
2428 567
2428 569
2428 570
2428 574
2428 580
2428 581
2428 587
2428 590
2428 595
2428 597
2428 622
2428 625
2428 628
2428 630
2428 642
2428 643
2428 647
2428 655
2428 658
2428 665
2428 669
2428 673
2428 680
2428 687
2428 692
2428 694
2428 704
2428 708
2428 709
2428 711
2428 720
2428 722
2428 727
2428 731
2428 734
2428 741
2428 742
2428 750
2428 752
2428 755
2428 757
2428 758
2428 762
2428 765
2428 766
2428 769
2428 776
2428 780
2428 781
2428 782
2428 785
2428 794
2428 795
2428 797
2428 801
2428 814
2428 815
2428 820
2428 831
2428 839
2428 842
2428 843
2428 844
2428 846
2428 858
2428 865
2428 867
2428 870
2428 872
2428 875
2428 878
2428 881
2428 887
2428 891
2428 897
2428 898
2428 900
2428 908
2428 921
2428 923
2428 925
2428 927
2428 931
2428 936
2428 948
2428 949
2428 962
2428 973
2428 977
2428 984
2428 985
2428 986
2428 996
2428 1011
2428 1012
2428 1016
2428 1017
2428 1024
2428 1028
2428 1031
2428 1037
2428 1041
2428 1044
2428 1052
2428 1056
2428 1068
2428 1086
2428 1092
2428 1105
2428 1109
2428 1110
2428 1119
2428 1124
2428 1128
2428 1129
2428 1132
2428 1134
2428 1135
2428 1136
2428 1137
2428 1140
2428 1141
2428 1142
2428 1144
2428 1146
2428 1153
2428 1155
2428 1176
2428 1177
2428 1185
2428 1189
2428 1193
2428 1199
2428 1201
2428 1218
2428 1228
2428 1232
2428 1233
2428 1242
2428 1247
2428 1248
2428 1260
2428 1265
2428 1267
2428 1271
2428 1296
2428 1303
2428 1306
2428 1309
2428 1311
2428 1313
2428 1317
2428 1325
2428 1329
2428 1331
2428 1339
2428 1341
2428 1344
2428 1346
2428 1356
2428 1357
2428 1358
2428 1359
2428 1363
2428 1380
2428 1381
2428 1384
2428 1394
2428 1396
2428 1401
2428 1406
2428 1415
2428 1416
2428 1422
2428 1423
2428 1427
2428 1428
2428 1431
2428 1435
2428 1439
2428 1449
2428 1460
2428 1463
2428 1464
2428 1472
2428 1474
2428 1476
2428 1482
2428 1485
2428 1488
2428 1493
2428 1494
2428 1499
2428 1502
2428 1506
2428 1520
2428 1522
2428 1524
2428 1525
2428 1528
2428 1534
2428 1539
2428 1554
2428 1561
2428 1562
2428 1569
2428 1582
2428 1586
2428 1592
2428 1595
2428 1601
2428 1602
2428 1604
2428 1605
2428 1606
2428 1609
2428 1619
2428 1630
2428 1632
2428 1638
2428 1650
2428 1654
2428 1657
2428 1658
2428 1667
2428 1675
2428 1677
2428 1681
2428 1683
2428 1687
2428 1700
2428 1743
2428 1748
2428 1749
2428 1761
2428 1764
2428 1766
2428 1770
2428 1772
2428 1784
2428 1787
2428 1815
2428 1839
2428 1842
2428 1855
2428 1857
2428 1859
2428 1862
2428 1869
2428 1873
2428 1886
2428 1910
2428 1915
2428 1927
2428 1930
2428 1931
2428 1934
2428 1936
2428 1940
2428 1941
2428 1952
2428 1955
2428 1960
2428 1966
2428 1967
2428 1974
2428 1985
2428 1996
2428 1999
2428 2002
2428 2006
2428 2012
2428 2016
2428 2042
2428 2045
2428 2058
2428 2063
2428 2067
2428 2068
2428 2074
2428 2075
2428 2077
2428 2080
2428 2082
2428 2083
2428 2088
2428 2099
2428 2115
2428 2120
2428 2122
2428 2139
2428 2148
2428 2150
2428 2151
2428 2158
2428 2161
2428 2163
2428 2167
2428 2170
2428 2180
2428 2183
2428 2185
2428 2189
2428 2202
2428 2203
2428 2217
2428 2219
2428 2221
2428 2224
2428 2226
2428 2228
2428 2236
2428 2237
2428 2239
2428 2241
2428 2242
2428 2245
2428 2246
2428 2248
2428 2249
2428 2267
2428 2268
2428 2269
2428 2270
2428 2271
2428 2274
2428 2284
2428 2290
2428 2298
2428 2307
2428 2314
2428 2322
2428 2323
2428 2326
2428 2330
2428 2332
2428 2353
2428 2359
2428 2363
2428 2365
2428 2369
2428 2370
2428 2388
2428 2406
2428 2413
2428 2414
2428 2416
2428 2417
2428 2425
2428 2433
2428 2442
2428 2448
2428 2452
2428 2453
2428 2454
2428 2460
2428 2470
2428 2472
2428 2480
2428 2482
2428 2483
2428 2489
2428 2495
2428 2499
2428 2506
2428 2512
2428 2514
2428 2515
2428 2517
2428 2519
2428 2526
2428 2531
2428 2539
2428 2540
2428 2543
2428 2546
2428 2563
2428 2564
2428 2566
2428 2570
2428 2579
2428 2580
2428 2581
2428 2583
2428 2585
2428 2589
2428 2591
2428 2593
2428 2604
2428 2610
2428 2616
2428 2617
2428 2631
2428 2635
2428 2636
2428 2644
2428 2655
2428 2664
2428 2682
2428 2684
2428 2685
2428 2698
2428 2707
2428 2714
2428 2724
2428 2731
2428 2743
2428 2744
2428 2747
2428 2754
2428 2756
2428 2757
2428 2759
2428 2762
2428 2765
2428 2767
2428 2775
2428 2777
2428 2780
2428 2791
2428 2792
2428 2796
2428 2800
2428 2802
2428 2808
2428 2811
2428 2813
2428 2817
2428 2823
2428 2826
2428 2828
2428 2829
2428 2839
2428 2845
2428 2849
2428 2850
2428 2855
2428 2861
2428 2862
2428 2864
2428 2867
2428 2868
2428 2870
2428 2875
2428 2882
2428 2888
2428 2889
2428 2895
2428 2907
2428 2912
2428 2913
2428 2922
2428 2926
2428 2935
2428 2945
2428 2947
2428 2955
2428 2967
2428 2981
2428 2991
2428 2994
2245 2
2245 5
2245 15
2245 20
2245 33
2245 34
2245 36
2245 37
2245 39
2245 52
2245 56
2245 58
2245 60
2245 62
2245 63
2245 66
2245 67
2245 68
2245 71
2245 72
2245 75
2245 79
2245 95
2245 97
2245 118
2245 124
2245 128
2245 129
2245 137
2245 141
2245 144
2245 147
2245 149
2245 155
2245 159
2245 164
2245 165
2245 170
2245 176
2245 181
2245 182
2245 187
2245 190
2245 191
2245 194
2245 195
2245 197
2245 199
2245 201
2245 204
2245 208
2245 209
2245 221
2245 222
2245 227
2245 248
2245 250
2245 251
2245 263
2245 271
2245 280
2245 282
2245 309
2245 312
2245 316
2245 317
2245 325
2245 334
2245 336
2245 358
2245 360
2245 364
2245 366
2245 368
2245 374
2245 377
2245 384
2245 391
2245 393
2245 394
2245 397
2245 399
2245 408
2245 411
2245 420
2245 422
2245 430
2245 431
2245 447
2245 449
2245 458
2245 459
2245 461
2245 466
2245 474
2245 478
2245 487
2245 490
2245 495
2245 496
2245 505
2245 506
2245 513
2245 515
2245 518
2245 523
2245 525
2245 528
2245 531
2245 534
2245 538
2245 541
2245 546
2245 552
2245 553
2245 559
2245 571
2245 574
2245 578
2245 585
2245 587
2245 590
2245 596
2245 598
2245 605
2245 615
2245 616
2245 618
2245 619
2245 628
2245 629
2245 632
2245 635
2245 642
2245 643
2245 644
2245 647
2245 650
2245 659
2245 660
2245 664
2245 669
2245 685
2245 690
2245 694
2245 702
2245 710
2245 714
2245 719
2245 720
2245 728
2245 738
2245 739
2245 748
2245 756
2245 763
2245 769
2245 784
2245 785
2245 791
2245 801
2245 817
2245 818
2245 820
2245 830
2245 833
2245 835
2245 840
2245 845
2245 854
2245 858
2245 860
2245 861
2245 863
2245 869
2245 870
2245 879
2245 881
2245 887
2245 889
2245 899
2245 908
2245 911
2245 912
2245 927
2245 937
2245 938
2245 942
2245 945
2245 947
2245 948
2245 954
2245 960
2245 963
2245 966
2245 967
2245 972
2245 981
2245 998
2245 1006
2245 1015
2245 1017
2245 1029
2245 1031
2245 1034
2245 1042
2245 1054
2245 1062
2245 1073
2245 1076
2245 1087
2245 1089
2245 1093
2245 1096
2245 1098
2245 1116
2245 1117
2245 1118
2245 1125
2245 1127
2245 1135
2245 1143
2245 1145
2245 1149
2245 1153
2245 1158
2245 1159
2245 1162
2245 1163
2245 1175
2245 1185
2245 1194
2245 1195
2245 1217
2245 1223
2245 1225
2245 1230
2245 1233
2245 1235
2245 1243
2245 1256
2245 1272
2245 1274
2245 1286
2245 1304
2245 1322
2245 1323
2245 1326
2245 1329
2245 1334
2245 1336
2245 1338
2245 1346
2245 1355
2245 1370
2245 1375
2245 1382
2245 1383
2245 1389
2245 1390
2245 1393
2245 1395
2245 1397
2245 1399
2245 1403
2245 1404
2245 1411
2245 1412
2245 1413
2245 1417
2245 1425
2245 1430
2245 1434
2245 1439
2245 1441
2245 1444
2245 1451
2245 1455
2245 1456
2245 1464
2245 1474
2245 1485
2245 1490
2245 1496
2245 1503
2245 1504
2245 1517
2245 1518
2245 1527
2245 1531
2245 1533
2245 1536
2245 1541
2245 1543
2245 1551
2245 1552
2245 1554
2245 1564
2245 1565
2245 1566
2245 1570
2245 1572
2245 1582
2245 1585
2245 1586
2245 1592
2245 1599
2245 1607
2245 1608
2245 1609
2245 1610
2245 1619
2245 1628
2245 1631
2245 1636
2245 1647
2245 1649
2245 1655
2245 1662
2245 1666
2245 1668
2245 1671
2245 1680
2245 1684
2245 1687
2245 1690
2245 1699
2245 1701
2245 1710
2245 1713
2245 1717
2245 1719
2245 1720
2245 1725
2245 1730
2245 1731
2245 1755
2245 1756
2245 1763
2245 1767
2245 1771
2245 1776
2245 1780
2245 1782
2245 1784
2245 1789
2245 1790
2245 1795
2245 1797
2245 1810
2245 1813
2245 1815
2245 1821
2245 1823
2245 1827
2245 1839
2245 1842
2245 1843
2245 1846
2245 1851
2245 1853
2245 1855
2245 1868
2245 1869
2245 1870
2245 1871
2245 1873
2245 1877
2245 1879
2245 1881
2245 1885
2245 1888
2245 1890
2245 1893
2245 1902
2245 1905
2245 1916
2245 1924
2245 1925
2245 1949
2245 1952
2245 1960
2245 1962
2245 1966
2245 1967
2245 1976
2245 1977
2245 1978
2245 1979
2245 1981
2245 1984
2245 1985
2245 1986
2245 1989
2245 1990
2245 1997
2245 2002
2245 2003
2245 2008
2245 2011
2245 2013
2245 2021
2245 2029
2245 2031
2245 2036
2245 2037
2245 2038
2245 2049
2245 2056
2245 2060
2245 2062
2245 2067
2245 2074
2245 2082
2245 2086
2245 2092
2245 2097
2245 2100
2245 2111
2245 2114
2245 2115
2245 2116
2245 2120
2245 2123
2245 2125
2245 2127
2245 2134
2245 2137
2245 2140
2245 2142
2245 2145
2245 2150
2245 2152
2245 2157
2245 2158
2245 2159
2245 2160
2245 2163
2245 2165
2245 2169
2245 2173
2245 2180
2245 2189
2245 2193
2245 2196
2245 2203
2245 2208
2245 2209
2245 2211
2245 2216
2245 2226
2245 2231
2245 2233
2245 2237
2245 2250
2245 2254
2245 2266
2245 2273
2245 2277
2245 2282
2245 2284
2245 2289
2245 2290
2245 2293
2245 2294
2245 2295
2245 2302
2245 2304
2245 2307
2245 2315
2245 2319
2245 2320
2245 2323
2245 2327
2245 2333
2245 2336
2245 2337
2245 2338
2245 2343
2245 2353
2245 2359
2245 2360
2245 2368
2245 2378
2245 2381
2245 2382
2245 2388
2245 2395
2245 2396
2245 2399
2245 2408
2245 2419
2245 2420
2245 2433
2245 2435
2245 2444
2245 2449
2245 2462
2245 2465
2245 2479
2245 2485
2245 2491
2245 2492
2245 2495
2245 2498
2245 2503
2245 2504
2245 2507
2245 2509
2245 2513
2245 2518
2245 2520
2245 2524
2245 2526
2245 2534
2245 2537
2245 2544
2245 2545
2245 2547
2245 2548
2245 2559
2245 2561
2245 2566
2245 2569
2245 2571
2245 2574
2245 2584
2245 2594
2245 2603
2245 2604
2245 2612
2245 2614
2245 2624
2245 2628
2245 2631
2245 2633
2245 2634
2245 2636
2245 2637
2245 2641
2245 2642
2245 2647
2245 2648
2245 2654
2245 2658
2245 2661
2245 2665
2245 2668
2245 2674
2245 2675
2245 2684
2245 2686
2245 2705
2245 2709
2245 2713
2245 2721
2245 2728
2245 2734
2245 2737
2245 2745
2245 2747
2245 2757
2245 2766
2245 2767
2245 2770
2245 2780
2245 2791
2245 2792
2245 2801
2245 2802
2245 2805
2245 2809
2245 2810
2245 2815
2245 2816
2245 2819
2245 2821
2245 2826
2245 2830
2245 2847
2245 2851
2245 2856
2245 2857
2245 2862
2245 2865
2245 2871
2245 2872
2245 2889
2245 2890
2245 2906
2245 2909
2245 2912
2245 2916
2245 2927
2245 2934
2245 2938
2245 2945
2245 2946
2245 2952
2245 2981
2245 2989
2245 2992
2245 2996
2245 2997
2245 2998
2245 3000
477 12
477 16
477 18
477 23
477 28
477 31
477 37
477 41
477 57
477 62
477 69
477 71
477 74
477 85
477 89
477 90
477 99
477 104
477 105
477 106
477 116
477 119
477 120
477 121
477 123
477 125
477 126
477 137
477 138
477 141
477 145
477 158
477 159
477 168
477 176
477 185
477 191
477 193
477 196
477 199
477 207
477 212
477 215
477 216
477 218
477 227
477 229
477 233
477 235
477 239
477 240
477 244
477 245
477 251
477 252
477 255
477 259
477 264
477 288
477 291
477 292
477 294
477 296
477 301
477 303
477 304
477 313
477 314
477 331
477 349
477 350
477 354
477 355
477 359
477 375
477 376
477 384
477 391
477 392
477 396
477 397
477 398
477 408
477 409
477 414
477 415
477 417
477 418
477 419
477 420
477 422
477 426
477 433
477 444
477 448
477 453
477 454
477 462
477 463
477 470
477 474
477 477
477 486
477 493
477 494
477 500
477 502
477 507
477 519
477 522
477 528
477 532
477 541
477 544
477 551
477 552
477 569
477 570
477 574
477 586
477 597
477 604
477 605
477 608
477 609
477 619
477 620
477 627
477 633
477 635
477 636
477 638
477 639
477 640
477 646
477 647
477 657
477 670
477 672
477 678
477 680
477 684
477 685
477 691
477 700
477 706
477 714
477 720
477 723
477 724
477 734
477 739
477 752
477 755
477 757
477 762
477 763
477 767
477 770
477 780
477 789
477 790
477 795
477 796
477 805
477 806
477 807
477 824
477 825
477 826
477 828
477 830
477 831
477 834
477 855
477 859
477 861
477 863
477 865
477 884
477 887
477 893
477 895
477 902
477 906
477 910
477 917
477 918
477 920
477 929
477 932
477 933
477 942
477 943
477 950
477 960
477 961
477 964
477 966
477 977
477 978
477 982
477 984
477 985
477 988
477 997
477 1000
477 1002
477 1004
477 1011
477 1022
477 1027
477 1029
477 1030
477 1031
477 1041
477 1046
477 1057
477 1064
477 1069
477 1072
477 1076
477 1086
477 1088
477 1089
477 1095
477 1097
477 1106
477 1110
477 1112
477 1116
477 1117
477 1133
477 1140
477 1150
477 1155
477 1156
477 1160
477 1180
477 1183
477 1185
477 1190
477 1191
477 1193
477 1208
477 1210
477 1214
477 1215
477 1224
477 1229
477 1230
477 1233
477 1238
477 1241
477 1243
477 1259
477 1260
477 1263
477 1265
477 1280
477 1284
477 1299
477 1301
477 1302
477 1303
477 1319
477 1321
477 1334
477 1336
477 1340
477 1343
477 1349
477 1355
477 1364
477 1365
477 1384
477 1391
477 1392
477 1400
477 1402
477 1405
477 1407
477 1421
477 1431
477 1432
477 1438
477 1442
477 1444
477 1448
477 1458
477 1464
477 1467
477 1472
477 1485
477 1488
477 1489
477 1493
477 1495
477 1526
477 1527
477 1535
477 1536
477 1537
477 1541
477 1542
477 1543
477 1544
477 1563
477 1567
477 1582
477 1586
477 1587
477 1588
477 1598
477 1601
477 1603
477 1606
477 1616
477 1627
477 1642
477 1643
477 1644
477 1650
477 1652
477 1655
477 1660
477 1667
477 1669
477 1672
477 1680
477 1681
477 1684
477 1685
477 1690
477 1696
477 1697
477 1701
477 1704
477 1706
477 1709
477 1710
477 1717
477 1721
477 1724
477 1730
477 1736
477 1738
477 1754
477 1755
477 1757
477 1758
477 1765
477 1779
477 1786
477 1800
477 1819
477 1823
477 1834
477 1835
477 1836
477 1841
477 1842
477 1849
477 1855
477 1866
477 1875
477 1876
477 1882
477 1886
477 1891
477 1898
477 1900
477 1906
477 1908
477 1910
477 1929
477 1930
477 1931
477 1933
477 1936
477 1939
477 1940
477 1943
477 1945
477 1946
477 1947
477 1948
477 1951
477 1953
477 1956
477 1959
477 1961
477 1964
477 1966
477 1967
477 1975
477 1980
477 1995
477 2001
477 2002
477 2010
477 2011
477 2012
477 2015
477 2022
477 2023
477 2037
477 2043
477 2047
477 2053
477 2059
477 2061
477 2062
477 2070
477 2071
477 2074
477 2081
477 2083
477 2089
477 2102
477 2106
477 2115
477 2126
477 2131
477 2134
477 2146
477 2148
477 2149
477 2153
477 2160
477 2163
477 2164
477 2165
477 2168
477 2169
477 2172
477 2174
477 2175
477 2181
477 2182
477 2183
477 2188
477 2195
477 2202
477 2220
477 2223
477 2224
477 2225
477 2229
477 2232
477 2233
477 2245
477 2247
477 2255
477 2264
477 2266
477 2271
477 2273
477 2280
477 2282
477 2292
477 2295
477 2298
477 2302
477 2304
477 2306
477 2309
477 2312
477 2323
477 2326
477 2332
477 2340
477 2341
477 2355
477 2358
477 2363
477 2365
477 2378
477 2379
477 2388
477 2389
477 2390
477 2392
477 2398
477 2416
477 2426
477 2427
477 2429
477 2430
477 2431
477 2436
477 2439
477 2442
477 2443
477 2448
477 2454
477 2455
477 2457
477 2462
477 2463
477 2466
477 2470
477 2474
477 2476
477 2487
477 2489
477 2491
477 2510
477 2513
477 2522
477 2529
477 2531
477 2535
477 2538
477 2539
477 2548
477 2551
477 2559
477 2560
477 2565
477 2575
477 2584
477 2585
477 2586
477 2592
477 2593
477 2602
477 2613
477 2614
477 2618
477 2623
477 2626
477 2627
477 2631
477 2636
477 2642
477 2646
477 2652
477 2653
477 2654
477 2660
477 2668
477 2670
477 2684
477 2686
477 2693
477 2705
477 2714
477 2720
477 2721
477 2722
477 2735
477 2741
477 2744
477 2749
477 2750
477 2763
477 2779
477 2811
477 2814
477 2817
477 2823
477 2828
477 2838
477 2843
477 2852
477 2855
477 2861
477 2863
477 2864
477 2865
477 2872
477 2880
477 2883
477 2884
477 2894
477 2898
477 2906
477 2913
477 2923
477 2934
477 2935
477 2940
477 2954
477 2957
477 2958
477 2972
477 2974
477 2975
477 2976
477 2997
477 2999
927 8
927 17
927 27
927 31
927 35
927 41
927 42
927 45
927 46
927 47
927 55
927 57
927 60
927 61
927 63
927 65
927 66
927 69
927 71
927 77
927 79
927 82
927 84
927 86
927 91
927 93
927 99
927 100
927 102
927 106
927 112
927 123
927 124
927 125
927 139
927 141
927 153
927 154
927 160
927 164
927 168
927 177
927 178
927 179
927 181
927 190
927 191
927 198
927 199
927 205
927 214
927 215
927 224
927 225
927 228
927 230
927 233
927 234
927 236
927 237
927 240
927 251
927 254
927 257
927 262
927 263
927 266
927 270
927 278
927 289
927 290
927 293
927 294
927 295
927 296
927 299
927 306
927 307
927 311
927 314
927 316
927 317
927 318
927 320
927 325
927 337
927 339
927 351
927 359
927 363
927 365
927 378
927 382
927 385
927 388
927 391
927 399
927 400
927 404
927 412
927 415
927 425
927 433
927 435
927 450
927 451
927 454
927 463
927 465
927 466
927 468
927 475
927 502
927 509
927 515
927 524
927 525
927 528
927 534
927 535
927 537
927 548
927 553
927 561
927 565
927 576
927 577
927 580
927 581
927 590
927 596
927 599
927 602
927 603
927 604
927 605
927 615
927 616
927 617
927 623
927 628
927 645
927 658
927 661
927 666
927 667
927 668
927 671
927 672
927 674
927 676
927 677
927 679
927 685
927 689
927 695
927 705
927 713
927 717
927 718
927 723
927 725
927 726
927 731
927 734
927 736
927 744
927 745
927 747
927 784
927 787
927 796
927 797
927 806
927 816
927 821
927 823
927 825
927 832
927 838
927 841
927 844
927 847
927 855
927 858
927 861
927 864
927 870
927 880
927 892
927 894
927 896
927 898
927 905
927 909
927 917
927 927
927 934
927 946
927 949
927 963
927 966
927 967
927 972
927 978
927 983
927 986
927 988
927 996
927 997
927 1005
927 1006
927 1009
927 1017
927 1023
927 1029
927 1035
927 1043
927 1051
927 1052
927 1053
927 1059
927 1065
927 1069
927 1070
927 1071
927 1078
927 1080
927 1090
927 1091
927 1095
927 1097
927 1100
927 1101
927 1104
927 1109
927 1117
927 1127
927 1132
927 1138
927 1142
927 1149
927 1153
927 1154
927 1159
927 1162
927 1166
927 1169
927 1171
927 1173
927 1175
927 1176
927 1187
927 1193
927 1195
927 1198
927 1201
927 1203
927 1211
927 1213
927 1222
927 1230
927 1231
927 1246
927 1258
927 1260
927 1266
927 1274
927 1276
927 1282
927 1285
927 1287
927 1295
927 1300
927 1301
927 1313
927 1314
927 1315
927 1316
927 1318
927 1324
927 1327
927 1330
927 1332
927 1353
927 1355
927 1367
927 1369
927 1373
927 1377
927 1378
927 1382
927 1385
927 1386
927 1388
927 1389
927 1399
927 1406
927 1407
927 1410
927 1425
927 1427
927 1447
927 1448
927 1449
927 1452
927 1462
927 1469
927 1481
927 1483
927 1505
927 1513
927 1529
927 1531
927 1537
927 1538
927 1546
927 1556
927 1563
927 1567
927 1568
927 1571
927 1579
927 1591
927 1595
927 1601
927 1603
927 1604
927 1621
927 1637
927 1640
927 1644
927 1645
927 1647
927 1648
927 1651
927 1653
927 1660
927 1669
927 1678
927 1679
927 1684
927 1685
927 1686
927 1694
927 1696
927 1697
927 1698
927 1700
927 1701
927 1702
927 1703
927 1718
927 1721
927 1735
927 1741
927 1742
927 1743
927 1753
927 1755
927 1760
927 1762
927 1763
927 1768
927 1771
927 1772
927 1779
927 1793
927 1796
927 1799
927 1800
927 1802
927 1804
927 1810
927 1817
927 1820
927 1821
927 1827
927 1833
927 1836
927 1841
927 1843
927 1852
927 1855
927 1857
927 1870
927 1881
927 1883
927 1885
927 1897
927 1899
927 1900
927 1901
927 1909
927 1911
927 1915
927 1925
927 1932
927 1936
927 1946
927 1954
927 1956
927 1959
927 1966
927 1967
927 1970
927 1974
927 1976
927 1977
927 1990
927 1994
927 1998
927 2004
927 2005
927 2006
927 2019
927 2020
927 2022
927 2024
927 2032
927 2034
927 2041
927 2048
927 2062
927 2070
927 2071
927 2072
927 2074
927 2075
927 2077
927 2082
927 2088
927 2091
927 2092
927 2096
927 2098
927 2101
927 2102
927 2103
927 2119
927 2122
927 2124
927 2131
927 2134
927 2136
927 2141
927 2146
927 2147
927 2154
927 2155
927 2156
927 2157
927 2162
927 2170
927 2172
927 2175
927 2180
927 2184
927 2185
927 2193
927 2194
927 2203
927 2214
927 2215
927 2216
927 2229
927 2242
927 2250
927 2262
927 2263
927 2269
927 2272
927 2273
927 2279
927 2281
927 2282
927 2284
927 2285
927 2291
927 2292
927 2295
927 2296
927 2302
927 2303
927 2307
927 2308
927 2310
927 2312
927 2317
927 2318
927 2319
927 2322
927 2324
927 2325
927 2326
927 2346
927 2348
927 2350
927 2352
927 2354
927 2362
927 2366
927 2371
927 2377
927 2380
927 2383
927 2385
927 2389
927 2391
927 2392
927 2400
927 2407
927 2411
927 2418
927 2419
927 2422
927 2426
927 2428
927 2430
927 2436
927 2439
927 2440
927 2445
927 2447
927 2454
927 2457
927 2460
927 2461
927 2462
927 2463
927 2466
927 2467
927 2478
927 2484
927 2486
927 2500
927 2502
927 2509
927 2510
927 2511
927 2520
927 2524
927 2534
927 2536
927 2542
927 2544
927 2548
927 2551
927 2553
927 2558
927 2565
927 2566
927 2580
927 2585
927 2586
927 2589
927 2598
927 2611
927 2627
927 2628
927 2631
927 2637
927 2641
927 2648
927 2666
927 2670
927 2674
927 2676
927 2679
927 2681
927 2686
927 2694
927 2695
927 2700
927 2713
927 2716
927 2720
927 2724
927 2728
927 2729
927 2730
927 2733
927 2734
927 2744
927 2747
927 2762
927 2775
927 2776
927 2778
927 2787
927 2794
927 2797
927 2799
927 2808
927 2812
927 2816
927 2820
927 2824
927 2831
927 2832
927 2844
927 2863
927 2871
927 2881
927 2882
927 2883
927 2888
927 2895
927 2898
927 2901
927 2902
927 2905
927 2907
927 2909
927 2912
927 2925
927 2926
927 2930
927 2940
927 2945
927 2954
927 2957
927 2959
927 2961
927 2964
927 2967
927 2983
927 2990
927 2999
1816 9
1816 17
1816 26
1816 27
1816 38
1816 40
1816 42
1816 44
1816 50
1816 52
1816 53
1816 55
1816 59
1816 62
1816 73
1816 78
1816 85
1816 93
1816 94
1816 101
1816 104
1816 109
1816 115
1816 117
1816 123
1816 125
1816 142
1816 147
1816 148
1816 154
1816 161
1816 162
1816 166
1816 172
1816 173
1816 183
1816 189
1816 199
1816 202
1816 204
1816 205
1816 209
1816 211
1816 219
1816 226
1816 236
1816 238
1816 244
1816 245
1816 248
1816 250
1816 252
1816 259
1816 266
1816 267
1816 273
1816 277
1816 280
1816 291
1816 299
1816 300
1816 310
1816 312
1816 313
1816 319
1816 325
1816 332
1816 333
1816 341
1816 343
1816 347
1816 348
1816 353
1816 360
1816 365
1816 374
1816 377
1816 379
1816 381
1816 382
1816 383
1816 389
1816 390
1816 391
1816 419
1816 426
1816 430
1816 438
1816 444
1816 457
1816 460
1816 465
1816 469
1816 471
1816 472
1816 473
1816 474
1816 479
1816 483
1816 487
1816 509
1816 510
1816 514
1816 516
1816 520
1816 522
1816 534
1816 539
1816 541
1816 543
1816 552
1816 553
1816 555
1816 557
1816 560
1816 565
1816 566
1816 567
1816 571
1816 577
1816 581
1816 583
1816 587
1816 594
1816 601
1816 603
1816 614
1816 615
1816 617
1816 621
1816 625
1816 628
1816 629
1816 643
1816 648
1816 650
1816 654
1816 656
1816 659
1816 672
1816 677
1816 682
1816 689
1816 693
1816 700
1816 707
1816 710
1816 713
1816 715
1816 725
1816 726
1816 735
1816 737
1816 741
1816 742
1816 749
1816 756
1816 760
1816 764
1816 767
1816 772
1816 773
1816 774
1816 778
1816 784
1816 785
1816 786
1816 788
1816 800
1816 805
1816 809
1816 814
1816 825
1816 831
1816 832
1816 840
1816 842
1816 849
1816 852
1816 857
1816 870
1816 875
1816 878
1816 916
1816 918
1816 925
1816 931
1816 934
1816 940
1816 956
1816 973
1816 980
1816 987
1816 992
1816 995
1816 1006
1816 1009
1816 1010
1816 1012
1816 1016
1816 1020
1816 1022
1816 1023
1816 1040
1816 1045
1816 1046
1816 1049
1816 1054
1816 1055
1816 1059
1816 1064
1816 1065
1816 1066
1816 1067
1816 1070
1816 1076
1816 1083
1816 1096
1816 1104
1816 1110
1816 1118
1816 1125
1816 1127
1816 1128
1816 1132
1816 1135
1816 1136
1816 1141
1816 1150
1816 1154
1816 1155
1816 1159
1816 1161
1816 1163
1816 1168
1816 1173
1816 1180
1816 1181
1816 1187
1816 1195
1816 1198
1816 1200
1816 1203
1816 1214
1816 1222
1816 1225
1816 1228
1816 1232
1816 1238
1816 1242
1816 1248
1816 1252
1816 1253
1816 1264
1816 1265
1816 1271
1816 1272
1816 1277
1816 1281
1816 1288
1816 1296
1816 1297
1816 1299
1816 1301
1816 1310
1816 1317
1816 1318
1816 1321
1816 1329
1816 1332
1816 1338
1816 1346
1816 1352
1816 1355
1816 1357
1816 1366
1816 1368
1816 1373
1816 1377
1816 1380
1816 1383
1816 1386
1816 1392
1816 1397
1816 1413
1816 1414
1816 1417
1816 1428
1816 1433
1816 1436
1816 1446
1816 1456
1816 1458
1816 1461
1816 1469
1816 1473
1816 1480
1816 1481
1816 1486
1816 1487
1816 1499
1816 1500
1816 1501
1816 1505
1816 1511
1816 1513
1816 1514
1816 1517
1816 1521
1816 1524
1816 1526
1816 1534
1816 1535
1816 1540
1816 1545
1816 1550
1816 1552
1816 1554
1816 1559
1816 1561
1816 1562
1816 1578
1816 1586
1816 1590
1816 1594
1816 1597
1816 1598
1816 1604
1816 1605
1816 1607
1816 1612
1816 1615
1816 1616
1816 1617
1816 1618
1816 1620
1816 1625
1816 1628
1816 1629
1816 1632
1816 1633
1816 1643
1816 1644
1816 1650
1816 1655
1816 1658
1816 1668
1816 1676
1816 1685
1816 1689
1816 1707
1816 1714
1816 1720
1816 1727
1816 1738
1816 1743
1816 1747
1816 1752
1816 1753
1816 1755
1816 1756
1816 1763
1816 1774
1816 1788
1816 1792
1816 1802
1816 1803
1816 1809
1816 1816
1816 1818
1816 1830
1816 1831
1816 1836
1816 1839
1816 1840
1816 1843
1816 1844
1816 1848
1816 1849
1816 1854
1816 1864
1816 1882
1816 1884
1816 1886
1816 1891
1816 1892
1816 1900
1816 1907
1816 1918
1816 1928
1816 1938
1816 1939
1816 1940
1816 1946
1816 1951
1816 1963
1816 1968
1816 1970
1816 1972
1816 1973
1816 1978
1816 1979
1816 1986
1816 1989
1816 1994
1816 1995
1816 1997
1816 2001
1816 2011
1816 2013
1816 2015
1816 2019
1816 2022
1816 2029
1816 2034
1816 2038
1816 2039
1816 2045
1816 2050
1816 2055
1816 2059
1816 2060
1816 2062
1816 2064
1816 2065
1816 2071
1816 2072
1816 2075
1816 2077
1816 2081
1816 2084
1816 2091
1816 2100
1816 2106
1816 2110
1816 2112
1816 2113
1816 2115
1816 2118
1816 2125
1816 2134
1816 2136
1816 2137
1816 2152
1816 2160
1816 2164
1816 2169
1816 2173
1816 2179
1816 2194
1816 2197
1816 2198
1816 2201
1816 2205
1816 2208
1816 2209
1816 2220
1816 2221
1816 2235
1816 2244
1816 2245
1816 2249
1816 2250
1816 2265
1816 2270
1816 2273
1816 2277
1816 2279
1816 2285
1816 2286
1816 2287
1816 2290
1816 2294
1816 2306
1816 2307
1816 2310
1816 2317
1816 2319
1816 2320
1816 2321
1816 2326
1816 2336
1816 2346
1816 2348
1816 2357
1816 2360
1816 2371
1816 2373
1816 2375
1816 2379
1816 2382
1816 2391
1816 2396
1816 2399
1816 2401
1816 2406
1816 2410
1816 2412
1816 2421
1816 2436
1816 2444
1816 2451
1816 2454
1816 2456
1816 2458
1816 2460
1816 2464
1816 2472
1816 2478
1816 2484
1816 2489
1816 2493
1816 2503
1816 2504
1816 2517
1816 2522
1816 2525
1816 2526
1816 2527
1816 2530
1816 2532
1816 2537
1816 2542
1816 2554
1816 2568
1816 2577
1816 2588
1816 2594
1816 2599
1816 2600
1816 2602
1816 2606
1816 2607
1816 2609
1816 2617
1816 2623
1816 2631
1816 2648
1816 2656
1816 2659
1816 2667
1816 2671
1816 2675
1816 2679
1816 2684
1816 2686
1816 2689
1816 2695
1816 2698
1816 2702
1816 2703
1816 2708
1816 2720
1816 2723
1816 2726
1816 2730
1816 2743
1816 2745
1816 2748
1816 2752
1816 2754
1816 2755
1816 2758
1816 2761
1816 2765
1816 2771
1816 2775
1816 2791
1816 2795
1816 2797
1816 2814
1816 2828
1816 2830
1816 2833
1816 2840
1816 2849
1816 2861
1816 2866
1816 2873
1816 2876
1816 2879
1816 2886
1816 2888
1816 2892
1816 2894
1816 2901
1816 2918
1816 2921
1816 2925
1816 2941
1816 2953
1816 2964
1816 2968
1816 2970
1816 2971
1816 2978
1816 2983
1816 2993
1816 2994
958 6
958 8
958 15
958 18
958 20
958 27
958 49
958 57
958 65
958 67
958 68
958 71
958 75
958 82
958 85
958 91
958 93
958 95
958 98
958 99
958 102
958 106
958 115
958 118
958 123
958 127
958 130
958 131
958 140
958 143
958 145
958 148
958 150
958 156
958 159
958 172
958 184
958 189
958 193
958 203
958 212
958 219
958 223
958 233
958 239
958 240
958 255
958 256
958 257
958 262
958 277
958 278
958 280
958 293
958 295
958 298
958 299
958 300
958 301
958 323
958 324
958 330
958 336
958 355
958 357
958 362
958 363
958 368
958 375
958 381
958 383
958 384
958 388
958 393
958 395
958 399
958 405
958 415
958 417
958 424
958 430
958 434
958 436
958 441
958 446
958 454
958 456
958 461
958 469
958 483
958 485
958 490
958 500
958 501
958 505
958 513
958 514
958 521
958 531
958 532
958 536
958 537
958 542
958 549
958 550
958 552
958 553
958 559
958 571
958 578
958 579
958 596
958 597
958 598
958 602
958 610
958 616
958 627
958 628
958 637
958 651
958 658
958 659
958 663
958 664
958 670
958 671
958 673
958 676
958 679
958 681
958 682
958 683
958 684
958 688
958 692
958 700
958 703
958 704
958 707
958 712
958 720
958 727
958 729
958 731
958 732
958 737
958 738
958 746
958 748
958 762
958 768
958 769
958 773
958 777
958 785
958 790
958 791
958 792
958 799
958 810
958 815
958 820
958 821
958 830
958 834
958 840
958 850
958 865
958 868
958 877
958 879
958 883
958 885
958 890
958 896
958 899
958 905
958 913
958 918
958 929
958 934
958 946
958 947
958 952
958 969
958 975
958 976
958 977
958 982
958 984
958 986
958 989
958 999
958 1000
958 1003
958 1009
958 1022
958 1026
958 1039
958 1040
958 1041
958 1045
958 1046
958 1047
958 1072
958 1077
958 1078
958 1086
958 1092
958 1093
958 1096
958 1102
958 1108
958 1113
958 1119
958 1121
958 1125
958 1130
958 1132
958 1135
958 1136
958 1144
958 1145
958 1155
958 1163
958 1184
958 1185
958 1195
958 1198
958 1204
958 1212
958 1213
958 1215
958 1218
958 1222
958 1228
958 1240
958 1243
958 1247
958 1254
958 1256
958 1259
958 1265
958 1274
958 1279
958 1282
958 1286
958 1288
958 1289
958 1292
958 1299
958 1302
958 1303
958 1315
958 1330
958 1342
958 1343
958 1344
958 1351
958 1363
958 1368
958 1372
958 1382
958 1384
958 1389
958 1390
958 1399
958 1408
958 1412
958 1415
958 1418
958 1419
958 1420
958 1421
958 1422
958 1430
958 1431
958 1432
958 1446
958 1447
958 1453
958 1462
958 1479
958 1480
958 1482
958 1490
958 1492
958 1495
958 1497
958 1513
958 1524
958 1536
958 1538
958 1541
958 1543
958 1544
958 1547
958 1548
958 1550
958 1570
958 1573
958 1577
958 1579
958 1580
958 1581
958 1583
958 1586
958 1593
958 1596
958 1599
958 1607
958 1610
958 1613
958 1614
958 1623
958 1634
958 1635
958 1636
958 1645
958 1649
958 1657
958 1660
958 1676
958 1677
958 1681
958 1684
958 1685
958 1689
958 1696
958 1710
958 1712
958 1717
958 1724
958 1725
958 1731
958 1735
958 1736
958 1737
958 1757
958 1762
958 1778
958 1780
958 1783
958 1787
958 1789
958 1791
958 1792
958 1796
958 1798
958 1799
958 1800
958 1804
958 1805
958 1811
958 1816
958 1822
958 1825
958 1826
958 1827
958 1829
958 1832
958 1838
958 1839
958 1841
958 1842
958 1843
958 1845
958 1852
958 1855
958 1858
958 1863
958 1864
958 1868
958 1878
958 1886
958 1887
958 1888
958 1909
958 1910
958 1916
958 1931
958 1933
958 1941
958 1947
958 1950
958 1955
958 1956
958 1958
958 1964
958 1990
958 1991
958 1999
958 2000
958 2005
958 2007
958 2011
958 2015
958 2020
958 2024
958 2025
958 2042
958 2043
958 2045
958 2047
958 2049
958 2050
958 2052
958 2055
958 2062
958 2074
958 2077
958 2093
958 2096
958 2102
958 2103
958 2114
958 2115
958 2122
958 2123
958 2126
958 2136
958 2137
958 2143
958 2146
958 2150
958 2151
958 2152
958 2153
958 2154
958 2166
958 2170
958 2175
958 2176
958 2191
958 2203
958 2208
958 2223
958 2227
958 2231
958 2235
958 2243
958 2244
958 2246
958 2248
958 2256
958 2257
958 2267
958 2270
958 2271
958 2274
958 2279
958 2282
958 2287
958 2293
958 2296
958 2304
958 2305
958 2307
958 2311
958 2323
958 2328
958 2329
958 2334
958 2335
958 2337
958 2340
958 2342
958 2356
958 2358
958 2362
958 2382
958 2385
958 2390
958 2395
958 2399
958 2403
958 2415
958 2423
958 2435
958 2436
958 2443
958 2444
958 2455
958 2461
958 2465
958 2466
958 2468
958 2469
958 2474
958 2480
958 2496
958 2497
958 2501
958 2503
958 2506
958 2509
958 2510
958 2514
958 2518
958 2519
958 2520
958 2524
958 2534
958 2542
958 2545
958 2549
958 2550
958 2556
958 2557
958 2563
958 2566
958 2575
958 2583
958 2586
958 2589
958 2594
958 2603
958 2609
958 2617
958 2619
958 2620
958 2623
958 2629
958 2633
958 2638
958 2649
958 2651
958 2654
958 2659
958 2668
958 2685
958 2692
958 2701
958 2707
958 2710
958 2727
958 2729
958 2735
958 2747
958 2749
958 2752
958 2753
958 2758
958 2762
958 2768
958 2770
958 2771
958 2773
958 2776
958 2781
958 2784
958 2786
958 2798
958 2802
958 2806
958 2821
958 2836
958 2838
958 2848
958 2859
958 2863
958 2875
958 2884
958 2888
958 2891
958 2893
958 2900
958 2909
958 2913
958 2920
958 2924
958 2926
958 2945
958 2947
958 2951
958 2955
958 2956
958 2962
958 2969
958 2988
958 2990
958 2996
3 11
3 12
3 16
3 20
3 22
3 33
3 34
3 40
3 49
3 50
3 52
3 76
3 82
3 84
3 88
3 89
3 96
3 100
3 103
3 110
3 112
3 115
3 116
3 119
3 124
3 125
3 133
3 135
3 144
3 169
3 173
3 175
3 181
3 193
3 194
3 197
3 200
3 201
3 206
3 212
3 221
3 223
3 231
3 234
3 237
3 238
3 246
3 253
3 264
3 267
3 268
3 272
3 273
3 276
3 281
3 282
3 290
3 296
3 297
3 303
3 304
3 305
3 319
3 322
3 328
3 330
3 339
3 341
3 344
3 348
3 351
3 353
3 361
3 363
3 369
3 378
3 388
3 392
3 395
3 396
3 400
3 403
3 412
3 417
3 421
3 427
3 438
3 441
3 443
3 444
3 447
3 455
3 456
3 460
3 462
3 464
3 470
3 472
3 475
3 477
3 488
3 493
3 498
3 501
3 502
3 517
3 526
3 528
3 541
3 547
3 561
3 563
3 571
3 573
3 576
3 580
3 598
3 600
3 605
3 608
3 616
3 619
3 627
3 629
3 630
3 635
3 647
3 660
3 662
3 663
3 667
3 675
3 681
3 684
3 687
3 698
3 701
3 703
3 707
3 709
3 719
3 722
3 724
3 726
3 732
3 734
3 735
3 736
3 737
3 739
3 746
3 753
3 754
3 765
3 767
3 773
3 776
3 783
3 786
3 788
3 791
3 795
3 796
3 813
3 816
3 817
3 820
3 822
3 824
3 827
3 843
3 854
3 856
3 862
3 864
3 866
3 873
3 876
3 877
3 880
3 884
3 886
3 890
3 894
3 896
3 902
3 904
3 912
3 915
3 922
3 926
3 927
3 931
3 933
3 949
3 951
3 957
3 965
3 969
3 973
3 997
3 1002
3 1004
3 1007
3 1009
3 1010
3 1014
3 1015
3 1018
3 1020
3 1024
3 1025
3 1032
3 1037
3 1038
3 1039
3 1040
3 1044
3 1049
3 1050
3 1052
3 1053
3 1062
3 1064
3 1071
3 1073
3 1077
3 1099
3 1116
3 1120
3 1123
3 1138
3 1139
3 1144
3 1163
3 1174
3 1175
3 1176
3 1182
3 1183
3 1189
3 1192
3 1196
3 1199
3 1201
3 1203
3 1211
3 1217
3 1219
3 1229
3 1232
3 1233
3 1240
3 1248
3 1254
3 1257
3 1261
3 1275
3 1283
3 1294
3 1300
3 1306
3 1311
3 1314
3 1323
3 1328
3 1332
3 1339
3 1351
3 1356
3 1373
3 1376
3 1386
3 1388
3 1391
3 1397
3 1405
3 1410
3 1412
3 1414
3 1418
3 1423
3 1428
3 1436
3 1449
3 1457
3 1459
3 1462
3 1480
3 1483
3 1487
3 1491
3 1492
3 1496
3 1502
3 1504
3 1512
3 1513
3 1514
3 1515
3 1523
3 1527
3 1529
3 1537
3 1538
3 1539
3 1543
3 1548
3 1550
3 1553
3 1559
3 1563
3 1567
3 1568
3 1572
3 1573
3 1576
3 1577
3 1581
3 1582
3 1583
3 1585
3 1586
3 1588
3 1589
3 1590
3 1597
3 1603
3 1611
3 1617
3 1624
3 1628
3 1633
3 1634
3 1637
3 1643
3 1646
3 1649
3 1658
3 1659
3 1660
3 1685
3 1691
3 1695
3 1705
3 1709
3 1712
3 1716
3 1720
3 1721
3 1722
3 1727
3 1738
3 1742
3 1743
3 1744
3 1753
3 1755
3 1756
3 1762
3 1767
3 1768
3 1783
3 1810
3 1813
3 1819
3 1823
3 1825
3 1829
3 1833
3 1839
3 1842
3 1849
3 1852
3 1857
3 1868
3 1877
3 1890
3 1899
3 1902
3 1908
3 1911
3 1919
3 1924
3 1926
3 1927
3 1936
3 1938
3 1952
3 1958
3 1960
3 1964
3 1975
3 1976
3 1983
3 1986
3 1997
3 2001
3 2008
3 2009
3 2011
3 2013
3 2022
3 2026
3 2032
3 2033
3 2034
3 2052
3 2057
3 2059
3 2060
3 2062
3 2069
3 2070
3 2071
3 2073
3 2081
3 2088
3 2093
3 2097
3 2114
3 2117
3 2118
3 2120
3 2138
3 2140
3 2141
3 2143
3 2144
3 2150
3 2152
3 2157
3 2161
3 2162
3 2170
3 2177
3 2180
3 2194
3 2195
3 2196
3 2198
3 2209
3 2216
3 2217
3 2218
3 2228
3 2229
3 2243
3 2244
3 2251
3 2255
3 2262
3 2265
3 2268
3 2269
3 2277
3 2284
3 2294
3 2295
3 2306
3 2309
3 2320
3 2321
3 2323
3 2326
3 2329
3 2330
3 2332
3 2338
3 2339
3 2342
3 2346
3 2356
3 2357
3 2362
3 2364
3 2366
3 2382
3 2384
3 2396
3 2401
3 2404
3 2405
3 2407
3 2410
3 2413
3 2423
3 2431
3 2438
3 2439
3 2440
3 2448
3 2454
3 2458
3 2476
3 2479
3 2480
3 2483
3 2488
3 2492
3 2498
3 2529
3 2531
3 2538
3 2539
3 2547
3 2559
3 2560
3 2561
3 2562
3 2565
3 2567
3 2569
3 2570
3 2574
3 2582
3 2591
3 2603
3 2607
3 2609
3 2623
3 2628
3 2629
3 2630
3 2637
3 2656
3 2657
3 2661
3 2667
3 2677
3 2682
3 2692
3 2710
3 2718
3 2724
3 2726
3 2732
3 2735
3 2738
3 2742
3 2743
3 2750
3 2755
3 2757
3 2761
3 2766
3 2768
3 2776
3 2778
3 2782
3 2785
3 2786
3 2805
3 2808
3 2814
3 2821
3 2827
3 2829
3 2831
3 2833
3 2846
3 2854
3 2861
3 2874
3 2881
3 2883
3 2893
3 2894
3 2896
3 2901
3 2902
3 2911
3 2915
3 2920
3 2923
3 2926
3 2929
3 2935
3 2936
3 2939
3 2941
3 2943
3 2949
3 2950
3 2955
3 2974
3 2980
3 2981
3 2982
3 2985
3 2987
3 2988
3 2992
3 2998
930 10
930 23
930 29
930 30
930 35
930 38
930 50
930 52
930 53
930 54
930 57
930 58
930 64
930 68
930 74
930 75
930 79
930 85
930 86
930 88
930 94
930 98
930 99
930 100
930 102
930 110
930 111
930 119
930 121
930 133
930 142
930 160
930 163
930 179
930 182
930 183
930 185
930 187
930 189
930 190
930 196
930 199
930 205
930 214
930 217
930 219
930 220
930 249
930 252
930 256
930 266
930 274
930 292
930 293
930 296
930 308
930 311
930 314
930 315
930 317
930 321
930 324
930 331
930 345
930 346
930 350
930 351
930 352
930 357
930 358
930 362
930 369
930 371
930 388
930 390
930 398
930 405
930 409
930 410
930 412
930 416
930 420
930 423
930 425
930 426
930 429
930 439
930 442
930 454
930 457
930 458
930 460
930 466
930 468
930 469
930 474
930 475
930 477
930 478
930 488
930 491
930 496
930 502
930 512
930 514
930 516
930 539
930 545
930 549
930 550
930 563
930 564
930 572
930 592
930 593
930 603
930 605
930 608
930 613
930 621
930 623
930 629
930 635
930 642
930 645
930 647
930 649
930 652
930 658
930 663
930 667
930 673
930 681
930 684
930 688
930 706
930 712
930 715
930 717
930 724
930 728
930 729
930 734
930 736
930 741
930 743
930 751
930 752
930 754
930 771
930 774
930 781
930 789
930 792
930 810
930 814
930 817
930 820
930 825
930 836
930 840
930 843
930 849
930 854
930 857
930 861
930 862
930 864
930 878
930 879
930 880
930 881
930 887
930 915
930 917
930 918
930 927
930 939
930 945
930 947
930 948
930 952
930 966
930 968
930 971
930 973
930 978
930 987
930 990
930 998
930 999
930 1009
930 1015
930 1023
930 1026
930 1036
930 1037
930 1041
930 1042
930 1046
930 1048
930 1051
930 1058
930 1062
930 1066
930 1086
930 1110
930 1111
930 1112
930 1115
930 1118
930 1152
930 1158
930 1168
930 1171
930 1174
930 1181
930 1183
930 1185
930 1196
930 1198
930 1199
930 1201
930 1213
930 1217
930 1223
930 1224
930 1230
930 1245
930 1247
930 1248
930 1249
930 1253
930 1255
930 1265
930 1266
930 1272
930 1273
930 1276
930 1277
930 1278
930 1279
930 1281
930 1282
930 1288
930 1291
930 1301
930 1305
930 1312
930 1317
930 1320
930 1322
930 1324
930 1330
930 1331
930 1332
930 1336
930 1347
930 1352
930 1370
930 1372
930 1373
930 1374
930 1375
930 1380
930 1381
930 1385
930 1389
930 1393
930 1407
930 1409
930 1422
930 1437
930 1439
930 1441
930 1448
930 1453
930 1454
930 1456
930 1458
930 1467
930 1470
930 1471
930 1479
930 1486
930 1491
930 1497
930 1499
930 1501
930 1502
930 1503
930 1506
930 1507
930 1511
930 1517
930 1518
930 1519
930 1527
930 1529
930 1533
930 1541
930 1542
930 1559
930 1563
930 1565
930 1567
930 1568
930 1569
930 1573
930 1577
930 1579
930 1580
930 1581
930 1584
930 1593
930 1594
930 1602
930 1606
930 1608
930 1612
930 1631
930 1632
930 1634
930 1643
930 1664
930 1665
930 1670
930 1672
930 1683
930 1686
930 1688
930 1689
930 1691
930 1693
930 1695
930 1698
930 1703
930 1712
930 1714
930 1727
930 1735
930 1736
930 1739
930 1740
930 1744
930 1754
930 1756
930 1760
930 1767
930 1770
930 1771
930 1779
930 1780
930 1784
930 1789
930 1790
930 1792
930 1795
930 1811
930 1815
930 1820
930 1828
930 1832
930 1834
930 1842
930 1849
930 1859
930 1862
930 1866
930 1873
930 1875
930 1881
930 1900
930 1904
930 1906
930 1908
930 1913
930 1924
930 1936
930 1937
930 1956
930 1966
930 1967
930 1973
930 1976
930 1979
930 1980
930 1983
930 1985
930 1986
930 1990
930 1992
930 2009
930 2012
930 2024
930 2028
930 2030
930 2031
930 2033
930 2041
930 2060
930 2062
930 2068
930 2080
930 2088
930 2091
930 2094
930 2097
930 2100
930 2102
930 2109
930 2114
930 2118
930 2123
930 2130
930 2134
930 2135
930 2139
930 2146
930 2153
930 2164
930 2171
930 2172
930 2174
930 2185
930 2186
930 2193
930 2195
930 2199
930 2206
930 2218
930 2221
930 2224
930 2229
930 2234
930 2240
930 2257
930 2259
930 2264
930 2270
930 2276
930 2281
930 2282
930 2287
930 2296
930 2297
930 2302
930 2325
930 2327
930 2334
930 2338
930 2343
930 2347
930 2348
930 2349
930 2352
930 2355
930 2357
930 2359
930 2361
930 2364
930 2369
930 2372
930 2375
930 2381
930 2382
930 2384
930 2385
930 2388
930 2392
930 2397
930 2398
930 2404
930 2413
930 2415
930 2416
930 2419
930 2421
930 2422
930 2426
930 2430
930 2433
930 2437
930 2438
930 2443
930 2444
930 2454
930 2458
930 2475
930 2493
930 2495
930 2496
930 2499
930 2509
930 2510
930 2516
930 2517
930 2529
930 2537
930 2538
930 2547
930 2560
930 2564
930 2565
930 2570
930 2572
930 2574
930 2576
930 2581
930 2584
930 2585
930 2599
930 2605
930 2617
930 2620
930 2624
930 2650
930 2655
930 2656
930 2659
930 2667
930 2681
930 2684
930 2687
930 2691
930 2692
930 2703
930 2710
930 2712
930 2723
930 2724
930 2725
930 2735
930 2743
930 2750
930 2766
930 2772
930 2779
930 2781
930 2786
930 2791
930 2804
930 2808
930 2809
930 2813
930 2814
930 2819
930 2825
930 2835
930 2838
930 2854
930 2858
930 2878
930 2879
930 2892
930 2895
930 2901
930 2903
930 2909
930 2912
930 2914
930 2916
930 2925
930 2926
930 2929
930 2937
930 2940
930 2947
930 2948
930 2955
930 2960
930 2969
930 2974
930 2979
930 2980
930 2981
930 2989
930 2999
2043 11
2043 12
2043 15
2043 16
2043 24
2043 29
2043 47
2043 50
2043 54
2043 58
2043 60
2043 65
2043 75
2043 78
2043 84
2043 85
2043 86
2043 88
2043 94
2043 97
2043 102
2043 105
2043 118
2043 123
2043 127
2043 132
2043 133
2043 137
2043 141
2043 142
2043 148
2043 150
2043 151
2043 158
2043 162
2043 167
2043 170
2043 172
2043 176
2043 185
2043 189
2043 191
2043 197
2043 227
2043 229
2043 232
2043 233
2043 235
2043 238
2043 241
2043 245
2043 247
2043 250
2043 251
2043 252
2043 269
2043 279
2043 282
2043 286
2043 289
2043 301
2043 304
2043 305
2043 307
2043 312
2043 313
2043 326
2043 331
2043 334
2043 336
2043 338
2043 352
2043 354
2043 355
2043 364
2043 368
2043 377
2043 378
2043 379
2043 380
2043 385
2043 396
2043 397
2043 403
2043 416
2043 436
2043 444
2043 447
2043 448
2043 450
2043 453
2043 470
2043 475
2043 481
2043 483
2043 485
2043 496
2043 498
2043 499
2043 500
2043 501
2043 507
2043 520
2043 523
2043 532
2043 538
2043 554
2043 558
2043 559
2043 572
2043 573
2043 581
2043 582
2043 587
2043 589
2043 596
2043 603
2043 611
2043 613
2043 619
2043 621
2043 633
2043 642
2043 645
2043 647
2043 648
2043 649
2043 650
2043 653
2043 656
2043 672
2043 673
2043 678
2043 679
2043 682
2043 686
2043 696
2043 700
2043 704
2043 712
2043 724
2043 726
2043 728
2043 735
2043 738
2043 742
2043 747
2043 749
2043 753
2043 754
2043 758
2043 761
2043 765
2043 769
2043 770
2043 772
2043 781
2043 791
2043 796
2043 798
2043 800
2043 808
2043 809
2043 812
2043 816
2043 817
2043 827
2043 829
2043 832
2043 838
2043 853
2043 854
2043 857
2043 860
2043 862
2043 865
2043 866
2043 868
2043 875
2043 882
2043 883
2043 886
2043 887
2043 906
2043 910
2043 915
2043 916
2043 917
2043 923
2043 928
2043 929
2043 934
2043 941
2043 945
2043 951
2043 953
2043 966
2043 980
2043 983
2043 986
2043 989
2043 991
2043 993
2043 1003
2043 1004
2043 1008
2043 1017
2043 1022
2043 1032
2043 1033
2043 1043
2043 1046
2043 1049
2043 1051
2043 1062
2043 1063
2043 1072
2043 1077
2043 1086
2043 1092
2043 1094
2043 1095
2043 1100
2043 1109
2043 1111
2043 1112
2043 1117
2043 1118
2043 1123
2043 1131
2043 1136
2043 1139
2043 1145
2043 1159
2043 1161
2043 1181
2043 1187
2043 1188
2043 1193
2043 1200
2043 1207
2043 1208
2043 1214
2043 1215
2043 1221
2043 1232
2043 1234
2043 1249
2043 1250
2043 1255
2043 1260
2043 1284
2043 1291
2043 1301
2043 1303
2043 1312
2043 1317
2043 1318
2043 1320
2043 1321
2043 1328
2043 1329
2043 1330
2043 1338
2043 1347
2043 1348
2043 1350
2043 1358
2043 1366
2043 1376
2043 1378
2043 1379
2043 1380
2043 1381
2043 1384
2043 1401
2043 1408
2043 1410
2043 1412
2043 1415
2043 1416
2043 1420
2043 1424
2043 1430
2043 1431
2043 1435
2043 1446
2043 1452
2043 1457
2043 1470
2043 1474
2043 1479
2043 1480
2043 1482
2043 1487
2043 1488
2043 1491
2043 1492
2043 1496
2043 1504
2043 1506
2043 1508
2043 1509
2043 1513
2043 1514
2043 1517
2043 1521
2043 1536
2043 1538
2043 1546
2043 1563
2043 1567
2043 1569
2043 1578
2043 1586
2043 1590
2043 1593
2043 1604
2043 1607
2043 1609
2043 1612
2043 1613
2043 1616
2043 1623
2043 1625
2043 1626
2043 1627
2043 1628
2043 1629
2043 1631
2043 1632
2043 1634
2043 1637
2043 1639
2043 1650
2043 1653
2043 1656
2043 1657
2043 1661
2043 1664
2043 1671
2043 1682
2043 1684
2043 1693
2043 1695
2043 1696
2043 1701
2043 1706
2043 1709
2043 1713
2043 1714
2043 1715
2043 1721
2043 1722
2043 1735
2043 1738
2043 1744
2043 1746
2043 1750
2043 1757
2043 1758
2043 1764
2043 1766
2043 1771
2043 1777
2043 1778
2043 1779
2043 1782
2043 1788
2043 1792
2043 1799
2043 1802
2043 1807
2043 1822
2043 1825
2043 1841
2043 1844
2043 1848
2043 1851
2043 1854
2043 1859
2043 1861
2043 1867
2043 1873
2043 1874
2043 1877
2043 1880
2043 1888
2043 1897
2043 1915
2043 1916
2043 1929
2043 1930
2043 1933
2043 1938
2043 1942
2043 1947
2043 1952
2043 1953
2043 1957
2043 1967
2043 1969
2043 1975
2043 1978
2043 1990
2043 2000
2043 2002
2043 2009
2043 2011
2043 2012
2043 2013
2043 2014
2043 2019
2043 2025
2043 2028
2043 2039
2043 2042
2043 2044
2043 2048
2043 2053
2043 2054
2043 2059
2043 2061
2043 2062
2043 2068
2043 2069
2043 2079
2043 2080
2043 2083
2043 2084
2043 2088
2043 2094
2043 2099
2043 2101
2043 2104
2043 2106
2043 2111
2043 2126
2043 2135
2043 2141
2043 2149
2043 2153
2043 2165
2043 2170
2043 2177
2043 2184
2043 2187
2043 2191
2043 2192
2043 2195
2043 2199
2043 2205
2043 2207
2043 2208
2043 2214
2043 2215
2043 2218
2043 2223
2043 2226
2043 2228
2043 2230
2043 2234
2043 2238
2043 2241
2043 2250
2043 2257
2043 2265
2043 2271
2043 2276
2043 2280
2043 2283
2043 2294
2043 2295
2043 2301
2043 2306
2043 2308
2043 2315
2043 2318
2043 2322
2043 2328
2043 2334
2043 2342
2043 2343
2043 2346
2043 2356
2043 2362
2043 2367
2043 2370
2043 2371
2043 2374
2043 2376
2043 2377
2043 2378
2043 2379
2043 2385
2043 2390
2043 2396
2043 2401
2043 2412
2043 2416
2043 2426
2043 2427
2043 2437
2043 2438
2043 2440
2043 2451
2043 2455
2043 2461
2043 2471
2043 2475
2043 2476
2043 2480
2043 2481
2043 2484
2043 2488
2043 2496
2043 2503
2043 2509
2043 2517
2043 2518
2043 2520
2043 2522
2043 2525
2043 2529
2043 2531
2043 2540
2043 2547
2043 2557
2043 2568
2043 2569
2043 2573
2043 2577
2043 2580
2043 2588
2043 2589
2043 2593
2043 2599
2043 2602
2043 2606
2043 2607
2043 2611
2043 2617
2043 2622
2043 2626
2043 2635
2043 2637
2043 2642
2043 2648
2043 2666
2043 2667
2043 2668
2043 2669
2043 2689
2043 2693
2043 2694
2043 2709
2043 2713
2043 2714
2043 2717
2043 2719
2043 2721
2043 2729
2043 2731
2043 2737
2043 2738
2043 2740
2043 2750
2043 2764
2043 2769
2043 2774
2043 2786
2043 2787
2043 2789
2043 2790
2043 2793
2043 2796
2043 2798
2043 2802
2043 2803
2043 2807
2043 2809
2043 2810
2043 2815
2043 2822
2043 2824
2043 2826
2043 2833
2043 2841
2043 2847
2043 2859
2043 2862
2043 2863
2043 2864
2043 2866
2043 2867
2043 2894
2043 2896
2043 2899
2043 2904
2043 2913
2043 2923
2043 2932
2043 2934
2043 2935
2043 2938
2043 2939
2043 2944
2043 2949
2043 2956
2043 2958
2043 2959
2043 2961
2043 2962
2043 2963
2043 2972
2043 2974
2043 2976
2043 2977
2043 2979
2043 2980
2043 2985
2043 2990
2043 2992
2043 2996
2043 2998
2296 14
2296 15
2296 17
2296 19
2296 23
2296 25
2296 27
2296 32
2296 57
2296 61
2296 62
2296 65
2296 66
2296 72
2296 85
2296 88
2296 90
2296 92
2296 96
2296 97
2296 98
2296 101
2296 103
2296 107
2296 114
2296 118
2296 119
2296 122
2296 124
2296 131
2296 133
2296 138
2296 140
2296 141
2296 144
2296 145
2296 148
2296 150
2296 155
2296 156
2296 157
2296 158
2296 159
2296 163
2296 169
2296 173
2296 179
2296 181
2296 186
2296 189
2296 191
2296 192
2296 195
2296 197
2296 209
2296 220
2296 221
2296 223
2296 227
2296 228
2296 229
2296 234
2296 243
2296 253
2296 255
2296 256
2296 261
2296 265
2296 272
2296 274
2296 285
2296 292
2296 294
2296 297
2296 298
2296 312
2296 325
2296 328
2296 332
2296 340
2296 352
2296 358
2296 367
2296 370
2296 371
2296 373
2296 379
2296 381
2296 387
2296 389
2296 393
2296 397
2296 409
2296 422
2296 432
2296 433
2296 437
2296 443
2296 446
2296 447
2296 456
2296 460
2296 462
2296 463
2296 466
2296 476
2296 478
2296 480
2296 481
2296 484
2296 485
2296 486
2296 491
2296 494
2296 498
2296 505
2296 507
2296 509
2296 511
2296 512
2296 513
2296 514
2296 521
2296 522
2296 535
2296 537
2296 538
2296 544
2296 553
2296 554
2296 562
2296 563
2296 566
2296 568
2296 572
2296 584
2296 592
2296 603
2296 606
2296 609
2296 612
2296 626
2296 627
2296 633
2296 651
2296 657
2296 664
2296 665
2296 666
2296 671
2296 673
2296 677
2296 678
2296 681
2296 682
2296 684
2296 691
2296 692
2296 706
2296 708
2296 711
2296 717
2296 721
2296 724
2296 737
2296 743
2296 752
2296 754
2296 759
2296 761
2296 762
2296 763
2296 787
2296 790
2296 793
2296 795
2296 797
2296 801
2296 805
2296 808
2296 811
2296 813
2296 819
2296 820
2296 824
2296 828
2296 829
2296 834
2296 840
2296 843
2296 849
2296 854
2296 856
2296 867
2296 873
2296 875
2296 892
2296 902
2296 905
2296 909
2296 910
2296 911
2296 912
2296 916
2296 919
2296 924
2296 932
2296 935
2296 936
2296 938
2296 941
2296 944
2296 945
2296 951
2296 954
2296 963
2296 969
2296 973
2296 980
2296 981
2296 993
2296 1001
2296 1003
2296 1015
2296 1016
2296 1022
2296 1033
2296 1053
2296 1067
2296 1068
2296 1069
2296 1070
2296 1071
2296 1092
2296 1094
2296 1096
2296 1097
2296 1101
2296 1105
2296 1117
2296 1127
2296 1129
2296 1132
2296 1134
2296 1137
2296 1140
2296 1152
2296 1158
2296 1162
2296 1173
2296 1177
2296 1180
2296 1181
2296 1183
2296 1189
2296 1192
2296 1193
2296 1201
2296 1211
2296 1213
2296 1222
2296 1234
2296 1238
2296 1242
2296 1260
2296 1263
2296 1265
2296 1271
2296 1272
2296 1282
2296 1285
2296 1286
2296 1287
2296 1289
2296 1297
2296 1299
2296 1300
2296 1305
2296 1306
2296 1311
2296 1312
2296 1324
2296 1332
2296 1333
2296 1338
2296 1342
2296 1347
2296 1349
2296 1351
2296 1361
2296 1364
2296 1369
2296 1376
2296 1379
2296 1380
2296 1391
2296 1392
2296 1393
2296 1397
2296 1403
2296 1409
2296 1410
2296 1412
2296 1414
2296 1415
2296 1419
2296 1421
2296 1423
2296 1425
2296 1435
2296 1438
2296 1440
2296 1441
2296 1450
2296 1453
2296 1458
2296 1465
2296 1467
2296 1468
2296 1469
2296 1473
2296 1476
2296 1477
2296 1479
2296 1480
2296 1486
2296 1487
2296 1488
2296 1507
2296 1509
2296 1512
2296 1513
2296 1516
2296 1529
2296 1540
2296 1548
2296 1550
2296 1553
2296 1557
2296 1558
2296 1559
2296 1565
2296 1567
2296 1570
2296 1575
2296 1579
2296 1580
2296 1586
2296 1589
2296 1592
2296 1595
2296 1601
2296 1602
2296 1603
2296 1608
2296 1623
2296 1625
2296 1627
2296 1636
2296 1638
2296 1639
2296 1642
2296 1645
2296 1647
2296 1649
2296 1650
2296 1652
2296 1655
2296 1656
2296 1657
2296 1660
2296 1663
2296 1676
2296 1677
2296 1678
2296 1679
2296 1680
2296 1686
2296 1694
2296 1698
2296 1702
2296 1708
2296 1716
2296 1719
2296 1723
2296 1725
2296 1732
2296 1733
2296 1739
2296 1745
2296 1747
2296 1750
2296 1754
2296 1756
2296 1772
2296 1779
2296 1781
2296 1792
2296 1793
2296 1800
2296 1808
2296 1817
2296 1818
2296 1824
2296 1830
2296 1834
2296 1847
2296 1854
2296 1856
2296 1857
2296 1861
2296 1863
2296 1875
2296 1878
2296 1879
2296 1883
2296 1884
2296 1887
2296 1892
2296 1895
2296 1897
2296 1898
2296 1914
2296 1915
2296 1916
2296 1920
2296 1936
2296 1937
2296 1941
2296 1944
2296 1946
2296 1949
2296 1950
2296 1963
2296 1964
2296 1969
2296 1985
2296 1990
2296 1996
2296 2005
2296 2015
2296 2017
2296 2022
2296 2025
2296 2031
2296 2040
2296 2050
2296 2059
2296 2060
2296 2065
2296 2073
2296 2075
2296 2078
2296 2081
2296 2097
2296 2099
2296 2102
2296 2109
2296 2123
2296 2124
2296 2127
2296 2135
2296 2137
2296 2143
2296 2144
2296 2146
2296 2150
2296 2158
2296 2164
2296 2166
2296 2177
2296 2179
2296 2182
2296 2187
2296 2200
2296 2203
2296 2205
2296 2210
2296 2212
2296 2215
2296 2216
2296 2219
2296 2220
2296 2221
2296 2224
2296 2231
2296 2240
2296 2250
2296 2257
2296 2259
2296 2263
2296 2269
2296 2276
2296 2278
2296 2280
2296 2281
2296 2289
2296 2298
2296 2310
2296 2311
2296 2325
2296 2327
2296 2329
2296 2332
2296 2333
2296 2338
2296 2339
2296 2346
2296 2347
2296 2354
2296 2357
2296 2358
2296 2361
2296 2362
2296 2365
2296 2372
2296 2380
2296 2384
2296 2391
2296 2396
2296 2400
2296 2402
2296 2405
2296 2418
2296 2422
2296 2426
2296 2427
2296 2428
2296 2432
2296 2436
2296 2440
2296 2442
2296 2444
2296 2445
2296 2452
2296 2454
2296 2469
2296 2474
2296 2487
2296 2490
2296 2495
2296 2500
2296 2502
2296 2506
2296 2512
2296 2514
2296 2515
2296 2518
2296 2519
2296 2541
2296 2544
2296 2551
2296 2561
2296 2562
2296 2574
2296 2576
2296 2579
2296 2583
2296 2585
2296 2587
2296 2589
2296 2590
2296 2591
2296 2596
2296 2601
2296 2602
2296 2610
2296 2622
2296 2629
2296 2635
2296 2647
2296 2650
2296 2652
2296 2654
2296 2658
2296 2661
2296 2668
2296 2671
2296 2672
2296 2678
2296 2682
2296 2686
2296 2693
2296 2712
2296 2718
2296 2723
2296 2728
2296 2738
2296 2740
2296 2742
2296 2759
2296 2761
2296 2772
2296 2773
2296 2774
2296 2775
2296 2778
2296 2802
2296 2803
2296 2813
2296 2822
2296 2843
2296 2850
2296 2861
2296 2862
2296 2866
2296 2870
2296 2874
2296 2878
2296 2881
2296 2890
2296 2894
2296 2897
2296 2909
2296 2912
2296 2916
2296 2933
2296 2935
2296 2940
2296 2945
2296 2946
2296 2948
2296 2954
2296 2959
2296 2962
2296 2963
2296 2965
2296 2972
2296 2973
2296 2975
2296 2976
2296 2983
2296 2985
2296 2986
2296 2994
2296 2996
2296 2999
1098 13
1098 18
1098 20
1098 26
1098 34
1098 36
1098 43
1098 51
1098 56
1098 57
1098 61
1098 62
1098 66
1098 76
1098 78
1098 87
1098 91
1098 92
1098 94
1098 110
1098 111
1098 121
1098 128
1098 137
1098 138
1098 143
1098 153
1098 154
1098 157
1098 158
1098 162
1098 169
1098 172
1098 175
1098 188
1098 192
1098 194
1098 195
1098 202
1098 203
1098 208
1098 216
1098 218
1098 221
1098 222
1098 223
1098 224
1098 227
1098 231
1098 241
1098 244
1098 249
1098 254
1098 258
1098 266
1098 272
1098 273
1098 277
1098 288
1098 289
1098 293
1098 294
1098 295
1098 296
1098 304
1098 309
1098 311
1098 315
1098 319
1098 327
1098 328
1098 331
1098 355
1098 357
1098 364
1098 377
1098 378
1098 379
1098 382
1098 400
1098 408
1098 411
1098 420
1098 434
1098 443
1098 448
1098 451
1098 456
1098 460
1098 461
1098 463
1098 467
1098 468
1098 470
1098 471
1098 475
1098 488
1098 507
1098 508
1098 509
1098 510
1098 512
1098 518
1098 528
1098 558
1098 560
1098 562
1098 563
1098 566
1098 569
1098 573
1098 574
1098 579
1098 584
1098 589
1098 593
1098 595
1098 608
1098 609
1098 612
1098 613
1098 616
1098 625
1098 627
1098 628
1098 633
1098 634
1098 640
1098 645
1098 649
1098 650
1098 653
1098 663
1098 664
1098 673
1098 680
1098 688
1098 690
1098 692
1098 704
1098 706
1098 723
1098 726
1098 730
1098 731
1098 732
1098 739
1098 744
1098 746
1098 759
1098 761
1098 762
1098 766
1098 767
1098 776
1098 779
1098 780
1098 782
1098 784
1098 794
1098 796
1098 803
1098 804
1098 807
1098 817
1098 821
1098 823
1098 824
1098 829
1098 831
1098 841
1098 849
1098 861
1098 862
1098 867
1098 872
1098 875
1098 876
1098 879
1098 881
1098 892
1098 894
1098 899
1098 901
1098 906
1098 911
1098 917
1098 940
1098 943
1098 952
1098 960
1098 961
1098 967
1098 972
1098 992
1098 994
1098 998
1098 1001
1098 1003
1098 1009
1098 1013
1098 1016
1098 1019
1098 1046
1098 1052
1098 1056
1098 1058
1098 1061
1098 1062
1098 1065
1098 1066
1098 1068
1098 1071
1098 1087
1098 1088
1098 1096
1098 1098
1098 1104
1098 1105
1098 1108
1098 1109
1098 1110
1098 1121
1098 1122
1098 1135
1098 1141
1098 1148
1098 1152
1098 1157
1098 1163
1098 1172
1098 1180
1098 1185
1098 1196
1098 1197
1098 1205
1098 1211
1098 1220
1098 1224
1098 1227
1098 1229
1098 1235
1098 1238
1098 1243
1098 1251
1098 1255
1098 1257
1098 1259
1098 1267
1098 1272
1098 1275
1098 1276
1098 1277
1098 1278
1098 1304
1098 1305
1098 1332
1098 1336
1098 1344
1098 1349
1098 1351
1098 1356
1098 1361
1098 1374
1098 1380
1098 1389
1098 1394
1098 1396
1098 1405
1098 1407
1098 1417
1098 1433
1098 1445
1098 1448
1098 1461
1098 1462
1098 1464
1098 1467
1098 1468
1098 1470
1098 1472
1098 1475
1098 1480
1098 1495
1098 1496
1098 1504
1098 1507
1098 1512
1098 1515
1098 1521
1098 1523
1098 1532
1098 1536
1098 1538
1098 1546
1098 1547
1098 1571
1098 1573
1098 1576
1098 1592
1098 1597
1098 1599
1098 1603
1098 1605
1098 1613
1098 1620
1098 1625
1098 1648
1098 1651
1098 1652
1098 1656
1098 1657
1098 1664
1098 1679
1098 1681
1098 1683
1098 1686
1098 1690
1098 1692
1098 1694
1098 1695
1098 1696
1098 1698
1098 1699
1098 1701
1098 1713
1098 1717
1098 1718
1098 1720
1098 1726
1098 1734
1098 1737
1098 1742
1098 1747
1098 1752
1098 1760
1098 1761
1098 1762
1098 1764
1098 1767
1098 1771
1098 1772
1098 1785
1098 1792
1098 1795
1098 1801
1098 1805
1098 1806
1098 1814
1098 1817
1098 1818
1098 1821
1098 1831
1098 1832
1098 1848
1098 1854
1098 1860
1098 1870
1098 1872
1098 1877
1098 1881
1098 1887
1098 1889
1098 1891
1098 1892
1098 1898
1098 1902
1098 1907
1098 1911
1098 1922
1098 1935
1098 1954
1098 1959
1098 1960
1098 1962
1098 1963
1098 1968
1098 1972
1098 1973
1098 1975
1098 1978
1098 1983
1098 1986
1098 1988
1098 1999
1098 2007
1098 2010
1098 2011
1098 2017
1098 2021
1098 2033
1098 2035
1098 2041
1098 2045
1098 2054
1098 2058
1098 2062
1098 2064
1098 2067
1098 2073
1098 2075
1098 2078
1098 2079
1098 2083
1098 2084
1098 2090
1098 2092
1098 2104
1098 2105
1098 2107
1098 2117
1098 2119
1098 2121
1098 2123
1098 2124
1098 2127
1098 2129
1098 2135
1098 2136
1098 2137
1098 2139
1098 2141
1098 2152
1098 2156
1098 2166
1098 2168
1098 2170
1098 2176
1098 2177
1098 2178
1098 2179
1098 2180
1098 2182
1098 2184
1098 2191
1098 2192
1098 2200
1098 2217
1098 2218
1098 2219
1098 2220
1098 2226
1098 2227
1098 2228
1098 2229
1098 2230
1098 2238
1098 2240
1098 2243
1098 2246
1098 2252
1098 2261
1098 2262
1098 2265
1098 2270
1098 2271
1098 2272
1098 2277
1098 2286
1098 2290
1098 2300
1098 2311
1098 2320
1098 2321
1098 2325
1098 2326
1098 2329
1098 2341
1098 2342
1098 2344
1098 2350
1098 2358
1098 2368
1098 2376
1098 2378
1098 2379
1098 2380
1098 2386
1098 2388
1098 2390
1098 2392
1098 2400
1098 2401
1098 2402
1098 2403
1098 2405
1098 2406
1098 2413
1098 2421
1098 2422
1098 2435
1098 2441
1098 2446
1098 2448
1098 2449
1098 2454
1098 2455
1098 2462
1098 2465
1098 2466
1098 2487
1098 2489
1098 2490
1098 2494
1098 2496
1098 2499
1098 2504
1098 2505
1098 2506
1098 2509
1098 2512
1098 2523
1098 2525
1098 2533
1098 2537
1098 2540
1098 2546
1098 2548
1098 2553
1098 2566
1098 2569
1098 2587
1098 2589
1098 2593
1098 2612
1098 2614
1098 2616
1098 2620
1098 2623
1098 2625
1098 2630
1098 2633
1098 2634
1098 2653
1098 2662
1098 2674
1098 2676
1098 2685
1098 2692
1098 2693
1098 2696
1098 2698
1098 2705
1098 2708
1098 2725
1098 2733
1098 2737
1098 2746
1098 2752
1098 2756
1098 2757
1098 2770
1098 2772
1098 2775
1098 2779
1098 2781
1098 2784
1098 2788
1098 2797
1098 2798
1098 2805
1098 2808
1098 2809
1098 2812
1098 2816
1098 2827
1098 2828
1098 2838
1098 2843
1098 2844
1098 2847
1098 2849
1098 2852
1098 2853
1098 2856
1098 2858
1098 2867
1098 2869
1098 2870
1098 2875
1098 2876
1098 2880
1098 2881
1098 2882
1098 2896
1098 2900
1098 2903
1098 2904
1098 2905
1098 2918
1098 2927
1098 2930
1098 2934
1098 2935
1098 2958
1098 2964
1098 2976
1098 2978
1098 2992
1098 2996
1098 3000
1203 12
1203 13
1203 16
1203 19
1203 22
1203 25
1203 26
1203 29
1203 50
1203 52
1203 54
1203 55
1203 66
1203 67
1203 68
1203 70
1203 75
1203 84
1203 89
1203 90
1203 93
1203 94
1203 96
1203 99
1203 101
1203 112
1203 129
1203 137
1203 141
1203 143
1203 146
1203 155
1203 157
1203 167
1203 170
1203 171
1203 177
1203 180
1203 181
1203 182
1203 185
1203 187
1203 196
1203 207
1203 210
1203 221
1203 229
1203 231
1203 239
1203 255
1203 265
1203 266
1203 267
1203 268
1203 271
1203 275
1203 276
1203 277
1203 281
1203 286
1203 296
1203 300
1203 303
1203 304
1203 306
1203 319
1203 325
1203 335
1203 337
1203 338
1203 339
1203 356
1203 373
1203 378
1203 391
1203 397
1203 403
1203 413
1203 417
1203 422
1203 430
1203 431
1203 447
1203 456
1203 463
1203 471
1203 474
1203 481
1203 482
1203 485
1203 501
1203 507
1203 512
1203 513
1203 527
1203 537
1203 547
1203 553
1203 555
1203 557
1203 558
1203 561
1203 563
1203 576
1203 582
1203 583
1203 615
1203 638
1203 644
1203 647
1203 649
1203 650
1203 652
1203 653
1203 656
1203 657
1203 665
1203 673
1203 674
1203 675
1203 680
1203 694
1203 696
1203 697
1203 698
1203 700
1203 702
1203 708
1203 717
1203 723
1203 725
1203 733
1203 745
1203 748
1203 750
1203 752
1203 759
1203 766
1203 771
1203 775
1203 776
1203 783
1203 784
1203 788
1203 795
1203 802
1203 818
1203 820
1203 823
1203 825
1203 832
1203 836
1203 838
1203 840
1203 842
1203 844
1203 846
1203 849
1203 851
1203 856
1203 865
1203 867
1203 872
1203 876
1203 890
1203 895
1203 900
1203 907
1203 913
1203 914
1203 917
1203 920
1203 923
1203 926
1203 932
1203 940
1203 942
1203 950
1203 953
1203 956
1203 963
1203 964
1203 969
1203 980
1203 982
1203 998
1203 999
1203 1000
1203 1004
1203 1009
1203 1011
1203 1014
1203 1018
1203 1041
1203 1048
1203 1049
1203 1054
1203 1055
1203 1057
1203 1065
1203 1067
1203 1072
1203 1077
1203 1081
1203 1082
1203 1084
1203 1090
1203 1096
1203 1097
1203 1106
1203 1108
1203 1110
1203 1113
1203 1114
1203 1125
1203 1129
1203 1131
1203 1134
1203 1135
1203 1136
1203 1141
1203 1143
1203 1146
1203 1148
1203 1151
1203 1154
1203 1155
1203 1161
1203 1163
1203 1175
1203 1187
1203 1192
1203 1200
1203 1201
1203 1210
1203 1211
1203 1212
1203 1233
1203 1254
1203 1261
1203 1262
1203 1272
1203 1279
1203 1285
1203 1286
1203 1288
1203 1289
1203 1291
1203 1297
1203 1301
1203 1303
1203 1305
1203 1311
1203 1321
1203 1330
1203 1336
1203 1337
1203 1338
1203 1340
1203 1342
1203 1350
1203 1353
1203 1359
1203 1360
1203 1362
1203 1367
1203 1368
1203 1372
1203 1374
1203 1383
1203 1389
1203 1391
1203 1397
1203 1399
1203 1412
1203 1413
1203 1415
1203 1416
1203 1419
1203 1427
1203 1428
1203 1429
1203 1432
1203 1435
1203 1448
1203 1452
1203 1454
1203 1458
1203 1462
1203 1466
1203 1476
1203 1492
1203 1493
1203 1495
1203 1500
1203 1501
1203 1512
1203 1518
1203 1528
1203 1531
1203 1532
1203 1536
1203 1546
1203 1560
1203 1563
1203 1569
1203 1570
1203 1574
1203 1585
1203 1587
1203 1589
1203 1590
1203 1594
1203 1598
1203 1599
1203 1602
1203 1603
1203 1610
1203 1611
1203 1613
1203 1616
1203 1621
1203 1624
1203 1627
1203 1643
1203 1645
1203 1646
1203 1647
1203 1651
1203 1659
1203 1664
1203 1670
1203 1673
1203 1685
1203 1689
1203 1691
1203 1692
1203 1696
1203 1701
1203 1703
1203 1717
1203 1719
1203 1727
1203 1728
1203 1733
1203 1745
1203 1746
1203 1758
1203 1767
1203 1768
1203 1776
1203 1778
1203 1780
1203 1781
1203 1787
1203 1788
1203 1790
1203 1791
1203 1794
1203 1795
1203 1796
1203 1799
1203 1804
1203 1808
1203 1810
1203 1812
1203 1816
1203 1820
1203 1822
1203 1825
1203 1827
1203 1842
1203 1847
1203 1848
1203 1851
1203 1854
1203 1855
1203 1856
1203 1877
1203 1882
1203 1897
1203 1904
1203 1905
1203 1909
1203 1912
1203 1913
1203 1917
1203 1918
1203 1927
1203 1942
1203 1945
1203 1953
1203 1959
1203 1962
1203 1975
1203 1980
1203 1987
1203 1996
1203 1999
1203 2001
1203 2004
1203 2005
1203 2011
1203 2015
1203 2017
1203 2018
1203 2019
1203 2022
1203 2027
1203 2030
1203 2033
1203 2035
1203 2036
1203 2046
1203 2047
1203 2050
1203 2052
1203 2059
1203 2066
1203 2072
1203 2076
1203 2086
1203 2106
1203 2114
1203 2120
1203 2132
1203 2136
1203 2146
1203 2155
1203 2157
1203 2165
1203 2169
1203 2170
1203 2171
1203 2182
1203 2194
1203 2203
1203 2214
1203 2218
1203 2229
1203 2234
1203 2236
1203 2247
1203 2254
1203 2266
1203 2272
1203 2285
1203 2290
1203 2293
1203 2297
1203 2300
1203 2308
1203 2317
1203 2319
1203 2338
1203 2339
1203 2344
1203 2346
1203 2357
1203 2361
1203 2362
1203 2364
1203 2365
1203 2367
1203 2379
1203 2383
1203 2386
1203 2390
1203 2392
1203 2397
1203 2403
1203 2406
1203 2407
1203 2410
1203 2416
1203 2418
1203 2420
1203 2427
1203 2444
1203 2446
1203 2452
1203 2455
1203 2456
1203 2463
1203 2468
1203 2477
1203 2484
1203 2489
1203 2490
1203 2501
1203 2506
1203 2512
1203 2513
1203 2514
1203 2523
1203 2525
1203 2531
1203 2537
1203 2545
1203 2546
1203 2550
1203 2556
1203 2564
1203 2571
1203 2576
1203 2578
1203 2581
1203 2583
1203 2584
1203 2586
1203 2591
1203 2613
1203 2637
1203 2639
1203 2643
1203 2647
1203 2654
1203 2659
1203 2660
1203 2664
1203 2674
1203 2688
1203 2698
1203 2708
1203 2711
1203 2712
1203 2714
1203 2719
1203 2723
1203 2727
1203 2748
1203 2749
1203 2753
1203 2765
1203 2766
1203 2770
1203 2776
1203 2777
1203 2778
1203 2779
1203 2785
1203 2788
1203 2792
1203 2794
1203 2796
1203 2802
1203 2809
1203 2818
1203 2822
1203 2833
1203 2834
1203 2837
1203 2840
1203 2849
1203 2853
1203 2864
1203 2876
1203 2877
1203 2883
1203 2884
1203 2896
1203 2903
1203 2906
1203 2912
1203 2919
1203 2922
1203 2923
1203 2932
1203 2940
1203 2941
1203 2942
1203 2951
1203 2955
1203 2957
1203 2959
1203 2960
1203 2966
1203 2969
1203 2973
1203 2977
1203 2981
1203 2983
1203 2986
1203 2998
