p td 1200 2790 
610 1
610 2
610 19
610 21
610 34
610 35
610 36
610 41
610 47
610 49
610 57
610 63
610 68
610 73
610 74
610 77
610 86
610 92
610 93
610 96
610 108
610 111
610 114
610 118
610 120
610 122
610 126
610 132
610 138
610 146
610 147
610 149
610 156
610 167
610 168
610 175
610 176
610 181
610 183
610 185
610 186
610 196
610 197
610 200
610 203
610 204
610 206
610 207
610 208
610 209
610 213
610 218
610 230
610 231
610 240
610 254
610 260
610 263
610 267
610 270
610 275
610 277
610 278
610 287
610 289
610 291
610 298
610 301
610 303
610 304
610 305
610 309
610 313
610 322
610 337
610 339
610 340
610 351
610 359
610 369
610 373
610 379
610 383
610 385
610 389
610 393
610 399
610 400
610 402
610 406
610 411
610 416
610 420
610 422
610 424
610 430
610 448
610 454
610 457
610 467
610 468
610 473
610 475
610 476
610 480
610 483
610 498
610 512
610 514
610 517
610 525
610 526
610 530
610 531
610 533
610 550
610 551
610 553
610 559
610 562
610 567
610 583
610 589
610 592
610 597
610 600
610 603
610 610
610 617
610 623
610 633
610 640
610 643
610 651
610 666
610 668
610 673
610 674
610 675
610 679
610 681
610 682
610 705
610 708
610 711
610 717
610 719
610 721
610 725
610 728
610 729
610 734
610 739
610 749
610 754
610 764
610 767
610 769
610 770
610 771
610 777
610 778
610 779
610 781
610 783
610 787
610 788
610 795
610 799
610 801
610 802
610 807
610 825
610 829
610 834
610 845
610 846
610 847
610 848
610 850
610 851
610 852
610 861
610 869
610 875
610 876
610 886
610 887
610 888
610 889
610 891
610 892
610 894
610 902
610 905
610 907
610 916
610 923
610 939
610 948
610 950
610 951
610 963
610 969
610 970
610 977
610 978
610 979
610 984
610 986
610 987
610 993
610 1000
610 1004
610 1007
610 1008
610 1012
610 1017
610 1022
610 1033
610 1035
610 1036
610 1043
610 1046
610 1051
610 1061
610 1084
610 1098
610 1104
610 1106
610 1109
610 1111
610 1117
610 1123
610 1124
610 1125
610 1139
610 1147
610 1150
610 1156
610 1159
610 1164
610 1168
610 1170
610 1179
610 1182
610 1192
6 7
6 8
6 11
6 13
6 21
6 26
6 27
6 29
6 34
6 40
6 42
6 49
6 61
6 73
6 76
6 77
6 80
6 84
6 90
6 91
6 93
6 107
6 112
6 115
6 119
6 120
6 128
6 131
6 134
6 135
6 140
6 152
6 156
6 177
6 204
6 205
6 222
6 230
6 231
6 233
6 244
6 250
6 251
6 254
6 255
6 267
6 278
6 284
6 285
6 288
6 294
6 297
6 304
6 310
6 320
6 322
6 342
6 343
6 344
6 348
6 350
6 351
6 355
6 357
6 360
6 366
6 369
6 372
6 373
6 380
6 381
6 385
6 395
6 396
6 398
6 414
6 431
6 434
6 444
6 450
6 455
6 461
6 468
6 478
6 496
6 499
6 502
6 504
6 506
6 514
6 518
6 535
6 536
6 545
6 547
6 551
6 552
6 554
6 558
6 577
6 583
6 587
6 592
6 593
6 595
6 597
6 598
6 612
6 616
6 618
6 619
6 620
6 621
6 628
6 633
6 635
6 636
6 643
6 647
6 651
6 655
6 657
6 660
6 668
6 672
6 673
6 681
6 689
6 690
6 692
6 697
6 699
6 702
6 704
6 708
6 711
6 715
6 720
6 722
6 726
6 728
6 729
6 731
6 737
6 743
6 746
6 750
6 755
6 761
6 768
6 780
6 792
6 798
6 800
6 801
6 804
6 810
6 812
6 813
6 817
6 821
6 824
6 831
6 833
6 838
6 839
6 856
6 857
6 860
6 862
6 865
6 868
6 873
6 874
6 878
6 880
6 888
6 889
6 891
6 893
6 894
6 902
6 917
6 922
6 941
6 947
6 955
6 966
6 978
6 982
6 983
6 987
6 988
6 994
6 1005
6 1006
6 1007
6 1008
6 1011
6 1033
6 1036
6 1045
6 1056
6 1060
6 1071
6 1076
6 1086
6 1090
6 1119
6 1122
6 1125
6 1127
6 1128
6 1129
6 1136
6 1142
6 1148
6 1150
6 1151
6 1161
6 1164
6 1167
6 1168
6 1169
6 1171
6 1177
6 1178
6 1179
6 1184
6 1187
6 1188
6 1192
6 1196
6 1198
6 1200
975 1
975 3
975 6
975 10
975 13
975 14
975 15
975 16
975 24
975 26
975 37
975 44
975 52
975 53
975 56
975 57
975 59
975 69
975 73
975 74
975 90
975 106
975 115
975 120
975 125
975 131
975 133
975 137
975 139
975 140
975 149
975 151
975 152
975 164
975 165
975 183
975 189
975 202
975 205
975 221
975 223
975 227
975 234
975 238
975 245
975 248
975 255
975 258
975 261
975 279
975 283
975 285
975 294
975 296
975 301
975 305
975 311
975 312
975 317
975 321
975 326
975 327
975 331
975 332
975 336
975 339
975 343
975 347
975 348
975 349
975 357
975 359
975 360
975 368
975 370
975 375
975 379
975 381
975 385
975 389
975 392
975 406
975 412
975 414
975 420
975 422
975 424
975 442
975 444
975 457
975 463
975 465
975 469
975 477
975 483
975 488
975 489
975 498
975 502
975 503
975 504
975 508
975 511
975 526
975 535
975 538
975 542
975 543
975 544
975 553
975 565
975 574
975 589
975 595
975 598
975 614
975 618
975 630
975 642
975 651
975 655
975 657
975 658
975 663
975 665
975 666
975 683
975 692
975 693
975 696
975 703
975 710
975 714
975 715
975 723
975 728
975 741
975 748
975 749
975 752
975 754
975 765
975 784
975 790
975 792
975 804
975 808
975 809
975 822
975 833
975 834
975 836
975 839
975 843
975 845
975 847
975 850
975 853
975 858
975 868
975 875
975 882
975 883
975 895
975 897
975 898
975 908
975 909
975 917
975 925
975 933
975 934
975 940
975 946
975 953
975 955
975 959
975 963
975 969
975 979
975 981
975 1000
975 1005
975 1018
975 1019
975 1025
975 1033
975 1035
975 1045
975 1048
975 1057
975 1066
975 1072
975 1076
975 1082
975 1083
975 1102
975 1108
975 1125
975 1128
975 1131
975 1136
975 1137
975 1147
975 1150
975 1156
975 1159
975 1164
975 1167
975 1174
975 1177
975 1180
975 1184
975 1188
975 1189
975 1191
975 1193
975 1195
975 1200
773 6
773 19
773 21
773 33
773 37
773 38
773 39
773 49
773 54
773 55
773 56
773 58
773 66
773 78
773 88
773 96
773 102
773 103
773 104
773 106
773 107
773 108
773 110
773 113
773 117
773 130
773 132
773 138
773 141
773 145
773 162
773 164
773 168
773 169
773 172
773 179
773 180
773 186
773 187
773 188
773 196
773 197
773 204
773 208
773 212
773 219
773 224
773 232
773 237
773 241
773 253
773 254
773 257
773 258
773 272
773 274
773 279
773 287
773 288
773 292
773 293
773 294
773 298
773 303
773 312
773 321
773 323
773 326
773 328
773 329
773 330
773 333
773 341
773 342
773 354
773 363
773 365
773 368
773 370
773 375
773 377
773 382
773 400
773 407
773 413
773 418
773 423
773 430
773 431
773 436
773 439
773 441
773 461
773 463
773 479
773 484
773 488
773 493
773 495
773 497
773 504
773 506
773 509
773 510
773 533
773 535
773 539
773 546
773 548
773 552
773 558
773 563
773 567
773 576
773 577
773 578
773 581
773 588
773 594
773 599
773 602
773 605
773 609
773 610
773 616
773 618
773 623
773 625
773 629
773 646
773 647
773 648
773 656
773 662
773 666
773 672
773 676
773 677
773 682
773 683
773 694
773 698
773 700
773 706
773 714
773 717
773 722
773 723
773 730
773 734
773 738
773 739
773 743
773 745
773 748
773 766
773 776
773 781
773 802
773 810
773 825
773 839
773 840
773 841
773 847
773 849
773 850
773 851
773 854
773 856
773 863
773 866
773 875
773 877
773 882
773 883
773 886
773 888
773 911
773 914
773 924
773 927
773 930
773 936
773 950
773 954
773 958
773 959
773 966
773 970
773 973
773 990
773 992
773 993
773 994
773 996
773 997
773 998
773 1008
773 1020
773 1027
773 1030
773 1044
773 1045
773 1057
773 1062
773 1065
773 1068
773 1070
773 1081
773 1082
773 1086
773 1087
773 1091
773 1098
773 1105
773 1112
773 1114
773 1115
773 1117
773 1118
773 1122
773 1123
773 1125
773 1126
773 1127
773 1131
773 1133
773 1144
773 1145
773 1152
773 1157
773 1158
773 1159
773 1160
773 1161
773 1167
773 1169
773 1172
773 1180
773 1181
773 1194
773 1195
773 1198
209 12
209 13
209 17
209 21
209 23
209 25
209 29
209 32
209 48
209 50
209 52
209 53
209 54
209 56
209 61
209 73
209 79
209 88
209 94
209 95
209 97
209 104
209 112
209 117
209 129
209 132
209 141
209 147
209 149
209 151
209 159
209 163
209 164
209 168
209 177
209 179
209 190
209 196
209 208
209 209
209 210
209 224
209 232
209 242
209 245
209 248
209 256
209 258
209 260
209 266
209 271
209 272
209 274
209 276
209 280
209 283
209 285
209 287
209 294
209 300
209 302
209 303
209 325
209 335
209 336
209 341
209 343
209 345
209 346
209 347
209 350
209 359
209 364
209 365
209 371
209 373
209 374
209 378
209 387
209 390
209 394
209 395
209 398
209 406
209 413
209 418
209 424
209 429
209 434
209 435
209 441
209 443
209 444
209 464
209 467
209 475
209 479
209 484
209 492
209 499
209 503
209 506
209 519
209 523
209 524
209 530
209 534
209 536
209 542
209 545
209 550
209 557
209 562
209 595
209 596
209 600
209 601
209 604
209 615
209 626
209 639
209 640
209 658
209 660
209 662
209 664
209 668
209 678
209 682
209 695
209 707
209 710
209 717
209 723
209 724
209 729
209 730
209 735
209 743
209 748
209 752
209 757
209 769
209 772
209 776
209 784
209 801
209 807
209 812
209 821
209 827
209 831
209 845
209 847
209 851
209 855
209 859
209 860
209 861
209 871
209 874
209 875
209 878
209 879
209 888
209 893
209 900
209 904
209 912
209 914
209 916
209 925
209 931
209 937
209 947
209 948
209 952
209 960
209 961
209 963
209 964
209 966
209 972
209 975
209 976
209 992
209 1007
209 1009
209 1016
209 1017
209 1018
209 1021
209 1022
209 1032
209 1033
209 1043
209 1044
209 1083
209 1087
209 1088
209 1096
209 1097
209 1098
209 1102
209 1105
209 1108
209 1111
209 1113
209 1119
209 1122
209 1131
209 1133
209 1134
209 1136
209 1140
209 1143
209 1145
209 1159
209 1164
209 1173
209 1174
209 1178
209 1180
209 1181
209 1182
209 1194
209 1197
209 1199
721 11
721 16
721 17
721 21
721 23
721 24
721 31
721 35
721 37
721 46
721 49
721 57
721 69
721 70
721 74
721 81
721 82
721 91
721 98
721 101
721 114
721 116
721 138
721 147
721 159
721 166
721 169
721 174
721 177
721 183
721 186
721 188
721 192
721 199
721 208
721 215
721 225
721 235
721 237
721 241
721 242
721 247
721 248
721 254
721 255
721 258
721 264
721 266
721 269
721 270
721 273
721 274
721 282
721 286
721 308
721 314
721 316
721 317
721 331
721 344
721 347
721 363
721 367
721 371
721 386
721 393
721 395
721 396
721 401
721 404
721 406
721 407
721 421
721 423
721 429
721 440
721 443
721 446
721 448
721 451
721 452
721 454
721 459
721 460
721 461
721 478
721 479
721 485
721 486
721 487
721 488
721 493
721 501
721 504
721 507
721 509
721 510
721 512
721 523
721 534
721 539
721 546
721 551
721 566
721 567
721 568
721 572
721 575
721 578
721 597
721 600
721 605
721 608
721 609
721 613
721 615
721 617
721 622
721 628
721 630
721 639
721 641
721 649
721 652
721 657
721 670
721 680
721 681
721 686
721 687
721 688
721 694
721 696
721 711
721 715
721 718
721 721
721 726
721 729
721 734
721 736
721 742
721 750
721 757
721 760
721 778
721 780
721 788
721 791
721 795
721 797
721 806
721 807
721 813
721 817
721 821
721 823
721 831
721 833
721 834
721 838
721 840
721 847
721 848
721 853
721 859
721 860
721 863
721 865
721 868
721 869
721 874
721 876
721 887
721 895
721 902
721 903
721 904
721 906
721 907
721 911
721 917
721 921
721 922
721 925
721 935
721 941
721 945
721 949
721 955
721 956
721 960
721 966
721 970
721 972
721 976
721 978
721 1010
721 1021
721 1023
721 1028
721 1030
721 1035
721 1038
721 1046
721 1051
721 1055
721 1056
721 1058
721 1069
721 1072
721 1073
721 1081
721 1083
721 1090
721 1091
721 1095
721 1099
721 1103
721 1114
721 1132
721 1134
721 1144
721 1152
721 1155
721 1156
721 1159
721 1161
721 1169
721 1171
721 1181
721 1183
721 1187
721 1189
721 1194
1017 3
1017 5
1017 8
1017 11
1017 14
1017 24
1017 29
1017 38
1017 45
1017 52
1017 78
1017 79
1017 80
1017 83
1017 84
1017 86
1017 92
1017 101
1017 108
1017 116
1017 126
1017 128
1017 130
1017 141
1017 145
1017 156
1017 157
1017 158
1017 162
1017 163
1017 171
1017 174
1017 175
1017 185
1017 187
1017 188
1017 194
1017 218
1017 219
1017 221
1017 235
1017 236
1017 241
1017 243
1017 255
1017 256
1017 260
1017 268
1017 269
1017 279
1017 287
1017 293
1017 295
1017 298
1017 299
1017 305
1017 306
1017 307
1017 321
1017 322
1017 323
1017 329
1017 336
1017 338
1017 340
1017 349
1017 358
1017 362
1017 364
1017 372
1017 382
1017 388
1017 391
1017 392
1017 397
1017 406
1017 408
1017 412
1017 421
1017 424
1017 435
1017 438
1017 448
1017 449
1017 470
1017 482
1017 484
1017 485
1017 495
1017 496
1017 499
1017 500
1017 503
1017 507
1017 508
1017 510
1017 518
1017 521
1017 528
1017 531
1017 532
1017 534
1017 541
1017 544
1017 549
1017 558
1017 572
1017 577
1017 578
1017 590
1017 596
1017 597
1017 601
1017 614
1017 616
1017 621
1017 624
1017 628
1017 638
1017 641
1017 643
1017 652
1017 662
1017 666
1017 679
1017 681
1017 693
1017 699
1017 700
1017 701
1017 705
1017 707
1017 715
1017 722
1017 723
1017 727
1017 731
1017 747
1017 765
1017 766
1017 772
1017 773
1017 786
1017 790
1017 794
1017 800
1017 817
1017 826
1017 834
1017 838
1017 847
1017 852
1017 870
1017 874
1017 885
1017 887
1017 900
1017 901
1017 902
1017 903
1017 904
1017 908
1017 918
1017 920
1017 922
1017 924
1017 927
1017 939
1017 940
1017 949
1017 950
1017 951
1017 952
1017 955
1017 956
1017 957
1017 961
1017 964
1017 965
1017 983
1017 985
1017 987
1017 993
1017 995
1017 1002
1017 1003
1017 1010
1017 1013
1017 1016
1017 1028
1017 1034
1017 1046
1017 1049
1017 1055
1017 1065
1017 1069
1017 1074
1017 1079
1017 1082
1017 1099
1017 1100
1017 1101
1017 1102
1017 1105
1017 1108
1017 1111
1017 1121
1017 1125
1017 1130
1017 1131
1017 1134
1017 1135
1017 1140
1017 1146
1017 1151
1017 1175
1017 1179
1017 1181
1017 1185
1017 1186
1017 1187
1017 1195
1017 1196
1017 1198
1017 1199
267 10
267 20
267 30
267 49
267 52
267 55
267 60
267 65
267 68
267 71
267 73
267 80
267 85
267 86
267 93
267 104
267 106
267 107
267 118
267 123
267 126
267 141
267 143
267 144
267 145
267 147
267 159
267 161
267 163
267 165
267 168
267 169
267 175
267 176
267 179
267 183
267 187
267 188
267 203
267 207
267 211
267 212
267 216
267 226
267 233
267 237
267 238
267 250
267 251
267 254
267 259
267 261
267 262
267 265
267 286
267 289
267 290
267 296
267 305
267 307
267 321
267 324
267 328
267 339
267 340
267 355
267 367
267 371
267 373
267 374
267 377
267 379
267 383
267 388
267 390
267 403
267 405
267 406
267 410
267 414
267 419
267 421
267 430
267 432
267 433
267 438
267 446
267 448
267 457
267 459
267 469
267 473
267 477
267 490
267 494
267 497
267 509
267 523
267 532
267 536
267 539
267 546
267 548
267 549
267 551
267 552
267 560
267 561
267 563
267 566
267 570
267 572
267 575
267 576
267 579
267 587
267 594
267 602
267 609
267 611
267 616
267 619
267 629
267 634
267 635
267 640
267 643
267 649
267 660
267 669
267 675
267 683
267 684
267 688
267 693
267 696
267 700
267 701
267 709
267 713
267 732
267 736
267 741
267 743
267 748
267 757
267 759
267 767
267 783
267 784
267 793
267 798
267 815
267 820
267 823
267 839
267 846
267 850
267 864
267 873
267 876
267 881
267 885
267 887
267 891
267 893
267 896
267 903
267 913
267 914
267 921
267 922
267 936
267 944
267 951
267 953
267 959
267 963
267 964
267 966
267 967
267 977
267 978
267 980
267 981
267 986
267 993
267 994
267 997
267 1010
267 1012
267 1018
267 1020
267 1021
267 1029
267 1030
267 1031
267 1035
267 1040
267 1045
267 1057
267 1059
267 1063
267 1067
267 1079
267 1083
267 1086
267 1090
267 1093
267 1094
267 1097
267 1114
267 1116
267 1117
267 1121
267 1133
267 1140
267 1151
267 1152
267 1153
267 1171
267 1177
267 1179
267 1197
267 1199
441 4
441 7
441 8
441 18
441 22
441 34
441 44
441 48
441 51
441 58
441 60
441 64
441 65
441 78
441 96
441 99
441 100
441 108
441 123
441 126
441 129
441 132
441 136
441 137
441 144
441 153
441 155
441 157
441 158
441 159
441 169
441 170
441 171
441 172
441 181
441 184
441 188
441 190
441 196
441 204
441 208
441 214
441 216
441 217
441 219
441 225
441 227
441 242
441 244
441 246
441 247
441 253
441 258
441 267
441 268
441 279
441 281
441 296
441 298
441 306
441 312
441 314
441 318
441 321
441 325
441 329
441 334
441 335
441 337
441 344
441 354
441 361
441 362
441 365
441 366
441 368
441 371
441 378
441 392
441 408
441 411
441 413
441 416
441 419
441 421
441 423
441 429
441 431
441 440
441 441
441 452
441 454
441 455
441 458
441 463
441 485
441 489
441 500
441 515
441 519
441 524
441 529
441 532
441 533
441 536
441 538
441 539
441 543
441 545
441 546
441 557
441 559
441 566
441 570
441 574
441 578
441 581
441 588
441 590
441 593
441 594
441 598
441 605
441 614
441 617
441 619
441 620
441 635
441 638
441 641
441 647
441 651
441 653
441 656
441 657
441 659
441 663
441 674
441 681
441 689
441 690
441 693
441 696
441 719
441 726
441 734
441 738
441 744
441 751
441 754
441 770
441 776
441 782
441 785
441 788
441 789
441 790
441 803
441 805
441 806
441 812
441 815
441 817
441 820
441 825
441 833
441 842
441 865
441 866
441 873
441 879
441 882
441 883
441 884
441 887
441 898
441 899
441 900
441 901
441 904
441 911
441 915
441 921
441 922
441 926
441 932
441 936
441 938
441 953
441 957
441 965
441 967
441 973
441 974
441 978
441 980
441 982
441 985
441 1011
441 1014
441 1017
441 1037
441 1038
441 1048
441 1050
441 1051
441 1053
441 1058
441 1060
441 1064
441 1075
441 1078
441 1079
441 1082
441 1084
441 1088
441 1091
441 1094
441 1099
441 1103
441 1109
441 1110
441 1111
441 1112
441 1113
441 1135
441 1138
441 1141
441 1145
441 1149
441 1165
441 1167
441 1173
441 1176
441 1180
441 1182
441 1185
441 1193
441 1195
441 1197
520 5
520 9
520 25
520 33
520 35
520 36
520 37
520 54
520 56
520 62
520 64
520 71
520 73
520 74
520 76
520 77
520 83
520 85
520 87
520 91
520 103
520 127
520 136
520 141
520 145
520 146
520 168
520 170
520 173
520 178
520 182
520 184
520 196
520 198
520 202
520 212
520 213
520 218
520 224
520 228
520 234
520 235
520 238
520 244
520 247
520 248
520 252
520 253
520 258
520 277
520 281
520 285
520 287
520 289
520 294
520 308
520 323
520 327
520 332
520 336
520 340
520 342
520 346
520 348
520 356
520 360
520 379
520 385
520 388
520 394
520 397
520 399
520 412
520 415
520 432
520 433
520 434
520 435
520 443
520 445
520 448
520 453
520 456
520 459
520 468
520 475
520 492
520 502
520 507
520 516
520 522
520 525
520 533
520 536
520 537
520 549
520 554
520 569
520 572
520 575
520 584
520 585
520 586
520 592
520 593
520 599
520 603
520 605
520 618
520 629
520 634
520 644
520 649
520 654
520 670
520 674
520 684
520 687
520 691
520 692
520 694
520 697
520 698
520 700
520 702
520 703
520 707
520 710
520 717
520 721
520 724
520 728
520 729
520 737
520 740
520 758
520 761
520 762
520 763
520 765
520 766
520 772
520 773
520 785
520 802
520 803
520 812
520 817
520 822
520 825
520 830
520 834
520 838
520 840
520 842
520 845
520 849
520 851
520 855
520 864
520 868
520 875
520 886
520 892
520 894
520 901
520 904
520 906
520 910
520 914
520 923
520 926
520 930
520 954
520 959
520 960
520 968
520 994
520 996
520 998
520 999
520 1000
520 1007
520 1008
520 1030
520 1039
520 1043
520 1048
520 1057
520 1069
520 1083
520 1084
520 1088
520 1094
520 1096
520 1098
520 1100
520 1102
520 1106
520 1107
520 1110
520 1111
520 1112
520 1119
520 1122
520 1143
520 1150
520 1154
520 1159
520 1161
520 1167
520 1171
520 1190
520 1193
520 1195
413 23
413 24
413 25
413 34
413 60
413 61
413 65
413 66
413 67
413 69
413 75
413 82
413 84
413 86
413 87
413 89
413 92
413 96
413 98
413 103
413 105
413 119
413 121
413 123
413 124
413 125
413 128
413 129
413 130
413 135
413 140
413 152
413 154
413 161
413 162
413 163
413 167
413 174
413 177
413 188
413 189
413 205
413 208
413 209
413 213
413 214
413 215
413 217
413 219
413 234
413 240
413 242
413 243
413 245
413 246
413 249
413 258
413 265
413 273
413 275
413 285
413 291
413 292
413 298
413 310
413 311
413 312
413 318
413 330
413 333
413 335
413 349
413 353
413 363
413 365
413 372
413 374
413 378
413 382
413 393
413 398
413 402
413 406
413 419
413 424
413 426
413 432
413 435
413 439
413 447
413 448
413 459
413 465
413 472
413 473
413 487
413 490
413 492
413 501
413 512
413 516
413 538
413 539
413 542
413 543
413 544
413 545
413 559
413 565
413 567
413 568
413 572
413 582
413 593
413 596
413 601
413 606
413 611
413 613
413 616
413 623
413 628
413 638
413 649
413 652
413 655
413 656
413 658
413 664
413 668
413 672
413 680
413 681
413 687
413 690
413 691
413 694
413 696
413 697
413 699
413 704
413 711
413 712
413 713
413 729
413 734
413 736
413 740
413 741
413 745
413 748
413 751
413 762
413 764
413 767
413 769
413 771
413 786
413 788
413 797
413 800
413 803
413 804
413 812
413 816
413 817
413 818
413 823
413 828
413 831
413 844
413 848
413 852
413 854
413 857
413 859
413 863
413 865
413 872
413 874
413 887
413 892
413 894
413 896
413 917
413 918
413 927
413 929
413 940
413 942
413 945
413 952
413 954
413 956
413 972
413 975
413 976
413 996
413 1002
413 1009
413 1011
413 1014
413 1015
413 1018
413 1019
413 1021
413 1022
413 1026
413 1027
413 1030
413 1039
413 1040
413 1045
413 1048
413 1052
413 1053
413 1054
413 1059
413 1066
413 1068
413 1070
413 1073
413 1075
413 1076
413 1081
413 1083
413 1086
413 1088
413 1089
413 1092
413 1094
413 1099
413 1106
413 1109
413 1111
413 1118
413 1128
413 1129
413 1130
413 1132
413 1141
413 1144
413 1147
413 1157
413 1162
413 1169
413 1175
413 1180
413 1193
413 1196
413 1199
366 14
366 18
366 26
366 31
366 33
366 39
366 44
366 45
366 53
366 59
366 61
366 67
366 68
366 81
366 83
366 84
366 91
366 98
366 112
366 114
366 115
366 119
366 123
366 137
366 139
366 148
366 152
366 156
366 165
366 169
366 174
366 175
366 185
366 190
366 191
366 192
366 201
366 208
366 210
366 211
366 216
366 226
366 229
366 230
366 231
366 238
366 240
366 246
366 255
366 261
366 284
366 288
366 292
366 293
366 297
366 303
366 314
366 316
366 321
366 328
366 341
366 346
366 347
366 354
366 356
366 358
366 373
366 376
366 377
366 379
366 382
366 385
366 386
366 392
366 396
366 397
366 405
366 407
366 416
366 424
366 427
366 428
366 429
366 430
366 433
366 438
366 440
366 442
366 453
366 454
366 455
366 460
366 461
366 463
366 471
366 473
366 474
366 479
366 481
366 487
366 496
366 497
366 501
366 518
366 540
366 551
366 552
366 555
366 556
366 561
366 572
366 575
366 581
366 582
366 584
366 589
366 591
366 594
366 600
366 601
366 622
366 631
366 637
366 639
366 643
366 661
366 673
366 674
366 684
366 690
366 692
366 694
366 696
366 700
366 703
366 704
366 705
366 710
366 712
366 714
366 716
366 717
366 720
366 723
366 724
366 728
366 729
366 736
366 741
366 753
366 758
366 765
366 776
366 777
366 783
366 788
366 803
366 805
366 828
366 829
366 841
366 846
366 851
366 852
366 853
366 861
366 864
366 868
366 880
366 884
366 893
366 894
366 899
366 902
366 903
366 907
366 913
366 918
366 922
366 925
366 928
366 931
366 939
366 941
366 942
366 945
366 952
366 968
366 977
366 980
366 984
366 985
366 995
366 997
366 1007
366 1009
366 1010
366 1011
366 1015
366 1018
366 1020
366 1023
366 1028
366 1034
366 1038
366 1040
366 1048
366 1052
366 1060
366 1068
366 1074
366 1077
366 1081
366 1088
366 1096
366 1097
366 1106
366 1108
366 1109
366 1113
366 1120
366 1132
366 1135
366 1163
366 1187
366 1197
