p td 1400 3423 
9 3
9 9
9 23
9 27
9 31
9 50
9 56
9 60
9 62
9 64
9 65
9 67
9 87
9 91
9 92
9 96
9 107
9 131
9 132
9 156
9 157
9 171
9 173
9 178
9 182
9 198
9 200
9 204
9 205
9 211
9 214
9 221
9 228
9 231
9 234
9 235
9 238
9 239
9 248
9 252
9 258
9 261
9 269
9 277
9 298
9 311
9 312
9 313
9 317
9 324
9 326
9 327
9 328
9 329
9 330
9 342
9 347
9 354
9 358
9 363
9 367
9 375
9 381
9 384
9 391
9 393
9 396
9 409
9 410
9 418
9 428
9 439
9 440
9 441
9 445
9 451
9 453
9 457
9 460
9 464
9 467
9 475
9 476
9 486
9 495
9 501
9 504
9 507
9 518
9 528
9 532
9 534
9 539
9 552
9 556
9 557
9 558
9 569
9 573
9 576
9 581
9 585
9 593
9 595
9 597
9 604
9 616
9 624
9 631
9 635
9 637
9 642
9 650
9 659
9 660
9 661
9 666
9 672
9 675
9 680
9 681
9 685
9 689
9 697
9 700
9 707
9 710
9 714
9 718
9 728
9 731
9 732
9 736
9 747
9 752
9 753
9 763
9 785
9 787
9 788
9 791
9 811
9 813
9 818
9 819
9 823
9 831
9 832
9 839
9 844
9 846
9 851
9 859
9 866
9 870
9 872
9 878
9 891
9 892
9 904
9 908
9 915
9 924
9 930
9 951
9 958
9 959
9 961
9 966
9 975
9 984
9 987
9 993
9 994
9 998
9 1003
9 1004
9 1010
9 1012
9 1020
9 1021
9 1028
9 1029
9 1037
9 1052
9 1060
9 1065
9 1068
9 1069
9 1070
9 1077
9 1081
9 1085
9 1087
9 1093
9 1096
9 1107
9 1110
9 1113
9 1114
9 1116
9 1123
9 1124
9 1133
9 1134
9 1138
9 1144
9 1156
9 1157
9 1158
9 1166
9 1169
9 1172
9 1175
9 1177
9 1190
9 1192
9 1194
9 1202
9 1203
9 1204
9 1205
9 1207
9 1209
9 1217
9 1218
9 1234
9 1235
9 1239
9 1253
9 1254
9 1263
9 1281
9 1282
9 1293
9 1296
9 1307
9 1308
9 1318
9 1320
9 1326
9 1329
9 1334
9 1337
9 1338
9 1341
9 1354
9 1355
9 1356
9 1369
9 1373
9 1380
9 1389
9 1390
9 1396
9 1399
1068 1
1068 3
1068 4
1068 7
1068 12
1068 18
1068 23
1068 31
1068 38
1068 41
1068 42
1068 43
1068 45
1068 56
1068 60
1068 63
1068 64
1068 73
1068 75
1068 80
1068 88
1068 92
1068 98
1068 102
1068 110
1068 118
1068 119
1068 122
1068 125
1068 129
1068 130
1068 135
1068 138
1068 140
1068 142
1068 143
1068 152
1068 157
1068 158
1068 159
1068 163
1068 168
1068 169
1068 172
1068 173
1068 174
1068 177
1068 188
1068 192
1068 194
1068 195
1068 198
1068 200
1068 205
1068 221
1068 224
1068 230
1068 243
1068 250
1068 258
1068 259
1068 277
1068 279
1068 286
1068 289
1068 292
1068 301
1068 305
1068 307
1068 308
1068 313
1068 314
1068 318
1068 319
1068 320
1068 321
1068 322
1068 329
1068 335
1068 336
1068 338
1068 342
1068 343
1068 347
1068 350
1068 359
1068 360
1068 368
1068 376
1068 388
1068 393
1068 394
1068 395
1068 400
1068 403
1068 412
1068 414
1068 419
1068 424
1068 427
1068 430
1068 441
1068 443
1068 455
1068 456
1068 466
1068 467
1068 468
1068 475
1068 483
1068 490
1068 495
1068 502
1068 514
1068 522
1068 525
1068 529
1068 532
1068 535
1068 537
1068 543
1068 547
1068 557
1068 569
1068 579
1068 583
1068 590
1068 592
1068 596
1068 597
1068 602
1068 603
1068 604
1068 611
1068 627
1068 632
1068 634
1068 643
1068 644
1068 648
1068 649
1068 654
1068 662
1068 666
1068 670
1068 690
1068 693
1068 699
1068 700
1068 701
1068 703
1068 708
1068 709
1068 717
1068 718
1068 729
1068 732
1068 737
1068 745
1068 747
1068 748
1068 757
1068 758
1068 763
1068 770
1068 779
1068 781
1068 786
1068 788
1068 805
1068 813
1068 815
1068 816
1068 825
1068 835
1068 841
1068 844
1068 851
1068 852
1068 857
1068 866
1068 873
1068 879
1068 880
1068 893
1068 894
1068 898
1068 902
1068 912
1068 917
1068 921
1068 925
1068 929
1068 936
1068 938
1068 941
1068 944
1068 951
1068 953
1068 954
1068 956
1068 963
1068 966
1068 968
1068 973
1068 975
1068 987
1068 998
1068 1001
1068 1002
1068 1008
1068 1011
1068 1015
1068 1016
1068 1022
1068 1029
1068 1033
1068 1035
1068 1038
1068 1045
1068 1049
1068 1051
1068 1062
1068 1066
1068 1069
1068 1070
1068 1077
1068 1078
1068 1082
1068 1090
1068 1094
1068 1099
1068 1110
1068 1111
1068 1112
1068 1115
1068 1120
1068 1123
1068 1127
1068 1129
1068 1132
1068 1133
1068 1150
1068 1151
1068 1165
1068 1166
1068 1174
1068 1176
1068 1183
1068 1186
1068 1187
1068 1189
1068 1196
1068 1197
1068 1206
1068 1215
1068 1216
1068 1219
1068 1229
1068 1232
1068 1233
1068 1241
1068 1243
1068 1252
1068 1254
1068 1271
1068 1291
1068 1295
1068 1301
1068 1303
1068 1307
1068 1316
1068 1319
1068 1320
1068 1327
1068 1330
1068 1344
1068 1348
1068 1352
1068 1354
1068 1358
1068 1371
1068 1375
1068 1379
1068 1380
1068 1388
1068 1392
1068 1395
1068 1397
618 8
618 11
618 14
618 16
618 18
618 19
618 20
618 24
618 29
618 34
618 35
618 44
618 53
618 56
618 61
618 69
618 72
618 73
618 79
618 80
618 84
618 90
618 92
618 98
618 107
618 108
618 117
618 120
618 125
618 126
618 128
618 142
618 147
618 151
618 153
618 160
618 163
618 166
618 172
618 191
618 192
618 198
618 212
618 223
618 225
618 229
618 236
618 238
618 244
618 245
618 276
618 278
618 280
618 289
618 290
618 297
618 306
618 313
618 317
618 334
618 336
618 337
618 339
618 346
618 347
618 350
618 355
618 358
618 363
618 366
618 367
618 370
618 375
618 387
618 399
618 403
618 409
618 410
618 412
618 416
618 425
618 429
618 437
618 438
618 440
618 442
618 445
618 447
618 450
618 461
618 462
618 464
618 469
618 471
618 472
618 474
618 478
618 483
618 484
618 487
618 490
618 493
618 495
618 496
618 499
618 503
618 507
618 509
618 510
618 521
618 522
618 532
618 540
618 542
618 543
618 547
618 549
618 551
618 552
618 553
618 558
618 568
618 579
618 583
618 589
618 593
618 597
618 602
618 603
618 617
618 619
618 621
618 624
618 630
618 632
618 638
618 639
618 657
618 663
618 667
618 677
618 678
618 681
618 686
618 688
618 693
618 702
618 703
618 711
618 714
618 723
618 726
618 731
618 732
618 733
618 748
618 752
618 753
618 755
618 757
618 763
618 766
618 770
618 771
618 774
618 775
618 781
618 785
618 790
618 794
618 801
618 802
618 814
618 821
618 828
618 829
618 831
618 836
618 838
618 848
618 851
618 853
618 855
618 857
618 860
618 875
618 879
618 880
618 882
618 889
618 905
618 910
618 911
618 913
618 917
618 926
618 928
618 929
618 934
618 946
618 952
618 953
618 954
618 961
618 962
618 964
618 966
618 967
618 971
618 973
618 976
618 978
618 984
618 1003
618 1004
618 1008
618 1016
618 1021
618 1023
618 1036
618 1041
618 1045
618 1051
618 1057
618 1066
618 1069
618 1087
618 1099
618 1102
618 1107
618 1112
618 1126
618 1127
618 1135
618 1137
618 1144
618 1151
618 1159
618 1165
618 1176
618 1179
618 1183
618 1185
618 1196
618 1203
618 1208
618 1218
618 1221
618 1230
618 1233
618 1243
618 1248
618 1251
618 1254
618 1256
618 1259
618 1266
618 1269
618 1276
618 1286
618 1290
618 1291
618 1294
618 1296
618 1297
618 1298
618 1299
618 1300
618 1302
618 1308
618 1311
618 1327
618 1328
618 1330
618 1337
618 1338
618 1343
618 1352
618 1355
618 1364
618 1375
618 1379
618 1388
618 1391
618 1397
618 1400
40 16
40 25
40 31
40 36
40 45
40 50
40 55
40 57
40 60
40 66
40 68
40 69
40 73
40 87
40 89
40 93
40 94
40 98
40 100
40 122
40 125
40 131
40 144
40 148
40 150
40 153
40 158
40 160
40 176
40 182
40 186
40 191
40 192
40 194
40 197
40 201
40 203
40 207
40 214
40 216
40 218
40 223
40 224
40 226
40 227
40 235
40 239
40 243
40 245
40 248
40 262
40 269
40 271
40 286
40 296
40 299
40 302
40 303
40 305
40 314
40 324
40 325
40 326
40 333
40 337
40 342
40 346
40 355
40 362
40 374
40 379
40 385
40 387
40 390
40 398
40 401
40 407
40 415
40 418
40 421
40 424
40 431
40 432
40 436
40 448
40 449
40 453
40 455
40 462
40 466
40 472
40 475
40 476
40 481
40 482
40 490
40 503
40 521
40 535
40 536
40 538
40 545
40 549
40 557
40 558
40 562
40 565
40 584
40 588
40 590
40 591
40 594
40 601
40 602
40 611
40 614
40 620
40 622
40 623
40 625
40 636
40 638
40 646
40 649
40 658
40 665
40 667
40 668
40 673
40 676
40 682
40 687
40 689
40 692
40 697
40 701
40 702
40 708
40 711
40 713
40 717
40 719
40 721
40 728
40 732
40 733
40 750
40 755
40 757
40 762
40 764
40 778
40 785
40 792
40 794
40 800
40 801
40 803
40 805
40 806
40 809
40 834
40 835
40 845
40 846
40 857
40 864
40 869
40 870
40 887
40 901
40 903
40 916
40 918
40 926
40 928
40 932
40 933
40 935
40 937
40 953
40 956
40 957
40 961
40 968
40 969
40 972
40 976
40 980
40 981
40 983
40 989
40 1006
40 1012
40 1021
40 1024
40 1025
40 1028
40 1032
40 1047
40 1061
40 1063
40 1065
40 1068
40 1078
40 1079
40 1088
40 1091
40 1102
40 1109
40 1110
40 1111
40 1115
40 1119
40 1122
40 1130
40 1131
40 1135
40 1139
40 1141
40 1143
40 1154
40 1163
40 1170
40 1171
40 1172
40 1174
40 1185
40 1196
40 1205
40 1210
40 1212
40 1228
40 1232
40 1237
40 1246
40 1254
40 1259
40 1264
40 1267
40 1268
40 1270
40 1278
40 1280
40 1288
40 1291
40 1300
40 1302
40 1304
40 1310
40 1312
40 1323
40 1325
40 1329
40 1332
40 1333
40 1335
40 1336
40 1344
40 1345
40 1346
40 1348
40 1353
40 1357
40 1375
40 1379
40 1380
40 1386
40 1398
409 12
409 13
409 14
409 16
409 20
409 29
409 34
409 35
409 39
409 44
409 49
409 57
409 58
409 63
409 69
409 72
409 76
409 79
409 80
409 83
409 93
409 95
409 105
409 120
409 123
409 125
409 127
409 149
409 153
409 159
409 160
409 164
409 175
409 176
409 178
409 181
409 185
409 189
409 193
409 194
409 197
409 203
409 207
409 215
409 216
409 221
409 226
409 228
409 231
409 234
409 249
409 252
409 253
409 254
409 256
409 263
409 269
409 275
409 288
409 305
409 308
409 310
409 311
409 314
409 324
409 339
409 340
409 344
409 348
409 349
409 356
409 357
409 365
409 370
409 371
409 375
409 376
409 377
409 379
409 381
409 385
409 389
409 390
409 391
409 398
409 403
409 417
409 422
409 433
409 437
409 441
409 442
409 449
409 452
409 454
409 455
409 460
409 461
409 468
409 470
409 474
409 475
409 477
409 481
409 482
409 489
409 492
409 494
409 496
409 506
409 511
409 512
409 524
409 532
409 534
409 539
409 547
409 548
409 550
409 551
409 554
409 558
409 563
409 569
409 577
409 581
409 589
409 599
409 605
409 606
409 607
409 616
409 618
409 635
409 642
409 647
409 650
409 657
409 660
409 664
409 666
409 668
409 670
409 675
409 676
409 685
409 689
409 698
409 706
409 716
409 717
409 721
409 726
409 735
409 740
409 758
409 771
409 783
409 784
409 787
409 799
409 804
409 807
409 812
409 828
409 829
409 831
409 833
409 841
409 846
409 851
409 852
409 874
409 875
409 882
409 887
409 890
409 891
409 895
409 903
409 909
409 911
409 919
409 922
409 931
409 943
409 944
409 945
409 949
409 955
409 956
409 957
409 960
409 962
409 963
409 967
409 969
409 973
409 979
409 987
409 995
409 1003
409 1005
409 1011
409 1018
409 1025
409 1030
409 1036
409 1037
409 1039
409 1043
409 1045
409 1046
409 1052
409 1056
409 1063
409 1066
409 1069
409 1072
409 1082
409 1084
409 1088
409 1093
409 1094
409 1104
409 1105
409 1110
409 1115
409 1116
409 1122
409 1123
409 1128
409 1130
409 1133
409 1135
409 1141
409 1149
409 1150
409 1151
409 1167
409 1171
409 1172
409 1174
409 1175
409 1176
409 1177
409 1178
409 1180
409 1204
409 1207
409 1209
409 1211
409 1216
409 1219
409 1220
409 1222
409 1225
409 1229
409 1234
409 1250
409 1251
409 1256
409 1269
409 1271
409 1272
409 1275
409 1291
409 1296
409 1313
409 1324
409 1329
409 1333
409 1340
409 1342
409 1345
409 1350
409 1352
409 1364
409 1367
409 1383
409 1384
409 1388
409 1390
953 1
953 28
953 33
953 34
953 36
953 38
953 46
953 51
953 53
953 57
953 64
953 66
953 70
953 84
953 92
953 93
953 99
953 103
953 106
953 109
953 123
953 125
953 136
953 138
953 140
953 142
953 152
953 153
953 154
953 160
953 167
953 168
953 174
953 181
953 183
953 185
953 186
953 187
953 190
953 192
953 195
953 204
953 206
953 223
953 231
953 232
953 239
953 241
953 244
953 246
953 255
953 257
953 261
953 262
953 263
953 264
953 267
953 273
953 279
953 287
953 288
953 295
953 307
953 311
953 319
953 328
953 333
953 338
953 343
953 356
953 360
953 365
953 369
953 371
953 373
953 374
953 379
953 405
953 406
953 408
953 410
953 419
953 422
953 428
953 432
953 438
953 442
953 449
953 455
953 456
953 465
953 469
953 470
953 474
953 479
953 493
953 495
953 504
953 507
953 511
953 513
953 518
953 525
953 526
953 532
953 538
953 545
953 546
953 548
953 553
953 556
953 557
953 560
953 565
953 570
953 572
953 578
953 583
953 586
953 587
953 589
953 595
953 600
953 606
953 609
953 611
953 622
953 632
953 642
953 646
953 653
953 654
953 660
953 667
953 670
953 675
953 685
953 688
953 693
953 705
953 714
953 715
953 717
953 719
953 725
953 727
953 729
953 734
953 735
953 737
953 739
953 740
953 748
953 754
953 759
953 763
953 766
953 767
953 768
953 769
953 777
953 779
953 783
953 796
953 801
953 805
953 807
953 818
953 819
953 823
953 825
953 827
953 835
953 847
953 852
953 855
953 864
953 874
953 882
953 894
953 899
953 901
953 906
953 907
953 912
953 918
953 930
953 931
953 932
953 940
953 944
953 945
953 946
953 953
953 959
953 960
953 965
953 966
953 975
953 976
953 983
953 985
953 986
953 998
953 1002
953 1003
953 1004
953 1013
953 1016
953 1017
953 1018
953 1023
953 1028
953 1031
953 1033
953 1036
953 1045
953 1047
953 1055
953 1062
953 1065
953 1068
953 1070
953 1072
953 1074
953 1079
953 1080
953 1084
953 1088
953 1092
953 1111
953 1112
953 1116
953 1118
953 1125
953 1130
953 1132
953 1133
953 1135
953 1137
953 1142
953 1145
953 1147
953 1152
953 1154
953 1158
953 1160
953 1162
953 1165
953 1166
953 1172
953 1183
953 1184
953 1186
953 1189
953 1195
953 1204
953 1210
953 1213
953 1214
953 1218
953 1229
953 1232
953 1247
953 1248
953 1264
953 1271
953 1273
953 1276
953 1277
953 1280
953 1290
953 1297
953 1313
953 1317
953 1319
953 1320
953 1322
953 1325
953 1339
953 1345
953 1351
953 1358
953 1359
953 1365
953 1367
953 1379
953 1391
953 1394
953 1400
414 9
414 16
414 19
414 24
414 27
414 29
414 35
414 39
414 41
414 48
414 49
414 52
414 59
414 60
414 62
414 67
414 70
414 71
414 80
414 83
414 87
414 92
414 100
414 109
414 119
414 120
414 122
414 123
414 126
414 128
414 129
414 140
414 141
414 142
414 145
414 147
414 149
414 162
414 171
414 175
414 181
414 182
414 183
414 184
414 206
414 207
414 217
414 219
414 225
414 230
414 241
414 250
414 251
414 255
414 259
414 264
414 268
414 274
414 275
414 276
414 281
414 284
414 287
414 289
414 292
414 298
414 299
414 300
414 303
414 308
414 310
414 319
414 320
414 322
414 331
414 338
414 340
414 341
414 351
414 352
414 358
414 360
414 363
414 367
414 371
414 375
414 376
414 385
414 389
414 398
414 402
414 408
414 415
414 416
414 419
414 425
414 432
414 438
414 441
414 442
414 450
414 452
414 459
414 478
414 479
414 486
414 489
414 500
414 502
414 503
414 505
414 508
414 510
414 517
414 518
414 525
414 536
414 537
414 539
414 543
414 545
414 550
414 555
414 556
414 560
414 562
414 567
414 569
414 571
414 572
414 575
414 581
414 586
414 590
414 591
414 600
414 611
414 612
414 615
414 619
414 622
414 630
414 632
414 637
414 642
414 643
414 645
414 646
414 652
414 655
414 658
414 659
414 667
414 670
414 672
414 677
414 679
414 684
414 692
414 695
414 699
414 701
414 708
414 710
414 716
414 730
414 736
414 737
414 739
414 757
414 760
414 770
414 771
414 777
414 782
414 784
414 789
414 803
414 811
414 812
414 816
414 819
414 824
414 826
414 830
414 840
414 861
414 864
414 866
414 868
414 877
414 880
414 883
414 888
414 890
414 891
414 892
414 896
414 897
414 903
414 908
414 909
414 914
414 920
414 922
414 925
414 927
414 928
414 931
414 939
414 943
414 947
414 950
414 960
414 969
414 971
414 975
414 980
414 983
414 984
414 986
414 987
414 993
414 1002
414 1003
414 1004
414 1006
414 1008
414 1014
414 1029
414 1034
414 1044
414 1052
414 1054
414 1066
414 1069
414 1071
414 1072
414 1074
414 1077
414 1079
414 1084
414 1087
414 1089
414 1092
414 1094
414 1101
414 1106
414 1108
414 1110
414 1112
414 1114
414 1115
414 1119
414 1123
414 1133
414 1139
414 1143
414 1154
414 1163
414 1170
414 1180
414 1182
414 1183
414 1186
414 1191
414 1193
414 1194
414 1195
414 1205
414 1207
414 1216
414 1217
414 1220
414 1225
414 1234
414 1237
414 1240
414 1241
414 1248
414 1250
414 1251
414 1256
414 1262
414 1264
414 1277
414 1283
414 1285
414 1286
414 1299
414 1311
414 1316
414 1317
414 1320
414 1333
414 1339
414 1343
414 1344
414 1357
414 1358
414 1359
414 1364
414 1366
414 1367
414 1370
414 1373
414 1377
414 1380
414 1381
414 1387
414 1394
414 1397
853 3
853 5
853 8
853 14
853 21
853 23
853 26
853 27
853 28
853 42
853 47
853 48
853 50
853 57
853 59
853 67
853 70
853 73
853 74
853 77
853 78
853 84
853 85
853 91
853 94
853 96
853 99
853 110
853 112
853 113
853 114
853 120
853 129
853 133
853 134
853 138
853 143
853 145
853 147
853 148
853 152
853 165
853 166
853 170
853 171
853 173
853 174
853 179
853 191
853 200
853 205
853 206
853 210
853 211
853 220
853 222
853 224
853 227
853 240
853 244
853 248
853 250
853 254
853 258
853 260
853 262
853 269
853 270
853 274
853 277
853 283
853 285
853 290
853 293
853 298
853 302
853 313
853 317
853 323
853 324
853 332
853 343
853 344
853 346
853 351
853 355
853 357
853 365
853 366
853 367
853 377
853 383
853 389
853 394
853 404
853 406
853 410
853 413
853 416
853 418
853 425
853 438
853 443
853 445
853 449
853 452
853 457
853 460
853 464
853 479
853 503
853 505
853 511
853 512
853 519
853 527
853 530
853 531
853 536
853 542
853 545
853 547
853 550
853 558
853 560
853 564
853 573
853 576
853 578
853 580
853 592
853 594
853 596
853 603
853 610
853 612
853 613
853 614
853 616
853 628
853 638
853 644
853 660
853 667
853 669
853 677
853 685
853 686
853 688
853 694
853 702
853 724
853 727
853 729
853 730
853 731
853 735
853 742
853 746
853 747
853 751
853 759
853 761
853 764
853 765
853 772
853 776
853 777
853 783
853 785
853 786
853 806
853 814
853 819
853 821
853 822
853 823
853 826
853 831
853 835
853 839
853 853
853 856
853 859
853 861
853 871
853 874
853 879
853 888
853 889
853 890
853 891
853 894
853 895
853 897
853 912
853 913
853 925
853 931
853 935
853 945
853 947
853 948
853 968
853 972
853 978
853 979
853 982
853 990
853 1001
853 1005
853 1006
853 1007
853 1016
853 1019
853 1020
853 1023
853 1025
853 1033
853 1042
853 1046
853 1062
853 1085
853 1089
853 1094
853 1095
853 1121
853 1123
853 1124
853 1130
853 1131
853 1138
853 1145
853 1150
853 1152
853 1161
853 1162
853 1168
853 1171
853 1187
853 1196
853 1197
853 1203
853 1204
853 1208
853 1209
853 1210
853 1214
853 1217
853 1221
853 1223
853 1232
853 1233
853 1244
853 1245
853 1250
853 1253
853 1260
853 1264
853 1266
853 1267
853 1270
853 1275
853 1276
853 1277
853 1279
853 1294
853 1303
853 1311
853 1314
853 1315
853 1321
853 1323
853 1328
853 1332
853 1334
853 1342
853 1344
853 1345
853 1349
853 1353
853 1356
853 1364
853 1371
853 1373
853 1374
853 1386
853 1389
853 1390
853 1396
1173 3
1173 9
1173 10
1173 21
1173 28
1173 37
1173 40
1173 43
1173 53
1173 55
1173 57
1173 63
1173 85
1173 88
1173 93
1173 94
1173 95
1173 99
1173 101
1173 103
1173 108
1173 110
1173 114
1173 117
1173 118
1173 125
1173 128
1173 129
1173 134
1173 137
1173 139
1173 141
1173 142
1173 144
1173 147
1173 149
1173 151
1173 157
1173 160
1173 163
1173 166
1173 178
1173 182
1173 195
1173 198
1173 202
1173 206
1173 219
1173 220
1173 225
1173 226
1173 230
1173 238
1173 240
1173 241
1173 244
1173 252
1173 259
1173 260
1173 266
1173 267
1173 273
1173 277
1173 283
1173 284
1173 287
1173 293
1173 294
1173 301
1173 325
1173 335
1173 337
1173 338
1173 345
1173 347
1173 350
1173 356
1173 357
1173 359
1173 362
1173 364
1173 371
1173 373
1173 382
1173 391
1173 392
1173 400
1173 411
1173 415
1173 416
1173 422
1173 424
1173 425
1173 439
1173 442
1173 449
1173 456
1173 458
1173 466
1173 467
1173 469
1173 471
1173 481
1173 482
1173 484
1173 494
1173 498
1173 502
1173 503
1173 507
1173 508
1173 509
1173 510
1173 511
1173 514
1173 521
1173 524
1173 526
1173 530
1173 531
1173 532
1173 535
1173 539
1173 546
1173 559
1173 580
1173 589
1173 593
1173 597
1173 600
1173 602
1173 607
1173 610
1173 612
1173 614
1173 615
1173 620
1173 622
1173 642
1173 649
1173 658
1173 670
1173 684
1173 701
1173 703
1173 713
1173 717
1173 724
1173 741
1173 755
1173 756
1173 758
1173 763
1173 764
1173 766
1173 770
1173 772
1173 779
1173 782
1173 796
1173 797
1173 806
1173 812
1173 814
1173 815
1173 824
1173 829
1173 833
1173 842
1173 845
1173 856
1173 860
1173 875
1173 898
1173 901
1173 905
1173 908
1173 926
1173 929
1173 932
1173 943
1173 948
1173 951
1173 953
1173 960
1173 975
1173 981
1173 985
1173 990
1173 999
1173 1000
1173 1007
1173 1019
1173 1020
1173 1026
1173 1032
1173 1036
1173 1037
1173 1044
1173 1045
1173 1046
1173 1047
1173 1055
1173 1056
1173 1059
1173 1062
1173 1063
1173 1066
1173 1067
1173 1068
1173 1070
1173 1071
1173 1074
1173 1075
1173 1083
1173 1097
1173 1099
1173 1100
1173 1101
1173 1107
1173 1114
1173 1115
1173 1122
1173 1123
1173 1134
1173 1139
1173 1147
1173 1149
1173 1153
1173 1155
1173 1158
1173 1167
1173 1168
1173 1170
1173 1174
1173 1176
1173 1186
1173 1193
1173 1195
1173 1204
1173 1206
1173 1209
1173 1212
1173 1214
1173 1215
1173 1223
1173 1231
1173 1235
1173 1239
1173 1242
1173 1246
1173 1248
1173 1251
1173 1252
1173 1260
1173 1261
1173 1262
1173 1263
1173 1265
1173 1267
1173 1280
1173 1281
1173 1286
1173 1287
1173 1289
1173 1291
1173 1296
1173 1304
1173 1306
1173 1310
1173 1315
1173 1316
1173 1321
1173 1322
1173 1327
1173 1330
1173 1340
1173 1344
1173 1355
1173 1362
1173 1363
1173 1372
1173 1373
1173 1376
1173 1383
1173 1384
1173 1385
1173 1388
1173 1391
1173 1398
484 3
484 9
484 15
484 30
484 35
484 37
484 43
484 46
484 51
484 52
484 75
484 86
484 92
484 96
484 102
484 103
484 104
484 106
484 117
484 118
484 122
484 134
484 138
484 139
484 145
484 146
484 149
484 152
484 161
484 162
484 169
484 170
484 183
484 186
484 189
484 197
484 207
484 208
484 210
484 212
484 214
484 215
484 217
484 218
484 220
484 240
484 242
484 246
484 259
484 262
484 266
484 270
484 272
484 278
484 279
484 283
484 284
484 289
484 292
484 296
484 298
484 322
484 331
484 339
484 341
484 345
484 353
484 368
484 381
484 383
484 387
484 390
484 393
484 400
484 407
484 428
484 429
484 438
484 441
484 449
484 451
484 472
484 477
484 480
484 481
484 486
484 489
484 491
484 492
484 495
484 496
484 499
484 516
484 520
484 526
484 528
484 530
484 534
484 536
484 539
484 540
484 543
484 548
484 550
484 552
484 555
484 561
484 576
484 579
484 594
484 596
484 608
484 611
484 614
484 617
484 619
484 624
484 627
484 629
484 633
484 637
484 638
484 648
484 653
484 664
484 665
484 668
484 680
484 684
484 687
484 699
484 711
484 717
484 719
484 720
484 723
484 724
484 725
484 728
484 735
484 739
484 740
484 743
484 745
484 750
484 752
484 766
484 768
484 771
484 774
484 779
484 781
484 783
484 786
484 799
484 800
484 803
484 816
484 817
484 818
484 819
484 824
484 840
484 842
484 846
484 849
484 850
484 853
484 854
484 855
484 861
484 870
484 874
484 880
484 881
484 883
484 892
484 899
484 908
484 913
484 917
484 920
484 924
484 926
484 927
484 929
484 934
484 935
484 939
484 941
484 944
484 948
484 953
484 959
484 963
484 973
484 979
484 983
484 984
484 987
484 989
484 998
484 1006
484 1010
484 1012
484 1022
484 1029
484 1032
484 1038
484 1050
484 1051
484 1052
484 1053
484 1065
484 1073
484 1074
484 1100
484 1101
484 1104
484 1107
484 1111
484 1117
484 1118
484 1123
484 1127
484 1133
484 1134
484 1136
484 1139
484 1142
484 1143
484 1151
484 1162
484 1166
484 1189
484 1190
484 1197
484 1201
484 1206
484 1208
484 1211
484 1220
484 1221
484 1233
484 1252
484 1264
484 1270
484 1271
484 1273
484 1275
484 1276
484 1281
484 1283
484 1288
484 1292
484 1296
484 1298
484 1299
484 1303
484 1308
484 1312
484 1316
484 1322
484 1327
484 1337
484 1338
484 1357
484 1358
484 1361
484 1365
484 1372
484 1378
484 1381
484 1384
484 1386
484 1387
484 1388
484 1392
484 1397
484 1398
399 4
399 15
399 19
399 30
399 32
399 35
399 38
399 39
399 41
399 42
399 49
399 54
399 64
399 67
399 81
399 82
399 83
399 87
399 89
399 93
399 99
399 106
399 108
399 109
399 115
399 124
399 126
399 130
399 147
399 149
399 151
399 166
399 169
399 176
399 191
399 192
399 195
399 197
399 201
399 202
399 205
399 208
399 215
399 219
399 220
399 226
399 236
399 238
399 240
399 242
399 252
399 256
399 259
399 267
399 268
399 273
399 279
399 289
399 290
399 296
399 297
399 298
399 301
399 306
399 317
399 319
399 333
399 342
399 344
399 345
399 348
399 358
399 359
399 363
399 364
399 373
399 374
399 376
399 378
399 381
399 396
399 408
399 422
399 426
399 428
399 429
399 430
399 435
399 436
399 437
399 444
399 447
399 459
399 460
399 468
399 470
399 472
399 473
399 479
399 480
399 482
399 488
399 490
399 494
399 502
399 510
399 515
399 524
399 527
399 562
399 566
399 573
399 587
399 592
399 596
399 598
399 601
399 602
399 613
399 617
399 622
399 625
399 632
399 635
399 639
399 640
399 647
399 648
399 649
399 656
399 657
399 660
399 662
399 665
399 667
399 674
399 678
399 690
399 693
399 697
399 701
399 733
399 738
399 740
399 741
399 745
399 748
399 749
399 752
399 765
399 769
399 775
399 776
399 779
399 781
399 784
399 789
399 792
399 799
399 811
399 812
399 813
399 814
399 815
399 818
399 825
399 831
399 836
399 842
399 843
399 844
399 847
399 849
399 850
399 851
399 852
399 859
399 863
399 867
399 874
399 876
399 877
399 880
399 885
399 886
399 891
399 902
399 910
399 915
399 923
399 929
399 932
399 939
399 942
399 946
399 954
399 955
399 958
399 963
399 967
399 971
399 973
399 976
399 978
399 981
399 982
399 987
399 988
399 995
399 999
399 1003
399 1009
399 1015
399 1019
399 1023
399 1025
399 1027
399 1035
399 1037
399 1041
399 1042
399 1043
399 1044
399 1050
399 1053
399 1055
399 1072
399 1075
399 1088
399 1089
399 1096
399 1097
399 1107
399 1110
399 1116
399 1119
399 1121
399 1123
399 1126
399 1129
399 1135
399 1140
399 1141
399 1147
399 1152
399 1155
399 1157
399 1161
399 1165
399 1166
399 1172
399 1176
399 1181
399 1182
399 1184
399 1195
399 1200
399 1202
399 1208
399 1219
399 1225
399 1230
399 1232
399 1233
399 1245
399 1249
399 1250
399 1253
399 1260
399 1267
399 1268
399 1269
399 1272
399 1276
399 1284
399 1292
399 1293
399 1297
399 1301
399 1308
399 1310
399 1319
399 1326
399 1328
399 1331
399 1336
399 1340
399 1350
399 1351
399 1354
399 1377
399 1386
399 1391
399 1393
399 1396
399 1398
990 9
990 15
990 16
990 17
990 19
990 25
990 29
990 35
990 42
990 45
990 46
990 48
990 53
990 54
990 62
990 63
990 81
990 83
990 98
990 116
990 119
990 120
990 124
990 141
990 143
990 144
990 148
990 162
990 165
990 167
990 169
990 170
990 173
990 182
990 206
990 208
990 216
990 221
990 233
990 235
990 251
990 252
990 256
990 258
990 262
990 264
990 270
990 281
990 282
990 284
990 295
990 297
990 298
990 302
990 307
990 308
990 309
990 310
990 311
990 314
990 315
990 319
990 323
990 324
990 326
990 329
990 330
990 331
990 340
990 341
990 352
990 360
990 365
990 370
990 373
990 380
990 381
990 397
990 405
990 408
990 409
990 418
990 420
990 428
990 435
990 438
990 448
990 458
990 461
990 464
990 466
990 479
990 489
990 490
990 493
990 495
990 505
990 511
990 514
990 515
990 516
990 518
990 524
990 529
990 533
990 536
990 537
990 546
990 551
990 554
990 556
990 558
990 561
990 569
990 575
990 585
990 589
990 590
990 594
990 597
990 600
990 606
990 609
990 616
990 620
990 622
990 629
990 636
990 645
990 651
990 654
990 655
990 672
990 677
990 678
990 687
990 690
990 699
990 701
990 714
990 717
990 723
990 724
990 726
990 731
990 733
990 735
990 746
990 772
990 774
990 780
990 781
990 784
990 787
990 788
990 791
990 793
990 796
990 801
990 816
990 819
990 831
990 833
990 836
990 837
990 838
990 841
990 843
990 850
990 867
990 871
990 877
990 880
990 883
990 899
990 900
990 905
990 907
990 919
990 923
990 925
990 926
990 935
990 950
990 961
990 964
990 967
990 978
990 987
990 988
990 992
990 997
990 1005
990 1006
990 1012
990 1026
990 1030
990 1031
990 1032
990 1035
990 1040
990 1047
990 1049
990 1063
990 1065
990 1069
990 1075
990 1080
990 1082
990 1086
990 1094
990 1096
990 1097
990 1098
990 1099
990 1104
990 1107
990 1109
990 1110
990 1132
990 1135
990 1137
990 1138
990 1145
990 1154
990 1156
990 1157
990 1158
990 1159
990 1162
990 1164
990 1165
990 1184
990 1198
990 1206
990 1208
990 1209
990 1215
990 1221
990 1225
990 1229
990 1231
990 1232
990 1240
990 1241
990 1243
990 1246
990 1248
990 1255
990 1257
990 1260
990 1269
990 1272
990 1274
990 1275
990 1276
990 1282
990 1304
990 1307
990 1308
990 1321
990 1332
990 1333
990 1336
990 1337
990 1339
990 1342
990 1345
990 1348
990 1352
990 1353
990 1362
990 1365
990 1373
990 1374
990 1375
990 1379
990 1380
990 1384
990 1385
990 1391
990 1392
