p td 1400 3354 
1069 16
1069 29
1069 44
1069 50
1069 60
1069 61
1069 69
1069 70
1069 71
1069 79
1069 82
1069 89
1069 99
1069 102
1069 103
1069 112
1069 113
1069 115
1069 141
1069 143
1069 179
1069 185
1069 190
1069 195
1069 205
1069 220
1069 223
1069 224
1069 230
1069 234
1069 245
1069 267
1069 269
1069 270
1069 272
1069 277
1069 282
1069 290
1069 293
1069 294
1069 299
1069 308
1069 321
1069 328
1069 330
1069 331
1069 333
1069 349
1069 351
1069 354
1069 359
1069 360
1069 371
1069 373
1069 375
1069 381
1069 386
1069 388
1069 391
1069 400
1069 407
1069 408
1069 423
1069 424
1069 428
1069 429
1069 430
1069 432
1069 434
1069 435
1069 440
1069 448
1069 450
1069 455
1069 456
1069 462
1069 467
1069 471
1069 474
1069 477
1069 479
1069 491
1069 497
1069 501
1069 502
1069 505
1069 510
1069 514
1069 515
1069 522
1069 524
1069 526
1069 550
1069 578
1069 580
1069 584
1069 585
1069 590
1069 593
1069 600
1069 608
1069 611
1069 616
1069 622
1069 628
1069 629
1069 630
1069 637
1069 640
1069 643
1069 647
1069 650
1069 654
1069 659
1069 667
1069 672
1069 675
1069 678
1069 682
1069 683
1069 690
1069 694
1069 699
1069 703
1069 709
1069 711
1069 716
1069 718
1069 719
1069 721
1069 726
1069 728
1069 732
1069 736
1069 745
1069 748
1069 751
1069 753
1069 768
1069 784
1069 790
1069 791
1069 792
1069 804
1069 824
1069 828
1069 830
1069 833
1069 836
1069 837
1069 846
1069 861
1069 870
1069 875
1069 881
1069 882
1069 893
1069 895
1069 897
1069 898
1069 906
1069 908
1069 912
1069 914
1069 918
1069 920
1069 922
1069 923
1069 931
1069 932
1069 938
1069 939
1069 944
1069 946
1069 947
1069 950
1069 951
1069 953
1069 955
1069 957
1069 958
1069 970
1069 971
1069 976
1069 982
1069 984
1069 986
1069 992
1069 997
1069 998
1069 1002
1069 1004
1069 1006
1069 1008
1069 1012
1069 1014
1069 1015
1069 1019
1069 1022
1069 1029
1069 1042
1069 1047
1069 1049
1069 1052
1069 1063
1069 1071
1069 1080
1069 1083
1069 1101
1069 1105
1069 1108
1069 1109
1069 1112
1069 1113
1069 1117
1069 1120
1069 1121
1069 1128
1069 1132
1069 1139
1069 1145
1069 1157
1069 1170
1069 1175
1069 1184
1069 1187
1069 1196
1069 1202
1069 1203
1069 1212
1069 1213
1069 1218
1069 1253
1069 1258
1069 1260
1069 1262
1069 1270
1069 1271
1069 1274
1069 1278
1069 1280
1069 1283
1069 1284
1069 1297
1069 1304
1069 1308
1069 1311
1069 1318
1069 1323
1069 1324
1069 1325
1069 1328
1069 1329
1069 1334
1069 1339
1069 1343
1069 1350
1069 1357
1069 1366
1069 1375
1069 1376
1069 1379
1069 1382
1069 1384
1069 1388
1069 1389
1069 1396
1069 1397
22 13
22 14
22 22
22 25
22 34
22 49
22 53
22 54
22 55
22 56
22 62
22 63
22 66
22 67
22 81
22 83
22 86
22 92
22 101
22 110
22 111
22 115
22 118
22 123
22 126
22 138
22 141
22 148
22 151
22 158
22 169
22 170
22 173
22 177
22 184
22 189
22 191
22 195
22 215
22 220
22 223
22 233
22 245
22 271
22 274
22 275
22 276
22 282
22 287
22 298
22 309
22 310
22 316
22 322
22 325
22 328
22 331
22 334
22 337
22 339
22 347
22 354
22 356
22 360
22 363
22 377
22 382
22 388
22 389
22 397
22 400
22 403
22 407
22 410
22 424
22 426
22 429
22 431
22 432
22 433
22 443
22 447
22 450
22 453
22 464
22 468
22 469
22 474
22 478
22 493
22 494
22 495
22 514
22 515
22 520
22 522
22 535
22 536
22 541
22 544
22 550
22 551
22 558
22 568
22 571
22 574
22 577
22 578
22 579
22 584
22 589
22 595
22 602
22 603
22 605
22 612
22 627
22 628
22 631
22 640
22 644
22 646
22 668
22 669
22 676
22 686
22 687
22 688
22 710
22 715
22 724
22 727
22 730
22 734
22 738
22 747
22 751
22 758
22 763
22 768
22 780
22 781
22 787
22 788
22 791
22 793
22 799
22 804
22 805
22 814
22 815
22 823
22 825
22 831
22 836
22 856
22 859
22 861
22 864
22 868
22 873
22 888
22 893
22 894
22 897
22 902
22 910
22 927
22 937
22 940
22 941
22 942
22 955
22 958
22 961
22 967
22 969
22 970
22 977
22 978
22 980
22 987
22 995
22 996
22 1000
22 1005
22 1011
22 1012
22 1029
22 1032
22 1035
22 1047
22 1058
22 1060
22 1062
22 1068
22 1070
22 1078
22 1080
22 1081
22 1084
22 1089
22 1090
22 1094
22 1102
22 1115
22 1117
22 1131
22 1134
22 1135
22 1138
22 1144
22 1146
22 1150
22 1153
22 1154
22 1155
22 1158
22 1163
22 1164
22 1167
22 1169
22 1172
22 1175
22 1183
22 1184
22 1198
22 1202
22 1203
22 1206
22 1209
22 1213
22 1215
22 1216
22 1219
22 1240
22 1245
22 1250
22 1251
22 1253
22 1268
22 1274
22 1283
22 1289
22 1302
22 1303
22 1304
22 1305
22 1316
22 1330
22 1333
22 1335
22 1340
22 1346
22 1349
22 1357
22 1359
22 1368
22 1382
22 1386
22 1387
22 1396
22 1399
1016 4
1016 7
1016 13
1016 21
1016 25
1016 30
1016 34
1016 35
1016 37
1016 38
1016 48
1016 50
1016 51
1016 52
1016 54
1016 57
1016 61
1016 63
1016 68
1016 76
1016 78
1016 80
1016 97
1016 100
1016 101
1016 105
1016 106
1016 119
1016 121
1016 139
1016 142
1016 145
1016 148
1016 154
1016 158
1016 165
1016 176
1016 180
1016 183
1016 184
1016 202
1016 207
1016 213
1016 221
1016 229
1016 234
1016 241
1016 247
1016 254
1016 262
1016 263
1016 272
1016 273
1016 279
1016 294
1016 298
1016 301
1016 305
1016 306
1016 311
1016 316
1016 320
1016 321
1016 322
1016 327
1016 332
1016 334
1016 345
1016 349
1016 351
1016 353
1016 361
1016 366
1016 368
1016 370
1016 379
1016 381
1016 384
1016 388
1016 395
1016 398
1016 399
1016 401
1016 402
1016 408
1016 412
1016 425
1016 426
1016 431
1016 443
1016 445
1016 446
1016 449
1016 454
1016 466
1016 467
1016 483
1016 486
1016 487
1016 488
1016 490
1016 495
1016 500
1016 507
1016 511
1016 514
1016 516
1016 528
1016 531
1016 533
1016 540
1016 543
1016 546
1016 557
1016 559
1016 564
1016 565
1016 567
1016 577
1016 579
1016 583
1016 585
1016 586
1016 597
1016 612
1016 616
1016 617
1016 619
1016 629
1016 633
1016 636
1016 649
1016 651
1016 660
1016 662
1016 668
1016 670
1016 671
1016 678
1016 685
1016 690
1016 694
1016 709
1016 713
1016 715
1016 716
1016 722
1016 727
1016 730
1016 732
1016 734
1016 739
1016 743
1016 755
1016 757
1016 760
1016 764
1016 767
1016 770
1016 774
1016 775
1016 780
1016 781
1016 786
1016 792
1016 801
1016 802
1016 805
1016 807
1016 819
1016 820
1016 822
1016 827
1016 838
1016 840
1016 844
1016 850
1016 852
1016 853
1016 858
1016 872
1016 876
1016 880
1016 884
1016 888
1016 889
1016 892
1016 896
1016 897
1016 904
1016 926
1016 935
1016 942
1016 944
1016 951
1016 952
1016 959
1016 964
1016 967
1016 971
1016 972
1016 973
1016 975
1016 980
1016 982
1016 984
1016 985
1016 986
1016 987
1016 997
1016 998
1016 1008
1016 1011
1016 1014
1016 1016
1016 1022
1016 1025
1016 1032
1016 1048
1016 1055
1016 1061
1016 1065
1016 1068
1016 1069
1016 1070
1016 1071
1016 1072
1016 1075
1016 1077
1016 1088
1016 1091
1016 1096
1016 1097
1016 1100
1016 1115
1016 1119
1016 1121
1016 1134
1016 1135
1016 1139
1016 1142
1016 1149
1016 1150
1016 1152
1016 1153
1016 1155
1016 1167
1016 1176
1016 1178
1016 1189
1016 1216
1016 1219
1016 1239
1016 1247
1016 1252
1016 1260
1016 1264
1016 1270
1016 1271
1016 1285
1016 1291
1016 1293
1016 1298
1016 1299
1016 1308
1016 1312
1016 1323
1016 1331
1016 1335
1016 1336
1016 1339
1016 1340
1016 1341
1016 1348
1016 1354
1016 1366
1016 1368
1016 1372
1016 1378
1016 1387
1016 1389
1016 1390
1016 1392
1016 1393
1016 1396
1016 1399
231 5
231 14
231 15
231 21
231 28
231 29
231 48
231 50
231 57
231 68
231 76
231 77
231 80
231 96
231 101
231 102
231 104
231 106
231 110
231 119
231 130
231 140
231 143
231 146
231 148
231 149
231 166
231 180
231 187
231 188
231 189
231 190
231 194
231 196
231 200
231 205
231 214
231 218
231 226
231 227
231 231
231 256
231 259
231 266
231 268
231 276
231 282
231 287
231 288
231 294
231 306
231 308
231 320
231 322
231 332
231 337
231 341
231 351
231 356
231 360
231 386
231 387
231 390
231 403
231 405
231 411
231 416
231 419
231 422
231 427
231 430
231 447
231 449
231 450
231 459
231 460
231 466
231 470
231 478
231 479
231 480
231 483
231 491
231 493
231 510
231 511
231 515
231 519
231 521
231 546
231 549
231 553
231 554
231 556
231 563
231 570
231 572
231 576
231 584
231 594
231 595
231 606
231 607
231 616
231 620
231 621
231 631
231 642
231 643
231 646
231 650
231 653
231 655
231 661
231 665
231 666
231 672
231 687
231 693
231 696
231 697
231 712
231 715
231 717
231 718
231 737
231 744
231 745
231 751
231 752
231 758
231 761
231 762
231 764
231 768
231 770
231 771
231 773
231 775
231 778
231 785
231 795
231 797
231 800
231 803
231 815
231 816
231 827
231 834
231 853
231 859
231 862
231 872
231 876
231 877
231 878
231 882
231 884
231 889
231 894
231 903
231 911
231 920
231 921
231 926
231 927
231 939
231 942
231 946
231 947
231 948
231 949
231 952
231 958
231 961
231 978
231 979
231 981
231 986
231 987
231 990
231 991
231 994
231 995
231 999
231 1001
231 1004
231 1006
231 1007
231 1008
231 1009
231 1011
231 1016
231 1017
231 1025
231 1033
231 1036
231 1039
231 1047
231 1055
231 1058
231 1060
231 1061
231 1070
231 1077
231 1088
231 1092
231 1096
231 1103
231 1105
231 1110
231 1115
231 1119
231 1124
231 1125
231 1128
231 1130
231 1142
231 1143
231 1145
231 1155
231 1159
231 1160
231 1164
231 1179
231 1188
231 1190
231 1191
231 1194
231 1202
231 1204
231 1205
231 1213
231 1220
231 1228
231 1230
231 1234
231 1239
231 1242
231 1244
231 1253
231 1267
231 1270
231 1277
231 1279
231 1284
231 1285
231 1295
231 1298
231 1301
231 1303
231 1315
231 1318
231 1345
231 1354
231 1355
231 1359
231 1362
231 1365
231 1367
231 1368
231 1371
231 1395
231 1396
231 1399
85 8
85 11
85 18
85 21
85 24
85 27
85 29
85 39
85 44
85 47
85 49
85 52
85 55
85 56
85 72
85 75
85 94
85 97
85 101
85 105
85 108
85 110
85 116
85 119
85 125
85 132
85 139
85 141
85 151
85 155
85 168
85 174
85 177
85 179
85 181
85 182
85 186
85 189
85 191
85 196
85 222
85 235
85 238
85 242
85 243
85 245
85 247
85 254
85 256
85 264
85 266
85 273
85 279
85 281
85 284
85 286
85 291
85 292
85 296
85 298
85 299
85 304
85 312
85 313
85 317
85 321
85 328
85 329
85 332
85 337
85 341
85 342
85 351
85 352
85 353
85 356
85 362
85 365
85 371
85 376
85 379
85 381
85 382
85 387
85 390
85 405
85 406
85 414
85 418
85 420
85 425
85 426
85 427
85 429
85 430
85 437
85 440
85 451
85 454
85 459
85 461
85 464
85 469
85 477
85 478
85 490
85 492
85 502
85 509
85 514
85 517
85 522
85 523
85 524
85 525
85 528
85 532
85 542
85 544
85 562
85 568
85 576
85 578
85 580
85 592
85 597
85 600
85 604
85 606
85 608
85 609
85 617
85 619
85 620
85 621
85 625
85 634
85 635
85 643
85 658
85 663
85 671
85 678
85 683
85 688
85 691
85 692
85 695
85 704
85 709
85 719
85 722
85 724
85 725
85 731
85 741
85 747
85 775
85 776
85 781
85 783
85 784
85 792
85 799
85 807
85 817
85 827
85 830
85 834
85 835
85 847
85 849
85 856
85 857
85 865
85 868
85 870
85 872
85 876
85 878
85 884
85 887
85 889
85 893
85 896
85 900
85 902
85 903
85 906
85 907
85 908
85 910
85 914
85 916
85 921
85 922
85 932
85 940
85 942
85 944
85 956
85 959
85 970
85 979
85 983
85 991
85 998
85 1003
85 1005
85 1007
85 1015
85 1017
85 1018
85 1029
85 1032
85 1037
85 1046
85 1048
85 1055
85 1058
85 1062
85 1063
85 1064
85 1066
85 1070
85 1076
85 1077
85 1088
85 1090
85 1095
85 1101
85 1103
85 1108
85 1115
85 1126
85 1133
85 1135
85 1136
85 1140
85 1156
85 1158
85 1175
85 1181
85 1186
85 1190
85 1206
85 1207
85 1215
85 1218
85 1227
85 1232
85 1237
85 1238
85 1242
85 1244
85 1248
85 1250
85 1255
85 1263
85 1274
85 1275
85 1279
85 1291
85 1293
85 1302
85 1303
85 1305
85 1327
85 1337
85 1338
85 1339
85 1344
85 1346
85 1350
85 1352
85 1354
85 1361
85 1363
85 1367
85 1368
85 1369
85 1378
85 1391
379 7
379 9
379 15
379 18
379 24
379 26
379 28
379 32
379 36
379 37
379 42
379 45
379 59
379 70
379 76
379 82
379 90
379 92
379 93
379 96
379 103
379 108
379 119
379 123
379 129
379 135
379 141
379 145
379 149
379 151
379 153
379 155
379 171
379 172
379 178
379 181
379 182
379 184
379 185
379 188
379 192
379 196
379 205
379 211
379 212
379 213
379 216
379 220
379 231
379 236
379 247
379 249
379 251
379 253
379 254
379 255
379 259
379 260
379 263
379 278
379 279
379 282
379 286
379 289
379 293
379 301
379 309
379 313
379 315
379 316
379 333
379 338
379 339
379 341
379 350
379 358
379 359
379 361
379 364
379 368
379 370
379 373
379 382
379 383
379 386
379 387
379 393
379 396
379 397
379 402
379 403
379 411
379 414
379 415
379 416
379 424
379 430
379 434
379 439
379 441
379 442
379 446
379 453
379 456
379 463
379 468
379 470
379 474
379 478
379 483
379 484
379 489
379 496
379 497
379 504
379 509
379 520
379 521
379 524
379 525
379 528
379 529
379 530
379 535
379 540
379 563
379 566
379 568
379 570
379 590
379 591
379 595
379 599
379 602
379 607
379 608
379 612
379 630
379 631
379 632
379 633
379 638
379 642
379 643
379 645
379 646
379 647
379 653
379 660
379 661
379 670
379 673
379 674
379 682
379 699
379 701
379 710
379 716
379 723
379 729
379 733
379 737
379 747
379 749
379 754
379 757
379 758
379 768
379 771
379 781
379 783
379 784
379 807
379 814
379 843
379 845
379 846
379 847
379 849
379 851
379 854
379 859
379 870
379 875
379 877
379 884
379 889
379 891
379 892
379 893
379 898
379 899
379 901
379 903
379 905
379 908
379 914
379 915
379 916
379 919
379 921
379 928
379 929
379 931
379 934
379 960
379 964
379 967
379 968
379 973
379 977
379 978
379 982
379 999
379 1006
379 1011
379 1015
379 1017
379 1018
379 1019
379 1022
379 1023
379 1025
379 1028
379 1034
379 1037
379 1038
379 1040
379 1044
379 1045
379 1048
379 1055
379 1064
379 1065
379 1068
379 1069
379 1071
379 1072
379 1076
379 1084
379 1094
379 1095
379 1101
379 1107
379 1109
379 1114
379 1117
379 1118
379 1122
379 1129
379 1132
379 1138
379 1141
379 1149
379 1151
379 1156
379 1161
379 1162
379 1163
379 1164
379 1166
379 1168
379 1176
379 1184
379 1194
379 1195
379 1197
379 1202
379 1205
379 1207
379 1209
379 1210
379 1211
379 1216
379 1218
379 1221
379 1227
379 1240
379 1241
379 1257
379 1268
379 1272
379 1273
379 1274
379 1277
379 1279
379 1280
379 1283
379 1301
379 1313
379 1317
379 1325
379 1328
379 1333
379 1341
379 1343
379 1348
379 1351
379 1352
379 1358
379 1360
379 1366
379 1368
379 1371
379 1373
379 1379
379 1383
379 1385
379 1387
379 1389
379 1393
379 1394
379 1396
379 1398
435 10
435 12
435 19
435 21
435 25
435 27
435 46
435 57
435 59
435 66
435 73
435 74
435 76
435 85
435 93
435 95
435 97
435 102
435 103
435 115
435 117
435 121
435 124
435 140
435 143
435 144
435 146
435 148
435 167
435 168
435 170
435 177
435 195
435 198
435 201
435 208
435 211
435 223
435 227
435 232
435 235
435 238
435 240
435 244
435 249
435 252
435 254
435 255
435 258
435 266
435 269
435 271
435 272
435 291
435 292
435 295
435 309
435 317
435 318
435 326
435 328
435 329
435 336
435 339
435 362
435 364
435 366
435 368
435 372
435 379
435 380
435 386
435 393
435 394
435 404
435 410
435 411
435 415
435 419
435 425
435 432
435 433
435 434
435 438
435 443
435 453
435 457
435 460
435 464
435 469
435 483
435 491
435 495
435 501
435 511
435 516
435 517
435 521
435 525
435 526
435 545
435 549
435 553
435 558
435 564
435 566
435 571
435 572
435 580
435 587
435 590
435 593
435 595
435 597
435 598
435 603
435 606
435 610
435 612
435 614
435 618
435 620
435 621
435 623
435 624
435 627
435 628
435 631
435 636
435 639
435 653
435 659
435 661
435 668
435 672
435 685
435 686
435 688
435 690
435 693
435 699
435 702
435 706
435 707
435 708
435 710
435 716
435 723
435 726
435 749
435 751
435 759
435 766
435 769
435 776
435 778
435 785
435 790
435 792
435 799
435 800
435 806
435 811
435 818
435 830
435 835
435 836
435 851
435 854
435 865
435 866
435 869
435 872
435 873
435 879
435 883
435 884
435 886
435 893
435 896
435 897
435 904
435 910
435 915
435 916
435 931
435 939
435 942
435 955
435 960
435 962
435 963
435 967
435 973
435 974
435 982
435 985
435 989
435 991
435 995
435 999
435 1002
435 1005
435 1008
435 1011
435 1013
435 1016
435 1020
435 1027
435 1029
435 1034
435 1050
435 1059
435 1062
435 1065
435 1068
435 1070
435 1075
435 1077
435 1078
435 1092
435 1101
435 1104
435 1108
435 1109
435 1110
435 1114
435 1131
435 1144
435 1153
435 1161
435 1165
435 1169
435 1174
435 1181
435 1185
435 1187
435 1195
435 1200
435 1206
435 1208
435 1210
435 1211
435 1218
435 1219
435 1221
435 1225
435 1231
435 1238
435 1239
435 1242
435 1245
435 1246
435 1251
435 1252
435 1254
435 1256
435 1258
435 1261
435 1293
435 1299
435 1302
435 1308
435 1318
435 1319
435 1320
435 1333
435 1339
435 1340
435 1343
435 1350
435 1355
435 1359
435 1361
435 1369
435 1375
435 1377
435 1381
119 2
119 3
119 5
119 8
119 9
119 21
119 29
119 38
119 40
119 48
119 50
119 54
119 63
119 64
119 72
119 73
119 84
119 87
119 90
119 91
119 92
119 94
119 98
119 99
119 109
119 113
119 122
119 130
119 137
119 139
119 140
119 142
119 149
119 151
119 165
119 166
119 182
119 183
119 185
119 187
119 188
119 194
119 202
119 204
119 207
119 211
119 217
119 223
119 225
119 231
119 241
119 242
119 250
119 251
119 252
119 256
119 262
119 276
119 283
119 284
119 285
119 287
119 288
119 292
119 302
119 308
119 310
119 316
119 318
119 325
119 341
119 344
119 347
119 348
119 355
119 359
119 365
119 368
119 370
119 372
119 382
119 386
119 395
119 397
119 402
119 405
119 415
119 417
119 419
119 421
119 425
119 426
119 431
119 437
119 440
119 442
119 444
119 448
119 449
119 451
119 453
119 461
119 471
119 477
119 480
119 488
119 489
119 494
119 496
119 498
119 502
119 517
119 519
119 528
119 536
119 542
119 562
119 565
119 567
119 569
119 572
119 574
119 576
119 577
119 579
119 580
119 581
119 583
119 585
119 587
119 596
119 603
119 630
119 656
119 665
119 670
119 682
119 686
119 690
119 697
119 700
119 704
119 707
119 709
119 711
119 712
119 713
119 716
119 719
119 720
119 725
119 727
119 729
119 732
119 736
119 737
119 742
119 745
119 746
119 749
119 757
119 758
119 760
119 765
119 766
119 768
119 774
119 787
119 796
119 797
119 803
119 804
119 819
119 824
119 826
119 829
119 830
119 831
119 833
119 838
119 849
119 850
119 855
119 858
119 860
119 866
119 867
119 869
119 879
119 880
119 904
119 905
119 908
119 915
119 918
119 919
119 920
119 929
119 935
119 938
119 939
119 940
119 941
119 943
119 944
119 945
119 954
119 957
119 958
119 964
119 967
119 971
119 975
119 976
119 978
119 989
119 992
119 995
119 999
119 1004
119 1007
119 1009
119 1011
119 1023
119 1028
119 1035
119 1040
119 1042
119 1056
119 1064
119 1070
119 1078
119 1083
119 1094
119 1112
119 1114
119 1117
119 1120
119 1136
119 1144
119 1158
119 1161
119 1166
119 1167
119 1170
119 1175
119 1180
119 1182
119 1183
119 1186
119 1191
119 1195
119 1198
119 1202
119 1207
119 1235
119 1237
119 1242
119 1244
119 1247
119 1251
119 1252
119 1269
119 1272
119 1273
119 1282
119 1283
119 1284
119 1290
119 1291
119 1295
119 1296
119 1300
119 1305
119 1314
119 1318
119 1321
119 1333
119 1336
119 1339
119 1347
119 1353
119 1355
119 1364
119 1366
119 1380
119 1383
119 1384
119 1395
323 16
323 18
323 26
323 32
323 35
323 38
323 40
323 41
323 44
323 54
323 56
323 58
323 61
323 77
323 91
323 102
323 104
323 106
323 117
323 127
323 128
323 129
323 134
323 135
323 148
323 157
323 160
323 169
323 178
323 188
323 189
323 190
323 196
323 199
323 200
323 205
323 219
323 220
323 230
323 232
323 238
323 239
323 245
323 246
323 261
323 264
323 267
323 272
323 281
323 282
323 283
323 288
323 289
323 291
323 293
323 304
323 312
323 328
323 330
323 343
323 351
323 354
323 362
323 365
323 369
323 377
323 381
323 382
323 383
323 393
323 424
323 426
323 430
323 434
323 468
323 478
323 479
323 482
323 484
323 486
323 498
323 499
323 500
323 506
323 508
323 513
323 520
323 540
323 550
323 556
323 562
323 566
323 567
323 571
323 583
323 587
323 588
323 589
323 590
323 593
323 599
323 610
323 616
323 622
323 623
323 626
323 630
323 631
323 636
323 637
323 644
323 645
323 652
323 658
323 660
323 661
323 665
323 673
323 681
323 682
323 683
323 704
323 706
323 713
323 717
323 720
323 723
323 728
323 735
323 738
323 739
323 742
323 743
323 744
323 748
323 754
323 757
323 761
323 768
323 774
323 776
323 786
323 792
323 794
323 800
323 801
323 803
323 804
323 807
323 813
323 817
323 824
323 830
323 837
323 858
323 859
323 860
323 868
323 875
323 876
323 879
323 884
323 887
323 898
323 902
323 905
323 906
323 912
323 914
323 923
323 929
323 931
323 933
323 943
323 949
323 951
323 955
323 961
323 964
323 969
323 970
323 981
323 982
323 987
323 988
323 992
323 993
323 994
323 996
323 999
323 1006
323 1007
323 1008
323 1011
323 1016
323 1025
323 1033
323 1035
323 1036
323 1042
323 1048
323 1062
323 1066
323 1073
323 1079
323 1081
323 1084
323 1086
323 1087
323 1090
323 1091
323 1092
323 1097
323 1105
323 1109
323 1112
323 1114
323 1116
323 1122
323 1125
323 1129
323 1132
323 1134
323 1139
323 1142
323 1145
323 1149
323 1150
323 1156
323 1162
323 1165
323 1166
323 1170
323 1172
323 1173
323 1174
323 1175
323 1179
323 1180
323 1181
323 1184
323 1185
323 1186
323 1187
323 1191
323 1197
323 1199
323 1201
323 1202
323 1205
323 1216
323 1219
323 1231
323 1238
323 1243
323 1244
323 1252
323 1259
323 1264
323 1266
323 1270
323 1283
323 1285
323 1300
323 1304
323 1308
323 1309
323 1330
323 1333
323 1343
323 1352
323 1354
323 1356
323 1358
323 1361
323 1365
323 1371
323 1373
323 1374
323 1376
323 1377
323 1378
323 1380
323 1390
323 1396
323 1398
67 3
67 13
67 14
67 16
67 20
67 24
67 34
67 38
67 39
67 43
67 45
67 46
67 56
67 88
67 93
67 94
67 96
67 97
67 109
67 111
67 112
67 123
67 127
67 129
67 137
67 138
67 141
67 153
67 154
67 156
67 157
67 160
67 162
67 163
67 164
67 168
67 175
67 176
67 177
67 184
67 188
67 196
67 215
67 218
67 223
67 225
67 226
67 235
67 237
67 238
67 239
67 243
67 248
67 254
67 255
67 264
67 265
67 266
67 270
67 272
67 275
67 277
67 279
67 280
67 292
67 296
67 297
67 298
67 312
67 323
67 325
67 326
67 337
67 340
67 350
67 356
67 357
67 365
67 369
67 373
67 381
67 386
67 387
67 391
67 394
67 398
67 403
67 406
67 409
67 413
67 418
67 425
67 429
67 431
67 433
67 435
67 443
67 444
67 467
67 468
67 474
67 479
67 485
67 487
67 490
67 491
67 502
67 511
67 514
67 518
67 522
67 528
67 532
67 535
67 538
67 544
67 545
67 549
67 553
67 556
67 559
67 560
67 577
67 590
67 598
67 599
67 600
67 601
67 605
67 607
67 610
67 613
67 618
67 624
67 628
67 636
67 638
67 640
67 641
67 653
67 659
67 661
67 663
67 664
67 666
67 667
67 676
67 677
67 679
67 689
67 691
67 693
67 698
67 704
67 705
67 710
67 711
67 712
67 716
67 725
67 731
67 750
67 752
67 753
67 759
67 762
67 773
67 774
67 776
67 782
67 793
67 819
67 821
67 822
67 823
67 831
67 839
67 850
67 852
67 855
67 856
67 862
67 863
67 864
67 869
67 887
67 901
67 902
67 904
67 909
67 910
67 912
67 913
67 914
67 919
67 929
67 931
67 934
67 941
67 945
67 946
67 947
67 952
67 963
67 965
67 968
67 970
67 971
67 977
67 986
67 999
67 1002
67 1003
67 1009
67 1015
67 1022
67 1023
67 1028
67 1037
67 1038
67 1044
67 1047
67 1048
67 1059
67 1060
67 1070
67 1072
67 1081
67 1089
67 1091
67 1093
67 1103
67 1107
67 1110
67 1111
67 1116
67 1121
67 1123
67 1135
67 1137
67 1139
67 1148
67 1152
67 1153
67 1167
67 1168
67 1169
67 1182
67 1190
67 1191
67 1192
67 1198
67 1204
67 1209
67 1210
67 1214
67 1219
67 1230
67 1233
67 1235
67 1237
67 1241
67 1250
67 1252
67 1254
67 1256
67 1262
67 1266
67 1269
67 1274
67 1280
67 1285
67 1286
67 1287
67 1288
67 1292
67 1298
67 1301
67 1305
67 1310
67 1313
67 1316
67 1319
67 1329
67 1337
67 1340
67 1354
67 1355
67 1358
67 1364
67 1367
67 1371
67 1379
67 1380
67 1381
67 1385
67 1391
67 1396
67 1398
67 1400
1071 4
1071 7
1071 11
1071 16
1071 22
1071 24
1071 25
1071 26
1071 33
1071 44
1071 48
1071 59
1071 62
1071 65
1071 67
1071 68
1071 70
1071 75
1071 79
1071 85
1071 92
1071 99
1071 101
1071 105
1071 109
1071 111
1071 113
1071 116
1071 119
1071 127
1071 128
1071 129
1071 130
1071 142
1071 144
1071 145
1071 148
1071 150
1071 157
1071 159
1071 164
1071 165
1071 167
1071 184
1071 185
1071 188
1071 196
1071 199
1071 202
1071 203
1071 204
1071 214
1071 232
1071 233
1071 234
1071 236
1071 239
1071 240
1071 243
1071 253
1071 256
1071 257
1071 259
1071 268
1071 271
1071 284
1071 307
1071 316
1071 325
1071 327
1071 337
1071 349
1071 362
1071 373
1071 384
1071 391
1071 395
1071 396
1071 397
1071 404
1071 410
1071 416
1071 418
1071 422
1071 425
1071 426
1071 438
1071 442
1071 450
1071 463
1071 466
1071 473
1071 479
1071 483
1071 494
1071 505
1071 512
1071 515
1071 525
1071 529
1071 530
1071 542
1071 551
1071 552
1071 553
1071 555
1071 560
1071 564
1071 570
1071 586
1071 587
1071 592
1071 604
1071 607
1071 614
1071 618
1071 619
1071 636
1071 637
1071 638
1071 652
1071 665
1071 668
1071 673
1071 674
1071 678
1071 686
1071 689
1071 690
1071 700
1071 704
1071 706
1071 725
1071 727
1071 735
1071 738
1071 744
1071 757
1071 762
1071 766
1071 770
1071 776
1071 779
1071 783
1071 784
1071 789
1071 791
1071 792
1071 796
1071 798
1071 805
1071 809
1071 813
1071 814
1071 832
1071 837
1071 843
1071 849
1071 851
1071 855
1071 866
1071 884
1071 888
1071 893
1071 896
1071 902
1071 918
1071 920
1071 921
1071 924
1071 927
1071 929
1071 971
1071 976
1071 983
1071 988
1071 1003
1071 1004
1071 1006
1071 1026
1071 1027
1071 1033
1071 1040
1071 1044
1071 1045
1071 1054
1071 1056
1071 1060
1071 1062
1071 1064
1071 1066
1071 1067
1071 1082
1071 1085
1071 1088
1071 1093
1071 1097
1071 1102
1071 1106
1071 1110
1071 1118
1071 1122
1071 1127
1071 1130
1071 1140
1071 1150
1071 1151
1071 1154
1071 1155
1071 1163
1071 1170
1071 1177
1071 1184
1071 1186
1071 1192
1071 1194
1071 1205
1071 1221
1071 1222
1071 1224
1071 1235
1071 1236
1071 1237
1071 1251
1071 1252
1071 1255
1071 1259
1071 1264
1071 1275
1071 1287
1071 1300
1071 1306
1071 1315
1071 1319
1071 1321
1071 1327
1071 1340
1071 1344
1071 1358
1071 1361
1071 1365
1071 1371
1071 1375
1071 1377
1071 1383
1071 1385
1071 1388
1071 1394
1071 1395
1071 1400
30 1
30 8
30 11
30 13
30 16
30 19
30 22
30 24
30 26
30 30
30 33
30 40
30 46
30 48
30 49
30 56
30 59
30 62
30 77
30 80
30 81
30 82
30 95
30 100
30 110
30 114
30 126
30 130
30 137
30 139
30 142
30 151
30 153
30 154
30 158
30 162
30 166
30 171
30 188
30 198
30 203
30 204
30 206
30 208
30 220
30 234
30 235
30 237
30 238
30 249
30 253
30 256
30 265
30 266
30 268
30 269
30 278
30 283
30 284
30 290
30 299
30 312
30 315
30 319
30 324
30 326
30 329
30 331
30 338
30 343
30 345
30 347
30 350
30 352
30 353
30 383
30 385
30 386
30 388
30 392
30 393
30 394
30 396
30 400
30 404
30 405
30 420
30 425
30 431
30 434
30 435
30 436
30 451
30 454
30 455
30 457
30 472
30 473
30 486
30 491
30 492
30 494
30 495
30 505
30 510
30 533
30 535
30 537
30 539
30 548
30 551
30 552
30 554
30 556
30 569
30 574
30 575
30 579
30 580
30 581
30 583
30 585
30 595
30 598
30 602
30 608
30 612
30 614
30 616
30 617
30 618
30 628
30 631
30 633
30 640
30 645
30 647
30 648
30 651
30 652
30 665
30 677
30 683
30 684
30 686
30 689
30 691
30 693
30 696
30 700
30 717
30 728
30 735
30 736
30 740
30 743
30 747
30 749
30 751
30 752
30 756
30 760
30 778
30 785
30 794
30 795
30 819
30 824
30 828
30 836
30 840
30 844
30 845
30 848
30 853
30 857
30 864
30 867
30 868
30 869
30 874
30 880
30 881
30 904
30 905
30 909
30 926
30 941
30 951
30 952
30 954
30 955
30 957
30 959
30 969
30 978
30 1008
30 1012
30 1021
30 1024
30 1027
30 1031
30 1033
30 1036
30 1038
30 1045
30 1046
30 1057
30 1059
30 1061
30 1064
30 1065
30 1070
30 1084
30 1091
30 1093
30 1096
30 1099
30 1100
30 1112
30 1118
30 1123
30 1129
30 1130
30 1132
30 1137
30 1139
30 1143
30 1145
30 1146
30 1147
30 1152
30 1154
30 1174
30 1180
30 1202
30 1204
30 1208
30 1209
30 1216
30 1218
30 1222
30 1224
30 1226
30 1229
30 1236
30 1244
30 1255
30 1259
30 1262
30 1263
30 1264
30 1274
30 1275
30 1285
30 1292
30 1314
30 1315
30 1317
30 1321
30 1327
30 1328
30 1329
30 1334
30 1344
30 1345
30 1353
30 1359
30 1379
30 1381
30 1390
30 1400
