p td 4000 9585 
1064 2
1064 7
1064 11
1064 15
1064 19
1064 24
1064 26
1064 34
1064 37
1064 38
1064 40
1064 57
1064 58
1064 59
1064 66
1064 72
1064 75
1064 85
1064 92
1064 94
1064 99
1064 105
1064 113
1064 117
1064 131
1064 136
1064 137
1064 139
1064 149
1064 160
1064 169
1064 173
1064 178
1064 182
1064 185
1064 186
1064 203
1064 218
1064 221
1064 222
1064 223
1064 225
1064 227
1064 229
1064 233
1064 245
1064 247
1064 253
1064 256
1064 258
1064 261
1064 267
1064 270
1064 276
1064 290
1064 291
1064 294
1064 309
1064 314
1064 315
1064 316
1064 321
1064 322
1064 330
1064 335
1064 336
1064 337
1064 339
1064 343
1064 345
1064 352
1064 357
1064 359
1064 360
1064 367
1064 379
1064 391
1064 393
1064 397
1064 422
1064 430
1064 432
1064 435
1064 440
1064 441
1064 444
1064 450
1064 454
1064 455
1064 466
1064 472
1064 476
1064 483
1064 487
1064 489
1064 491
1064 495
1064 501
1064 510
1064 512
1064 517
1064 518
1064 519
1064 531
1064 537
1064 539
1064 542
1064 549
1064 550
1064 552
1064 553
1064 562
1064 566
1064 570
1064 574
1064 580
1064 584
1064 586
1064 591
1064 594
1064 596
1064 600
1064 604
1064 613
1064 618
1064 630
1064 648
1064 650
1064 653
1064 655
1064 656
1064 660
1064 661
1064 663
1064 671
1064 673
1064 679
1064 684
1064 689
1064 690
1064 699
1064 700
1064 703
1064 706
1064 709
1064 710
1064 714
1064 715
1064 718
1064 730
1064 732
1064 735
1064 737
1064 740
1064 743
1064 754
1064 759
1064 770
1064 773
1064 776
1064 784
1064 788
1064 789
1064 791
1064 794
1064 795
1064 806
1064 817
1064 825
1064 829
1064 840
1064 847
1064 851
1064 864
1064 865
1064 878
1064 881
1064 883
1064 884
1064 885
1064 894
1064 896
1064 897
1064 900
1064 909
1064 920
1064 924
1064 934
1064 935
1064 937
1064 946
1064 961
1064 964
1064 968
1064 969
1064 981
1064 982
1064 989
1064 991
1064 1005
1064 1007
1064 1008
1064 1011
1064 1020
1064 1047
1064 1052
1064 1057
1064 1059
1064 1063
1064 1070
1064 1073
1064 1077
1064 1080
1064 1085
1064 1094
1064 1107
1064 1110
1064 1118
1064 1119
1064 1122
1064 1123
1064 1141
1064 1143
1064 1148
1064 1150
1064 1161
1064 1162
1064 1166
1064 1168
1064 1169
1064 1170
1064 1175
1064 1177
1064 1179
1064 1191
1064 1192
1064 1194
1064 1195
1064 1196
1064 1202
1064 1220
1064 1222
1064 1233
1064 1240
1064 1241
1064 1256
1064 1258
1064 1259
1064 1262
1064 1264
1064 1266
1064 1271
1064 1282
1064 1287
1064 1294
1064 1296
1064 1301
1064 1303
1064 1304
1064 1306
1064 1308
1064 1315
1064 1320
1064 1324
1064 1325
1064 1326
1064 1336
1064 1340
1064 1345
1064 1350
1064 1354
1064 1361
1064 1364
1064 1365
1064 1367
1064 1375
1064 1376
1064 1380
1064 1381
1064 1387
1064 1396
1064 1401
1064 1405
1064 1409
1064 1410
1064 1415
1064 1416
1064 1417
1064 1420
1064 1425
1064 1427
1064 1431
1064 1432
1064 1435
1064 1436
1064 1439
1064 1447
1064 1448
1064 1457
1064 1469
1064 1470
1064 1475
1064 1476
1064 1477
1064 1479
1064 1481
1064 1485
1064 1488
1064 1491
1064 1492
1064 1506
1064 1507
1064 1510
1064 1514
1064 1515
1064 1517
1064 1520
1064 1525
1064 1527
1064 1529
1064 1531
1064 1534
1064 1537
1064 1542
1064 1543
1064 1544
1064 1547
1064 1556
1064 1568
1064 1575
1064 1576
1064 1577
1064 1586
1064 1588
1064 1601
1064 1608
1064 1615
1064 1617
1064 1621
1064 1622
1064 1627
1064 1642
1064 1644
1064 1647
1064 1649
1064 1655
1064 1657
1064 1658
1064 1659
1064 1664
1064 1668
1064 1670
1064 1671
1064 1682
1064 1697
1064 1704
1064 1734
1064 1740
1064 1753
1064 1757
1064 1764
1064 1781
1064 1786
1064 1793
1064 1799
1064 1801
1064 1803
1064 1807
1064 1808
1064 1810
1064 1812
1064 1814
1064 1817
1064 1819
1064 1824
1064 1829
1064 1834
1064 1838
1064 1840
1064 1845
1064 1861
1064 1867
1064 1877
1064 1885
1064 1889
1064 1905
1064 1906
1064 1908
1064 1917
1064 1918
1064 1919
1064 1923
1064 1924
1064 1931
1064 1934
1064 1936
1064 1940
1064 1951
1064 1954
1064 1956
1064 1958
1064 1961
1064 1962
1064 1966
1064 1969
1064 1977
1064 1982
1064 1986
1064 1998
1064 1999
1064 2001
1064 2005
1064 2006
1064 2008
1064 2010
1064 2027
1064 2030
1064 2032
1064 2036
1064 2043
1064 2044
1064 2056
1064 2057
1064 2062
1064 2063
1064 2074
1064 2085
1064 2086
1064 2088
1064 2096
1064 2105
1064 2106
1064 2109
1064 2118
1064 2119
1064 2131
1064 2142
1064 2145
1064 2148
1064 2169
1064 2173
1064 2174
1064 2176
1064 2179
1064 2185
1064 2232
1064 2243
1064 2246
1064 2248
1064 2249
1064 2250
1064 2253
1064 2254
1064 2259
1064 2260
1064 2264
1064 2271
1064 2275
1064 2284
1064 2285
1064 2286
1064 2290
1064 2298
1064 2301
1064 2302
1064 2305
1064 2306
1064 2308
1064 2310
1064 2312
1064 2315
1064 2316
1064 2320
1064 2328
1064 2329
1064 2338
1064 2340
1064 2343
1064 2349
1064 2358
1064 2359
1064 2369
1064 2374
1064 2375
1064 2380
1064 2381
1064 2385
1064 2386
1064 2389
1064 2391
1064 2392
1064 2393
1064 2396
1064 2398
1064 2401
1064 2406
1064 2409
1064 2410
1064 2411
1064 2412
1064 2414
1064 2418
1064 2424
1064 2439
1064 2441
1064 2443
1064 2446
1064 2450
1064 2455
1064 2456
1064 2459
1064 2466
1064 2471
1064 2479
1064 2481
1064 2484
1064 2488
1064 2494
1064 2506
1064 2507
1064 2516
1064 2517
1064 2518
1064 2524
1064 2537
1064 2539
1064 2540
1064 2541
1064 2545
1064 2546
1064 2554
1064 2555
1064 2556
1064 2557
1064 2558
1064 2563
1064 2594
1064 2595
1064 2597
1064 2600
1064 2603
1064 2609
1064 2612
1064 2620
1064 2630
1064 2638
1064 2647
1064 2650
1064 2657
1064 2663
1064 2665
1064 2669
1064 2671
1064 2677
1064 2679
1064 2681
1064 2685
1064 2691
1064 2708
1064 2716
1064 2727
1064 2728
1064 2729
1064 2737
1064 2745
1064 2758
1064 2761
1064 2765
1064 2776
1064 2782
1064 2790
1064 2792
1064 2799
1064 2805
1064 2810
1064 2817
1064 2834
1064 2838
1064 2842
1064 2843
1064 2846
1064 2847
1064 2850
1064 2854
1064 2861
1064 2872
1064 2874
1064 2875
1064 2886
1064 2889
1064 2890
1064 2893
1064 2908
1064 2914
1064 2917
1064 2918
1064 2919
1064 2929
1064 2932
1064 2933
1064 2949
1064 2955
1064 2963
1064 2967
1064 2972
1064 2974
1064 2975
1064 2977
1064 2985
1064 2986
1064 2988
1064 2992
1064 2995
1064 3007
1064 3013
1064 3028
1064 3031
1064 3036
1064 3037
1064 3050
1064 3056
1064 3058
1064 3074
1064 3078
1064 3083
1064 3085
1064 3105
1064 3106
1064 3112
1064 3115
1064 3116
1064 3119
1064 3122
1064 3125
1064 3128
1064 3131
1064 3132
1064 3133
1064 3137
1064 3140
1064 3143
1064 3154
1064 3159
1064 3161
1064 3164
1064 3184
1064 3190
1064 3206
1064 3207
1064 3214
1064 3220
1064 3223
1064 3230
1064 3241
1064 3242
1064 3243
1064 3244
1064 3245
1064 3248
1064 3249
1064 3256
1064 3257
1064 3261
1064 3262
1064 3270
1064 3272
1064 3277
1064 3278
1064 3279
1064 3280
1064 3284
1064 3293
1064 3294
1064 3297
1064 3305
1064 3307
1064 3308
1064 3312
1064 3321
1064 3329
1064 3331
1064 3332
1064 3333
1064 3335
1064 3340
1064 3343
1064 3349
1064 3353
1064 3364
1064 3370
1064 3372
1064 3373
1064 3378
1064 3381
1064 3393
1064 3394
1064 3397
1064 3402
1064 3403
1064 3426
1064 3430
1064 3441
1064 3449
1064 3451
1064 3463
1064 3464
1064 3468
1064 3471
1064 3476
1064 3479
1064 3485
1064 3489
1064 3497
1064 3503
1064 3520
1064 3521
1064 3524
1064 3527
1064 3531
1064 3544
1064 3545
1064 3546
1064 3550
1064 3558
1064 3560
1064 3564
1064 3578
1064 3579
1064 3584
1064 3585
1064 3594
1064 3599
1064 3602
1064 3605
1064 3612
1064 3613
1064 3614
1064 3620
1064 3621
1064 3628
1064 3652
1064 3654
1064 3662
1064 3666
1064 3673
1064 3677
1064 3678
1064 3682
1064 3683
1064 3686
1064 3688
1064 3695
1064 3699
1064 3707
1064 3712
1064 3720
1064 3727
1064 3734
1064 3736
1064 3739
1064 3744
1064 3749
1064 3754
1064 3765
1064 3771
1064 3777
1064 3778
1064 3789
1064 3792
1064 3795
1064 3797
1064 3799
1064 3801
1064 3804
1064 3807
1064 3817
1064 3818
1064 3819
1064 3829
1064 3830
1064 3836
1064 3840
1064 3841
1064 3852
1064 3859
1064 3869
1064 3879
1064 3882
1064 3886
1064 3891
1064 3893
1064 3896
1064 3897
1064 3906
1064 3910
1064 3911
1064 3917
1064 3919
1064 3923
1064 3926
1064 3927
1064 3933
1064 3934
1064 3940
1064 3952
1064 3956
1064 3959
1064 3966
1064 3967
1064 3969
1064 3970
1064 3971
1064 3974
1064 3977
1064 3988
1064 3990
1064 3991
1064 3993
1064 3997
1834 19
1834 21
1834 30
1834 32
1834 43
1834 52
1834 53
1834 57
1834 59
1834 65
1834 76
1834 93
1834 99
1834 100
1834 104
1834 106
1834 107
1834 108
1834 110
1834 113
1834 135
1834 139
1834 143
1834 145
1834 150
1834 151
1834 153
1834 154
1834 164
1834 165
1834 166
1834 172
1834 187
1834 194
1834 199
1834 215
1834 218
1834 229
1834 238
1834 244
1834 246
1834 250
1834 254
1834 266
1834 269
1834 271
1834 272
1834 284
1834 287
1834 289
1834 295
1834 307
1834 309
1834 312
1834 318
1834 325
1834 327
1834 329
1834 341
1834 351
1834 352
1834 354
1834 359
1834 371
1834 373
1834 377
1834 383
1834 387
1834 399
1834 401
1834 405
1834 407
1834 414
1834 420
1834 424
1834 425
1834 433
1834 437
1834 440
1834 443
1834 454
1834 456
1834 471
1834 476
1834 478
1834 480
1834 485
1834 488
1834 495
1834 504
1834 506
1834 513
1834 515
1834 520
1834 522
1834 529
1834 531
1834 533
1834 534
1834 539
1834 547
1834 551
1834 557
1834 562
1834 564
1834 565
1834 569
1834 572
1834 574
1834 575
1834 585
1834 590
1834 598
1834 599
1834 601
1834 603
1834 605
1834 619
1834 625
1834 626
1834 628
1834 633
1834 635
1834 636
1834 642
1834 651
1834 663
1834 671
1834 684
1834 688
1834 693
1834 708
1834 709
1834 724
1834 727
1834 735
1834 747
1834 751
1834 753
1834 768
1834 783
1834 784
1834 786
1834 789
1834 790
1834 795
1834 796
1834 802
1834 812
1834 815
1834 816
1834 819
1834 821
1834 826
1834 833
1834 846
1834 850
1834 851
1834 852
1834 855
1834 859
1834 866
1834 876
1834 878
1834 893
1834 895
1834 898
1834 899
1834 900
1834 915
1834 921
1834 929
1834 932
1834 934
1834 941
1834 945
1834 946
1834 947
1834 958
1834 959
1834 963
1834 970
1834 978
1834 999
1834 1000
1834 1004
1834 1010
1834 1011
1834 1019
1834 1022
1834 1025
1834 1046
1834 1049
1834 1052
1834 1053
1834 1056
1834 1064
1834 1065
1834 1070
1834 1073
1834 1074
1834 1079
1834 1080
1834 1083
1834 1084
1834 1086
1834 1089
1834 1090
1834 1111
1834 1112
1834 1124
1834 1126
1834 1141
1834 1152
1834 1160
1834 1161
1834 1166
1834 1167
1834 1170
1834 1172
1834 1174
1834 1192
1834 1200
1834 1203
1834 1213
1834 1219
1834 1221
1834 1224
1834 1225
1834 1229
1834 1230
1834 1231
1834 1233
1834 1234
1834 1236
1834 1238
1834 1240
1834 1244
1834 1248
1834 1260
1834 1266
1834 1269
1834 1273
1834 1276
1834 1282
1834 1286
1834 1287
1834 1291
1834 1302
1834 1307
1834 1311
1834 1332
1834 1335
1834 1338
1834 1347
1834 1352
1834 1357
1834 1359
1834 1365
1834 1368
1834 1373
1834 1385
1834 1390
1834 1393
1834 1395
1834 1410
1834 1428
1834 1442
1834 1443
1834 1444
1834 1447
1834 1451
1834 1453
1834 1454
1834 1457
1834 1459
1834 1467
1834 1468
1834 1476
1834 1481
1834 1488
1834 1490
1834 1493
1834 1503
1834 1509
1834 1510
1834 1519
1834 1520
1834 1521
1834 1522
1834 1525
1834 1528
1834 1532
1834 1535
1834 1540
1834 1543
1834 1546
1834 1553
1834 1554
1834 1556
1834 1557
1834 1559
1834 1563
1834 1574
1834 1576
1834 1584
1834 1587
1834 1595
1834 1597
1834 1600
1834 1607
1834 1609
1834 1613
1834 1614
1834 1616
1834 1622
1834 1624
1834 1633
1834 1634
1834 1636
1834 1639
1834 1644
1834 1648
1834 1650
1834 1652
1834 1655
1834 1658
1834 1662
1834 1664
1834 1679
1834 1680
1834 1702
1834 1707
1834 1709
1834 1710
1834 1718
1834 1722
1834 1723
1834 1733
1834 1736
1834 1740
1834 1742
1834 1752
1834 1758
1834 1759
1834 1761
1834 1780
1834 1781
1834 1782
1834 1783
1834 1794
1834 1795
1834 1806
1834 1812
1834 1825
1834 1839
1834 1848
1834 1849
1834 1852
1834 1853
1834 1860
1834 1863
1834 1870
1834 1875
1834 1879
1834 1883
1834 1884
1834 1891
1834 1906
1834 1910
1834 1920
1834 1939
1834 1941
1834 1942
1834 1957
1834 1959
1834 1960
1834 1962
1834 1965
1834 1972
1834 1973
1834 1981
1834 1996
1834 2003
1834 2004
1834 2006
1834 2019
1834 2023
1834 2026
1834 2036
1834 2044
1834 2047
1834 2048
1834 2050
1834 2051
1834 2054
1834 2055
1834 2057
1834 2065
1834 2070
1834 2071
1834 2073
1834 2081
1834 2085
1834 2090
1834 2093
1834 2095
1834 2101
1834 2108
1834 2109
1834 2112
1834 2124
1834 2129
1834 2132
1834 2144
1834 2150
1834 2152
1834 2159
1834 2162
1834 2163
1834 2175
1834 2177
1834 2179
1834 2181
1834 2189
1834 2190
1834 2194
1834 2199
1834 2200
1834 2203
1834 2206
1834 2216
1834 2218
1834 2223
1834 2225
1834 2228
1834 2229
1834 2230
1834 2237
1834 2249
1834 2250
1834 2251
1834 2252
1834 2254
1834 2261
1834 2263
1834 2269
1834 2272
1834 2274
1834 2281
1834 2283
1834 2284
1834 2295
1834 2305
1834 2306
1834 2308
1834 2309
1834 2325
1834 2329
1834 2336
1834 2339
1834 2341
1834 2346
1834 2357
1834 2358
1834 2369
1834 2371
1834 2381
1834 2395
1834 2399
1834 2401
1834 2409
1834 2424
1834 2446
1834 2451
1834 2452
1834 2463
1834 2467
1834 2468
1834 2473
1834 2485
1834 2486
1834 2488
1834 2497
1834 2504
1834 2506
1834 2511
1834 2519
1834 2533
1834 2536
1834 2537
1834 2554
1834 2558
1834 2565
1834 2571
1834 2578
1834 2581
1834 2589
1834 2590
1834 2593
1834 2594
1834 2595
1834 2596
1834 2598
1834 2605
1834 2608
1834 2623
1834 2634
1834 2645
1834 2648
1834 2649
1834 2652
1834 2655
1834 2659
1834 2660
1834 2683
1834 2687
1834 2697
1834 2698
1834 2704
1834 2706
1834 2711
1834 2713
1834 2714
1834 2719
1834 2720
1834 2721
1834 2722
1834 2724
1834 2727
1834 2728
1834 2732
1834 2744
1834 2752
1834 2753
1834 2755
1834 2762
1834 2763
1834 2764
1834 2767
1834 2776
1834 2777
1834 2779
1834 2789
1834 2798
1834 2799
1834 2801
1834 2810
1834 2811
1834 2815
1834 2823
1834 2827
1834 2832
1834 2834
1834 2835
1834 2845
1834 2846
1834 2850
1834 2854
1834 2860
1834 2872
1834 2889
1834 2897
1834 2898
1834 2902
1834 2905
1834 2908
1834 2914
1834 2922
1834 2929
1834 2931
1834 2932
1834 2933
1834 2938
1834 2947
1834 2948
1834 2950
1834 2959
1834 2966
1834 2967
1834 2971
1834 2976
1834 2977
1834 2980
1834 2982
1834 2983
1834 2992
1834 2998
1834 2999
1834 3013
1834 3017
1834 3020
1834 3025
1834 3028
1834 3037
1834 3039
1834 3040
1834 3046
1834 3047
1834 3052
1834 3060
1834 3065
1834 3066
1834 3069
1834 3070
1834 3080
1834 3081
1834 3083
1834 3092
1834 3093
1834 3094
1834 3099
1834 3107
1834 3115
1834 3128
1834 3132
1834 3155
1834 3165
1834 3174
1834 3192
1834 3195
1834 3200
1834 3202
1834 3203
1834 3204
1834 3206
1834 3209
1834 3210
1834 3212
1834 3218
1834 3230
1834 3243
1834 3246
1834 3248
1834 3258
1834 3260
1834 3272
1834 3274
1834 3276
1834 3282
1834 3285
1834 3288
1834 3289
1834 3293
1834 3295
1834 3296
1834 3305
1834 3306
1834 3315
1834 3316
1834 3318
1834 3324
1834 3326
1834 3327
1834 3337
1834 3345
1834 3358
1834 3360
1834 3361
1834 3362
1834 3375
1834 3377
1834 3389
1834 3391
1834 3396
1834 3400
1834 3401
1834 3410
1834 3414
1834 3417
1834 3418
1834 3420
1834 3423
1834 3425
1834 3430
1834 3432
1834 3433
1834 3448
1834 3464
1834 3465
1834 3466
1834 3467
1834 3472
1834 3479
1834 3484
1834 3485
1834 3486
1834 3490
1834 3492
1834 3493
1834 3497
1834 3508
1834 3511
1834 3514
1834 3537
1834 3538
1834 3550
1834 3554
1834 3557
1834 3570
1834 3573
1834 3576
1834 3584
1834 3597
1834 3598
1834 3606
1834 3609
1834 3616
1834 3623
1834 3625
1834 3627
1834 3628
1834 3631
1834 3632
1834 3634
1834 3637
1834 3640
1834 3642
1834 3658
1834 3660
1834 3661
1834 3662
1834 3665
1834 3666
1834 3670
1834 3678
1834 3684
1834 3691
1834 3692
1834 3693
1834 3699
1834 3700
1834 3702
1834 3704
1834 3714
1834 3715
1834 3718
1834 3722
1834 3732
1834 3736
1834 3742
1834 3743
1834 3745
1834 3746
1834 3749
1834 3755
1834 3758
1834 3760
1834 3762
1834 3763
1834 3767
1834 3780
1834 3786
1834 3794
1834 3797
1834 3801
1834 3806
1834 3810
1834 3813
1834 3816
1834 3828
1834 3845
1834 3851
1834 3853
1834 3862
1834 3864
1834 3866
1834 3877
1834 3888
1834 3889
1834 3893
1834 3894
1834 3895
1834 3916
1834 3917
1834 3926
1834 3927
1834 3943
1834 3946
1834 3953
1834 3954
1834 3955
1834 3968
1834 3969
1834 3985
261 1
261 18
261 20
261 23
261 30
261 46
261 47
261 65
261 77
261 79
261 83
261 93
261 100
261 107
261 114
261 122
261 133
261 134
261 135
261 136
261 143
261 145
261 146
261 152
261 153
261 154
261 155
261 163
261 171
261 172
261 190
261 191
261 193
261 194
261 203
261 214
261 216
261 225
261 230
261 232
261 239
261 244
261 245
261 246
261 250
261 253
261 254
261 255
261 256
261 258
261 259
261 272
261 273
261 285
261 295
261 296
261 297
261 307
261 308
261 315
261 320
261 328
261 329
261 330
261 334
261 340
261 346
261 348
261 358
261 360
261 364
261 370
261 381
261 386
261 388
261 393
261 397
261 399
261 405
261 409
261 410
261 440
261 450
261 462
261 469
261 471
261 477
261 479
261 482
261 484
261 489
261 491
261 498
261 502
261 508
261 510
261 513
261 515
261 518
261 523
261 524
261 529
261 553
261 554
261 555
261 564
261 568
261 576
261 582
261 585
261 597
261 602
261 605
261 608
261 613
261 626
261 628
261 639
261 640
261 641
261 646
261 649
261 651
261 652
261 654
261 659
261 674
261 675
261 690
261 691
261 706
261 715
261 721
261 728
261 746
261 750
261 751
261 754
261 758
261 760
261 761
261 767
261 772
261 774
261 775
261 779
261 786
261 803
261 812
261 813
261 814
261 818
261 823
261 825
261 832
261 839
261 848
261 862
261 864
261 865
261 872
261 876
261 877
261 884
261 889
261 890
261 897
261 903
261 906
261 907
261 909
261 911
261 913
261 938
261 943
261 952
261 958
261 959
261 962
261 966
261 970
261 975
261 982
261 988
261 995
261 996
261 1001
261 1002
261 1004
261 1006
261 1010
261 1011
261 1013
261 1014
261 1015
261 1025
261 1028
261 1029
261 1031
261 1035
261 1036
261 1038
261 1048
261 1054
261 1064
261 1078
261 1080
261 1083
261 1086
261 1092
261 1101
261 1107
261 1108
261 1115
261 1125
261 1130
261 1132
261 1136
261 1138
261 1139
261 1142
261 1152
261 1153
261 1155
261 1159
261 1164
261 1169
261 1170
261 1180
261 1191
261 1194
261 1197
261 1199
261 1201
261 1202
261 1213
261 1216
261 1221
261 1225
261 1230
261 1233
261 1234
261 1236
261 1237
261 1243
261 1250
261 1252
261 1255
261 1263
261 1265
261 1266
261 1270
261 1271
261 1273
261 1283
261 1284
261 1289
261 1296
261 1299
261 1300
261 1307
261 1312
261 1322
261 1329
261 1371
261 1376
261 1377
261 1381
261 1383
261 1391
261 1392
261 1404
261 1405
261 1407
261 1409
261 1413
261 1415
261 1429
261 1431
261 1432
261 1433
261 1438
261 1439
261 1445
261 1446
261 1454
261 1459
261 1460
261 1473
261 1479
261 1484
261 1506
261 1511
261 1512
261 1513
261 1514
261 1515
261 1516
261 1519
261 1523
261 1530
261 1533
261 1535
261 1538
261 1549
261 1567
261 1593
261 1598
261 1602
261 1611
261 1618
261 1626
261 1630
261 1636
261 1649
261 1650
261 1656
261 1664
261 1670
261 1671
261 1676
261 1678
261 1684
261 1697
261 1698
261 1708
261 1709
261 1724
261 1736
261 1738
261 1739
261 1744
261 1746
261 1748
261 1751
261 1752
261 1754
261 1757
261 1762
261 1768
261 1772
261 1773
261 1780
261 1801
261 1804
261 1808
261 1811
261 1814
261 1816
261 1825
261 1828
261 1841
261 1844
261 1847
261 1851
261 1859
261 1865
261 1871
261 1878
261 1887
261 1889
261 1893
261 1895
261 1908
261 1913
261 1924
261 1925
261 1928
261 1929
261 1932
261 1939
261 1940
261 1946
261 1960
261 1996
261 2000
261 2005
261 2020
261 2021
261 2022
261 2027
261 2037
261 2038
261 2040
261 2041
261 2043
261 2045
261 2047
261 2048
261 2049
261 2054
261 2055
261 2062
261 2065
261 2068
261 2075
261 2077
261 2080
261 2081
261 2083
261 2086
261 2088
261 2092
261 2094
261 2097
261 2111
261 2112
261 2115
261 2128
261 2133
261 2135
261 2141
261 2150
261 2151
261 2153
261 2163
261 2164
261 2168
261 2180
261 2184
261 2187
261 2199
261 2200
261 2202
261 2225
261 2228
261 2243
261 2247
261 2249
261 2258
261 2261
261 2264
261 2271
261 2274
261 2275
261 2277
261 2280
261 2291
261 2295
261 2305
261 2306
261 2311
261 2313
261 2316
261 2321
261 2323
261 2324
261 2325
261 2331
261 2334
261 2335
261 2339
261 2346
261 2370
261 2372
261 2381
261 2386
261 2392
261 2395
261 2411
261 2413
261 2414
261 2420
261 2430
261 2437
261 2439
261 2443
261 2444
261 2445
261 2448
261 2452
261 2456
261 2460
261 2467
261 2474
261 2475
261 2494
261 2498
261 2499
261 2503
261 2504
261 2524
261 2536
261 2539
261 2540
261 2549
261 2550
261 2555
261 2562
261 2563
261 2572
261 2581
261 2582
261 2585
261 2586
261 2587
261 2596
261 2600
261 2606
261 2608
261 2613
261 2614
261 2615
261 2617
261 2628
261 2629
261 2652
261 2655
261 2656
261 2665
261 2666
261 2670
261 2671
261 2675
261 2684
261 2694
261 2699
261 2708
261 2712
261 2715
261 2716
261 2730
261 2737
261 2741
261 2749
261 2750
261 2757
261 2767
261 2779
261 2788
261 2802
261 2806
261 2808
261 2820
261 2823
261 2828
261 2835
261 2842
261 2843
261 2851
261 2852
261 2853
261 2854
261 2856
261 2859
261 2863
261 2869
261 2872
261 2873
261 2875
261 2876
261 2889
261 2894
261 2896
261 2900
261 2902
261 2903
261 2905
261 2907
261 2914
261 2917
261 2925
261 2929
261 2930
261 2934
261 2936
261 2937
261 2938
261 2940
261 2951
261 2952
261 2957
261 2968
261 2973
261 2974
261 2987
261 2989
261 2990
261 2993
261 2995
261 2997
261 3000
261 3002
261 3006
261 3018
261 3020
261 3021
261 3024
261 3032
261 3034
261 3036
261 3037
261 3038
261 3046
261 3062
261 3071
261 3089
261 3095
261 3101
261 3102
261 3107
261 3108
261 3110
261 3113
261 3115
261 3127
261 3130
261 3133
261 3134
261 3139
261 3141
261 3146
261 3150
261 3154
261 3156
261 3157
261 3158
261 3164
261 3167
261 3172
261 3177
261 3179
261 3185
261 3191
261 3194
261 3196
261 3197
261 3204
261 3208
261 3212
261 3214
261 3221
261 3226
261 3229
261 3232
261 3236
261 3245
261 3247
261 3249
261 3258
261 3260
261 3263
261 3264
261 3270
261 3275
261 3277
261 3279
261 3282
261 3286
261 3290
261 3294
261 3296
261 3317
261 3327
261 3331
261 3336
261 3346
261 3365
261 3374
261 3377
261 3378
261 3385
261 3387
261 3393
261 3394
261 3406
261 3409
261 3410
261 3414
261 3424
261 3425
261 3432
261 3438
261 3440
261 3441
261 3450
261 3452
261 3456
261 3462
261 3464
261 3468
261 3470
261 3471
261 3474
261 3478
261 3481
261 3482
261 3485
261 3487
261 3490
261 3495
261 3496
261 3499
261 3508
261 3515
261 3516
261 3523
261 3524
261 3525
261 3529
261 3537
261 3538
261 3540
261 3549
261 3550
261 3557
261 3558
261 3560
261 3563
261 3567
261 3573
261 3574
261 3575
261 3576
261 3590
261 3597
261 3607
261 3618
261 3619
261 3630
261 3635
261 3637
261 3643
261 3656
261 3659
261 3665
261 3666
261 3669
261 3671
261 3675
261 3678
261 3684
261 3685
261 3697
261 3698
261 3700
261 3708
261 3710
261 3714
261 3730
261 3738
261 3739
261 3744
261 3749
261 3767
261 3770
261 3775
261 3776
261 3783
261 3786
261 3787
261 3788
261 3789
261 3790
261 3794
261 3799
261 3800
261 3805
261 3808
261 3811
261 3813
261 3826
261 3833
261 3834
261 3836
261 3847
261 3849
261 3857
261 3858
261 3862
261 3866
261 3868
261 3871
261 3877
261 3887
261 3898
261 3900
261 3912
261 3919
261 3920
261 3922
261 3925
261 3936
261 3945
261 3947
261 3950
261 3956
261 3957
261 3959
261 3963
261 3971
261 3977
261 3982
261 3988
261 3990
261 3993
261 3997
2568 1
2568 4
2568 5
2568 10
2568 16
2568 23
2568 27
2568 28
2568 35
2568 36
2568 42
2568 52
2568 62
2568 68
2568 69
2568 76
2568 84
2568 86
2568 109
2568 121
2568 122
2568 124
2568 127
2568 132
2568 138
2568 143
2568 144
2568 147
2568 158
2568 164
2568 167
2568 168
2568 169
2568 170
2568 171
2568 178
2568 179
2568 182
2568 184
2568 185
2568 191
2568 193
2568 200
2568 202
2568 204
2568 210
2568 212
2568 220
2568 226
2568 227
2568 234
2568 236
2568 242
2568 245
2568 246
2568 260
2568 262
2568 263
2568 273
2568 278
2568 281
2568 282
2568 290
2568 295
2568 298
2568 300
2568 326
2568 329
2568 330
2568 340
2568 342
2568 350
2568 354
2568 360
2568 364
2568 372
2568 373
2568 375
2568 379
2568 383
2568 385
2568 389
2568 391
2568 392
2568 397
2568 400
2568 409
2568 411
2568 413
2568 418
2568 420
2568 421
2568 423
2568 430
2568 433
2568 437
2568 440
2568 456
2568 466
2568 471
2568 475
2568 478
2568 482
2568 494
2568 497
2568 503
2568 522
2568 533
2568 537
2568 548
2568 566
2568 569
2568 571
2568 574
2568 575
2568 577
2568 584
2568 594
2568 598
2568 600
2568 612
2568 613
2568 615
2568 620
2568 621
2568 629
2568 638
2568 645
2568 647
2568 650
2568 652
2568 656
2568 659
2568 666
2568 676
2568 677
2568 682
2568 685
2568 689
2568 690
2568 697
2568 703
2568 705
2568 720
2568 722
2568 725
2568 732
2568 734
2568 737
2568 738
2568 739
2568 745
2568 754
2568 761
2568 774
2568 776
2568 782
2568 783
2568 785
2568 790
2568 791
2568 792
2568 795
2568 815
2568 817
2568 831
2568 838
2568 843
2568 849
2568 851
2568 853
2568 855
2568 865
2568 868
2568 872
2568 887
2568 891
2568 894
2568 900
2568 909
2568 914
2568 918
2568 936
2568 941
2568 957
2568 964
2568 966
2568 975
2568 977
2568 979
2568 988
2568 990
2568 991
2568 1011
2568 1013
2568 1022
2568 1025
2568 1028
2568 1047
2568 1059
2568 1060
2568 1064
2568 1068
2568 1082
2568 1084
2568 1086
2568 1094
2568 1098
2568 1100
2568 1104
2568 1106
2568 1112
2568 1115
2568 1119
2568 1127
2568 1132
2568 1137
2568 1155
2568 1159
2568 1163
2568 1170
2568 1175
2568 1182
2568 1188
2568 1200
2568 1203
2568 1216
2568 1217
2568 1218
2568 1231
2568 1238
2568 1240
2568 1247
2568 1248
2568 1252
2568 1266
2568 1269
2568 1271
2568 1276
2568 1280
2568 1281
2568 1282
2568 1283
2568 1287
2568 1298
2568 1300
2568 1311
2568 1312
2568 1315
2568 1319
2568 1320
2568 1326
2568 1329
2568 1333
2568 1334
2568 1339
2568 1349
2568 1359
2568 1360
2568 1361
2568 1366
2568 1368
2568 1373
2568 1376
2568 1378
2568 1381
2568 1384
2568 1390
2568 1402
2568 1406
2568 1412
2568 1413
2568 1418
2568 1420
2568 1426
2568 1427
2568 1429
2568 1430
2568 1432
2568 1433
2568 1436
2568 1438
2568 1453
2568 1460
2568 1464
2568 1467
2568 1469
2568 1483
2568 1493
2568 1503
2568 1511
2568 1518
2568 1519
2568 1520
2568 1531
2568 1532
2568 1533
2568 1534
2568 1537
2568 1540
2568 1543
2568 1547
2568 1553
2568 1554
2568 1558
2568 1561
2568 1571
2568 1576
2568 1579
2568 1580
2568 1594
2568 1600
2568 1601
2568 1607
2568 1616
2568 1630
2568 1633
2568 1635
2568 1636
2568 1654
2568 1655
2568 1658
2568 1668
2568 1674
2568 1679
2568 1681
2568 1690
2568 1700
2568 1702
2568 1704
2568 1707
2568 1710
2568 1714
2568 1717
2568 1722
2568 1723
2568 1733
2568 1748
2568 1762
2568 1765
2568 1770
2568 1776
2568 1783
2568 1786
2568 1789
2568 1791
2568 1792
2568 1796
2568 1803
2568 1813
2568 1820
2568 1822
2568 1825
2568 1826
2568 1833
2568 1835
2568 1841
2568 1846
2568 1847
2568 1861
2568 1866
2568 1867
2568 1872
2568 1876
2568 1877
2568 1892
2568 1901
2568 1905
2568 1908
2568 1909
2568 1913
2568 1925
2568 1926
2568 1927
2568 1945
2568 1947
2568 1949
2568 1952
2568 1959
2568 1963
2568 1964
2568 1978
2568 1982
2568 1986
2568 2000
2568 2004
2568 2007
2568 2028
2568 2033
2568 2035
2568 2036
2568 2047
2568 2048
2568 2054
2568 2055
2568 2062
2568 2083
2568 2084
2568 2085
2568 2088
2568 2090
2568 2096
2568 2106
2568 2109
2568 2125
2568 2132
2568 2135
2568 2136
2568 2138
2568 2143
2568 2145
2568 2151
2568 2165
2568 2169
2568 2170
2568 2178
2568 2188
2568 2190
2568 2194
2568 2198
2568 2200
2568 2203
2568 2204
2568 2212
2568 2223
2568 2230
2568 2232
2568 2233
2568 2238
2568 2246
2568 2250
2568 2255
2568 2265
2568 2266
2568 2267
2568 2274
2568 2277
2568 2279
2568 2281
2568 2288
2568 2294
2568 2297
2568 2298
2568 2300
2568 2303
2568 2304
2568 2309
2568 2324
2568 2325
2568 2331
2568 2337
2568 2338
2568 2341
2568 2347
2568 2350
2568 2362
2568 2366
2568 2367
2568 2378
2568 2384
2568 2391
2568 2392
2568 2396
2568 2397
2568 2400
2568 2402
2568 2405
2568 2422
2568 2424
2568 2427
2568 2443
2568 2444
2568 2445
2568 2448
2568 2457
2568 2465
2568 2467
2568 2474
2568 2475
2568 2476
2568 2477
2568 2481
2568 2486
2568 2489
2568 2492
2568 2500
2568 2513
2568 2519
2568 2521
2568 2527
2568 2539
2568 2541
2568 2542
2568 2563
2568 2568
2568 2572
2568 2574
2568 2578
2568 2587
2568 2589
2568 2599
2568 2601
2568 2603
2568 2623
2568 2626
2568 2632
2568 2661
2568 2670
2568 2677
2568 2678
2568 2680
2568 2682
2568 2683
2568 2687
2568 2690
2568 2691
2568 2692
2568 2693
2568 2697
2568 2703
2568 2713
2568 2714
2568 2715
2568 2723
2568 2725
2568 2732
2568 2733
2568 2745
2568 2746
2568 2747
2568 2752
2568 2755
2568 2757
2568 2758
2568 2766
2568 2770
2568 2772
2568 2774
2568 2775
2568 2783
2568 2784
2568 2791
2568 2792
2568 2797
2568 2801
2568 2806
2568 2810
2568 2818
2568 2821
2568 2835
2568 2839
2568 2842
2568 2847
2568 2850
2568 2851
2568 2856
2568 2858
2568 2862
2568 2876
2568 2878
2568 2882
2568 2885
2568 2887
2568 2892
2568 2895
2568 2901
2568 2903
2568 2912
2568 2916
2568 2920
2568 2921
2568 2922
2568 2925
2568 2929
2568 2938
2568 2941
2568 2961
2568 2962
2568 2980
2568 2987
2568 2988
2568 2991
2568 2992
2568 2995
2568 3008
2568 3013
2568 3014
2568 3021
2568 3024
2568 3039
2568 3041
2568 3058
2568 3059
2568 3064
2568 3068
2568 3073
2568 3075
2568 3080
2568 3084
2568 3087
2568 3099
2568 3106
2568 3113
2568 3126
2568 3129
2568 3135
2568 3137
2568 3138
2568 3142
2568 3144
2568 3147
2568 3148
2568 3149
2568 3159
2568 3172
2568 3181
2568 3184
2568 3201
2568 3204
2568 3214
2568 3216
2568 3219
2568 3225
2568 3232
2568 3233
2568 3239
2568 3240
2568 3249
2568 3250
2568 3255
2568 3256
2568 3258
2568 3261
2568 3262
2568 3266
2568 3286
2568 3288
2568 3291
2568 3292
2568 3294
2568 3315
2568 3316
2568 3317
2568 3318
2568 3324
2568 3325
2568 3338
2568 3342
2568 3355
2568 3363
2568 3370
2568 3373
2568 3378
2568 3379
2568 3393
2568 3406
2568 3413
2568 3414
2568 3417
2568 3423
2568 3428
2568 3438
2568 3446
2568 3454
2568 3460
2568 3461
2568 3462
2568 3469
2568 3470
2568 3473
2568 3481
2568 3486
2568 3494
2568 3498
2568 3510
2568 3515
2568 3518
2568 3527
2568 3532
2568 3533
2568 3540
2568 3542
2568 3554
2568 3556
2568 3560
2568 3568
2568 3569
2568 3573
2568 3575
2568 3581
2568 3585
2568 3586
2568 3590
2568 3594
2568 3602
2568 3611
2568 3612
2568 3616
2568 3620
2568 3622
2568 3631
2568 3638
2568 3643
2568 3653
2568 3657
2568 3659
2568 3671
2568 3682
2568 3683
2568 3686
2568 3687
2568 3695
2568 3698
2568 3699
2568 3705
2568 3710
2568 3716
2568 3717
2568 3718
2568 3720
2568 3721
2568 3726
2568 3727
2568 3734
2568 3738
2568 3747
2568 3752
2568 3761
2568 3762
2568 3771
2568 3774
2568 3776
2568 3779
2568 3781
2568 3782
2568 3787
2568 3788
2568 3791
2568 3806
2568 3815
2568 3830
2568 3832
2568 3845
2568 3852
2568 3854
2568 3860
2568 3865
2568 3868
2568 3869
2568 3877
2568 3880
2568 3881
2568 3887
2568 3890
2568 3895
2568 3899
2568 3909
2568 3911
2568 3912
2568 3916
2568 3923
2568 3928
2568 3932
2568 3936
2568 3943
2568 3947
2568 3950
2568 3960
2568 3968
2568 3969
2568 3972
2568 3973
2568 3982
2568 3986
2568 3989
2568 3994
1326 1
1326 5
1326 14
1326 16
1326 20
1326 21
1326 29
1326 31
1326 33
1326 51
1326 57
1326 63
1326 76
1326 87
1326 104
1326 105
1326 106
1326 111
1326 114
1326 122
1326 127
1326 129
1326 132
1326 136
1326 137
1326 142
1326 145
1326 152
1326 159
1326 165
1326 166
1326 176
1326 177
1326 183
1326 184
1326 192
1326 193
1326 194
1326 202
1326 208
1326 211
1326 212
1326 214
1326 221
1326 222
1326 223
1326 228
1326 239
1326 243
1326 245
1326 247
1326 248
1326 257
1326 261
1326 262
1326 264
1326 268
1326 273
1326 279
1326 283
1326 286
1326 287
1326 294
1326 295
1326 296
1326 303
1326 311
1326 316
1326 317
1326 321
1326 327
1326 331
1326 334
1326 342
1326 347
1326 352
1326 353
1326 356
1326 376
1326 386
1326 388
1326 392
1326 397
1326 403
1326 404
1326 412
1326 421
1326 424
1326 434
1326 435
1326 437
1326 439
1326 441
1326 442
1326 446
1326 451
1326 464
1326 476
1326 479
1326 483
1326 498
1326 499
1326 500
1326 507
1326 512
1326 516
1326 521
1326 522
1326 523
1326 524
1326 527
1326 535
1326 536
1326 546
1326 548
1326 555
1326 562
1326 563
1326 570
1326 577
1326 578
1326 580
1326 581
1326 582
1326 599
1326 606
1326 610
1326 611
1326 615
1326 616
1326 620
1326 629
1326 632
1326 634
1326 645
1326 650
1326 658
1326 660
1326 665
1326 666
1326 673
1326 674
1326 679
1326 688
1326 698
1326 702
1326 707
1326 711
1326 712
1326 721
1326 724
1326 725
1326 733
1326 735
1326 737
1326 740
1326 743
1326 745
1326 756
1326 759
1326 763
1326 771
1326 791
1326 800
1326 804
1326 808
1326 810
1326 811
1326 822
1326 825
1326 826
1326 828
1326 837
1326 839
1326 850
1326 852
1326 854
1326 856
1326 857
1326 859
1326 863
1326 875
1326 878
1326 880
1326 882
1326 888
1326 892
1326 893
1326 895
1326 898
1326 899
1326 902
1326 903
1326 918
1326 924
1326 932
1326 934
1326 942
1326 946
1326 948
1326 949
1326 951
1326 955
1326 963
1326 964
1326 968
1326 974
1326 975
1326 976
1326 979
1326 980
1326 987
1326 1004
1326 1010
1326 1013
1326 1017
1326 1026
1326 1027
1326 1029
1326 1036
1326 1038
1326 1052
1326 1060
1326 1061
1326 1069
1326 1075
1326 1076
1326 1096
1326 1099
1326 1105
1326 1109
1326 1111
1326 1112
1326 1118
1326 1120
1326 1125
1326 1136
1326 1149
1326 1159
1326 1167
1326 1174
1326 1176
1326 1177
1326 1188
1326 1192
1326 1194
1326 1206
1326 1217
1326 1222
1326 1226
1326 1231
1326 1233
1326 1235
1326 1236
1326 1241
1326 1243
1326 1246
1326 1247
1326 1255
1326 1262
1326 1264
1326 1276
1326 1278
1326 1284
1326 1285
1326 1286
1326 1294
1326 1298
1326 1300
1326 1311
1326 1315
1326 1316
1326 1326
1326 1328
1326 1330
1326 1339
1326 1346
1326 1349
1326 1352
1326 1367
1326 1368
1326 1370
1326 1375
1326 1382
1326 1383
1326 1389
1326 1390
1326 1396
1326 1398
1326 1400
1326 1413
1326 1415
1326 1417
1326 1437
1326 1452
1326 1456
1326 1460
1326 1462
1326 1471
1326 1478
1326 1479
1326 1483
1326 1492
1326 1498
1326 1509
1326 1531
1326 1551
1326 1557
1326 1561
1326 1562
1326 1564
1326 1570
1326 1575
1326 1578
1326 1579
1326 1582
1326 1585
1326 1593
1326 1602
1326 1603
1326 1606
1326 1607
1326 1610
1326 1615
1326 1621
1326 1628
1326 1629
1326 1642
1326 1643
1326 1648
1326 1664
1326 1665
1326 1666
1326 1667
1326 1669
1326 1674
1326 1681
1326 1687
1326 1690
1326 1693
1326 1694
1326 1698
1326 1701
1326 1702
1326 1703
1326 1709
1326 1712
1326 1715
1326 1717
1326 1722
1326 1728
1326 1732
1326 1745
1326 1746
1326 1752
1326 1758
1326 1768
1326 1771
1326 1773
1326 1777
1326 1784
1326 1792
1326 1797
1326 1800
1326 1802
1326 1826
1326 1827
1326 1837
1326 1839
1326 1841
1326 1842
1326 1854
1326 1859
1326 1866
1326 1867
1326 1868
1326 1870
1326 1871
1326 1872
1326 1874
1326 1876
1326 1885
1326 1889
1326 1891
1326 1893
1326 1896
1326 1908
1326 1909
1326 1913
1326 1916
1326 1919
1326 1920
1326 1922
1326 1925
1326 1927
1326 1937
1326 1944
1326 1954
1326 1957
1326 1958
1326 1962
1326 1971
1326 1974
1326 1975
1326 1978
1326 1982
1326 1987
1326 1989
1326 1990
1326 1992
1326 1994
1326 2000
1326 2004
1326 2011
1326 2014
1326 2020
1326 2021
1326 2022
1326 2024
1326 2026
1326 2037
1326 2044
1326 2046
1326 2048
1326 2065
1326 2067
1326 2077
1326 2079
1326 2080
1326 2083
1326 2084
1326 2086
1326 2094
1326 2099
1326 2102
1326 2103
1326 2107
1326 2111
1326 2112
1326 2122
1326 2129
1326 2140
1326 2147
1326 2154
1326 2161
1326 2178
1326 2185
1326 2193
1326 2205
1326 2218
1326 2224
1326 2231
1326 2233
1326 2236
1326 2237
1326 2239
1326 2247
1326 2260
1326 2265
1326 2266
1326 2274
1326 2275
1326 2297
1326 2301
1326 2306
1326 2307
1326 2308
1326 2311
1326 2314
1326 2319
1326 2320
1326 2343
1326 2345
1326 2349
1326 2364
1326 2366
1326 2380
1326 2382
1326 2387
1326 2394
1326 2399
1326 2403
1326 2411
1326 2422
1326 2428
1326 2431
1326 2436
1326 2438
1326 2445
1326 2453
1326 2454
1326 2461
1326 2466
1326 2468
1326 2493
1326 2496
1326 2501
1326 2507
1326 2520
1326 2522
1326 2525
1326 2535
1326 2541
1326 2545
1326 2546
1326 2552
1326 2563
1326 2571
1326 2573
1326 2579
1326 2586
1326 2591
1326 2597
1326 2600
1326 2616
1326 2624
1326 2627
1326 2629
1326 2631
1326 2632
1326 2634
1326 2645
1326 2648
1326 2650
1326 2653
1326 2657
1326 2661
1326 2675
1326 2679
1326 2683
1326 2687
1326 2698
1326 2707
1326 2711
1326 2719
1326 2721
1326 2726
1326 2727
1326 2729
1326 2731
1326 2740
1326 2745
1326 2751
1326 2755
1326 2756
1326 2757
1326 2759
1326 2761
1326 2767
1326 2770
1326 2776
1326 2779
1326 2794
1326 2805
1326 2806
1326 2809
1326 2816
1326 2817
1326 2819
1326 2824
1326 2825
1326 2843
1326 2852
1326 2853
1326 2855
1326 2857
1326 2858
1326 2860
1326 2861
1326 2876
1326 2884
1326 2885
1326 2898
1326 2919
1326 2923
1326 2926
1326 2929
1326 2933
1326 2934
1326 2941
1326 2944
1326 2948
1326 2954
1326 2963
1326 2965
1326 2980
1326 2981
1326 2985
1326 2987
1326 2997
1326 2998
1326 3004
1326 3006
1326 3008
1326 3011
1326 3014
1326 3018
1326 3019
1326 3020
1326 3025
1326 3028
1326 3030
1326 3045
1326 3046
1326 3050
1326 3052
1326 3058
1326 3060
1326 3063
1326 3073
1326 3083
1326 3086
1326 3088
1326 3089
1326 3091
1326 3095
1326 3098
1326 3101
1326 3104
1326 3107
1326 3108
1326 3109
1326 3112
1326 3113
1326 3121
1326 3154
1326 3159
1326 3164
1326 3166
1326 3170
1326 3171
1326 3180
1326 3182
1326 3186
1326 3189
1326 3195
1326 3197
1326 3198
1326 3200
1326 3202
1326 3207
1326 3209
1326 3214
1326 3216
1326 3228
1326 3229
1326 3230
1326 3233
1326 3234
1326 3236
1326 3238
1326 3239
1326 3241
1326 3246
1326 3257
1326 3270
1326 3276
1326 3281
1326 3283
1326 3288
1326 3290
1326 3297
1326 3300
1326 3304
1326 3310
1326 3316
1326 3317
1326 3320
1326 3322
1326 3328
1326 3329
1326 3333
1326 3345
1326 3346
1326 3353
1326 3355
1326 3363
1326 3365
1326 3370
1326 3371
1326 3372
1326 3373
1326 3375
1326 3378
1326 3383
1326 3398
1326 3415
1326 3420
1326 3422
1326 3425
1326 3430
1326 3431
1326 3432
1326 3443
1326 3446
1326 3448
1326 3455
1326 3459
1326 3469
1326 3492
1326 3499
1326 3501
1326 3510
1326 3511
1326 3526
1326 3528
1326 3529
1326 3532
1326 3534
1326 3537
1326 3548
1326 3551
1326 3554
1326 3555
1326 3558
1326 3559
1326 3561
1326 3563
1326 3585
1326 3586
1326 3593
1326 3595
1326 3598
1326 3599
1326 3600
1326 3603
1326 3608
1326 3609
1326 3616
1326 3619
1326 3637
1326 3640
1326 3646
1326 3653
1326 3655
1326 3659
1326 3660
1326 3664
1326 3667
1326 3669
1326 3675
1326 3677
1326 3679
1326 3682
1326 3685
1326 3689
1326 3696
1326 3699
1326 3705
1326 3706
1326 3710
1326 3713
1326 3715
1326 3716
1326 3717
1326 3719
1326 3722
1326 3724
1326 3726
1326 3735
1326 3739
1326 3743
1326 3747
1326 3752
1326 3761
1326 3763
1326 3773
1326 3780
1326 3784
1326 3786
1326 3790
1326 3800
1326 3805
1326 3806
1326 3809
1326 3811
1326 3812
1326 3814
1326 3815
1326 3824
1326 3825
1326 3826
1326 3829
1326 3831
1326 3842
1326 3843
1326 3844
1326 3848
1326 3856
1326 3858
1326 3862
1326 3863
1326 3886
1326 3898
1326 3900
1326 3901
1326 3905
1326 3911
1326 3912
1326 3913
1326 3919
1326 3924
1326 3928
1326 3931
1326 3932
1326 3934
1326 3938
1326 3946
1326 3950
1326 3952
1326 3953
1326 3954
1326 3959
1326 3962
1326 3964
1326 3965
1326 3980
1326 3991
1326 3996
340 1
340 3
340 9
340 14
340 15
340 17
340 25
340 28
340 30
340 32
340 34
340 37
340 49
340 54
340 61
340 63
340 68
340 70
340 76
340 77
340 80
340 81
340 84
340 85
340 87
340 89
340 101
340 109
340 116
340 117
340 118
340 125
340 133
340 134
340 135
340 137
340 149
340 155
340 157
340 161
340 163
340 164
340 167
340 168
340 171
340 174
340 178
340 180
340 181
340 182
340 186
340 193
340 197
340 236
340 238
340 242
340 243
340 249
340 259
340 262
340 269
340 273
340 280
340 282
340 285
340 287
340 293
340 295
340 300
340 306
340 310
340 316
340 318
340 334
340 336
340 340
340 341
340 347
340 348
340 358
340 359
340 363
340 365
340 369
340 380
340 383
340 387
340 389
340 394
340 395
340 406
340 411
340 414
340 420
340 422
340 428
340 441
340 452
340 455
340 456
340 458
340 460
340 465
340 466
340 475
340 483
340 487
340 491
340 500
340 511
340 513
340 518
340 519
340 520
340 522
340 528
340 530
340 536
340 540
340 553
340 554
340 558
340 561
340 570
340 575
340 578
340 582
340 594
340 595
340 617
340 618
340 624
340 625
340 633
340 637
340 640
340 648
340 650
340 672
340 673
340 674
340 678
340 690
340 692
340 701
340 720
340 722
340 733
340 746
340 766
340 769
340 792
340 793
340 794
340 797
340 803
340 806
340 812
340 819
340 825
340 833
340 835
340 836
340 840
340 846
340 848
340 852
340 862
340 863
340 865
340 869
340 877
340 880
340 881
340 884
340 890
340 895
340 900
340 909
340 911
340 922
340 926
340 929
340 931
340 932
340 934
340 936
340 939
340 943
340 956
340 970
340 973
340 974
340 983
340 990
340 998
340 1025
340 1053
340 1060
340 1061
340 1062
340 1063
340 1066
340 1074
340 1086
340 1088
340 1099
340 1101
340 1104
340 1108
340 1110
340 1115
340 1124
340 1128
340 1130
340 1133
340 1134
340 1142
340 1146
340 1150
340 1154
340 1158
340 1162
340 1164
340 1177
340 1179
340 1183
340 1191
340 1194
340 1198
340 1211
340 1212
340 1213
340 1214
340 1216
340 1217
340 1224
340 1226
340 1228
340 1229
340 1230
340 1231
340 1232
340 1245
340 1246
340 1254
340 1258
340 1263
340 1265
340 1275
340 1278
340 1282
340 1295
340 1296
340 1320
340 1321
340 1322
340 1324
340 1332
340 1340
340 1341
340 1342
340 1361
340 1363
340 1375
340 1378
340 1384
340 1390
340 1392
340 1393
340 1394
340 1412
340 1442
340 1446
340 1447
340 1454
340 1458
340 1463
340 1469
340 1471
340 1479
340 1483
340 1485
340 1487
340 1495
340 1503
340 1506
340 1507
340 1508
340 1513
340 1514
340 1515
340 1516
340 1523
340 1526
340 1531
340 1532
340 1533
340 1535
340 1541
340 1545
340 1556
340 1559
340 1562
340 1568
340 1575
340 1579
340 1580
340 1583
340 1593
340 1603
340 1604
340 1610
340 1611
340 1612
340 1621
340 1629
340 1631
340 1634
340 1650
340 1659
340 1664
340 1669
340 1670
340 1671
340 1672
340 1674
340 1678
340 1682
340 1686
340 1697
340 1699
340 1700
340 1703
340 1713
340 1714
340 1717
340 1727
340 1729
340 1734
340 1735
340 1748
340 1749
340 1755
340 1761
340 1762
340 1767
340 1773
340 1777
340 1783
340 1788
340 1789
340 1797
340 1804
340 1805
340 1809
340 1823
340 1825
340 1826
340 1831
340 1833
340 1836
340 1841
340 1847
340 1856
340 1861
340 1864
340 1865
340 1879
340 1884
340 1886
340 1888
340 1893
340 1902
340 1914
340 1925
340 1928
340 1932
340 1934
340 1935
340 1949
340 1950
340 1955
340 1964
340 1975
340 1980
340 1983
340 1987
340 1990
340 1991
340 1997
340 2000
340 2001
340 2002
340 2003
340 2009
340 2010
340 2012
340 2015
340 2017
340 2019
340 2021
340 2023
340 2027
340 2034
340 2036
340 2037
340 2038
340 2045
340 2046
340 2052
340 2063
340 2075
340 2076
340 2080
340 2087
340 2090
340 2094
340 2095
340 2096
340 2109
340 2119
340 2122
340 2125
340 2126
340 2132
340 2136
340 2138
340 2156
340 2160
340 2163
340 2166
340 2170
340 2176
340 2194
340 2196
340 2200
340 2208
340 2224
340 2226
340 2228
340 2239
340 2245
340 2246
340 2247
340 2256
340 2258
340 2270
340 2271
340 2276
340 2277
340 2290
340 2292
340 2294
340 2300
340 2303
340 2314
340 2315
340 2320
340 2321
340 2322
340 2323
340 2338
340 2339
340 2341
340 2349
340 2354
340 2355
340 2360
340 2364
340 2366
340 2372
340 2376
340 2391
340 2393
340 2400
340 2403
340 2405
340 2413
340 2416
340 2418
340 2420
340 2422
340 2423
340 2424
340 2426
340 2428
340 2431
340 2451
340 2453
340 2454
340 2455
340 2468
340 2471
340 2474
340 2475
340 2479
340 2482
340 2483
340 2489
340 2490
340 2494
340 2497
340 2501
340 2506
340 2511
340 2512
340 2520
340 2528
340 2530
340 2531
340 2533
340 2545
340 2550
340 2552
340 2553
340 2558
340 2569
340 2570
340 2577
340 2581
340 2582
340 2608
340 2609
340 2611
340 2612
340 2616
340 2617
340 2619
340 2621
340 2622
340 2634
340 2638
340 2645
340 2648
340 2650
340 2658
340 2660
340 2661
340 2662
340 2672
340 2678
340 2679
340 2680
340 2687
340 2690
340 2691
340 2696
340 2703
340 2704
340 2722
340 2730
340 2735
340 2740
340 2742
340 2747
340 2752
340 2758
340 2764
340 2767
340 2768
340 2769
340 2773
340 2774
340 2794
340 2800
340 2808
340 2815
340 2821
340 2832
340 2835
340 2837
340 2839
340 2856
340 2862
340 2866
340 2868
340 2879
340 2890
340 2891
340 2892
340 2902
340 2903
340 2910
340 2916
340 2924
340 2930
340 2939
340 2941
340 2943
340 2950
340 2951
340 2954
340 2956
340 2960
340 2962
340 2975
340 2979
340 2980
340 2984
340 2988
340 2990
340 2995
340 2998
340 2999
340 3000
340 3006
340 3014
340 3016
340 3023
340 3031
340 3035
340 3047
340 3052
340 3054
340 3058
340 3059
340 3066
340 3068
340 3072
340 3081
340 3083
340 3084
340 3088
340 3089
340 3092
340 3095
340 3102
340 3115
340 3118
340 3119
340 3124
340 3126
340 3130
340 3134
340 3140
340 3151
340 3160
340 3166
340 3180
340 3191
340 3192
340 3193
340 3210
340 3221
340 3223
340 3224
340 3225
340 3226
340 3227
340 3228
340 3229
340 3235
340 3236
340 3240
340 3241
340 3242
340 3246
340 3250
340 3256
340 3260
340 3265
340 3270
340 3275
340 3277
340 3285
340 3286
340 3289
340 3294
340 3295
340 3297
340 3305
340 3307
340 3308
340 3311
340 3316
340 3319
340 3324
340 3327
340 3332
340 3335
340 3341
340 3343
340 3345
340 3354
340 3358
340 3359
340 3360
340 3361
340 3386
340 3388
340 3402
340 3404
340 3415
340 3424
340 3427
340 3428
340 3450
340 3459
340 3460
340 3465
340 3468
340 3480
340 3481
340 3486
340 3490
340 3491
340 3497
340 3502
340 3504
340 3517
340 3522
340 3524
340 3527
340 3529
340 3530
340 3532
340 3537
340 3538
340 3542
340 3545
340 3547
340 3548
340 3581
340 3582
340 3585
340 3588
340 3590
340 3592
340 3594
340 3596
340 3597
340 3609
340 3611
340 3614
340 3620
340 3621
340 3643
340 3680
340 3686
340 3688
340 3694
340 3702
340 3710
340 3713
340 3724
340 3729
340 3737
340 3739
340 3749
340 3750
340 3752
340 3755
340 3759
340 3787
340 3791
340 3792
340 3793
340 3795
340 3797
340 3801
340 3805
340 3808
340 3810
340 3813
340 3816
340 3817
340 3822
340 3825
340 3837
340 3839
340 3848
340 3851
340 3866
340 3867
340 3871
340 3872
340 3873
340 3876
340 3879
340 3884
340 3887
340 3899
340 3900
340 3902
340 3911
340 3914
340 3918
340 3919
340 3920
340 3928
340 3934
340 3938
340 3943
340 3952
340 3978
340 3980
340 3982
340 3983
340 3987
340 3990
593 8
593 10
593 20
593 21
593 24
593 30
593 34
593 36
593 59
593 80
593 85
593 87
593 89
593 92
593 98
593 102
593 106
593 111
593 124
593 128
593 132
593 135
593 147
593 148
593 154
593 156
593 157
593 160
593 161
593 171
593 187
593 198
593 203
593 206
593 218
593 219
593 220
593 223
593 224
593 228
593 243
593 244
593 246
593 247
593 258
593 259
593 268
593 274
593 277
593 284
593 296
593 297
593 298
593 310
593 316
593 323
593 325
593 327
593 333
593 336
593 340
593 342
593 353
593 356
593 364
593 365
593 372
593 374
593 375
593 377
593 383
593 387
593 392
593 394
593 399
593 402
593 409
593 413
593 414
593 415
593 420
593 428
593 434
593 441
593 442
593 444
593 446
593 447
593 449
593 456
593 458
593 459
593 465
593 467
593 471
593 473
593 474
593 476
593 477
593 479
593 481
593 485
593 487
593 489
593 493
593 502
593 503
593 509
593 512
593 514
593 517
593 518
593 519
593 538
593 540
593 545
593 563
593 565
593 570
593 574
593 583
593 588
593 594
593 595
593 603
593 605
593 609
593 610
593 612
593 625
593 635
593 642
593 644
593 646
593 657
593 659
593 661
593 662
593 667
593 675
593 682
593 686
593 687
593 690
593 697
593 707
593 713
593 716
593 720
593 724
593 725
593 726
593 729
593 730
593 731
593 738
593 751
593 754
593 755
593 756
593 760
593 764
593 785
593 793
593 803
593 806
593 807
593 809
593 812
593 815
593 816
593 817
593 826
593 829
593 830
593 831
593 836
593 850
593 861
593 864
593 871
593 872
593 873
593 879
593 881
593 889
593 893
593 903
593 905
593 906
593 909
593 912
593 913
593 915
593 917
593 923
593 927
593 938
593 939
593 940
593 947
593 960
593 961
593 980
593 987
593 991
593 1001
593 1007
593 1014
593 1029
593 1032
593 1042
593 1045
593 1049
593 1052
593 1055
593 1058
593 1060
593 1063
593 1072
593 1078
593 1081
593 1090
593 1091
593 1095
593 1099
593 1106
593 1107
593 1110
593 1113
593 1114
593 1129
593 1138
593 1141
593 1143
593 1146
593 1151
593 1164
593 1165
593 1170
593 1171
593 1175
593 1179
593 1181
593 1185
593 1186
593 1188
593 1191
593 1198
593 1200
593 1201
593 1211
593 1216
593 1218
593 1220
593 1221
593 1222
593 1228
593 1245
593 1247
593 1254
593 1258
593 1263
593 1268
593 1274
593 1280
593 1282
593 1285
593 1286
593 1292
593 1300
593 1315
593 1322
593 1328
593 1333
593 1335
593 1338
593 1340
593 1358
593 1365
593 1369
593 1372
593 1375
593 1377
593 1378
593 1380
593 1389
593 1394
593 1401
593 1407
593 1412
593 1416
593 1421
593 1428
593 1432
593 1435
593 1438
593 1445
593 1454
593 1455
593 1465
593 1466
593 1468
593 1469
593 1472
593 1478
593 1482
593 1485
593 1487
593 1488
593 1489
593 1501
593 1516
593 1518
593 1525
593 1538
593 1540
593 1541
593 1543
593 1544
593 1546
593 1551
593 1553
593 1554
593 1558
593 1560
593 1562
593 1565
593 1572
593 1574
593 1577
593 1579
593 1583
593 1587
593 1592
593 1603
593 1604
593 1610
593 1616
593 1620
593 1624
593 1638
593 1644
593 1659
593 1660
593 1662
593 1667
593 1669
593 1677
593 1678
593 1682
593 1683
593 1688
593 1690
593 1691
593 1692
593 1693
593 1703
593 1706
593 1707
593 1710
593 1718
593 1722
593 1729
593 1730
593 1731
593 1732
593 1735
593 1742
593 1757
593 1761
593 1764
593 1770
593 1771
593 1774
593 1775
593 1776
593 1777
593 1779
593 1782
593 1783
593 1793
593 1795
593 1796
593 1800
593 1805
593 1814
593 1818
593 1820
593 1834
593 1835
593 1836
593 1838
593 1842
593 1843
593 1845
593 1849
593 1851
593 1852
593 1867
593 1874
593 1877
593 1881
593 1889
593 1891
593 1895
593 1910
593 1912
593 1913
593 1920
593 1928
593 1930
593 1936
593 1946
593 1954
593 1956
593 1957
593 1962
593 1971
593 1976
593 1978
593 1986
593 2003
593 2004
593 2019
593 2044
593 2052
593 2060
593 2070
593 2076
593 2084
593 2090
593 2091
593 2094
593 2095
593 2100
593 2108
593 2109
593 2117
593 2119
593 2126
593 2127
593 2129
593 2131
593 2133
593 2142
593 2143
593 2145
593 2148
593 2157
593 2159
593 2164
593 2168
593 2180
593 2182
593 2188
593 2191
593 2193
593 2199
593 2206
593 2211
593 2216
593 2219
593 2220
593 2223
593 2233
593 2236
593 2237
593 2238
593 2246
593 2249
593 2254
593 2262
593 2265
593 2266
593 2270
593 2272
593 2283
593 2284
593 2290
593 2295
593 2298
593 2302
593 2303
593 2307
593 2309
593 2318
593 2319
593 2320
593 2321
593 2322
593 2328
593 2332
593 2336
593 2338
593 2341
593 2342
593 2357
593 2358
593 2359
593 2364
593 2366
593 2372
593 2379
593 2382
593 2383
593 2384
593 2396
593 2404
593 2407
593 2408
593 2409
593 2412
593 2415
593 2416
593 2418
593 2422
593 2423
593 2427
593 2431
593 2434
593 2435
593 2437
593 2438
593 2443
593 2451
593 2464
593 2467
593 2468
593 2469
593 2475
593 2477
593 2484
593 2485
593 2486
593 2487
593 2498
593 2499
593 2503
593 2513
593 2522
593 2540
593 2541
593 2544
593 2546
593 2553
593 2555
593 2558
593 2560
593 2562
593 2565
593 2566
593 2569
593 2578
593 2582
593 2586
593 2597
593 2605
593 2609
593 2612
593 2616
593 2617
593 2621
593 2622
593 2625
593 2626
593 2629
593 2633
593 2634
593 2641
593 2647
593 2648
593 2650
593 2658
593 2660
593 2665
593 2677
593 2679
593 2689
593 2704
593 2706
593 2722
593 2723
593 2727
593 2730
593 2735
593 2744
593 2746
593 2748
593 2754
593 2765
593 2766
593 2768
593 2776
593 2790
593 2791
593 2819
593 2821
593 2822
593 2824
593 2828
593 2832
593 2835
593 2837
593 2841
593 2843
593 2846
593 2851
593 2865
593 2869
593 2870
593 2874
593 2883
593 2890
593 2896
593 2899
593 2908
593 2920
593 2922
593 2923
593 2925
593 2926
593 2940
593 2941
593 2953
593 2964
593 2968
593 2973
593 2976
593 2978
593 2979
593 2983
593 2985
593 2988
593 2989
593 2996
593 3013
593 3015
593 3016
593 3020
593 3023
593 3025
593 3030
593 3031
593 3042
593 3043
593 3045
593 3053
593 3065
593 3073
593 3078
593 3085
593 3087
593 3090
593 3092
593 3093
593 3094
593 3095
593 3101
593 3106
593 3107
593 3117
593 3125
593 3127
593 3130
593 3131
593 3137
593 3140
593 3142
593 3146
593 3151
593 3152
593 3156
593 3162
593 3163
593 3168
593 3171
593 3176
593 3177
593 3191
593 3202
593 3211
593 3213
593 3214
593 3217
593 3221
593 3226
593 3230
593 3231
593 3232
593 3233
593 3255
593 3261
593 3272
593 3273
593 3282
593 3283
593 3284
593 3287
593 3295
593 3312
593 3313
593 3316
593 3319
593 3321
593 3325
593 3334
593 3336
593 3337
593 3352
593 3356
593 3368
593 3369
593 3371
593 3373
593 3396
593 3397
593 3401
593 3407
593 3408
593 3411
593 3413
593 3417
593 3423
593 3426
593 3431
593 3439
593 3440
593 3442
593 3446
593 3458
593 3465
593 3472
593 3473
593 3476
593 3479
593 3482
593 3487
593 3507
593 3510
593 3516
593 3518
593 3524
593 3531
593 3534
593 3541
593 3572
593 3573
593 3578
593 3586
593 3592
593 3594
593 3603
593 3620
593 3624
593 3625
593 3632
593 3640
593 3641
593 3642
593 3644
593 3645
593 3648
593 3653
593 3670
593 3671
593 3676
593 3679
593 3683
593 3684
593 3687
593 3692
593 3693
593 3698
593 3702
593 3706
593 3715
593 3722
593 3727
593 3744
593 3748
593 3750
593 3752
593 3759
593 3760
593 3763
593 3767
593 3771
593 3775
593 3783
593 3784
593 3786
593 3789
593 3798
593 3800
593 3802
593 3806
593 3808
593 3809
593 3811
593 3818
593 3826
593 3829
593 3832
593 3833
593 3835
593 3844
593 3847
593 3852
593 3854
593 3859
593 3860
593 3862
593 3872
593 3877
593 3879
593 3892
593 3897
593 3898
593 3900
593 3901
593 3904
593 3907
593 3911
593 3915
593 3916
593 3917
593 3918
593 3920
593 3938
593 3945
593 3947
593 3948
593 3952
593 3954
593 3967
593 3972
593 3986
593 3989
593 3990
593 3993
593 3998
3603 2
3603 5
3603 12
3603 25
3603 26
3603 27
3603 32
3603 34
3603 35
3603 37
3603 46
3603 54
3603 56
3603 61
3603 64
3603 73
3603 75
3603 84
3603 86
3603 92
3603 95
3603 104
3603 105
3603 108
3603 112
3603 123
3603 124
3603 127
3603 128
3603 142
3603 152
3603 161
3603 168
3603 174
3603 180
3603 182
3603 186
3603 192
3603 195
3603 204
3603 217
3603 218
3603 231
3603 232
3603 237
3603 239
3603 243
3603 245
3603 247
3603 249
3603 253
3603 255
3603 260
3603 267
3603 268
3603 269
3603 277
3603 279
3603 284
3603 287
3603 288
3603 291
3603 295
3603 301
3603 302
3603 303
3603 311
3603 326
3603 329
3603 333
3603 345
3603 346
3603 353
3603 355
3603 369
3603 374
3603 388
3603 394
3603 397
3603 399
3603 408
3603 410
3603 420
3603 424
3603 426
3603 427
3603 432
3603 453
3603 460
3603 464
3603 471
3603 475
3603 482
3603 486
3603 487
3603 495
3603 499
3603 504
3603 505
3603 509
3603 512
3603 523
3603 526
3603 529
3603 539
3603 550
3603 555
3603 559
3603 566
3603 570
3603 575
3603 595
3603 601
3603 606
3603 609
3603 619
3603 620
3603 621
3603 648
3603 649
3603 650
3603 652
3603 657
3603 677
3603 684
3603 695
3603 700
3603 702
3603 708
3603 712
3603 723
3603 725
3603 726
3603 732
3603 733
3603 734
3603 743
3603 746
3603 756
3603 759
3603 763
3603 764
3603 772
3603 778
3603 784
3603 785
3603 786
3603 791
3603 795
3603 796
3603 799
3603 800
3603 802
3603 805
3603 809
3603 810
3603 820
3603 824
3603 830
3603 835
3603 838
3603 839
3603 843
3603 846
3603 856
3603 859
3603 861
3603 868
3603 870
3603 875
3603 876
3603 879
3603 882
3603 931
3603 932
3603 934
3603 936
3603 945
3603 949
3603 956
3603 966
3603 968
3603 969
3603 978
3603 986
3603 990
3603 993
3603 1000
3603 1004
3603 1005
3603 1006
3603 1007
3603 1009
3603 1023
3603 1031
3603 1035
3603 1039
3603 1050
3603 1051
3603 1055
3603 1057
3603 1059
3603 1062
3603 1065
3603 1074
3603 1077
3603 1091
3603 1095
3603 1104
3603 1112
3603 1113
3603 1114
3603 1115
3603 1126
3603 1131
3603 1133
3603 1135
3603 1138
3603 1150
3603 1158
3603 1159
3603 1160
3603 1165
3603 1170
3603 1177
3603 1178
3603 1180
3603 1188
3603 1193
3603 1196
3603 1198
3603 1204
3603 1237
3603 1244
3603 1247
3603 1262
3603 1269
3603 1270
3603 1275
3603 1279
3603 1290
3603 1295
3603 1297
3603 1306
3603 1307
3603 1311
3603 1314
3603 1327
3603 1330
3603 1331
3603 1338
3603 1339
3603 1345
3603 1365
3603 1366
3603 1376
3603 1380
3603 1384
3603 1389
3603 1391
3603 1397
3603 1404
3603 1408
3603 1415
3603 1417
3603 1427
3603 1434
3603 1437
3603 1438
3603 1443
3603 1454
3603 1470
3603 1491
3603 1492
3603 1493
3603 1499
3603 1511
3603 1517
3603 1518
3603 1521
3603 1523
3603 1524
3603 1535
3603 1536
3603 1537
3603 1540
3603 1549
3603 1550
3603 1553
3603 1554
3603 1573
3603 1576
3603 1579
3603 1580
3603 1582
3603 1583
3603 1587
3603 1589
3603 1591
3603 1593
3603 1597
3603 1603
3603 1605
3603 1609
3603 1613
3603 1617
3603 1620
3603 1625
3603 1631
3603 1636
3603 1639
3603 1652
3603 1654
3603 1658
3603 1673
3603 1683
3603 1684
3603 1698
3603 1700
3603 1703
3603 1708
3603 1713
3603 1716
3603 1719
3603 1720
3603 1732
3603 1735
3603 1743
3603 1744
3603 1746
3603 1749
3603 1763
3603 1764
3603 1765
3603 1766
3603 1770
3603 1777
3603 1778
3603 1779
3603 1781
3603 1787
3603 1804
3603 1825
3603 1826
3603 1830
3603 1831
3603 1846
3603 1860
3603 1861
3603 1864
3603 1868
3603 1872
3603 1875
3603 1881
3603 1882
3603 1885
3603 1898
3603 1899
3603 1906
3603 1909
3603 1913
3603 1915
3603 1916
3603 1923
3603 1926
3603 1936
3603 1947
3603 1948
3603 1951
3603 1952
3603 1953
3603 1959
3603 1964
3603 1966
3603 1970
3603 1976
3603 1982
3603 1987
3603 1989
3603 2003
3603 2005
3603 2021
3603 2024
3603 2039
3603 2043
3603 2045
3603 2049
3603 2052
3603 2053
3603 2058
3603 2062
3603 2064
3603 2074
3603 2076
3603 2078
3603 2082
3603 2087
3603 2091
3603 2094
3603 2096
3603 2104
3603 2115
3603 2125
3603 2126
3603 2129
3603 2131
3603 2140
3603 2145
3603 2149
3603 2153
3603 2154
3603 2157
3603 2161
3603 2167
3603 2170
3603 2177
3603 2187
3603 2188
3603 2190
3603 2198
3603 2200
3603 2203
3603 2206
3603 2207
3603 2209
3603 2210
3603 2214
3603 2221
3603 2227
3603 2231
3603 2235
3603 2243
3603 2245
3603 2247
3603 2252
3603 2264
3603 2269
3603 2279
3603 2295
3603 2297
3603 2299
3603 2304
3603 2309
3603 2310
3603 2317
3603 2318
3603 2321
3603 2329
3603 2330
3603 2336
3603 2338
3603 2340
3603 2345
3603 2363
3603 2369
3603 2374
3603 2379
3603 2384
3603 2387
3603 2396
3603 2397
3603 2400
3603 2401
3603 2408
3603 2416
3603 2422
3603 2427
3603 2435
3603 2449
3603 2451
3603 2456
3603 2457
3603 2464
3603 2470
3603 2471
3603 2477
3603 2478
3603 2484
3603 2497
3603 2525
3603 2533
3603 2534
3603 2545
3603 2548
3603 2549
3603 2550
3603 2553
3603 2554
3603 2566
3603 2568
3603 2582
3603 2587
3603 2588
3603 2591
3603 2595
3603 2601
3603 2610
3603 2617
3603 2628
3603 2631
3603 2640
3603 2642
3603 2650
3603 2652
3603 2656
3603 2657
3603 2658
3603 2662
3603 2676
3603 2682
3603 2683
3603 2684
3603 2690
3603 2699
3603 2701
3603 2706
3603 2724
3603 2726
3603 2731
3603 2732
3603 2738
3603 2739
3603 2743
3603 2745
3603 2746
3603 2747
3603 2756
3603 2757
3603 2759
3603 2761
3603 2763
3603 2767
3603 2768
3603 2784
3603 2788
3603 2793
3603 2795
3603 2797
3603 2799
3603 2800
3603 2823
3603 2827
3603 2830
3603 2844
3603 2855
3603 2857
3603 2858
3603 2863
3603 2867
3603 2872
3603 2881
3603 2892
3603 2897
3603 2898
3603 2899
3603 2903
3603 2907
3603 2911
3603 2921
3603 2930
3603 2934
3603 2935
3603 2937
3603 2938
3603 2942
3603 2945
3603 2963
3603 2969
3603 2971
3603 2980
3603 2984
3603 2986
3603 2988
3603 2989
3603 2990
3603 2994
3603 2998
3603 3003
3603 3007
3603 3032
3603 3048
3603 3058
3603 3061
3603 3066
3603 3067
3603 3068
3603 3070
3603 3071
3603 3076
3603 3077
3603 3079
3603 3085
3603 3100
3603 3101
3603 3105
3603 3110
3603 3111
3603 3113
3603 3123
3603 3137
3603 3149
3603 3169
3603 3180
3603 3183
3603 3184
3603 3191
3603 3196
3603 3201
3603 3204
3603 3206
3603 3215
3603 3216
3603 3220
3603 3221
3603 3230
3603 3240
3603 3257
3603 3259
3603 3263
3603 3270
3603 3274
3603 3276
3603 3281
3603 3295
3603 3301
3603 3302
3603 3305
3603 3306
3603 3307
3603 3322
3603 3327
3603 3333
3603 3336
3603 3338
3603 3346
3603 3348
3603 3350
3603 3363
3603 3375
3603 3376
3603 3377
3603 3386
3603 3392
3603 3394
3603 3399
3603 3408
3603 3418
3603 3430
3603 3431
3603 3437
3603 3438
3603 3440
3603 3441
3603 3444
3603 3447
3603 3464
3603 3468
3603 3470
3603 3477
3603 3481
3603 3489
3603 3492
3603 3500
3603 3503
3603 3505
3603 3508
3603 3518
3603 3519
3603 3524
3603 3526
3603 3528
3603 3529
3603 3530
3603 3534
3603 3539
3603 3540
3603 3543
3603 3546
3603 3560
3603 3562
3603 3577
3603 3597
3603 3599
3603 3605
3603 3607
3603 3615
3603 3616
3603 3628
3603 3634
3603 3639
3603 3646
3603 3651
3603 3652
3603 3654
3603 3655
3603 3660
3603 3662
3603 3668
3603 3671
3603 3682
3603 3685
3603 3689
3603 3695
3603 3697
3603 3698
3603 3701
3603 3702
3603 3703
3603 3710
3603 3711
3603 3716
3603 3721
3603 3746
3603 3756
3603 3759
3603 3763
3603 3765
3603 3770
3603 3777
3603 3782
3603 3784
3603 3785
3603 3786
3603 3789
3603 3792
3603 3795
3603 3803
3603 3806
3603 3824
3603 3829
3603 3830
3603 3831
3603 3836
3603 3838
3603 3845
3603 3848
3603 3849
3603 3851
3603 3854
3603 3857
3603 3859
3603 3865
3603 3872
3603 3874
3603 3885
3603 3893
3603 3897
3603 3899
3603 3902
3603 3915
3603 3927
3603 3928
3603 3929
3603 3931
3603 3942
3603 3952
3603 3957
3603 3959
3603 3972
3603 3974
3603 3987
3603 3995
3603 3999
389 5
389 17
389 18
389 31
389 45
389 49
389 56
389 77
389 79
389 81
389 82
389 88
389 111
389 113
389 115
389 125
389 129
389 133
389 140
389 146
389 158
389 169
389 189
389 193
389 203
389 205
389 206
389 208
389 214
389 232
389 233
389 239
389 242
389 243
389 251
389 256
389 260
389 264
389 267
389 272
389 279
389 287
389 289
389 295
389 300
389 306
389 308
389 314
389 317
389 320
389 325
389 326
389 332
389 336
389 340
389 342
389 343
389 344
389 349
389 352
389 377
389 381
389 394
389 407
389 409
389 414
389 445
389 449
389 451
389 452
389 465
389 474
389 475
389 477
389 492
389 494
389 497
389 500
389 511
389 515
389 522
389 524
389 526
389 531
389 536
389 537
389 538
389 539
389 543
389 547
389 549
389 555
389 563
389 566
389 578
389 585
389 589
389 594
389 597
389 598
389 600
389 601
389 605
389 607
389 609
389 610
389 611
389 613
389 625
389 644
389 653
389 655
389 665
389 669
389 675
389 677
389 689
389 691
389 693
389 696
389 698
389 711
389 714
389 715
389 717
389 720
389 729
389 740
389 758
389 761
389 766
389 784
389 787
389 790
389 791
389 792
389 797
389 802
389 806
389 807
389 813
389 814
389 832
389 834
389 840
389 841
389 843
389 850
389 854
389 855
389 860
389 861
389 872
389 876
389 877
389 880
389 883
389 884
389 897
389 908
389 918
389 919
389 932
389 934
389 940
389 943
389 946
389 947
389 954
389 958
389 960
389 973
389 979
389 985
389 989
389 991
389 992
389 993
389 1006
389 1012
389 1018
389 1020
389 1027
389 1036
389 1037
389 1041
389 1045
389 1052
389 1054
389 1056
389 1059
389 1060
389 1062
389 1065
389 1074
389 1085
389 1096
389 1102
389 1109
389 1112
389 1116
389 1131
389 1145
389 1159
389 1166
389 1171
389 1173
389 1177
389 1179
389 1184
389 1187
389 1190
389 1199
389 1200
389 1202
389 1206
389 1211
389 1216
389 1235
389 1236
389 1240
389 1243
389 1246
389 1249
389 1255
389 1261
389 1264
389 1267
389 1270
389 1273
389 1279
389 1281
389 1283
389 1291
389 1298
389 1304
389 1307
389 1309
389 1313
389 1314
389 1325
389 1339
389 1340
389 1344
389 1345
389 1347
389 1357
389 1363
389 1364
389 1368
389 1371
389 1373
389 1377
389 1378
389 1381
389 1386
389 1407
389 1415
389 1420
389 1422
389 1423
389 1427
389 1429
389 1435
389 1437
389 1439
389 1441
389 1446
389 1457
389 1462
389 1464
389 1465
389 1466
389 1484
389 1485
389 1497
389 1503
389 1506
389 1511
389 1513
389 1518
389 1528
389 1531
389 1532
389 1537
389 1548
389 1564
389 1568
389 1572
389 1573
389 1576
389 1577
389 1579
389 1587
389 1588
389 1597
389 1601
389 1603
389 1619
389 1622
389 1624
389 1627
389 1629
389 1632
389 1642
389 1647
389 1653
389 1673
389 1674
389 1679
389 1680
389 1682
389 1689
389 1696
389 1705
389 1711
389 1720
389 1725
389 1728
389 1729
389 1731
389 1735
389 1739
389 1742
389 1744
389 1745
389 1746
389 1748
389 1753
389 1764
389 1770
389 1771
389 1778
389 1788
389 1789
389 1793
389 1807
389 1814
389 1821
389 1830
389 1833
389 1835
389 1837
389 1842
389 1849
389 1852
389 1855
389 1860
389 1878
389 1892
389 1894
389 1902
389 1907
389 1909
389 1913
389 1924
389 1926
389 1937
389 1938
389 1950
389 1959
389 1961
389 1962
389 1972
389 1981
389 1982
389 1983
389 1986
389 1987
389 1988
389 1990
389 1992
389 1993
389 1994
389 1995
389 2004
389 2007
389 2025
389 2026
389 2038
389 2043
389 2044
389 2046
389 2060
389 2061
389 2062
389 2064
389 2066
389 2075
389 2077
389 2080
389 2085
389 2094
389 2107
389 2110
389 2113
389 2115
389 2126
389 2143
389 2145
389 2146
389 2148
389 2150
389 2191
389 2192
389 2200
389 2203
389 2208
389 2209
389 2221
389 2226
389 2227
389 2230
389 2231
389 2237
389 2238
389 2242
389 2247
389 2248
389 2252
389 2255
389 2256
389 2257
389 2260
389 2272
389 2274
389 2278
389 2283
389 2296
389 2301
389 2308
389 2311
389 2312
389 2313
389 2327
389 2330
389 2331
389 2334
389 2335
389 2336
389 2337
389 2339
389 2342
389 2343
389 2344
389 2346
389 2348
389 2349
389 2351
389 2354
389 2363
389 2379
389 2384
389 2393
389 2397
389 2415
389 2416
389 2418
389 2422
389 2424
389 2428
389 2432
389 2440
389 2441
389 2450
389 2462
389 2466
389 2472
389 2476
389 2484
389 2498
389 2500
389 2506
389 2507
389 2509
389 2511
389 2516
389 2518
389 2521
389 2523
389 2536
389 2541
389 2544
389 2546
389 2552
389 2559
389 2564
389 2572
389 2578
389 2580
389 2582
389 2583
389 2597
389 2598
389 2603
389 2605
389 2606
389 2607
389 2617
389 2623
389 2625
389 2626
389 2633
389 2640
389 2647
389 2648
389 2655
389 2661
389 2666
389 2669
389 2676
389 2685
389 2687
389 2697
389 2698
389 2704
389 2712
389 2717
389 2722
389 2725
389 2733
389 2739
389 2748
389 2752
389 2753
389 2756
389 2759
389 2761
389 2776
389 2778
389 2782
389 2786
389 2788
389 2804
389 2812
389 2818
389 2822
389 2828
389 2830
389 2834
389 2842
389 2845
389 2848
389 2858
389 2867
389 2868
389 2869
389 2880
389 2881
389 2884
389 2888
389 2892
389 2893
389 2895
389 2897
389 2903
389 2905
389 2914
389 2919
389 2924
389 2925
389 2931
389 2933
389 2936
389 2939
389 2941
389 2943
389 2944
389 2945
389 2950
389 2956
389 2959
389 2963
389 2965
389 2969
389 2975
389 2981
389 2990
389 3005
389 3009
389 3022
389 3030
389 3046
389 3063
389 3066
389 3067
389 3088
389 3091
389 3093
389 3101
389 3102
389 3104
389 3105
389 3106
389 3110
389 3124
389 3130
389 3133
389 3135
389 3140
389 3142
389 3147
389 3155
389 3160
389 3161
389 3165
389 3171
389 3182
389 3186
389 3192
389 3193
389 3196
389 3198
389 3200
389 3203
389 3208
389 3214
389 3218
389 3224
389 3225
389 3233
389 3235
389 3237
389 3238
389 3239
389 3241
389 3242
389 3244
389 3267
389 3269
389 3274
389 3276
389 3279
389 3284
389 3287
389 3289
389 3290
389 3291
389 3295
389 3298
389 3305
389 3310
389 3312
389 3316
389 3325
389 3340
389 3343
389 3349
389 3352
389 3359
389 3360
389 3365
389 3373
389 3374
389 3376
389 3379
389 3385
389 3392
389 3407
389 3438
389 3443
389 3448
389 3449
389 3454
389 3459
389 3460
389 3465
389 3466
389 3485
389 3492
389 3493
389 3495
389 3499
389 3501
389 3503
389 3515
389 3519
389 3522
389 3532
389 3541
389 3542
389 3550
389 3553
389 3554
389 3557
389 3563
389 3565
389 3566
389 3571
389 3573
389 3577
389 3581
389 3582
389 3590
389 3595
389 3597
389 3601
389 3602
389 3606
389 3615
389 3616
389 3623
389 3629
389 3648
389 3651
389 3652
389 3658
389 3660
389 3664
389 3678
389 3680
389 3681
389 3700
389 3701
389 3708
389 3710
389 3728
389 3730
389 3739
389 3741
389 3746
389 3756
389 3759
389 3761
389 3763
389 3766
389 3773
389 3774
389 3778
389 3779
389 3784
389 3790
389 3791
389 3809
389 3810
389 3829
389 3833
389 3836
389 3840
389 3843
389 3849
389 3857
389 3858
389 3873
389 3875
389 3877
389 3879
389 3881
389 3883
389 3884
389 3889
389 3896
389 3897
389 3911
389 3912
389 3913
389 3917
389 3919
389 3934
389 3935
389 3936
389 3944
389 3947
389 3953
389 3965
389 3966
389 3969
389 3970
389 3971
389 3975
389 3976
389 3978
389 3980
389 3983
389 3985
389 3987
397 3
397 6
397 8
397 10
397 18
397 21
397 22
397 24
397 30
397 40
397 45
397 47
397 49
397 51
397 52
397 57
397 69
397 70
397 72
397 83
397 85
397 91
397 93
397 94
397 97
397 103
397 104
397 106
397 108
397 110
397 111
397 114
397 118
397 122
397 136
397 138
397 139
397 152
397 177
397 184
397 185
397 190
397 193
397 196
397 204
397 217
397 220
397 227
397 234
397 237
397 239
397 240
397 252
397 255
397 263
397 267
397 271
397 281
397 282
397 283
397 288
397 289
397 297
397 299
397 302
397 303
397 305
397 307
397 313
397 321
397 322
397 323
397 330
397 334
397 343
397 344
397 348
397 349
397 359
397 360
397 370
397 379
397 380
397 396
397 401
397 425
397 426
397 428
397 431
397 435
397 447
397 454
397 462
397 468
397 475
397 478
397 482
397 493
397 500
397 507
397 528
397 531
397 542
397 547
397 554
397 563
397 572
397 573
397 584
397 585
397 591
397 594
397 598
397 602
397 605
397 609
397 610
397 612
397 619
397 620
397 621
397 626
397 629
397 635
397 638
397 643
397 649
397 668
397 673
397 680
397 686
397 687
397 695
397 701
397 702
397 703
397 706
397 713
397 717
397 743
397 749
397 757
397 761
397 770
397 772
397 786
397 787
397 796
397 806
397 808
397 814
397 819
397 825
397 826
397 827
397 830
397 832
397 840
397 841
397 842
397 844
397 848
397 852
397 876
397 879
397 881
397 883
397 891
397 896
397 897
397 900
397 907
397 915
397 934
397 943
397 944
397 946
397 947
397 948
397 952
397 956
397 960
397 962
397 964
397 966
397 970
397 973
397 976
397 980
397 983
397 989
397 994
397 999
397 1003
397 1005
397 1006
397 1010
397 1011
397 1018
397 1020
397 1025
397 1028
397 1029
397 1031
397 1036
397 1045
397 1048
397 1051
397 1053
397 1056
397 1074
397 1077
397 1078
397 1085
397 1087
397 1091
397 1096
397 1101
397 1109
397 1110
397 1120
397 1121
397 1131
397 1137
397 1142
397 1144
397 1154
397 1162
397 1169
397 1177
397 1178
397 1180
397 1181
397 1184
397 1191
397 1193
397 1194
397 1212
397 1216
397 1233
397 1235
397 1237
397 1246
397 1248
397 1256
397 1262
397 1263
397 1266
397 1273
397 1274
397 1278
397 1280
397 1291
397 1292
397 1294
397 1299
397 1300
397 1307
397 1312
397 1318
397 1320
397 1323
397 1324
397 1327
397 1332
397 1352
397 1354
397 1383
397 1389
397 1405
397 1407
397 1408
397 1417
397 1420
397 1424
397 1426
397 1427
397 1429
397 1434
397 1437
397 1439
397 1444
397 1449
397 1453
397 1455
397 1456
397 1473
397 1477
397 1489
397 1492
397 1502
397 1503
397 1514
397 1520
397 1521
397 1522
397 1525
397 1529
397 1530
397 1539
397 1544
397 1546
397 1556
397 1566
397 1571
397 1577
397 1581
397 1584
397 1585
397 1586
397 1609
397 1611
397 1619
397 1623
397 1627
397 1630
397 1633
397 1636
397 1647
397 1652
397 1661
397 1677
397 1678
397 1683
397 1686
397 1692
397 1699
397 1700
397 1701
397 1722
397 1731
397 1733
397 1736
397 1740
397 1746
397 1747
397 1751
397 1757
397 1758
397 1770
397 1771
397 1773
397 1781
397 1782
397 1788
397 1812
397 1817
397 1824
397 1826
397 1832
397 1836
397 1846
397 1848
397 1854
397 1858
397 1859
397 1860
397 1865
397 1866
397 1867
397 1869
397 1871
397 1879
397 1902
397 1903
397 1915
397 1916
397 1917
397 1919
397 1926
397 1930
397 1931
397 1932
397 1933
397 1934
397 1935
397 1939
397 1940
397 1943
397 1949
397 1951
397 1954
397 1967
397 1968
397 1970
397 1978
397 1988
397 1999
397 2008
397 2016
397 2017
397 2022
397 2029
397 2033
397 2048
397 2055
397 2065
397 2067
397 2085
397 2102
397 2108
397 2110
397 2128
397 2130
397 2141
397 2143
397 2144
397 2156
397 2158
397 2178
397 2180
397 2182
397 2183
397 2184
397 2195
397 2205
397 2206
397 2217
397 2230
397 2235
397 2237
397 2246
397 2247
397 2248
397 2252
397 2255
397 2258
397 2260
397 2269
397 2270
397 2276
397 2280
397 2285
397 2286
397 2294
397 2300
397 2307
397 2311
397 2316
397 2322
397 2328
397 2329
397 2333
397 2336
397 2339
397 2340
397 2349
397 2352
397 2355
397 2360
397 2362
397 2364
397 2365
397 2366
397 2370
397 2372
397 2375
397 2377
397 2386
397 2387
397 2391
397 2403
397 2405
397 2408
397 2413
397 2416
397 2418
397 2427
397 2435
397 2436
397 2440
397 2442
397 2447
397 2449
397 2450
397 2456
397 2460
397 2462
397 2465
397 2470
397 2476
397 2478
397 2481
397 2483
397 2486
397 2493
397 2495
397 2496
397 2500
397 2501
397 2519
397 2531
397 2561
397 2563
397 2567
397 2586
397 2587
397 2591
397 2600
397 2601
397 2604
397 2608
397 2609
397 2610
397 2611
397 2615
397 2638
397 2644
397 2645
397 2646
397 2651
397 2653
397 2655
397 2657
397 2671
397 2675
397 2680
397 2689
397 2697
397 2702
397 2711
397 2713
397 2718
397 2723
397 2725
397 2749
397 2751
397 2754
397 2755
397 2757
397 2763
397 2765
397 2766
397 2774
397 2775
397 2783
397 2784
397 2798
397 2806
397 2807
397 2810
397 2814
397 2815
397 2820
397 2822
397 2825
397 2829
397 2832
397 2836
397 2850
397 2861
397 2862
397 2863
397 2867
397 2870
397 2874
397 2881
397 2899
397 2913
397 2915
397 2916
397 2918
397 2919
397 2923
397 2924
397 2927
397 2933
397 2935
397 2936
397 2940
397 2943
397 2947
397 2952
397 2958
397 2959
397 2968
397 2972
397 2974
397 2978
397 2983
397 2995
397 3000
397 3002
397 3013
397 3016
397 3024
397 3027
397 3033
397 3034
397 3035
397 3038
397 3041
397 3050
397 3060
397 3067
397 3076
397 3088
397 3090
397 3096
397 3105
397 3107
397 3114
397 3116
397 3117
397 3119
397 3128
397 3129
397 3134
397 3141
397 3148
397 3153
397 3154
397 3156
397 3170
397 3173
397 3175
397 3180
397 3182
397 3183
397 3187
397 3195
397 3198
397 3199
397 3203
397 3208
397 3210
397 3229
397 3231
397 3240
397 3241
397 3242
397 3256
397 3262
397 3264
397 3269
397 3270
397 3271
397 3272
397 3273
397 3274
397 3275
397 3276
397 3278
397 3279
397 3281
397 3284
397 3285
397 3293
397 3294
397 3296
397 3299
397 3300
397 3307
397 3313
397 3319
397 3321
397 3323
397 3325
397 3339
397 3354
397 3359
397 3361
397 3364
397 3367
397 3385
397 3390
397 3400
397 3412
397 3421
397 3429
397 3435
397 3441
397 3443
397 3445
397 3457
397 3459
397 3460
397 3467
397 3478
397 3481
397 3491
397 3495
397 3506
397 3510
397 3512
397 3515
397 3519
397 3524
397 3525
397 3527
397 3537
397 3540
397 3542
397 3544
397 3545
397 3550
397 3558
397 3566
397 3567
397 3575
397 3576
397 3579
397 3581
397 3592
397 3596
397 3597
397 3598
397 3607
397 3610
397 3611
397 3616
397 3622
397 3627
397 3630
397 3632
397 3635
397 3649
397 3655
397 3667
397 3669
397 3687
397 3696
397 3702
397 3703
397 3709
397 3716
397 3721
397 3741
397 3742
397 3748
397 3750
397 3756
397 3757
397 3761
397 3762
397 3766
397 3767
397 3768
397 3769
397 3775
397 3780
397 3785
397 3786
397 3790
397 3797
397 3801
397 3806
397 3816
397 3818
397 3823
397 3826
397 3836
397 3847
397 3857
397 3858
397 3864
397 3888
397 3889
397 3893
397 3894
397 3898
397 3899
397 3902
397 3907
397 3913
397 3923
397 3925
397 3938
397 3942
397 3943
397 3946
397 3952
397 3954
397 3955
397 3964
397 3965
397 3968
397 3970
397 3986
397 3991
397 3998
3721 6
3721 12
3721 17
3721 22
3721 25
3721 30
3721 42
3721 44
3721 58
3721 61
3721 62
3721 68
3721 84
3721 92
3721 99
3721 100
3721 102
3721 126
3721 132
3721 160
3721 162
3721 163
3721 169
3721 173
3721 190
3721 199
3721 221
3721 225
3721 233
3721 239
3721 241
3721 250
3721 251
3721 254
3721 258
3721 259
3721 264
3721 267
3721 272
3721 278
3721 282
3721 292
3721 298
3721 300
3721 307
3721 309
3721 320
3721 322
3721 324
3721 326
3721 327
3721 328
3721 332
3721 336
3721 338
3721 343
3721 352
3721 357
3721 358
3721 360
3721 366
3721 372
3721 374
3721 376
3721 386
3721 397
3721 399
3721 400
3721 405
3721 407
3721 411
3721 414
3721 417
3721 422
3721 438
3721 441
3721 443
3721 459
3721 462
3721 464
3721 465
3721 482
3721 484
3721 502
3721 504
3721 507
3721 508
3721 511
3721 521
3721 522
3721 524
3721 533
3721 536
3721 547
3721 555
3721 557
3721 563
3721 575
3721 579
3721 584
3721 600
3721 611
3721 612
3721 613
3721 616
3721 619
3721 624
3721 626
3721 627
3721 634
3721 637
3721 640
3721 648
3721 655
3721 657
3721 670
3721 672
3721 673
3721 702
3721 703
3721 704
3721 705
3721 706
3721 712
3721 722
3721 726
3721 730
3721 732
3721 733
3721 735
3721 737
3721 741
3721 743
3721 748
3721 766
3721 771
3721 773
3721 774
3721 780
3721 786
3721 790
3721 801
3721 803
3721 805
3721 808
3721 836
3721 841
3721 849
3721 853
3721 857
3721 869
3721 878
3721 883
3721 885
3721 886
3721 887
3721 891
3721 894
3721 899
3721 908
3721 917
3721 920
3721 925
3721 931
3721 939
3721 944
3721 946
3721 948
3721 949
3721 951
3721 954
3721 962
3721 964
3721 969
3721 970
3721 977
3721 979
3721 980
3721 1001
3721 1007
3721 1009
3721 1010
3721 1018
3721 1022
3721 1027
3721 1034
3721 1036
3721 1038
3721 1050
3721 1051
3721 1052
3721 1058
3721 1063
3721 1072
3721 1091
3721 1100
3721 1101
3721 1114
3721 1115
3721 1119
3721 1120
3721 1121
3721 1124
3721 1126
3721 1127
3721 1131
3721 1139
3721 1143
3721 1146
3721 1161
3721 1180
3721 1189
3721 1193
3721 1197
3721 1200
3721 1203
3721 1206
3721 1207
3721 1211
3721 1216
3721 1217
3721 1223
3721 1225
3721 1226
3721 1229
3721 1234
3721 1236
3721 1244
3721 1249
3721 1257
3721 1260
3721 1261
3721 1279
3721 1284
3721 1292
3721 1293
3721 1303
3721 1304
3721 1306
3721 1316
3721 1318
3721 1319
3721 1323
3721 1327
3721 1331
3721 1336
3721 1340
3721 1343
3721 1349
3721 1350
3721 1351
3721 1353
3721 1355
3721 1359
3721 1372
3721 1380
3721 1382
3721 1393
3721 1398
3721 1402
3721 1414
3721 1420
3721 1428
3721 1441
3721 1446
3721 1447
3721 1454
3721 1459
3721 1460
3721 1465
3721 1473
3721 1477
3721 1478
3721 1482
3721 1483
3721 1485
3721 1488
3721 1490
3721 1497
3721 1502
3721 1504
3721 1509
3721 1513
3721 1515
3721 1519
3721 1525
3721 1526
3721 1530
3721 1532
3721 1542
3721 1546
3721 1547
3721 1550
3721 1551
3721 1552
3721 1553
3721 1556
3721 1559
3721 1561
3721 1562
3721 1563
3721 1566
3721 1569
3721 1577
3721 1580
3721 1582
3721 1585
3721 1587
3721 1594
3721 1595
3721 1600
3721 1601
3721 1602
3721 1606
3721 1613
3721 1619
3721 1622
3721 1626
3721 1641
3721 1644
3721 1651
3721 1665
3721 1668
3721 1669
3721 1673
3721 1675
3721 1681
3721 1689
3721 1692
3721 1696
3721 1697
3721 1701
3721 1704
3721 1711
3721 1713
3721 1719
3721 1722
3721 1723
3721 1738
3721 1746
3721 1749
3721 1753
3721 1757
3721 1758
3721 1769
3721 1777
3721 1793
3721 1796
3721 1805
3721 1811
3721 1812
3721 1814
3721 1819
3721 1822
3721 1828
3721 1832
3721 1835
3721 1847
3721 1852
3721 1860
3721 1868
3721 1870
3721 1874
3721 1886
3721 1889
3721 1890
3721 1893
3721 1922
3721 1930
3721 1936
3721 1942
3721 1944
3721 1946
3721 1948
3721 1952
3721 1953
3721 1955
3721 1956
3721 1960
3721 1961
3721 1966
3721 1967
3721 1970
3721 1977
3721 1978
3721 1980
3721 1981
3721 1995
3721 1997
3721 1998
3721 1999
3721 2000
3721 2003
3721 2006
3721 2007
3721 2013
3721 2019
3721 2020
3721 2024
3721 2031
3721 2039
3721 2041
3721 2042
3721 2045
3721 2060
3721 2061
3721 2069
3721 2073
3721 2074
3721 2076
3721 2084
3721 2089
3721 2095
3721 2098
3721 2099
3721 2116
3721 2120
3721 2125
3721 2128
3721 2129
3721 2132
3721 2135
3721 2138
3721 2148
3721 2160
3721 2163
3721 2170
3721 2173
3721 2174
3721 2175
3721 2185
3721 2205
3721 2206
3721 2210
3721 2211
3721 2220
3721 2232
3721 2239
3721 2244
3721 2251
3721 2253
3721 2255
3721 2256
3721 2257
3721 2258
3721 2263
3721 2266
3721 2267
3721 2272
3721 2273
3721 2277
3721 2279
3721 2285
3721 2295
3721 2302
3721 2304
3721 2305
3721 2307
3721 2313
3721 2315
3721 2327
3721 2330
3721 2339
3721 2345
3721 2347
3721 2354
3721 2358
3721 2365
3721 2366
3721 2369
3721 2371
3721 2375
3721 2381
3721 2382
3721 2383
3721 2384
3721 2396
3721 2400
3721 2403
3721 2405
3721 2408
3721 2409
3721 2413
3721 2420
3721 2423
3721 2429
3721 2437
3721 2440
3721 2451
3721 2456
3721 2458
3721 2459
3721 2464
3721 2471
3721 2474
3721 2479
3721 2486
3721 2496
3721 2501
3721 2506
3721 2510
3721 2512
3721 2514
3721 2515
3721 2516
3721 2519
3721 2521
3721 2523
3721 2526
3721 2529
3721 2536
3721 2538
3721 2543
3721 2553
3721 2555
3721 2557
3721 2563
3721 2567
3721 2576
3721 2577
3721 2578
3721 2584
3721 2587
3721 2592
3721 2595
3721 2602
3721 2609
3721 2616
3721 2617
3721 2630
3721 2639
3721 2647
3721 2652
3721 2653
3721 2662
3721 2666
3721 2671
3721 2672
3721 2673
3721 2674
3721 2680
3721 2683
3721 2687
3721 2688
3721 2698
3721 2700
3721 2706
3721 2710
3721 2721
3721 2724
3721 2728
3721 2735
3721 2750
3721 2751
3721 2754
3721 2756
3721 2763
3721 2772
3721 2786
3721 2792
3721 2801
3721 2802
3721 2811
3721 2812
3721 2817
3721 2818
3721 2822
3721 2832
3721 2848
3721 2850
3721 2852
3721 2856
3721 2857
3721 2858
3721 2861
3721 2863
3721 2875
3721 2881
3721 2887
3721 2890
3721 2896
3721 2899
3721 2901
3721 2902
3721 2907
3721 2913
3721 2920
3721 2921
3721 2924
3721 2932
3721 2936
3721 2938
3721 2945
3721 2957
3721 2966
3721 2969
3721 2987
3721 2995
3721 3004
3721 3006
3721 3008
3721 3015
3721 3017
3721 3022
3721 3030
3721 3033
3721 3034
3721 3040
3721 3042
3721 3046
3721 3051
3721 3054
3721 3059
3721 3070
3721 3072
3721 3078
3721 3079
3721 3082
3721 3084
3721 3085
3721 3099
3721 3125
3721 3139
3721 3143
3721 3144
3721 3155
3721 3158
3721 3163
3721 3172
3721 3173
3721 3175
3721 3178
3721 3179
3721 3181
3721 3185
3721 3186
3721 3201
3721 3204
3721 3211
3721 3212
3721 3213
3721 3216
3721 3219
3721 3221
3721 3225
3721 3233
3721 3236
3721 3246
3721 3247
3721 3267
3721 3270
3721 3272
3721 3276
3721 3277
3721 3286
3721 3303
3721 3304
3721 3311
3721 3317
3721 3320
3721 3324
3721 3326
3721 3340
3721 3341
3721 3343
3721 3344
3721 3346
3721 3359
3721 3362
3721 3363
3721 3367
3721 3370
3721 3371
3721 3373
3721 3376
3721 3378
3721 3382
3721 3391
3721 3401
3721 3406
3721 3425
3721 3427
3721 3429
3721 3431
3721 3437
3721 3439
3721 3447
3721 3449
3721 3455
3721 3456
3721 3464
3721 3468
3721 3479
3721 3483
3721 3487
3721 3493
3721 3499
3721 3501
3721 3505
3721 3506
3721 3509
3721 3513
3721 3514
3721 3515
3721 3521
3721 3523
3721 3542
3721 3544
3721 3545
3721 3549
3721 3558
3721 3570
3721 3584
3721 3591
3721 3603
3721 3608
3721 3620
3721 3624
3721 3636
3721 3637
3721 3643
3721 3656
3721 3660
3721 3665
3721 3668
3721 3670
3721 3672
3721 3677
3721 3680
3721 3683
3721 3687
3721 3697
3721 3701
3721 3706
3721 3707
3721 3717
3721 3731
3721 3733
3721 3738
3721 3743
3721 3748
3721 3756
3721 3758
3721 3761
3721 3766
3721 3768
3721 3774
3721 3775
3721 3778
3721 3782
3721 3784
3721 3785
3721 3789
3721 3802
3721 3806
3721 3807
3721 3832
3721 3833
3721 3842
3721 3845
3721 3847
3721 3854
3721 3856
3721 3861
3721 3863
3721 3866
3721 3868
3721 3870
3721 3874
3721 3885
3721 3888
3721 3909
3721 3910
3721 3920
3721 3922
3721 3925
3721 3928
3721 3932
3721 3957
3721 3960
3721 3963
3721 3964
3721 3967
3721 3971
3721 3974
3721 3977
3721 3986
3721 3989
3721 3996
3721 3997
615 3
615 5
615 6
615 7
615 8
615 9
615 17
615 18
615 21
615 26
615 30
615 34
615 35
615 44
615 45
615 46
615 63
615 70
615 73
615 75
615 87
615 88
615 93
615 100
615 104
615 112
615 116
615 120
615 121
615 122
615 125
615 129
615 140
615 141
615 142
615 146
615 154
615 159
615 162
615 168
615 171
615 176
615 180
615 193
615 194
615 200
615 206
615 209
615 211
615 222
615 225
615 230
615 232
615 235
615 239
615 250
615 257
615 260
615 266
615 269
615 270
615 271
615 272
615 274
615 282
615 286
615 295
615 300
615 304
615 321
615 324
615 325
615 332
615 334
615 345
615 355
615 359
615 365
615 370
615 371
615 372
615 373
615 376
615 394
615 396
615 398
615 404
615 405
615 419
615 420
615 423
615 427
615 431
615 434
615 445
615 447
615 449
615 456
615 459
615 463
615 465
615 467
615 468
615 474
615 475
615 481
615 483
615 490
615 491
615 492
615 494
615 498
615 503
615 504
615 506
615 511
615 512
615 513
615 515
615 516
615 520
615 523
615 525
615 528
615 535
615 541
615 547
615 550
615 555
615 565
615 566
615 576
615 577
615 579
615 586
615 598
615 599
615 605
615 608
615 611
615 613
615 618
615 637
615 638
615 640
615 641
615 644
615 646
615 647
615 648
615 654
615 659
615 663
615 666
615 669
615 673
615 684
615 686
615 687
615 689
615 690
615 693
615 701
615 704
615 710
615 712
615 714
615 725
615 730
615 731
615 732
615 734
615 735
615 736
615 747
615 756
615 764
615 769
615 786
615 798
615 804
615 810
615 811
615 822
615 824
615 834
615 835
615 836
615 839
615 847
615 849
615 852
615 853
615 861
615 878
615 879
615 884
615 886
615 888
615 895
615 900
615 902
615 904
615 906
615 908
615 909
615 914
615 922
615 935
615 938
615 939
615 961
615 962
615 968
615 972
615 983
615 985
615 991
615 996
615 1005
615 1006
615 1008
615 1009
615 1011
615 1016
615 1030
615 1039
615 1052
615 1053
615 1054
615 1057
615 1062
615 1063
615 1070
615 1073
615 1076
615 1083
615 1087
615 1090
615 1096
615 1104
615 1112
615 1120
615 1122
615 1141
615 1142
615 1143
615 1153
615 1159
615 1161
615 1167
615 1169
615 1178
615 1184
615 1189
615 1195
615 1200
615 1205
615 1206
615 1211
615 1214
615 1217
615 1220
615 1224
615 1226
615 1232
615 1242
615 1247
615 1252
615 1256
615 1259
615 1263
615 1270
615 1273
615 1277
615 1279
615 1281
615 1287
615 1293
615 1302
615 1309
615 1311
615 1316
615 1318
615 1323
615 1325
615 1329
615 1334
615 1335
615 1343
615 1345
615 1360
615 1364
615 1371
615 1385
615 1386
615 1417
615 1422
615 1424
615 1430
615 1432
615 1433
615 1438
615 1440
615 1444
615 1449
615 1456
615 1459
615 1462
615 1466
615 1470
615 1472
615 1475
615 1477
615 1488
615 1491
615 1501
615 1507
615 1510
615 1514
615 1516
615 1517
615 1522
615 1523
615 1537
615 1544
615 1547
615 1550
615 1551
615 1554
615 1559
615 1561
615 1564
615 1569
615 1582
615 1587
615 1594
615 1601
615 1603
615 1607
615 1615
615 1619
615 1626
615 1638
615 1640
615 1642
615 1648
615 1649
615 1655
615 1659
615 1664
615 1675
615 1676
615 1678
615 1681
615 1683
615 1690
615 1692
615 1700
615 1709
615 1711
615 1712
615 1714
615 1715
615 1718
615 1719
615 1722
615 1724
615 1725
615 1726
615 1739
615 1740
615 1745
615 1753
615 1754
615 1764
615 1765
615 1781
615 1784
615 1804
615 1813
615 1832
615 1835
615 1836
615 1837
615 1839
615 1846
615 1868
615 1873
615 1874
615 1875
615 1884
615 1891
615 1902
615 1912
615 1919
615 1920
615 1927
615 1932
615 1936
615 1937
615 1938
615 1948
615 1958
615 1971
615 1984
615 1985
615 1991
615 1993
615 2006
615 2011
615 2030
615 2031
615 2042
615 2043
615 2044
615 2046
615 2053
615 2055
615 2056
615 2061
615 2062
615 2064
615 2066
615 2067
615 2069
615 2077
615 2084
615 2092
615 2094
615 2095
615 2098
615 2100
615 2117
615 2122
615 2123
615 2125
615 2132
615 2135
615 2137
615 2148
615 2150
615 2151
615 2152
615 2162
615 2164
615 2167
615 2171
615 2179
615 2185
615 2187
615 2190
615 2197
615 2199
615 2207
615 2210
615 2213
615 2221
615 2226
615 2227
615 2240
615 2244
615 2246
615 2256
615 2257
615 2260
615 2272
615 2283
615 2293
615 2303
615 2305
615 2308
615 2317
615 2319
615 2333
615 2350
615 2355
615 2358
615 2360
615 2364
615 2365
615 2366
615 2367
615 2371
615 2373
615 2377
615 2378
615 2379
615 2385
615 2386
615 2397
615 2409
615 2410
615 2418
615 2419
615 2422
615 2424
615 2425
615 2426
615 2436
615 2439
615 2453
615 2455
615 2463
615 2471
615 2480
615 2484
615 2490
615 2494
615 2497
615 2499
615 2511
615 2513
615 2521
615 2523
615 2526
615 2531
615 2539
615 2541
615 2542
615 2552
615 2553
615 2555
615 2559
615 2568
615 2571
615 2574
615 2578
615 2579
615 2583
615 2589
615 2605
615 2607
615 2615
615 2619
615 2626
615 2627
615 2628
615 2631
615 2633
615 2634
615 2636
615 2638
615 2645
615 2646
615 2650
615 2653
615 2654
615 2658
615 2661
615 2667
615 2677
615 2683
615 2684
615 2686
615 2690
615 2693
615 2694
615 2697
615 2698
615 2718
615 2720
615 2723
615 2729
615 2734
615 2735
615 2737
615 2752
615 2753
615 2763
615 2765
615 2769
615 2774
615 2777
615 2781
615 2788
615 2803
615 2816
615 2818
615 2822
615 2828
615 2829
615 2831
615 2833
615 2834
615 2839
615 2840
615 2842
615 2845
615 2850
615 2856
615 2857
615 2860
615 2865
615 2866
615 2876
615 2878
615 2883
615 2884
615 2892
615 2900
615 2903
615 2910
615 2916
615 2929
615 2940
615 2946
615 2952
615 2954
615 2960
615 2971
615 2974
615 2975
615 2978
615 2981
615 2983
615 2986
615 2994
615 3002
615 3009
615 3024
615 3025
615 3026
615 3027
615 3028
615 3033
615 3036
615 3037
615 3044
615 3048
615 3051
615 3054
615 3066
615 3069
615 3071
615 3073
615 3086
615 3087
615 3090
615 3095
615 3100
615 3106
615 3110
615 3114
615 3117
615 3132
615 3141
615 3145
615 3149
615 3159
615 3160
615 3167
615 3168
615 3170
615 3175
615 3185
615 3205
615 3213
615 3223
615 3225
615 3227
615 3230
615 3234
615 3238
615 3239
615 3244
615 3250
615 3252
615 3267
615 3268
615 3282
615 3287
615 3289
615 3294
615 3299
615 3333
615 3334
615 3340
615 3342
615 3345
615 3347
615 3352
615 3354
615 3355
615 3362
615 3364
615 3367
615 3373
615 3376
615 3377
615 3385
615 3393
615 3401
615 3404
615 3407
615 3410
615 3422
615 3427
615 3431
615 3436
615 3438
615 3442
615 3444
615 3445
615 3447
615 3450
615 3452
615 3455
615 3457
615 3461
615 3463
615 3464
615 3470
615 3474
615 3477
615 3480
615 3482
615 3487
615 3495
615 3497
615 3499
615 3507
615 3519
615 3524
615 3532
615 3541
615 3544
615 3550
615 3552
615 3560
615 3561
615 3569
615 3574
615 3577
615 3578
615 3580
615 3584
615 3591
615 3593
615 3594
615 3599
615 3607
615 3609
615 3614
615 3615
615 3616
615 3623
615 3625
615 3628
615 3635
615 3645
615 3647
615 3653
615 3655
615 3658
615 3659
615 3673
615 3676
615 3678
615 3683
615 3685
615 3687
615 3688
615 3689
615 3692
615 3694
615 3701
615 3703
615 3704
615 3706
615 3719
615 3720
615 3726
615 3730
615 3731
615 3732
615 3734
615 3736
615 3746
615 3756
615 3759
615 3761
615 3762
615 3763
615 3764
615 3765
615 3767
615 3772
615 3774
615 3777
615 3778
615 3781
615 3782
615 3785
615 3799
615 3801
615 3803
615 3810
615 3824
615 3830
615 3838
615 3841
615 3844
615 3845
615 3848
615 3851
615 3857
615 3862
615 3869
615 3870
615 3873
615 3877
615 3881
615 3884
615 3888
615 3890
615 3896
615 3899
615 3903
615 3909
615 3925
615 3927
615 3929
615 3933
615 3934
615 3941
615 3947
615 3955
615 3956
615 3959
615 3966
615 3969
615 3978
615 3987
615 3990
615 3997
