p td 1600 3805 
1321 2
1321 3
1321 4
1321 6
1321 7
1321 10
1321 23
1321 26
1321 29
1321 30
1321 31
1321 32
1321 40
1321 42
1321 43
1321 54
1321 59
1321 71
1321 80
1321 82
1321 84
1321 85
1321 93
1321 98
1321 102
1321 103
1321 106
1321 112
1321 118
1321 122
1321 125
1321 126
1321 138
1321 144
1321 154
1321 161
1321 166
1321 182
1321 189
1321 194
1321 200
1321 201
1321 202
1321 209
1321 227
1321 230
1321 233
1321 242
1321 245
1321 253
1321 258
1321 263
1321 266
1321 279
1321 282
1321 286
1321 289
1321 291
1321 294
1321 297
1321 309
1321 310
1321 322
1321 324
1321 326
1321 328
1321 330
1321 331
1321 332
1321 349
1321 357
1321 363
1321 364
1321 366
1321 379
1321 385
1321 389
1321 406
1321 417
1321 421
1321 424
1321 427
1321 433
1321 437
1321 438
1321 440
1321 445
1321 446
1321 447
1321 451
1321 453
1321 457
1321 461
1321 464
1321 468
1321 473
1321 478
1321 484
1321 488
1321 493
1321 504
1321 512
1321 514
1321 515
1321 519
1321 529
1321 530
1321 532
1321 537
1321 538
1321 539
1321 543
1321 550
1321 555
1321 559
1321 565
1321 568
1321 569
1321 572
1321 575
1321 583
1321 587
1321 589
1321 591
1321 593
1321 596
1321 599
1321 601
1321 603
1321 610
1321 612
1321 616
1321 617
1321 624
1321 636
1321 651
1321 652
1321 658
1321 665
1321 667
1321 672
1321 676
1321 680
1321 690
1321 695
1321 700
1321 701
1321 702
1321 707
1321 711
1321 712
1321 714
1321 719
1321 720
1321 724
1321 734
1321 739
1321 747
1321 754
1321 765
1321 768
1321 772
1321 775
1321 798
1321 803
1321 806
1321 807
1321 810
1321 817
1321 818
1321 821
1321 827
1321 828
1321 831
1321 832
1321 839
1321 846
1321 850
1321 851
1321 854
1321 856
1321 861
1321 863
1321 864
1321 865
1321 866
1321 869
1321 873
1321 881
1321 882
1321 896
1321 904
1321 910
1321 911
1321 912
1321 916
1321 920
1321 922
1321 925
1321 926
1321 931
1321 933
1321 935
1321 947
1321 958
1321 960
1321 963
1321 966
1321 974
1321 993
1321 995
1321 998
1321 1002
1321 1011
1321 1015
1321 1036
1321 1039
1321 1044
1321 1047
1321 1050
1321 1069
1321 1072
1321 1074
1321 1096
1321 1097
1321 1100
1321 1106
1321 1110
1321 1111
1321 1125
1321 1136
1321 1153
1321 1156
1321 1157
1321 1173
1321 1176
1321 1177
1321 1180
1321 1186
1321 1189
1321 1195
1321 1201
1321 1206
1321 1210
1321 1211
1321 1220
1321 1222
1321 1226
1321 1227
1321 1228
1321 1237
1321 1239
1321 1240
1321 1250
1321 1260
1321 1265
1321 1269
1321 1270
1321 1283
1321 1284
1321 1285
1321 1288
1321 1289
1321 1302
1321 1303
1321 1305
1321 1306
1321 1316
1321 1318
1321 1320
1321 1334
1321 1343
1321 1345
1321 1365
1321 1369
1321 1372
1321 1380
1321 1389
1321 1391
1321 1393
1321 1395
1321 1397
1321 1402
1321 1404
1321 1406
1321 1407
1321 1410
1321 1414
1321 1415
1321 1424
1321 1427
1321 1430
1321 1434
1321 1436
1321 1437
1321 1448
1321 1453
1321 1460
1321 1461
1321 1462
1321 1463
1321 1470
1321 1471
1321 1472
1321 1475
1321 1482
1321 1486
1321 1501
1321 1508
1321 1509
1321 1521
1321 1526
1321 1538
1321 1540
1321 1541
1321 1543
1321 1556
1321 1557
1321 1562
1321 1573
1321 1574
1321 1575
1321 1581
1321 1586
1321 1587
1321 1589
1321 1596
1068 4
1068 12
1068 13
1068 15
1068 23
1068 27
1068 28
1068 29
1068 31
1068 36
1068 46
1068 49
1068 55
1068 61
1068 66
1068 68
1068 69
1068 73
1068 89
1068 90
1068 91
1068 92
1068 100
1068 102
1068 105
1068 109
1068 118
1068 119
1068 121
1068 124
1068 136
1068 143
1068 145
1068 149
1068 151
1068 153
1068 156
1068 161
1068 164
1068 165
1068 167
1068 176
1068 181
1068 183
1068 192
1068 198
1068 210
1068 219
1068 221
1068 223
1068 226
1068 236
1068 239
1068 240
1068 246
1068 250
1068 262
1068 280
1068 285
1068 288
1068 291
1068 293
1068 307
1068 316
1068 322
1068 338
1068 349
1068 354
1068 361
1068 367
1068 380
1068 389
1068 398
1068 399
1068 402
1068 403
1068 404
1068 410
1068 419
1068 425
1068 427
1068 440
1068 443
1068 444
1068 445
1068 447
1068 451
1068 454
1068 459
1068 469
1068 483
1068 505
1068 507
1068 510
1068 515
1068 517
1068 518
1068 519
1068 520
1068 525
1068 527
1068 540
1068 546
1068 551
1068 552
1068 563
1068 565
1068 566
1068 568
1068 572
1068 573
1068 578
1068 580
1068 583
1068 593
1068 597
1068 602
1068 613
1068 615
1068 618
1068 622
1068 623
1068 643
1068 644
1068 645
1068 654
1068 658
1068 662
1068 663
1068 665
1068 669
1068 675
1068 676
1068 688
1068 693
1068 697
1068 707
1068 708
1068 712
1068 714
1068 717
1068 719
1068 722
1068 730
1068 732
1068 741
1068 742
1068 745
1068 746
1068 762
1068 770
1068 774
1068 777
1068 784
1068 785
1068 792
1068 796
1068 798
1068 801
1068 812
1068 817
1068 818
1068 820
1068 821
1068 822
1068 824
1068 836
1068 842
1068 860
1068 866
1068 871
1068 872
1068 880
1068 881
1068 882
1068 886
1068 889
1068 894
1068 898
1068 899
1068 905
1068 910
1068 924
1068 926
1068 934
1068 938
1068 943
1068 946
1068 948
1068 950
1068 952
1068 954
1068 959
1068 963
1068 964
1068 968
1068 972
1068 975
1068 976
1068 977
1068 978
1068 980
1068 985
1068 994
1068 995
1068 998
1068 1002
1068 1010
1068 1012
1068 1014
1068 1015
1068 1017
1068 1037
1068 1040
1068 1045
1068 1046
1068 1054
1068 1055
1068 1058
1068 1068
1068 1069
1068 1070
1068 1071
1068 1081
1068 1086
1068 1088
1068 1091
1068 1098
1068 1110
1068 1117
1068 1119
1068 1122
1068 1123
1068 1124
1068 1128
1068 1131
1068 1135
1068 1144
1068 1161
1068 1177
1068 1188
1068 1199
1068 1200
1068 1201
1068 1204
1068 1207
1068 1218
1068 1222
1068 1229
1068 1230
1068 1238
1068 1245
1068 1251
1068 1254
1068 1262
1068 1266
1068 1279
1068 1283
1068 1285
1068 1287
1068 1288
1068 1292
1068 1293
1068 1303
1068 1305
1068 1321
1068 1324
1068 1326
1068 1327
1068 1331
1068 1338
1068 1344
1068 1349
1068 1352
1068 1354
1068 1361
1068 1366
1068 1371
1068 1374
1068 1383
1068 1385
1068 1396
1068 1401
1068 1402
1068 1404
1068 1406
1068 1409
1068 1411
1068 1420
1068 1427
1068 1437
1068 1439
1068 1443
1068 1453
1068 1458
1068 1466
1068 1468
1068 1476
1068 1485
1068 1508
1068 1511
1068 1526
1068 1529
1068 1531
1068 1534
1068 1553
1068 1557
1068 1558
1068 1559
1068 1562
1068 1572
1068 1577
1068 1578
1068 1581
1068 1582
1068 1588
1068 1590
1068 1600
922 2
922 23
922 25
922 30
922 39
922 43
922 57
922 62
922 71
922 74
922 77
922 88
922 103
922 106
922 111
922 128
922 130
922 131
922 144
922 148
922 150
922 153
922 160
922 163
922 167
922 170
922 176
922 180
922 181
922 193
922 197
922 198
922 205
922 206
922 216
922 219
922 221
922 226
922 228
922 229
922 236
922 240
922 245
922 250
922 256
922 257
922 263
922 270
922 276
922 281
922 288
922 295
922 296
922 297
922 301
922 306
922 307
922 309
922 310
922 329
922 340
922 343
922 357
922 359
922 364
922 368
922 373
922 374
922 375
922 376
922 388
922 390
922 396
922 399
922 400
922 413
922 418
922 419
922 423
922 426
922 430
922 439
922 440
922 441
922 447
922 458
922 470
922 474
922 475
922 479
922 481
922 484
922 485
922 487
922 490
922 491
922 504
922 505
922 506
922 507
922 508
922 519
922 520
922 523
922 526
922 527
922 528
922 532
922 540
922 547
922 557
922 563
922 567
922 572
922 573
922 576
922 582
922 584
922 590
922 597
922 600
922 603
922 619
922 626
922 638
922 640
922 650
922 658
922 659
922 663
922 666
922 671
922 676
922 678
922 679
922 692
922 694
922 700
922 701
922 715
922 723
922 750
922 757
922 765
922 788
922 795
922 807
922 816
922 821
922 822
922 824
922 827
922 834
922 843
922 847
922 852
922 859
922 862
922 865
922 866
922 875
922 881
922 884
922 887
922 893
922 894
922 902
922 919
922 926
922 931
922 935
922 942
922 944
922 945
922 946
922 964
922 968
922 970
922 971
922 975
922 978
922 985
922 987
922 988
922 995
922 1006
922 1010
922 1023
922 1033
922 1034
922 1035
922 1042
922 1047
922 1053
922 1066
922 1067
922 1069
922 1084
922 1093
922 1096
922 1109
922 1123
922 1124
922 1130
922 1131
922 1144
922 1158
922 1160
922 1161
922 1170
922 1181
922 1183
922 1189
922 1191
922 1192
922 1195
922 1202
922 1217
922 1237
922 1238
922 1240
922 1242
922 1243
922 1248
922 1256
922 1260
922 1261
922 1262
922 1267
922 1268
922 1277
922 1279
922 1281
922 1293
922 1296
922 1298
922 1300
922 1302
922 1304
922 1305
922 1315
922 1317
922 1329
922 1331
922 1346
922 1347
922 1354
922 1358
922 1359
922 1360
922 1364
922 1368
922 1372
922 1376
922 1384
922 1388
922 1397
922 1407
922 1417
922 1419
922 1425
922 1426
922 1428
922 1432
922 1434
922 1435
922 1438
922 1439
922 1443
922 1444
922 1452
922 1464
922 1470
922 1475
922 1477
922 1485
922 1498
922 1506
922 1508
922 1510
922 1511
922 1530
922 1535
922 1536
922 1540
922 1559
922 1561
922 1565
922 1574
922 1579
922 1580
922 1582
922 1593
922 1599
445 1
445 2
445 20
445 22
445 26
445 27
445 42
445 47
445 56
445 58
445 59
445 60
445 66
445 69
445 71
445 81
445 83
445 85
445 89
445 90
445 106
445 109
445 113
445 114
445 122
445 131
445 132
445 136
445 146
445 149
445 151
445 154
445 157
445 177
445 184
445 185
445 190
445 196
445 197
445 201
445 205
445 216
445 217
445 230
445 234
445 238
445 242
445 245
445 254
445 256
445 258
445 263
445 265
445 268
445 269
445 271
445 281
445 290
445 300
445 303
445 307
445 309
445 316
445 327
445 334
445 339
445 344
445 347
445 349
445 352
445 353
445 357
445 369
445 371
445 376
445 379
445 380
445 382
445 384
445 386
445 387
445 388
445 389
445 402
445 404
445 408
445 413
445 421
445 423
445 447
445 450
445 452
445 457
445 458
445 461
445 464
445 469
445 470
445 486
445 497
445 498
445 509
445 513
445 528
445 531
445 534
445 551
445 558
445 560
445 561
445 563
445 565
445 567
445 572
445 577
445 579
445 590
445 591
445 594
445 602
445 609
445 618
445 625
445 629
445 635
445 640
445 646
445 647
445 649
445 651
445 655
445 658
445 667
445 677
445 680
445 694
445 696
445 698
445 702
445 710
445 713
445 721
445 727
445 731
445 733
445 738
445 744
445 747
445 749
445 750
445 761
445 763
445 766
445 767
445 783
445 784
445 785
445 786
445 789
445 794
445 806
445 807
445 809
445 833
445 844
445 845
445 853
445 855
445 857
445 866
445 867
445 875
445 885
445 889
445 890
445 892
445 894
445 896
445 917
445 931
445 933
445 941
445 959
445 960
445 962
445 965
445 968
445 980
445 989
445 991
445 992
445 1000
445 1001
445 1008
445 1009
445 1010
445 1018
445 1024
445 1030
445 1031
445 1038
445 1039
445 1053
445 1056
445 1057
445 1059
445 1075
445 1084
445 1088
445 1107
445 1108
445 1116
445 1118
445 1120
445 1128
445 1132
445 1136
445 1138
445 1141
445 1143
445 1147
445 1150
445 1151
445 1153
445 1155
445 1179
445 1181
445 1193
445 1194
445 1201
445 1206
445 1212
445 1217
445 1223
445 1230
445 1234
445 1240
445 1247
445 1251
445 1252
445 1254
445 1256
445 1269
445 1280
445 1283
445 1295
445 1303
445 1306
445 1307
445 1309
445 1315
445 1317
445 1318
445 1321
445 1329
445 1337
445 1339
445 1343
445 1346
445 1350
445 1355
445 1357
445 1361
445 1367
445 1368
445 1377
445 1382
445 1386
445 1395
445 1396
445 1399
445 1403
445 1417
445 1419
445 1425
445 1434
445 1437
445 1438
445 1452
445 1455
445 1467
445 1484
445 1487
445 1491
445 1492
445 1495
445 1499
445 1501
445 1506
445 1515
445 1535
445 1544
445 1555
445 1556
445 1564
445 1566
445 1570
445 1583
445 1587
445 1595
215 1
215 6
215 15
215 20
215 22
215 23
215 29
215 52
215 57
215 68
215 71
215 73
215 79
215 85
215 96
215 101
215 102
215 103
215 105
215 106
215 112
215 124
215 128
215 129
215 141
215 143
215 144
215 146
215 151
215 157
215 161
215 165
215 168
215 169
215 174
215 176
215 179
215 181
215 182
215 183
215 185
215 193
215 195
215 200
215 201
215 209
215 210
215 215
215 222
215 229
215 230
215 233
215 240
215 243
215 248
215 255
215 257
215 263
215 272
215 273
215 277
215 284
215 292
215 294
215 302
215 304
215 305
215 306
215 314
215 315
215 317
215 323
215 328
215 345
215 351
215 353
215 360
215 365
215 367
215 371
215 383
215 384
215 385
215 392
215 412
215 413
215 421
215 429
215 436
215 441
215 442
215 445
215 456
215 457
215 459
215 465
215 470
215 472
215 476
215 479
215 481
215 485
215 487
215 489
215 497
215 501
215 507
215 510
215 517
215 524
215 526
215 527
215 528
215 532
215 539
215 543
215 545
215 547
215 553
215 558
215 560
215 564
215 568
215 569
215 572
215 582
215 583
215 584
215 592
215 597
215 617
215 618
215 630
215 634
215 649
215 660
215 663
215 665
215 668
215 671
215 676
215 687
215 691
215 693
215 698
215 701
215 703
215 709
215 712
215 721
215 723
215 724
215 727
215 728
215 729
215 733
215 735
215 736
215 738
215 741
215 753
215 755
215 758
215 762
215 779
215 782
215 786
215 794
215 797
215 814
215 815
215 816
215 819
215 820
215 826
215 834
215 838
215 843
215 847
215 850
215 859
215 868
215 869
215 871
215 877
215 884
215 885
215 889
215 897
215 900
215 904
215 915
215 921
215 923
215 927
215 934
215 950
215 952
215 956
215 961
215 965
215 973
215 983
215 985
215 990
215 992
215 995
215 998
215 1006
215 1008
215 1026
215 1035
215 1039
215 1045
215 1046
215 1048
215 1060
215 1066
215 1070
215 1073
215 1076
215 1079
215 1083
215 1084
215 1090
215 1095
215 1097
215 1108
215 1110
215 1112
215 1120
215 1127
215 1134
215 1141
215 1146
215 1149
215 1158
215 1161
215 1166
215 1167
215 1171
215 1172
215 1181
215 1185
215 1196
215 1197
215 1203
215 1212
215 1215
215 1225
215 1230
215 1231
215 1237
215 1251
215 1252
215 1265
215 1284
215 1288
215 1290
215 1291
215 1296
215 1297
215 1301
215 1304
215 1306
215 1309
215 1310
215 1311
215 1312
215 1315
215 1316
215 1318
215 1319
215 1320
215 1321
215 1326
215 1340
215 1341
215 1348
215 1352
215 1356
215 1359
215 1360
215 1365
215 1366
215 1370
215 1375
215 1377
215 1383
215 1386
215 1388
215 1390
215 1398
215 1401
215 1409
215 1423
215 1428
215 1436
215 1458
215 1463
215 1464
215 1470
215 1471
215 1478
215 1480
215 1484
215 1492
215 1494
215 1498
215 1500
215 1504
215 1509
215 1520
215 1521
215 1525
215 1526
215 1528
215 1529
215 1530
215 1531
215 1553
215 1563
215 1567
215 1569
215 1581
215 1583
215 1585
215 1591
215 1592
215 1599
79 15
79 17
79 26
79 30
79 31
79 36
79 38
79 47
79 51
79 58
79 89
79 92
79 94
79 95
79 99
79 102
79 114
79 117
79 129
79 135
79 136
79 137
79 149
79 150
79 152
79 153
79 163
79 167
79 170
79 177
79 178
79 182
79 190
79 200
79 203
79 205
79 224
79 229
79 234
79 236
79 243
79 245
79 249
79 252
79 253
79 254
79 258
79 259
79 261
79 277
79 282
79 296
79 297
79 299
79 310
79 312
79 321
79 324
79 327
79 348
79 349
79 352
79 353
79 356
79 362
79 363
79 364
79 365
79 371
79 372
79 375
79 378
79 381
79 385
79 390
79 420
79 427
79 428
79 433
79 435
79 436
79 442
79 448
79 449
79 456
79 461
79 463
79 466
79 478
79 492
79 500
79 501
79 503
79 504
79 509
79 514
79 520
79 529
79 530
79 536
79 541
79 545
79 547
79 548
79 549
79 551
79 556
79 570
79 575
79 577
79 580
79 582
79 585
79 588
79 600
79 605
79 617
79 626
79 628
79 631
79 634
79 637
79 648
79 651
79 663
79 664
79 667
79 671
79 672
79 677
79 683
79 690
79 693
79 696
79 700
79 705
79 708
79 711
79 715
79 721
79 724
79 729
79 736
79 749
79 751
79 756
79 759
79 761
79 764
79 766
79 771
79 774
79 778
79 782
79 784
79 797
79 799
79 805
79 812
79 814
79 815
79 816
79 826
79 833
79 840
79 843
79 845
79 846
79 852
79 855
79 868
79 874
79 876
79 878
79 882
79 883
79 886
79 887
79 889
79 892
79 895
79 906
79 907
79 911
79 918
79 923
79 925
79 930
79 938
79 942
79 944
79 949
79 957
79 963
79 964
79 969
79 986
79 994
79 998
79 999
79 1007
79 1008
79 1010
79 1015
79 1016
79 1023
79 1024
79 1044
79 1050
79 1058
79 1065
79 1066
79 1067
79 1075
79 1076
79 1079
79 1080
79 1083
79 1084
79 1098
79 1101
79 1102
79 1118
79 1120
79 1133
79 1137
79 1139
79 1145
79 1146
79 1154
79 1160
79 1167
79 1174
79 1178
79 1185
79 1187
79 1188
79 1190
79 1192
79 1193
79 1194
79 1197
79 1199
79 1202
79 1205
79 1218
79 1222
79 1229
79 1232
79 1233
79 1234
79 1235
79 1236
79 1240
79 1241
79 1247
79 1248
79 1258
79 1269
79 1272
79 1275
79 1278
79 1281
79 1282
79 1285
79 1290
79 1293
79 1294
79 1297
79 1299
79 1300
79 1308
79 1313
79 1319
79 1325
79 1326
79 1328
79 1331
79 1339
79 1342
79 1352
79 1362
79 1363
79 1365
79 1368
79 1378
79 1388
79 1390
79 1391
79 1401
79 1402
79 1407
79 1410
79 1412
79 1416
79 1421
79 1427
79 1429
79 1430
79 1433
79 1434
79 1435
79 1442
79 1456
79 1457
79 1469
79 1477
79 1478
79 1480
79 1481
79 1482
79 1483
79 1484
79 1485
79 1486
79 1489
79 1501
79 1506
79 1518
79 1526
79 1529
79 1533
79 1534
79 1539
79 1558
79 1559
79 1566
79 1569
79 1572
79 1573
79 1578
79 1583
79 1584
79 1593
79 1598
1409 5
1409 8
1409 16
1409 20
1409 23
1409 25
1409 27
1409 34
1409 38
1409 42
1409 43
1409 55
1409 76
1409 88
1409 90
1409 94
1409 101
1409 105
1409 106
1409 107
1409 108
1409 109
1409 110
1409 113
1409 116
1409 117
1409 122
1409 130
1409 131
1409 133
1409 139
1409 147
1409 151
1409 155
1409 156
1409 157
1409 160
1409 171
1409 175
1409 177
1409 179
1409 180
1409 184
1409 187
1409 203
1409 205
1409 216
1409 218
1409 220
1409 224
1409 230
1409 232
1409 242
1409 245
1409 247
1409 258
1409 261
1409 264
1409 266
1409 268
1409 274
1409 275
1409 287
1409 290
1409 295
1409 298
1409 299
1409 300
1409 308
1409 314
1409 324
1409 325
1409 335
1409 342
1409 351
1409 354
1409 356
1409 359
1409 362
1409 364
1409 365
1409 366
1409 368
1409 369
1409 375
1409 376
1409 377
1409 380
1409 383
1409 391
1409 400
1409 403
1409 405
1409 415
1409 423
1409 424
1409 427
1409 428
1409 433
1409 450
1409 451
1409 457
1409 466
1409 471
1409 473
1409 481
1409 484
1409 488
1409 492
1409 496
1409 497
1409 500
1409 506
1409 509
1409 510
1409 513
1409 518
1409 521
1409 522
1409 528
1409 529
1409 536
1409 538
1409 542
1409 544
1409 553
1409 558
1409 561
1409 562
1409 564
1409 571
1409 572
1409 582
1409 583
1409 585
1409 591
1409 592
1409 595
1409 596
1409 606
1409 611
1409 615
1409 630
1409 636
1409 639
1409 646
1409 661
1409 664
1409 670
1409 675
1409 676
1409 678
1409 700
1409 701
1409 706
1409 709
1409 717
1409 718
1409 721
1409 724
1409 731
1409 746
1409 749
1409 752
1409 757
1409 765
1409 780
1409 784
1409 787
1409 792
1409 796
1409 799
1409 801
1409 804
1409 813
1409 832
1409 842
1409 853
1409 854
1409 856
1409 860
1409 861
1409 862
1409 872
1409 880
1409 885
1409 889
1409 890
1409 891
1409 901
1409 903
1409 908
1409 912
1409 913
1409 917
1409 925
1409 926
1409 949
1409 951
1409 956
1409 967
1409 977
1409 983
1409 984
1409 987
1409 989
1409 999
1409 1000
1409 1012
1409 1021
1409 1023
1409 1024
1409 1027
1409 1031
1409 1034
1409 1035
1409 1037
1409 1043
1409 1068
1409 1070
1409 1085
1409 1088
1409 1097
1409 1098
1409 1108
1409 1117
1409 1118
1409 1119
1409 1122
1409 1126
1409 1129
1409 1146
1409 1160
1409 1162
1409 1166
1409 1172
1409 1173
1409 1174
1409 1178
1409 1191
1409 1204
1409 1207
1409 1214
1409 1215
1409 1225
1409 1229
1409 1235
1409 1239
1409 1244
1409 1248
1409 1252
1409 1253
1409 1257
1409 1258
1409 1263
1409 1266
1409 1267
1409 1274
1409 1276
1409 1280
1409 1281
1409 1285
1409 1294
1409 1297
1409 1307
1409 1312
1409 1313
1409 1323
1409 1326
1409 1331
1409 1344
1409 1351
1409 1354
1409 1359
1409 1367
1409 1379
1409 1386
1409 1390
1409 1391
1409 1396
1409 1399
1409 1404
1409 1408
1409 1415
1409 1420
1409 1424
1409 1425
1409 1426
1409 1427
1409 1445
1409 1450
1409 1461
1409 1463
1409 1482
1409 1487
1409 1491
1409 1494
1409 1495
1409 1496
1409 1502
1409 1503
1409 1505
1409 1506
1409 1508
1409 1513
1409 1527
1409 1538
1409 1547
1409 1549
1409 1559
1409 1563
1409 1565
1409 1569
1409 1573
1409 1576
1409 1580
1409 1591
1409 1595
1046 5
1046 8
1046 12
1046 15
1046 18
1046 32
1046 39
1046 45
1046 46
1046 49
1046 60
1046 63
1046 73
1046 76
1046 81
1046 87
1046 89
1046 98
1046 104
1046 107
1046 111
1046 130
1046 131
1046 132
1046 140
1046 142
1046 144
1046 147
1046 151
1046 158
1046 159
1046 160
1046 162
1046 167
1046 175
1046 176
1046 177
1046 179
1046 192
1046 212
1046 217
1046 218
1046 219
1046 222
1046 240
1046 243
1046 264
1046 267
1046 269
1046 276
1046 283
1046 286
1046 289
1046 294
1046 296
1046 310
1046 313
1046 324
1046 325
1046 326
1046 334
1046 340
1046 342
1046 344
1046 349
1046 350
1046 351
1046 355
1046 365
1046 370
1046 376
1046 389
1046 400
1046 407
1046 413
1046 416
1046 420
1046 424
1046 433
1046 435
1046 437
1046 457
1046 458
1046 459
1046 460
1046 466
1046 468
1046 470
1046 481
1046 492
1046 507
1046 508
1046 514
1046 516
1046 524
1046 525
1046 541
1046 542
1046 543
1046 555
1046 560
1046 565
1046 568
1046 569
1046 577
1046 581
1046 584
1046 585
1046 590
1046 597
1046 611
1046 613
1046 618
1046 629
1046 650
1046 652
1046 660
1046 675
1046 679
1046 681
1046 683
1046 686
1046 693
1046 704
1046 706
1046 712
1046 716
1046 725
1046 735
1046 749
1046 750
1046 754
1046 755
1046 756
1046 757
1046 763
1046 767
1046 768
1046 774
1046 776
1046 785
1046 788
1046 789
1046 794
1046 796
1046 801
1046 810
1046 811
1046 817
1046 818
1046 826
1046 827
1046 830
1046 832
1046 833
1046 843
1046 845
1046 852
1046 853
1046 854
1046 858
1046 862
1046 863
1046 871
1046 878
1046 880
1046 884
1046 889
1046 890
1046 892
1046 896
1046 910
1046 913
1046 915
1046 925
1046 930
1046 931
1046 933
1046 939
1046 945
1046 948
1046 949
1046 950
1046 954
1046 964
1046 967
1046 986
1046 990
1046 1001
1046 1004
1046 1006
1046 1010
1046 1016
1046 1060
1046 1067
1046 1069
1046 1083
1046 1085
1046 1094
1046 1100
1046 1102
1046 1109
1046 1121
1046 1123
1046 1124
1046 1126
1046 1134
1046 1136
1046 1142
1046 1154
1046 1162
1046 1163
1046 1166
1046 1172
1046 1173
1046 1186
1046 1194
1046 1204
1046 1207
1046 1211
1046 1220
1046 1221
1046 1235
1046 1244
1046 1249
1046 1254
1046 1257
1046 1259
1046 1266
1046 1272
1046 1277
1046 1290
1046 1292
1046 1295
1046 1296
1046 1310
1046 1312
1046 1318
1046 1322
1046 1336
1046 1339
1046 1342
1046 1351
1046 1353
1046 1356
1046 1361
1046 1366
1046 1373
1046 1375
1046 1379
1046 1389
1046 1390
1046 1391
1046 1404
1046 1410
1046 1413
1046 1414
1046 1419
1046 1421
1046 1440
1046 1448
1046 1451
1046 1464
1046 1470
1046 1474
1046 1481
1046 1490
1046 1492
1046 1497
1046 1507
1046 1510
1046 1521
1046 1523
1046 1530
1046 1543
1046 1547
1046 1577
1046 1578
1046 1588
1046 1596
1046 1598
1046 1599
95 2
95 7
95 10
95 14
95 18
95 29
95 33
95 46
95 50
95 51
95 54
95 56
95 58
95 66
95 68
95 69
95 72
95 74
95 75
95 77
95 79
95 88
95 89
95 92
95 95
95 98
95 107
95 110
95 112
95 113
95 114
95 125
95 128
95 139
95 141
95 145
95 147
95 149
95 153
95 158
95 160
95 166
95 170
95 176
95 184
95 191
95 194
95 200
95 208
95 209
95 212
95 227
95 238
95 240
95 243
95 253
95 254
95 263
95 271
95 274
95 275
95 280
95 290
95 292
95 296
95 297
95 314
95 319
95 326
95 328
95 329
95 333
95 337
95 342
95 344
95 351
95 352
95 359
95 362
95 364
95 367
95 375
95 376
95 379
95 380
95 381
95 382
95 386
95 398
95 405
95 406
95 410
95 412
95 416
95 417
95 419
95 432
95 436
95 442
95 449
95 452
95 454
95 455
95 458
95 464
95 469
95 475
95 479
95 492
95 498
95 500
95 502
95 508
95 515
95 516
95 520
95 524
95 525
95 527
95 529
95 533
95 540
95 542
95 545
95 546
95 551
95 555
95 562
95 571
95 575
95 576
95 581
95 588
95 592
95 596
95 602
95 606
95 610
95 614
95 619
95 630
95 634
95 636
95 637
95 647
95 649
95 667
95 674
95 675
95 676
95 677
95 684
95 688
95 693
95 699
95 702
95 705
95 710
95 716
95 717
95 719
95 729
95 735
95 752
95 754
95 758
95 761
95 762
95 764
95 768
95 770
95 777
95 783
95 787
95 788
95 789
95 797
95 798
95 804
95 805
95 811
95 812
95 838
95 840
95 842
95 844
95 846
95 849
95 852
95 856
95 858
95 859
95 862
95 865
95 867
95 871
95 874
95 875
95 881
95 884
95 891
95 897
95 902
95 903
95 905
95 906
95 907
95 914
95 917
95 925
95 927
95 931
95 947
95 949
95 951
95 952
95 956
95 959
95 961
95 967
95 972
95 973
95 989
95 993
95 996
95 1009
95 1024
95 1031
95 1034
95 1043
95 1044
95 1045
95 1051
95 1057
95 1060
95 1064
95 1070
95 1077
95 1087
95 1100
95 1101
95 1105
95 1126
95 1139
95 1140
95 1151
95 1154
95 1156
95 1162
95 1163
95 1167
95 1168
95 1171
95 1174
95 1185
95 1191
95 1197
95 1198
95 1205
95 1206
95 1208
95 1213
95 1214
95 1218
95 1219
95 1222
95 1226
95 1227
95 1232
95 1234
95 1240
95 1244
95 1246
95 1247
95 1254
95 1257
95 1268
95 1269
95 1270
95 1275
95 1283
95 1285
95 1294
95 1297
95 1303
95 1307
95 1309
95 1318
95 1332
95 1336
95 1339
95 1340
95 1345
95 1353
95 1357
95 1358
95 1359
95 1361
95 1364
95 1366
95 1367
95 1370
95 1378
95 1386
95 1395
95 1396
95 1397
95 1398
95 1406
95 1407
95 1411
95 1414
95 1416
95 1418
95 1422
95 1423
95 1426
95 1432
95 1433
95 1436
95 1438
95 1445
95 1451
95 1452
95 1461
95 1464
95 1465
95 1481
95 1483
95 1485
95 1495
95 1500
95 1504
95 1505
95 1511
95 1512
95 1515
95 1540
95 1555
95 1556
95 1557
95 1558
95 1563
95 1568
95 1569
95 1579
95 1583
95 1584
95 1587
95 1591
1087 8
1087 18
1087 19
1087 24
1087 39
1087 42
1087 43
1087 45
1087 67
1087 76
1087 81
1087 84
1087 88
1087 102
1087 109
1087 111
1087 113
1087 118
1087 119
1087 122
1087 129
1087 131
1087 132
1087 133
1087 150
1087 157
1087 158
1087 160
1087 161
1087 169
1087 171
1087 176
1087 177
1087 178
1087 182
1087 191
1087 192
1087 196
1087 199
1087 212
1087 223
1087 229
1087 230
1087 236
1087 240
1087 247
1087 248
1087 256
1087 259
1087 260
1087 267
1087 274
1087 276
1087 292
1087 294
1087 298
1087 307
1087 323
1087 326
1087 342
1087 343
1087 344
1087 346
1087 363
1087 366
1087 368
1087 376
1087 378
1087 385
1087 388
1087 392
1087 394
1087 395
1087 396
1087 398
1087 400
1087 401
1087 413
1087 414
1087 415
1087 416
1087 418
1087 426
1087 430
1087 431
1087 436
1087 447
1087 474
1087 476
1087 477
1087 481
1087 492
1087 502
1087 504
1087 506
1087 508
1087 521
1087 526
1087 533
1087 540
1087 542
1087 550
1087 557
1087 558
1087 564
1087 566
1087 567
1087 574
1087 576
1087 580
1087 584
1087 585
1087 586
1087 591
1087 597
1087 605
1087 613
1087 621
1087 635
1087 638
1087 649
1087 659
1087 665
1087 669
1087 672
1087 690
1087 691
1087 694
1087 696
1087 698
1087 702
1087 703
1087 707
1087 714
1087 715
1087 719
1087 720
1087 722
1087 723
1087 728
1087 729
1087 731
1087 740
1087 741
1087 748
1087 752
1087 757
1087 759
1087 765
1087 768
1087 770
1087 778
1087 782
1087 785
1087 786
1087 790
1087 800
1087 814
1087 815
1087 821
1087 824
1087 829
1087 837
1087 856
1087 860
1087 862
1087 863
1087 865
1087 880
1087 882
1087 889
1087 895
1087 896
1087 901
1087 904
1087 905
1087 909
1087 910
1087 919
1087 933
1087 935
1087 938
1087 940
1087 941
1087 953
1087 973
1087 980
1087 981
1087 982
1087 996
1087 998
1087 999
1087 1000
1087 1005
1087 1006
1087 1018
1087 1031
1087 1037
1087 1043
1087 1046
1087 1048
1087 1049
1087 1050
1087 1054
1087 1055
1087 1056
1087 1058
1087 1063
1087 1070
1087 1071
1087 1084
1087 1089
1087 1091
1087 1095
1087 1101
1087 1102
1087 1107
1087 1110
1087 1111
1087 1118
1087 1120
1087 1126
1087 1128
1087 1136
1087 1145
1087 1148
1087 1153
1087 1154
1087 1157
1087 1159
1087 1169
1087 1173
1087 1180
1087 1193
1087 1196
1087 1199
1087 1202
1087 1203
1087 1204
1087 1209
1087 1220
1087 1221
1087 1223
1087 1230
1087 1232
1087 1234
1087 1239
1087 1241
1087 1259
1087 1260
1087 1262
1087 1264
1087 1268
1087 1273
1087 1276
1087 1277
1087 1290
1087 1291
1087 1297
1087 1299
1087 1301
1087 1305
1087 1307
1087 1311
1087 1312
1087 1317
1087 1321
1087 1322
1087 1330
1087 1333
1087 1340
1087 1344
1087 1349
1087 1358
1087 1359
1087 1360
1087 1365
1087 1377
1087 1378
1087 1379
1087 1385
1087 1387
1087 1394
1087 1411
1087 1419
1087 1421
1087 1426
1087 1427
1087 1437
1087 1438
1087 1440
1087 1443
1087 1444
1087 1445
1087 1457
1087 1467
1087 1470
1087 1493
1087 1495
1087 1498
1087 1505
1087 1517
1087 1518
1087 1521
1087 1524
1087 1530
1087 1539
1087 1540
1087 1547
1087 1558
1087 1562
1087 1564
1087 1567
1087 1570
1087 1574
1087 1582
1087 1583
1087 1589
1087 1598
114 6
114 9
114 12
114 15
114 18
114 25
114 28
114 40
114 41
114 52
114 58
114 62
114 64
114 69
114 74
114 75
114 82
114 88
114 99
114 100
114 101
114 110
114 113
114 114
114 117
114 120
114 134
114 139
114 141
114 148
114 156
114 166
114 175
114 177
114 188
114 190
114 198
114 205
114 209
114 213
114 214
114 223
114 228
114 231
114 235
114 236
114 244
114 259
114 267
114 270
114 272
114 278
114 280
114 288
114 310
114 312
114 313
114 318
114 325
114 329
114 330
114 335
114 346
114 348
114 352
114 356
114 359
114 362
114 364
114 374
114 375
114 381
114 382
114 385
114 389
114 401
114 414
114 421
114 426
114 430
114 432
114 436
114 440
114 442
114 452
114 457
114 458
114 459
114 467
114 469
114 471
114 477
114 493
114 499
114 502
114 503
114 513
114 518
114 522
114 531
114 538
114 548
114 551
114 564
114 570
114 572
114 573
114 574
114 578
114 583
114 590
114 594
114 596
114 600
114 613
114 616
114 617
114 621
114 624
114 635
114 639
114 641
114 646
114 647
114 651
114 660
114 661
114 666
114 667
114 668
114 671
114 686
114 687
114 688
114 690
114 703
114 706
114 707
114 716
114 719
114 720
114 728
114 741
114 743
114 756
114 758
114 766
114 771
114 778
114 782
114 784
114 787
114 788
114 795
114 800
114 809
114 811
114 820
114 823
114 824
114 826
114 834
114 840
114 846
114 850
114 851
114 860
114 864
114 866
114 867
114 874
114 876
114 877
114 883
114 890
114 891
114 892
114 893
114 903
114 907
114 908
114 918
114 919
114 924
114 925
114 930
114 938
114 939
114 940
114 954
114 957
114 959
114 960
114 963
114 965
114 974
114 976
114 979
114 984
114 986
114 987
114 989
114 1004
114 1009
114 1011
114 1027
114 1032
114 1034
114 1046
114 1053
114 1054
114 1056
114 1059
114 1065
114 1067
114 1088
114 1100
114 1108
114 1111
114 1117
114 1123
114 1132
114 1139
114 1140
114 1145
114 1146
114 1150
114 1155
114 1158
114 1164
114 1166
114 1176
114 1184
114 1188
114 1189
114 1199
114 1201
114 1205
114 1221
114 1224
114 1226
114 1231
114 1232
114 1235
114 1236
114 1241
114 1247
114 1249
114 1254
114 1262
114 1263
114 1265
114 1271
114 1286
114 1299
114 1308
114 1310
114 1323
114 1325
114 1326
114 1334
114 1337
114 1339
114 1340
114 1344
114 1350
114 1359
114 1386
114 1395
114 1400
114 1408
114 1409
114 1416
114 1423
114 1433
114 1436
114 1446
114 1449
114 1451
114 1453
114 1457
114 1458
114 1459
114 1460
114 1465
114 1473
114 1474
114 1485
114 1490
114 1491
114 1493
114 1501
114 1513
114 1517
114 1532
114 1540
114 1543
114 1546
114 1549
114 1562
114 1578
114 1584
114 1586
114 1587
114 1596
114 1597
114 1600
1314 2
1314 5
1314 17
1314 21
1314 22
1314 34
1314 38
1314 41
1314 43
1314 50
1314 51
1314 53
1314 60
1314 61
1314 66
1314 69
1314 71
1314 77
1314 81
1314 82
1314 83
1314 85
1314 87
1314 91
1314 94
1314 95
1314 96
1314 101
1314 102
1314 109
1314 112
1314 114
1314 115
1314 125
1314 138
1314 146
1314 151
1314 161
1314 169
1314 187
1314 190
1314 195
1314 197
1314 199
1314 212
1314 214
1314 216
1314 221
1314 223
1314 224
1314 225
1314 230
1314 234
1314 246
1314 249
1314 257
1314 261
1314 276
1314 277
1314 282
1314 288
1314 296
1314 298
1314 310
1314 311
1314 317
1314 321
1314 322
1314 329
1314 330
1314 342
1314 343
1314 344
1314 361
1314 365
1314 368
1314 376
1314 380
1314 382
1314 389
1314 395
1314 398
1314 402
1314 415
1314 425
1314 426
1314 437
1314 441
1314 442
1314 444
1314 447
1314 451
1314 453
1314 460
1314 461
1314 468
1314 469
1314 471
1314 479
1314 483
1314 492
1314 493
1314 494
1314 510
1314 516
1314 518
1314 521
1314 529
1314 530
1314 533
1314 540
1314 543
1314 544
1314 545
1314 552
1314 553
1314 555
1314 557
1314 559
1314 560
1314 563
1314 575
1314 578
1314 582
1314 584
1314 589
1314 591
1314 599
1314 604
1314 608
1314 616
1314 631
1314 632
1314 633
1314 643
1314 653
1314 656
1314 672
1314 677
1314 678
1314 681
1314 684
1314 686
1314 689
1314 693
1314 696
1314 720
1314 723
1314 725
1314 730
1314 731
1314 732
1314 742
1314 745
1314 755
1314 757
1314 763
1314 775
1314 776
1314 780
1314 785
1314 794
1314 801
1314 811
1314 812
1314 814
1314 823
1314 824
1314 827
1314 834
1314 835
1314 841
1314 843
1314 844
1314 845
1314 847
1314 850
1314 854
1314 856
1314 874
1314 878
1314 880
1314 883
1314 896
1314 919
1314 930
1314 931
1314 937
1314 939
1314 948
1314 954
1314 955
1314 956
1314 962
1314 963
1314 965
1314 969
1314 971
1314 975
1314 982
1314 985
1314 989
1314 996
1314 1007
1314 1013
1314 1016
1314 1017
1314 1022
1314 1024
1314 1026
1314 1027
1314 1029
1314 1030
1314 1034
1314 1037
1314 1039
1314 1042
1314 1047
1314 1050
1314 1056
1314 1067
1314 1072
1314 1079
1314 1086
1314 1092
1314 1093
1314 1103
1314 1108
1314 1113
1314 1118
1314 1124
1314 1126
1314 1153
1314 1157
1314 1166
1314 1167
1314 1173
1314 1179
1314 1181
1314 1188
1314 1191
1314 1196
1314 1197
1314 1209
1314 1218
1314 1219
1314 1220
1314 1222
1314 1227
1314 1239
1314 1241
1314 1246
1314 1251
1314 1256
1314 1268
1314 1280
1314 1301
1314 1303
1314 1316
1314 1323
1314 1330
1314 1337
1314 1343
1314 1344
1314 1346
1314 1347
1314 1349
1314 1350
1314 1351
1314 1354
1314 1362
1314 1367
1314 1371
1314 1380
1314 1385
1314 1390
1314 1392
1314 1395
1314 1397
1314 1402
1314 1405
1314 1409
1314 1411
1314 1413
1314 1417
1314 1424
1314 1436
1314 1439
1314 1440
1314 1441
1314 1448
1314 1451
1314 1470
1314 1475
1314 1477
1314 1481
1314 1485
1314 1491
1314 1493
1314 1498
1314 1499
1314 1502
1314 1503
1314 1511
1314 1514
1314 1525
1314 1529
1314 1533
1314 1539
1314 1547
1314 1549
1314 1554
1314 1555
1314 1558
1314 1560
1314 1562
1314 1567
1314 1569
1314 1571
1314 1574
1314 1577
1314 1579
1314 1595
1314 1596
1314 1597
