p td 2600 6099 
286 2
286 4
286 17
286 19
286 21
286 22
286 32
286 36
286 39
286 54
286 56
286 71
286 75
286 78
286 89
286 90
286 97
286 106
286 115
286 118
286 119
286 122
286 126
286 127
286 128
286 129
286 132
286 135
286 143
286 144
286 151
286 156
286 162
286 175
286 181
286 184
286 194
286 198
286 199
286 202
286 205
286 207
286 210
286 211
286 214
286 216
286 226
286 230
286 233
286 259
286 274
286 275
286 280
286 283
286 286
286 307
286 310
286 313
286 314
286 320
286 324
286 326
286 327
286 329
286 333
286 335
286 338
286 339
286 340
286 346
286 348
286 350
286 352
286 370
286 371
286 373
286 380
286 381
286 382
286 385
286 388
286 390
286 391
286 392
286 395
286 400
286 402
286 404
286 406
286 408
286 419
286 421
286 438
286 439
286 440
286 441
286 444
286 451
286 456
286 464
286 467
286 474
286 479
286 493
286 496
286 497
286 509
286 510
286 520
286 529
286 536
286 545
286 547
286 552
286 553
286 558
286 561
286 564
286 571
286 578
286 580
286 599
286 604
286 607
286 608
286 610
286 616
286 617
286 619
286 621
286 623
286 629
286 631
286 643
286 644
286 645
286 665
286 672
286 673
286 679
286 688
286 689
286 693
286 701
286 721
286 741
286 743
286 754
286 758
286 763
286 772
286 774
286 775
286 778
286 789
286 790
286 797
286 798
286 809
286 812
286 813
286 814
286 815
286 817
286 822
286 826
286 827
286 835
286 840
286 843
286 852
286 854
286 864
286 868
286 870
286 871
286 899
286 901
286 906
286 907
286 911
286 922
286 925
286 926
286 929
286 933
286 934
286 936
286 948
286 953
286 956
286 968
286 969
286 970
286 973
286 979
286 981
286 983
286 988
286 1000
286 1005
286 1008
286 1009
286 1014
286 1016
286 1017
286 1018
286 1019
286 1020
286 1032
286 1036
286 1038
286 1041
286 1043
286 1044
286 1059
286 1060
286 1079
286 1084
286 1086
286 1091
286 1097
286 1104
286 1110
286 1113
286 1114
286 1124
286 1132
286 1134
286 1136
286 1140
286 1150
286 1152
286 1154
286 1157
286 1159
286 1161
286 1181
286 1185
286 1192
286 1194
286 1199
286 1200
286 1210
286 1215
286 1216
286 1218
286 1222
286 1226
286 1237
286 1243
286 1245
286 1256
286 1258
286 1264
286 1265
286 1266
286 1268
286 1277
286 1282
286 1286
286 1289
286 1294
286 1295
286 1299
286 1301
286 1305
286 1307
286 1309
286 1312
286 1320
286 1322
286 1330
286 1332
286 1335
286 1337
286 1339
286 1341
286 1342
286 1351
286 1361
286 1365
286 1366
286 1371
286 1378
286 1382
286 1394
286 1395
286 1398
286 1403
286 1410
286 1411
286 1416
286 1419
286 1421
286 1424
286 1426
286 1434
286 1437
286 1439
286 1450
286 1457
286 1459
286 1470
286 1471
286 1474
286 1479
286 1481
286 1482
286 1494
286 1498
286 1500
286 1501
286 1505
286 1506
286 1507
286 1510
286 1511
286 1518
286 1520
286 1524
286 1530
286 1535
286 1538
286 1547
286 1548
286 1551
286 1562
286 1565
286 1568
286 1581
286 1593
286 1594
286 1595
286 1596
286 1605
286 1609
286 1612
286 1616
286 1620
286 1621
286 1623
286 1626
286 1629
286 1630
286 1638
286 1642
286 1643
286 1648
286 1652
286 1653
286 1663
286 1667
286 1673
286 1676
286 1686
286 1697
286 1700
286 1703
286 1706
286 1724
286 1733
286 1741
286 1746
286 1752
286 1755
286 1761
286 1762
286 1771
286 1772
286 1778
286 1784
286 1787
286 1802
286 1805
286 1812
286 1817
286 1821
286 1833
286 1834
286 1837
286 1842
286 1851
286 1855
286 1856
286 1857
286 1861
286 1864
286 1886
286 1899
286 1903
286 1909
286 1910
286 1916
286 1926
286 1935
286 1944
286 1946
286 1949
286 1950
286 1962
286 1964
286 1970
286 1971
286 1976
286 1980
286 1988
286 2005
286 2008
286 2013
286 2022
286 2026
286 2032
286 2033
286 2034
286 2039
286 2040
286 2041
286 2043
286 2046
286 2047
286 2052
286 2056
286 2059
286 2063
286 2066
286 2074
286 2076
286 2077
286 2078
286 2086
286 2089
286 2090
286 2104
286 2110
286 2118
286 2119
286 2121
286 2122
286 2127
286 2130
286 2133
286 2147
286 2156
286 2159
286 2162
286 2180
286 2181
286 2182
286 2190
286 2194
286 2206
286 2214
286 2219
286 2226
286 2236
286 2237
286 2240
286 2244
286 2246
286 2253
286 2259
286 2268
286 2273
286 2295
286 2300
286 2302
286 2309
286 2311
286 2313
286 2332
286 2334
286 2342
286 2343
286 2344
286 2349
286 2354
286 2358
286 2367
286 2371
286 2376
286 2382
286 2386
286 2402
286 2408
286 2410
286 2412
286 2413
286 2418
286 2421
286 2424
286 2429
286 2437
286 2441
286 2442
286 2445
286 2454
286 2460
286 2461
286 2473
286 2477
286 2487
286 2497
286 2503
286 2506
286 2507
286 2513
286 2514
286 2516
286 2518
286 2520
286 2526
286 2534
286 2535
286 2536
286 2537
286 2546
286 2548
286 2551
286 2562
286 2563
286 2569
286 2574
286 2575
286 2578
286 2580
286 2597
286 2598
91 2
91 42
91 43
91 48
91 54
91 56
91 65
91 68
91 77
91 89
91 94
91 97
91 104
91 107
91 119
91 123
91 124
91 126
91 127
91 134
91 138
91 141
91 148
91 149
91 153
91 158
91 165
91 167
91 169
91 175
91 179
91 180
91 187
91 188
91 190
91 192
91 196
91 201
91 203
91 211
91 218
91 237
91 241
91 242
91 253
91 255
91 257
91 259
91 261
91 267
91 269
91 271
91 273
91 274
91 278
91 281
91 290
91 293
91 299
91 303
91 321
91 336
91 338
91 340
91 342
91 344
91 346
91 350
91 353
91 364
91 377
91 385
91 387
91 389
91 390
91 391
91 393
91 397
91 399
91 403
91 407
91 409
91 411
91 413
91 414
91 417
91 431
91 433
91 442
91 443
91 446
91 451
91 452
91 456
91 457
91 463
91 466
91 468
91 492
91 494
91 514
91 519
91 526
91 529
91 530
91 535
91 543
91 549
91 555
91 563
91 565
91 570
91 573
91 574
91 576
91 577
91 580
91 585
91 588
91 592
91 597
91 600
91 606
91 614
91 626
91 633
91 634
91 635
91 641
91 642
91 643
91 648
91 657
91 664
91 666
91 667
91 672
91 682
91 684
91 686
91 687
91 689
91 690
91 691
91 697
91 699
91 705
91 716
91 717
91 729
91 735
91 740
91 750
91 754
91 757
91 760
91 765
91 767
91 771
91 772
91 780
91 783
91 786
91 788
91 796
91 799
91 801
91 805
91 812
91 815
91 817
91 827
91 837
91 842
91 855
91 866
91 874
91 878
91 882
91 884
91 887
91 892
91 894
91 900
91 901
91 903
91 906
91 914
91 923
91 937
91 950
91 955
91 959
91 963
91 972
91 974
91 987
91 988
91 990
91 992
91 1001
91 1003
91 1029
91 1031
91 1033
91 1040
91 1045
91 1046
91 1048
91 1050
91 1065
91 1073
91 1085
91 1091
91 1098
91 1101
91 1108
91 1110
91 1123
91 1124
91 1129
91 1136
91 1145
91 1148
91 1163
91 1164
91 1165
91 1177
91 1186
91 1188
91 1191
91 1196
91 1201
91 1206
91 1207
91 1212
91 1214
91 1219
91 1229
91 1245
91 1248
91 1251
91 1256
91 1257
91 1274
91 1280
91 1282
91 1283
91 1284
91 1287
91 1288
91 1291
91 1294
91 1302
91 1319
91 1330
91 1334
91 1351
91 1353
91 1355
91 1375
91 1379
91 1381
91 1402
91 1404
91 1406
91 1408
91 1412
91 1416
91 1422
91 1424
91 1427
91 1429
91 1433
91 1441
91 1444
91 1445
91 1464
91 1465
91 1466
91 1467
91 1474
91 1476
91 1484
91 1490
91 1496
91 1500
91 1503
91 1515
91 1521
91 1523
91 1524
91 1528
91 1537
91 1540
91 1553
91 1558
91 1566
91 1567
91 1568
91 1578
91 1582
91 1592
91 1595
91 1607
91 1610
91 1615
91 1619
91 1624
91 1625
91 1629
91 1631
91 1632
91 1652
91 1653
91 1656
91 1666
91 1668
91 1672
91 1674
91 1678
91 1679
91 1689
91 1692
91 1695
91 1706
91 1713
91 1717
91 1718
91 1724
91 1726
91 1728
91 1729
91 1742
91 1744
91 1748
91 1749
91 1757
91 1759
91 1760
91 1761
91 1767
91 1770
91 1771
91 1773
91 1774
91 1777
91 1785
91 1787
91 1798
91 1806
91 1807
91 1815
91 1816
91 1820
91 1822
91 1828
91 1834
91 1843
91 1844
91 1849
91 1853
91 1855
91 1867
91 1868
91 1871
91 1878
91 1879
91 1883
91 1885
91 1886
91 1887
91 1889
91 1891
91 1896
91 1899
91 1908
91 1909
91 1911
91 1915
91 1920
91 1933
91 1934
91 1935
91 1939
91 1951
91 1954
91 1965
91 1981
91 1982
91 1986
91 1987
91 1990
91 2001
91 2003
91 2006
91 2029
91 2031
91 2034
91 2038
91 2043
91 2045
91 2046
91 2054
91 2058
91 2080
91 2081
91 2083
91 2088
91 2091
91 2101
91 2107
91 2113
91 2114
91 2115
91 2119
91 2136
91 2137
91 2139
91 2144
91 2145
91 2146
91 2159
91 2160
91 2163
91 2165
91 2170
91 2175
91 2184
91 2189
91 2200
91 2201
91 2204
91 2222
91 2224
91 2225
91 2228
91 2244
91 2248
91 2250
91 2255
91 2264
91 2282
91 2285
91 2289
91 2292
91 2300
91 2304
91 2305
91 2310
91 2313
91 2315
91 2322
91 2324
91 2329
91 2332
91 2345
91 2358
91 2366
91 2367
91 2374
91 2375
91 2388
91 2392
91 2393
91 2396
91 2414
91 2441
91 2447
91 2457
91 2463
91 2472
91 2475
91 2477
91 2491
91 2499
91 2502
91 2505
91 2507
91 2518
91 2521
91 2523
91 2524
91 2532
91 2533
91 2534
91 2537
91 2539
91 2541
91 2547
91 2558
91 2561
91 2563
91 2567
91 2572
91 2576
91 2593
91 2595
2298 6
2298 13
2298 33
2298 34
2298 49
2298 57
2298 64
2298 77
2298 82
2298 85
2298 93
2298 99
2298 100
2298 103
2298 116
2298 123
2298 132
2298 140
2298 142
2298 145
2298 152
2298 156
2298 159
2298 176
2298 180
2298 186
2298 193
2298 201
2298 204
2298 210
2298 223
2298 227
2298 231
2298 236
2298 237
2298 248
2298 250
2298 255
2298 259
2298 265
2298 277
2298 284
2298 288
2298 289
2298 292
2298 294
2298 298
2298 304
2298 305
2298 306
2298 308
2298 310
2298 312
2298 324
2298 325
2298 329
2298 335
2298 336
2298 346
2298 356
2298 362
2298 365
2298 370
2298 372
2298 377
2298 378
2298 379
2298 381
2298 383
2298 391
2298 398
2298 403
2298 416
2298 419
2298 421
2298 426
2298 427
2298 434
2298 437
2298 440
2298 449
2298 452
2298 458
2298 462
2298 463
2298 465
2298 466
2298 467
2298 474
2298 475
2298 480
2298 481
2298 490
2298 494
2298 498
2298 500
2298 503
2298 506
2298 508
2298 510
2298 517
2298 518
2298 522
2298 524
2298 530
2298 531
2298 533
2298 534
2298 536
2298 538
2298 542
2298 543
2298 546
2298 549
2298 557
2298 561
2298 563
2298 574
2298 580
2298 592
2298 598
2298 604
2298 607
2298 608
2298 610
2298 620
2298 625
2298 634
2298 650
2298 652
2298 655
2298 657
2298 660
2298 661
2298 677
2298 679
2298 681
2298 683
2298 693
2298 695
2298 708
2298 709
2298 712
2298 714
2298 719
2298 722
2298 727
2298 744
2298 746
2298 758
2298 762
2298 764
2298 765
2298 768
2298 770
2298 776
2298 779
2298 784
2298 791
2298 801
2298 812
2298 818
2298 828
2298 836
2298 838
2298 849
2298 850
2298 856
2298 859
2298 864
2298 865
2298 866
2298 894
2298 899
2298 908
2298 917
2298 918
2298 927
2298 930
2298 956
2298 969
2298 988
2298 1008
2298 1011
2298 1012
2298 1014
2298 1028
2298 1047
2298 1056
2298 1057
2298 1068
2298 1069
2298 1074
2298 1084
2298 1087
2298 1088
2298 1097
2298 1106
2298 1110
2298 1112
2298 1120
2298 1127
2298 1131
2298 1133
2298 1134
2298 1138
2298 1141
2298 1142
2298 1150
2298 1152
2298 1156
2298 1174
2298 1176
2298 1178
2298 1186
2298 1199
2298 1204
2298 1209
2298 1210
2298 1212
2298 1214
2298 1215
2298 1218
2298 1230
2298 1240
2298 1243
2298 1248
2298 1249
2298 1257
2298 1262
2298 1265
2298 1266
2298 1269
2298 1274
2298 1278
2298 1282
2298 1284
2298 1299
2298 1301
2298 1302
2298 1304
2298 1305
2298 1309
2298 1320
2298 1328
2298 1332
2298 1335
2298 1336
2298 1353
2298 1357
2298 1366
2298 1374
2298 1382
2298 1388
2298 1390
2298 1391
2298 1393
2298 1395
2298 1396
2298 1406
2298 1407
2298 1418
2298 1427
2298 1428
2298 1436
2298 1438
2298 1443
2298 1453
2298 1455
2298 1465
2298 1468
2298 1472
2298 1473
2298 1474
2298 1480
2298 1481
2298 1483
2298 1484
2298 1485
2298 1492
2298 1496
2298 1497
2298 1499
2298 1500
2298 1502
2298 1506
2298 1507
2298 1514
2298 1518
2298 1520
2298 1529
2298 1532
2298 1542
2298 1544
2298 1546
2298 1547
2298 1548
2298 1549
2298 1552
2298 1555
2298 1564
2298 1567
2298 1570
2298 1576
2298 1586
2298 1591
2298 1594
2298 1599
2298 1602
2298 1604
2298 1605
2298 1616
2298 1617
2298 1620
2298 1621
2298 1625
2298 1629
2298 1636
2298 1640
2298 1642
2298 1643
2298 1644
2298 1655
2298 1664
2298 1668
2298 1691
2298 1703
2298 1705
2298 1710
2298 1739
2298 1754
2298 1761
2298 1767
2298 1777
2298 1781
2298 1789
2298 1791
2298 1792
2298 1803
2298 1810
2298 1815
2298 1819
2298 1820
2298 1823
2298 1831
2298 1840
2298 1857
2298 1858
2298 1861
2298 1868
2298 1869
2298 1877
2298 1880
2298 1881
2298 1884
2298 1887
2298 1890
2298 1896
2298 1901
2298 1907
2298 1909
2298 1913
2298 1917
2298 1921
2298 1923
2298 1928
2298 1933
2298 1937
2298 1944
2298 1947
2298 1949
2298 1951
2298 1970
2298 1974
2298 1975
2298 1977
2298 1981
2298 1982
2298 1984
2298 1985
2298 1988
2298 1998
2298 2002
2298 2005
2298 2008
2298 2025
2298 2033
2298 2034
2298 2040
2298 2043
2298 2047
2298 2048
2298 2050
2298 2067
2298 2069
2298 2072
2298 2073
2298 2075
2298 2079
2298 2080
2298 2100
2298 2107
2298 2111
2298 2122
2298 2128
2298 2132
2298 2136
2298 2143
2298 2145
2298 2148
2298 2158
2298 2161
2298 2164
2298 2174
2298 2175
2298 2177
2298 2184
2298 2186
2298 2190
2298 2191
2298 2197
2298 2203
2298 2206
2298 2207
2298 2208
2298 2211
2298 2213
2298 2224
2298 2238
2298 2239
2298 2252
2298 2270
2298 2273
2298 2275
2298 2285
2298 2302
2298 2307
2298 2313
2298 2315
2298 2319
2298 2331
2298 2336
2298 2341
2298 2344
2298 2349
2298 2350
2298 2352
2298 2356
2298 2357
2298 2366
2298 2369
2298 2379
2298 2383
2298 2387
2298 2389
2298 2406
2298 2411
2298 2417
2298 2423
2298 2427
2298 2430
2298 2435
2298 2451
2298 2452
2298 2456
2298 2459
2298 2460
2298 2466
2298 2470
2298 2472
2298 2485
2298 2503
2298 2511
2298 2516
2298 2522
2298 2526
2298 2536
2298 2544
2298 2545
2298 2565
2298 2578
2298 2587
2298 2588
2298 2599
1959 3
1959 15
1959 20
1959 22
1959 26
1959 28
1959 38
1959 40
1959 42
1959 57
1959 65
1959 69
1959 77
1959 85
1959 87
1959 99
1959 100
1959 112
1959 113
1959 115
1959 125
1959 131
1959 140
1959 146
1959 156
1959 159
1959 163
1959 164
1959 172
1959 175
1959 177
1959 182
1959 187
1959 202
1959 206
1959 209
1959 211
1959 213
1959 218
1959 249
1959 258
1959 260
1959 261
1959 266
1959 277
1959 280
1959 284
1959 296
1959 312
1959 329
1959 330
1959 338
1959 339
1959 340
1959 344
1959 347
1959 349
1959 356
1959 362
1959 364
1959 370
1959 372
1959 379
1959 382
1959 386
1959 388
1959 393
1959 397
1959 398
1959 401
1959 404
1959 407
1959 414
1959 415
1959 423
1959 428
1959 439
1959 440
1959 456
1959 462
1959 469
1959 471
1959 474
1959 476
1959 487
1959 489
1959 490
1959 499
1959 504
1959 506
1959 509
1959 516
1959 519
1959 520
1959 524
1959 528
1959 531
1959 535
1959 536
1959 551
1959 554
1959 557
1959 574
1959 583
1959 584
1959 587
1959 588
1959 589
1959 591
1959 598
1959 599
1959 614
1959 624
1959 629
1959 635
1959 641
1959 643
1959 644
1959 649
1959 669
1959 675
1959 676
1959 682
1959 683
1959 685
1959 689
1959 690
1959 691
1959 700
1959 703
1959 714
1959 720
1959 725
1959 726
1959 728
1959 731
1959 734
1959 739
1959 746
1959 753
1959 760
1959 763
1959 769
1959 771
1959 774
1959 775
1959 778
1959 797
1959 803
1959 811
1959 814
1959 816
1959 817
1959 829
1959 835
1959 846
1959 848
1959 851
1959 852
1959 854
1959 860
1959 872
1959 875
1959 876
1959 877
1959 881
1959 889
1959 897
1959 900
1959 905
1959 906
1959 908
1959 909
1959 917
1959 918
1959 924
1959 946
1959 948
1959 963
1959 967
1959 968
1959 970
1959 973
1959 975
1959 989
1959 991
1959 994
1959 998
1959 999
1959 1000
1959 1001
1959 1005
1959 1009
1959 1011
1959 1014
1959 1023
1959 1024
1959 1032
1959 1036
1959 1048
1959 1049
1959 1063
1959 1064
1959 1077
1959 1081
1959 1082
1959 1099
1959 1108
1959 1109
1959 1123
1959 1128
1959 1129
1959 1131
1959 1146
1959 1148
1959 1151
1959 1157
1959 1160
1959 1166
1959 1167
1959 1170
1959 1175
1959 1187
1959 1189
1959 1190
1959 1196
1959 1197
1959 1215
1959 1218
1959 1220
1959 1224
1959 1231
1959 1234
1959 1235
1959 1238
1959 1243
1959 1244
1959 1250
1959 1257
1959 1260
1959 1261
1959 1264
1959 1272
1959 1274
1959 1277
1959 1279
1959 1280
1959 1287
1959 1291
1959 1296
1959 1302
1959 1306
1959 1313
1959 1319
1959 1324
1959 1325
1959 1328
1959 1342
1959 1353
1959 1356
1959 1361
1959 1364
1959 1371
1959 1372
1959 1379
1959 1386
1959 1394
1959 1395
1959 1398
1959 1405
1959 1406
1959 1407
1959 1408
1959 1413
1959 1418
1959 1419
1959 1437
1959 1448
1959 1450
1959 1452
1959 1454
1959 1465
1959 1469
1959 1475
1959 1480
1959 1484
1959 1485
1959 1488
1959 1497
1959 1498
1959 1509
1959 1512
1959 1517
1959 1529
1959 1530
1959 1532
1959 1533
1959 1538
1959 1548
1959 1553
1959 1555
1959 1556
1959 1584
1959 1597
1959 1599
1959 1602
1959 1604
1959 1609
1959 1611
1959 1617
1959 1619
1959 1622
1959 1626
1959 1628
1959 1629
1959 1631
1959 1640
1959 1650
1959 1651
1959 1654
1959 1662
1959 1663
1959 1671
1959 1675
1959 1677
1959 1680
1959 1681
1959 1683
1959 1684
1959 1691
1959 1699
1959 1702
1959 1704
1959 1715
1959 1722
1959 1732
1959 1737
1959 1738
1959 1749
1959 1762
1959 1772
1959 1773
1959 1780
1959 1781
1959 1783
1959 1784
1959 1788
1959 1789
1959 1790
1959 1791
1959 1794
1959 1797
1959 1798
1959 1799
1959 1805
1959 1811
1959 1812
1959 1819
1959 1834
1959 1840
1959 1842
1959 1851
1959 1869
1959 1873
1959 1878
1959 1879
1959 1880
1959 1882
1959 1883
1959 1896
1959 1899
1959 1920
1959 1922
1959 1923
1959 1925
1959 1932
1959 1933
1959 1934
1959 1943
1959 1944
1959 1946
1959 1949
1959 1959
1959 1969
1959 1977
1959 1980
1959 1995
1959 1998
1959 2008
1959 2011
1959 2014
1959 2015
1959 2046
1959 2048
1959 2053
1959 2056
1959 2066
1959 2067
1959 2072
1959 2074
1959 2078
1959 2087
1959 2089
1959 2092
1959 2095
1959 2097
1959 2102
1959 2110
1959 2111
1959 2114
1959 2124
1959 2131
1959 2140
1959 2148
1959 2150
1959 2155
1959 2159
1959 2168
1959 2170
1959 2171
1959 2176
1959 2178
1959 2179
1959 2180
1959 2181
1959 2190
1959 2195
1959 2206
1959 2214
1959 2220
1959 2222
1959 2226
1959 2233
1959 2237
1959 2242
1959 2246
1959 2259
1959 2261
1959 2271
1959 2274
1959 2279
1959 2282
1959 2285
1959 2286
1959 2293
1959 2296
1959 2301
1959 2305
1959 2306
1959 2322
1959 2329
1959 2330
1959 2334
1959 2336
1959 2346
1959 2348
1959 2395
1959 2404
1959 2405
1959 2409
1959 2413
1959 2416
1959 2429
1959 2432
1959 2436
1959 2445
1959 2448
1959 2454
1959 2455
1959 2457
1959 2458
1959 2459
1959 2463
1959 2464
1959 2466
1959 2469
1959 2474
1959 2499
1959 2508
1959 2513
1959 2515
1959 2518
1959 2522
1959 2525
1959 2526
1959 2529
1959 2536
1959 2539
1959 2544
1959 2545
1959 2549
1959 2552
1959 2555
1959 2559
1959 2562
1959 2563
1959 2565
1959 2583
1959 2584
1959 2586
1959 2599
1970 2
1970 17
1970 18
1970 21
1970 36
1970 43
1970 55
1970 60
1970 74
1970 76
1970 85
1970 96
1970 102
1970 103
1970 111
1970 115
1970 119
1970 124
1970 126
1970 127
1970 128
1970 136
1970 138
1970 144
1970 151
1970 157
1970 173
1970 176
1970 179
1970 182
1970 183
1970 186
1970 187
1970 211
1970 226
1970 227
1970 242
1970 246
1970 250
1970 251
1970 252
1970 254
1970 260
1970 265
1970 270
1970 273
1970 274
1970 278
1970 281
1970 282
1970 283
1970 290
1970 295
1970 302
1970 305
1970 307
1970 308
1970 312
1970 325
1970 329
1970 331
1970 333
1970 337
1970 356
1970 360
1970 361
1970 363
1970 365
1970 369
1970 375
1970 376
1970 380
1970 384
1970 391
1970 393
1970 397
1970 408
1970 411
1970 415
1970 422
1970 433
1970 435
1970 439
1970 440
1970 450
1970 451
1970 452
1970 453
1970 455
1970 458
1970 459
1970 469
1970 479
1970 481
1970 491
1970 492
1970 493
1970 498
1970 506
1970 513
1970 514
1970 516
1970 521
1970 522
1970 525
1970 531
1970 533
1970 536
1970 553
1970 554
1970 559
1970 562
1970 565
1970 567
1970 578
1970 587
1970 589
1970 601
1970 604
1970 606
1970 607
1970 610
1970 612
1970 620
1970 629
1970 631
1970 633
1970 638
1970 639
1970 640
1970 642
1970 644
1970 645
1970 647
1970 650
1970 652
1970 655
1970 657
1970 667
1970 671
1970 689
1970 694
1970 696
1970 701
1970 704
1970 707
1970 708
1970 710
1970 713
1970 715
1970 720
1970 721
1970 725
1970 726
1970 734
1970 740
1970 749
1970 752
1970 753
1970 764
1970 783
1970 789
1970 798
1970 807
1970 818
1970 827
1970 829
1970 834
1970 836
1970 854
1970 856
1970 865
1970 871
1970 876
1970 882
1970 896
1970 897
1970 901
1970 902
1970 907
1970 908
1970 910
1970 913
1970 914
1970 916
1970 919
1970 922
1970 940
1970 943
1970 948
1970 953
1970 960
1970 961
1970 964
1970 990
1970 1005
1970 1009
1970 1011
1970 1015
1970 1018
1970 1019
1970 1020
1970 1027
1970 1029
1970 1037
1970 1040
1970 1042
1970 1044
1970 1046
1970 1049
1970 1052
1970 1054
1970 1056
1970 1059
1970 1065
1970 1066
1970 1068
1970 1079
1970 1085
1970 1089
1970 1092
1970 1096
1970 1110
1970 1111
1970 1116
1970 1125
1970 1136
1970 1140
1970 1142
1970 1144
1970 1150
1970 1156
1970 1158
1970 1169
1970 1174
1970 1175
1970 1177
1970 1185
1970 1191
1970 1193
1970 1198
1970 1208
1970 1216
1970 1217
1970 1224
1970 1232
1970 1247
1970 1251
1970 1260
1970 1267
1970 1270
1970 1273
1970 1277
1970 1289
1970 1293
1970 1294
1970 1295
1970 1296
1970 1299
1970 1300
1970 1303
1970 1312
1970 1314
1970 1315
1970 1327
1970 1338
1970 1344
1970 1346
1970 1348
1970 1351
1970 1354
1970 1362
1970 1364
1970 1368
1970 1370
1970 1375
1970 1378
1970 1379
1970 1389
1970 1391
1970 1392
1970 1394
1970 1400
1970 1401
1970 1403
1970 1407
1970 1411
1970 1414
1970 1419
1970 1421
1970 1423
1970 1427
1970 1429
1970 1434
1970 1435
1970 1437
1970 1443
1970 1446
1970 1449
1970 1468
1970 1471
1970 1475
1970 1476
1970 1485
1970 1489
1970 1490
1970 1493
1970 1494
1970 1496
1970 1505
1970 1510
1970 1511
1970 1516
1970 1517
1970 1520
1970 1524
1970 1525
1970 1532
1970 1534
1970 1536
1970 1552
1970 1556
1970 1563
1970 1565
1970 1568
1970 1573
1970 1588
1970 1589
1970 1591
1970 1592
1970 1607
1970 1610
1970 1615
1970 1623
1970 1624
1970 1626
1970 1632
1970 1641
1970 1647
1970 1648
1970 1651
1970 1652
1970 1653
1970 1661
1970 1679
1970 1680
1970 1684
1970 1692
1970 1703
1970 1728
1970 1740
1970 1757
1970 1761
1970 1762
1970 1766
1970 1771
1970 1773
1970 1775
1970 1777
1970 1780
1970 1797
1970 1798
1970 1799
1970 1800
1970 1807
1970 1815
1970 1822
1970 1830
1970 1842
1970 1844
1970 1848
1970 1851
1970 1854
1970 1860
1970 1861
1970 1864
1970 1868
1970 1870
1970 1874
1970 1880
1970 1881
1970 1884
1970 1889
1970 1900
1970 1902
1970 1909
1970 1910
1970 1915
1970 1926
1970 1931
1970 1935
1970 1941
1970 1942
1970 1943
1970 1958
1970 1959
1970 1961
1970 1964
1970 1965
1970 1972
1970 1981
1970 1984
1970 1994
1970 1997
1970 2004
1970 2014
1970 2025
1970 2028
1970 2029
1970 2033
1970 2034
1970 2037
1970 2041
1970 2044
1970 2048
1970 2054
1970 2057
1970 2058
1970 2059
1970 2074
1970 2082
1970 2083
1970 2099
1970 2110
1970 2114
1970 2116
1970 2117
1970 2128
1970 2131
1970 2138
1970 2155
1970 2159
1970 2171
1970 2178
1970 2180
1970 2182
1970 2184
1970 2190
1970 2214
1970 2227
1970 2228
1970 2231
1970 2235
1970 2236
1970 2249
1970 2261
1970 2263
1970 2267
1970 2269
1970 2271
1970 2274
1970 2283
1970 2290
1970 2292
1970 2303
1970 2307
1970 2312
1970 2313
1970 2314
1970 2318
1970 2321
1970 2343
1970 2352
1970 2357
1970 2360
1970 2361
1970 2364
1970 2370
1970 2377
1970 2380
1970 2399
1970 2404
1970 2406
1970 2407
1970 2411
1970 2412
1970 2422
1970 2429
1970 2434
1970 2437
1970 2439
1970 2453
1970 2454
1970 2463
1970 2465
1970 2467
1970 2469
1970 2471
1970 2476
1970 2481
1970 2485
1970 2488
1970 2495
1970 2497
1970 2513
1970 2525
1970 2539
1970 2550
1970 2552
1970 2563
1970 2570
1970 2573
1970 2577
1970 2589
1970 2592
1970 2593
1970 2597
1970 2600
2382 1
2382 6
2382 15
2382 16
2382 17
2382 30
2382 32
2382 39
2382 41
2382 47
2382 49
2382 50
2382 51
2382 53
2382 63
2382 64
2382 68
2382 69
2382 74
2382 79
2382 86
2382 91
2382 95
2382 100
2382 107
2382 114
2382 117
2382 118
2382 142
2382 151
2382 164
2382 171
2382 182
2382 191
2382 192
2382 200
2382 204
2382 205
2382 207
2382 208
2382 211
2382 213
2382 223
2382 228
2382 230
2382 232
2382 233
2382 235
2382 250
2382 260
2382 261
2382 266
2382 278
2382 281
2382 285
2382 291
2382 292
2382 298
2382 306
2382 311
2382 314
2382 316
2382 333
2382 338
2382 341
2382 346
2382 357
2382 363
2382 369
2382 375
2382 377
2382 387
2382 389
2382 414
2382 417
2382 418
2382 426
2382 439
2382 450
2382 456
2382 459
2382 461
2382 463
2382 469
2382 478
2382 489
2382 494
2382 496
2382 498
2382 503
2382 522
2382 526
2382 543
2382 566
2382 567
2382 578
2382 580
2382 582
2382 583
2382 588
2382 600
2382 602
2382 613
2382 614
2382 617
2382 618
2382 623
2382 624
2382 625
2382 627
2382 629
2382 647
2382 657
2382 663
2382 666
2382 680
2382 683
2382 686
2382 687
2382 690
2382 691
2382 707
2382 717
2382 724
2382 728
2382 730
2382 735
2382 737
2382 762
2382 765
2382 768
2382 773
2382 774
2382 777
2382 779
2382 782
2382 789
2382 791
2382 793
2382 800
2382 809
2382 810
2382 815
2382 822
2382 832
2382 835
2382 847
2382 850
2382 854
2382 855
2382 856
2382 859
2382 860
2382 876
2382 878
2382 884
2382 892
2382 894
2382 904
2382 905
2382 910
2382 913
2382 924
2382 930
2382 931
2382 932
2382 934
2382 945
2382 947
2382 963
2382 970
2382 971
2382 975
2382 988
2382 991
2382 992
2382 1000
2382 1004
2382 1018
2382 1027
2382 1033
2382 1039
2382 1045
2382 1047
2382 1048
2382 1053
2382 1054
2382 1056
2382 1060
2382 1065
2382 1074
2382 1085
2382 1090
2382 1091
2382 1098
2382 1103
2382 1105
2382 1107
2382 1108
2382 1111
2382 1119
2382 1121
2382 1124
2382 1127
2382 1135
2382 1140
2382 1143
2382 1145
2382 1147
2382 1166
2382 1177
2382 1182
2382 1187
2382 1191
2382 1195
2382 1197
2382 1202
2382 1210
2382 1212
2382 1219
2382 1223
2382 1226
2382 1228
2382 1237
2382 1249
2382 1252
2382 1255
2382 1256
2382 1257
2382 1259
2382 1264
2382 1282
2382 1291
2382 1298
2382 1304
2382 1306
2382 1312
2382 1313
2382 1314
2382 1325
2382 1327
2382 1328
2382 1331
2382 1336
2382 1339
2382 1349
2382 1350
2382 1351
2382 1356
2382 1361
2382 1371
2382 1372
2382 1376
2382 1380
2382 1383
2382 1384
2382 1392
2382 1398
2382 1406
2382 1422
2382 1424
2382 1433
2382 1441
2382 1445
2382 1451
2382 1452
2382 1456
2382 1459
2382 1469
2382 1484
2382 1492
2382 1498
2382 1499
2382 1500
2382 1516
2382 1523
2382 1542
2382 1543
2382 1544
2382 1553
2382 1559
2382 1562
2382 1563
2382 1570
2382 1576
2382 1578
2382 1583
2382 1589
2382 1590
2382 1595
2382 1601
2382 1603
2382 1606
2382 1608
2382 1609
2382 1622
2382 1624
2382 1633
2382 1647
2382 1648
2382 1654
2382 1658
2382 1660
2382 1666
2382 1675
2382 1688
2382 1693
2382 1701
2382 1703
2382 1705
2382 1706
2382 1716
2382 1725
2382 1726
2382 1729
2382 1730
2382 1745
2382 1748
2382 1749
2382 1752
2382 1754
2382 1756
2382 1759
2382 1767
2382 1778
2382 1781
2382 1787
2382 1798
2382 1800
2382 1802
2382 1807
2382 1815
2382 1816
2382 1820
2382 1827
2382 1840
2382 1841
2382 1845
2382 1847
2382 1848
2382 1849
2382 1850
2382 1852
2382 1858
2382 1859
2382 1860
2382 1866
2382 1867
2382 1869
2382 1874
2382 1876
2382 1877
2382 1880
2382 1881
2382 1882
2382 1885
2382 1897
2382 1899
2382 1900
2382 1901
2382 1903
2382 1922
2382 1923
2382 1926
2382 1929
2382 1931
2382 1933
2382 1937
2382 1943
2382 1945
2382 1952
2382 1959
2382 1960
2382 1964
2382 1969
2382 1975
2382 1978
2382 1980
2382 1983
2382 1984
2382 1988
2382 1992
2382 2000
2382 2002
2382 2017
2382 2023
2382 2025
2382 2026
2382 2029
2382 2030
2382 2033
2382 2035
2382 2036
2382 2038
2382 2041
2382 2045
2382 2046
2382 2050
2382 2054
2382 2062
2382 2070
2382 2074
2382 2075
2382 2077
2382 2079
2382 2082
2382 2106
2382 2109
2382 2112
2382 2113
2382 2115
2382 2119
2382 2124
2382 2131
2382 2135
2382 2149
2382 2151
2382 2155
2382 2159
2382 2168
2382 2169
2382 2176
2382 2178
2382 2179
2382 2184
2382 2185
2382 2187
2382 2196
2382 2202
2382 2203
2382 2204
2382 2209
2382 2210
2382 2211
2382 2214
2382 2215
2382 2219
2382 2228
2382 2230
2382 2235
2382 2239
2382 2240
2382 2242
2382 2244
2382 2247
2382 2250
2382 2257
2382 2258
2382 2274
2382 2281
2382 2283
2382 2286
2382 2300
2382 2309
2382 2312
2382 2316
2382 2317
2382 2320
2382 2323
2382 2328
2382 2329
2382 2338
2382 2347
2382 2348
2382 2358
2382 2362
2382 2365
2382 2366
2382 2368
2382 2370
2382 2373
2382 2375
2382 2385
2382 2389
2382 2390
2382 2392
2382 2395
2382 2405
2382 2411
2382 2416
2382 2418
2382 2431
2382 2438
2382 2447
2382 2449
2382 2450
2382 2453
2382 2455
2382 2458
2382 2462
2382 2463
2382 2470
2382 2472
2382 2473
2382 2480
2382 2490
2382 2497
2382 2501
2382 2502
2382 2506
2382 2512
2382 2515
2382 2516
2382 2519
2382 2523
2382 2527
2382 2529
2382 2534
2382 2535
2382 2538
2382 2540
2382 2541
2382 2542
2382 2543
2382 2544
2382 2548
2382 2552
2382 2566
2382 2572
2382 2574
2382 2578
2382 2584
2382 2589
2382 2592
330 5
330 13
330 16
330 20
330 23
330 25
330 26
330 29
330 31
330 39
330 42
330 43
330 54
330 58
330 67
330 71
330 72
330 78
330 85
330 89
330 93
330 97
330 98
330 107
330 110
330 111
330 116
330 120
330 125
330 128
330 132
330 133
330 146
330 157
330 164
330 165
330 167
330 173
330 179
330 182
330 191
330 193
330 200
330 205
330 223
330 226
330 232
330 237
330 239
330 241
330 247
330 248
330 250
330 251
330 252
330 265
330 274
330 277
330 285
330 289
330 290
330 292
330 293
330 295
330 297
330 303
330 307
330 312
330 323
330 325
330 344
330 362
330 363
330 369
330 375
330 387
330 390
330 393
330 400
330 406
330 407
330 409
330 414
330 426
330 439
330 441
330 443
330 445
330 455
330 457
330 463
330 465
330 478
330 485
330 496
330 504
330 508
330 516
330 518
330 521
330 538
330 540
330 541
330 545
330 548
330 553
330 559
330 560
330 561
330 564
330 575
330 577
330 578
330 597
330 600
330 602
330 608
330 611
330 615
330 618
330 619
330 624
330 629
330 630
330 638
330 643
330 644
330 661
330 666
330 667
330 672
330 682
330 684
330 685
330 686
330 687
330 688
330 705
330 708
330 710
330 716
330 720
330 729
330 734
330 735
330 750
330 751
330 757
330 762
330 763
330 764
330 771
330 774
330 775
330 777
330 782
330 785
330 786
330 788
330 793
330 794
330 805
330 807
330 809
330 822
330 823
330 827
330 830
330 833
330 834
330 838
330 848
330 849
330 851
330 855
330 857
330 861
330 863
330 872
330 875
330 878
330 885
330 888
330 892
330 894
330 895
330 899
330 901
330 907
330 918
330 921
330 925
330 926
330 943
330 945
330 951
330 952
330 954
330 955
330 956
330 961
330 965
330 975
330 977
330 985
330 987
330 988
330 999
330 1006
330 1008
330 1014
330 1020
330 1028
330 1034
330 1035
330 1038
330 1044
330 1045
330 1056
330 1061
330 1065
330 1069
330 1077
330 1093
330 1094
330 1096
330 1098
330 1104
330 1105
330 1108
330 1112
330 1118
330 1127
330 1135
330 1148
330 1149
330 1154
330 1167
330 1168
330 1172
330 1174
330 1183
330 1191
330 1192
330 1195
330 1205
330 1207
330 1219
330 1221
330 1230
330 1231
330 1234
330 1244
330 1249
330 1251
330 1253
330 1264
330 1266
330 1269
330 1271
330 1281
330 1297
330 1305
330 1311
330 1313
330 1325
330 1326
330 1331
330 1333
330 1345
330 1348
330 1352
330 1360
330 1363
330 1370
330 1372
330 1373
330 1409
330 1410
330 1437
330 1439
330 1440
330 1444
330 1447
330 1448
330 1450
330 1451
330 1453
330 1454
330 1457
330 1465
330 1471
330 1475
330 1477
330 1479
330 1482
330 1503
330 1504
330 1505
330 1508
330 1516
330 1525
330 1530
330 1531
330 1536
330 1537
330 1541
330 1553
330 1563
330 1572
330 1573
330 1576
330 1579
330 1587
330 1591
330 1594
330 1597
330 1599
330 1600
330 1601
330 1603
330 1605
330 1612
330 1632
330 1636
330 1637
330 1639
330 1640
330 1643
330 1644
330 1646
330 1650
330 1653
330 1660
330 1663
330 1668
330 1669
330 1676
330 1679
330 1685
330 1689
330 1691
330 1696
330 1698
330 1703
330 1713
330 1720
330 1725
330 1731
330 1732
330 1744
330 1750
330 1755
330 1758
330 1764
330 1765
330 1777
330 1778
330 1779
330 1786
330 1790
330 1793
330 1804
330 1808
330 1814
330 1817
330 1818
330 1822
330 1824
330 1829
330 1831
330 1843
330 1847
330 1850
330 1859
330 1867
330 1871
330 1875
330 1887
330 1902
330 1905
330 1915
330 1916
330 1920
330 1921
330 1923
330 1927
330 1928
330 1932
330 1949
330 1951
330 1958
330 1980
330 1987
330 1993
330 1999
330 2001
330 2004
330 2026
330 2053
330 2062
330 2078
330 2080
330 2081
330 2083
330 2086
330 2099
330 2100
330 2101
330 2105
330 2106
330 2109
330 2110
330 2114
330 2118
330 2122
330 2130
330 2131
330 2134
330 2140
330 2146
330 2149
330 2152
330 2156
330 2158
330 2162
330 2163
330 2178
330 2188
330 2191
330 2199
330 2210
330 2211
330 2213
330 2233
330 2234
330 2240
330 2252
330 2260
330 2262
330 2271
330 2284
330 2288
330 2290
330 2292
330 2301
330 2310
330 2313
330 2315
330 2324
330 2330
330 2333
330 2334
330 2343
330 2363
330 2366
330 2374
330 2375
330 2376
330 2381
330 2383
330 2387
330 2393
330 2395
330 2396
330 2407
330 2409
330 2416
330 2420
330 2421
330 2425
330 2426
330 2427
330 2429
330 2438
330 2439
330 2444
330 2446
330 2448
330 2460
330 2463
330 2468
330 2471
330 2476
330 2485
330 2486
330 2504
330 2514
330 2519
330 2528
330 2531
330 2540
330 2542
330 2549
330 2551
330 2552
330 2554
330 2557
330 2558
330 2571
330 2573
330 2583
330 2588
330 2590
330 2591
330 2593
330 2600
742 6
742 9
742 10
742 13
742 17
742 18
742 26
742 27
742 32
742 46
742 47
742 49
742 50
742 53
742 54
742 59
742 67
742 71
742 73
742 77
742 82
742 89
742 90
742 94
742 101
742 105
742 106
742 113
742 117
742 122
742 125
742 131
742 132
742 154
742 157
742 160
742 163
742 165
742 171
742 172
742 175
742 178
742 184
742 185
742 188
742 195
742 201
742 211
742 216
742 222
742 223
742 228
742 238
742 239
742 241
742 249
742 250
742 252
742 254
742 264
742 275
742 287
742 301
742 304
742 312
742 315
742 322
742 324
742 327
742 329
742 330
742 335
742 350
742 354
742 360
742 366
742 367
742 373
742 378
742 379
742 387
742 389
742 394
742 401
742 410
742 414
742 426
742 438
742 439
742 446
742 450
742 454
742 460
742 468
742 470
742 472
742 476
742 487
742 490
742 496
742 497
742 513
742 517
742 519
742 529
742 530
742 532
742 534
742 536
742 562
742 569
742 570
742 572
742 575
742 583
742 585
742 586
742 587
742 590
742 591
742 593
742 596
742 622
742 625
742 628
742 629
742 633
742 636
742 641
742 643
742 649
742 651
742 656
742 664
742 665
742 673
742 674
742 684
742 691
742 693
742 694
742 698
742 706
742 716
742 719
742 722
742 723
742 724
742 731
742 739
742 742
742 746
742 747
742 748
742 751
742 756
742 759
742 765
742 771
742 776
742 777
742 778
742 788
742 795
742 817
742 825
742 829
742 833
742 840
742 841
742 846
742 847
742 850
742 857
742 873
742 875
742 877
742 884
742 888
742 891
742 898
742 900
742 901
742 907
742 908
742 910
742 913
742 922
742 924
742 927
742 928
742 931
742 936
742 939
742 944
742 955
742 957
742 960
742 961
742 963
742 968
742 970
742 972
742 977
742 984
742 986
742 987
742 1000
742 1001
742 1004
742 1015
742 1020
742 1021
742 1026
742 1028
742 1037
742 1054
742 1072
742 1075
742 1114
742 1118
742 1127
742 1129
742 1130
742 1132
742 1133
742 1137
742 1139
742 1143
742 1148
742 1169
742 1171
742 1175
742 1185
742 1189
742 1190
742 1197
742 1199
742 1206
742 1215
742 1217
742 1224
742 1225
742 1230
742 1232
742 1235
742 1238
742 1244
742 1248
742 1252
742 1260
742 1265
742 1271
742 1277
742 1279
742 1287
742 1290
742 1291
742 1293
742 1302
742 1310
742 1311
742 1315
742 1318
742 1319
742 1322
742 1326
742 1327
742 1329
742 1336
742 1338
742 1346
742 1355
742 1369
742 1371
742 1374
742 1380
742 1386
742 1399
742 1410
742 1423
742 1427
742 1429
742 1436
742 1443
742 1445
742 1450
742 1451
742 1457
742 1459
742 1471
742 1474
742 1476
742 1490
742 1498
742 1499
742 1502
742 1503
742 1506
742 1513
742 1514
742 1518
742 1533
742 1534
742 1541
742 1544
742 1558
742 1564
742 1568
742 1577
742 1586
742 1590
742 1591
742 1594
742 1599
742 1604
742 1607
742 1613
742 1614
742 1618
742 1641
742 1647
742 1655
742 1658
742 1663
742 1670
742 1673
742 1679
742 1680
742 1682
742 1685
742 1688
742 1692
742 1698
742 1700
742 1705
742 1710
742 1711
742 1716
742 1717
742 1719
742 1732
742 1747
742 1754
742 1756
742 1757
742 1758
742 1763
742 1765
742 1766
742 1768
742 1782
742 1791
742 1794
742 1798
742 1801
742 1808
742 1810
742 1816
742 1818
742 1820
742 1821
742 1827
742 1830
742 1834
742 1835
742 1836
742 1838
742 1839
742 1842
742 1851
742 1863
742 1866
742 1870
742 1874
742 1875
742 1882
742 1896
742 1904
742 1906
742 1907
742 1920
742 1927
742 1931
742 1932
742 1945
742 1946
742 1953
742 1958
742 1961
742 1966
742 1968
742 1974
742 1978
742 1986
742 1987
742 1998
742 2000
742 2007
742 2009
742 2010
742 2012
742 2015
742 2017
742 2018
742 2020
742 2030
742 2043
742 2049
742 2053
742 2056
742 2067
742 2073
742 2091
742 2102
742 2122
742 2123
742 2131
742 2140
742 2150
742 2154
742 2155
742 2156
742 2157
742 2176
742 2178
742 2179
742 2182
742 2184
742 2186
742 2187
742 2189
742 2191
742 2193
742 2197
742 2203
742 2205
742 2222
742 2229
742 2230
742 2237
742 2238
742 2242
742 2244
742 2250
742 2258
742 2266
742 2274
742 2276
742 2279
742 2284
742 2285
742 2287
742 2290
742 2292
742 2308
742 2310
742 2315
742 2320
742 2321
742 2330
742 2337
742 2344
742 2352
742 2353
742 2360
742 2371
742 2381
742 2397
742 2415
742 2416
742 2430
742 2433
742 2441
742 2444
742 2456
742 2465
742 2475
742 2482
742 2483
742 2485
742 2487
742 2503
742 2505
742 2511
742 2516
742 2519
742 2523
742 2530
742 2531
742 2544
742 2545
742 2547
742 2560
742 2564
742 2567
742 2568
742 2574
742 2577
742 2578
742 2597
742 2598
742 2600
1661 1
1661 3
1661 4
1661 10
1661 13
1661 19
1661 21
1661 22
1661 33
1661 38
1661 46
1661 47
1661 48
1661 54
1661 55
1661 66
1661 79
1661 81
1661 93
1661 95
1661 99
1661 103
1661 104
1661 115
1661 119
1661 145
1661 146
1661 151
1661 154
1661 155
1661 163
1661 173
1661 180
1661 182
1661 184
1661 185
1661 186
1661 190
1661 192
1661 206
1661 219
1661 231
1661 237
1661 244
1661 245
1661 249
1661 262
1661 263
1661 268
1661 274
1661 283
1661 299
1661 313
1661 325
1661 326
1661 327
1661 332
1661 334
1661 340
1661 353
1661 359
1661 364
1661 372
1661 378
1661 384
1661 385
1661 386
1661 388
1661 402
1661 422
1661 423
1661 425
1661 431
1661 432
1661 441
1661 445
1661 459
1661 464
1661 468
1661 485
1661 488
1661 492
1661 495
1661 498
1661 510
1661 514
1661 529
1661 534
1661 537
1661 542
1661 554
1661 562
1661 563
1661 564
1661 567
1661 568
1661 573
1661 574
1661 578
1661 581
1661 583
1661 586
1661 589
1661 601
1661 608
1661 609
1661 614
1661 634
1661 638
1661 643
1661 649
1661 654
1661 657
1661 671
1661 672
1661 674
1661 687
1661 695
1661 698
1661 710
1661 712
1661 713
1661 726
1661 729
1661 732
1661 733
1661 735
1661 737
1661 750
1661 761
1661 764
1661 767
1661 771
1661 779
1661 785
1661 792
1661 793
1661 795
1661 805
1661 821
1661 825
1661 831
1661 834
1661 835
1661 836
1661 839
1661 840
1661 849
1661 852
1661 859
1661 864
1661 866
1661 871
1661 882
1661 890
1661 895
1661 897
1661 901
1661 902
1661 906
1661 909
1661 918
1661 919
1661 929
1661 933
1661 934
1661 936
1661 947
1661 952
1661 957
1661 961
1661 963
1661 968
1661 973
1661 977
1661 978
1661 980
1661 982
1661 995
1661 1005
1661 1008
1661 1013
1661 1016
1661 1018
1661 1021
1661 1022
1661 1023
1661 1033
1661 1037
1661 1050
1661 1055
1661 1061
1661 1063
1661 1065
1661 1072
1661 1077
1661 1082
1661 1083
1661 1088
1661 1097
1661 1101
1661 1106
1661 1107
1661 1116
1661 1120
1661 1126
1661 1134
1661 1136
1661 1138
1661 1142
1661 1143
1661 1144
1661 1146
1661 1159
1661 1166
1661 1172
1661 1174
1661 1176
1661 1178
1661 1179
1661 1183
1661 1184
1661 1185
1661 1186
1661 1200
1661 1203
1661 1206
1661 1207
1661 1210
1661 1216
1661 1225
1661 1232
1661 1235
1661 1252
1661 1253
1661 1266
1661 1271
1661 1285
1661 1287
1661 1288
1661 1295
1661 1302
1661 1314
1661 1316
1661 1320
1661 1323
1661 1333
1661 1337
1661 1343
1661 1345
1661 1347
1661 1348
1661 1353
1661 1354
1661 1356
1661 1360
1661 1365
1661 1372
1661 1374
1661 1376
1661 1401
1661 1408
1661 1409
1661 1413
1661 1419
1661 1435
1661 1437
1661 1444
1661 1452
1661 1460
1661 1463
1661 1465
1661 1477
1661 1492
1661 1494
1661 1495
1661 1497
1661 1501
1661 1504
1661 1519
1661 1526
1661 1538
1661 1542
1661 1549
1661 1550
1661 1574
1661 1578
1661 1581
1661 1590
1661 1592
1661 1603
1661 1605
1661 1612
1661 1616
1661 1620
1661 1622
1661 1628
1661 1631
1661 1634
1661 1638
1661 1639
1661 1640
1661 1651
1661 1654
1661 1659
1661 1669
1661 1681
1661 1682
1661 1683
1661 1686
1661 1688
1661 1691
1661 1701
1661 1703
1661 1704
1661 1707
1661 1712
1661 1713
1661 1729
1661 1732
1661 1736
1661 1737
1661 1740
1661 1742
1661 1746
1661 1754
1661 1758
1661 1759
1661 1761
1661 1775
1661 1781
1661 1783
1661 1785
1661 1788
1661 1799
1661 1800
1661 1808
1661 1811
1661 1812
1661 1819
1661 1828
1661 1830
1661 1831
1661 1832
1661 1835
1661 1838
1661 1840
1661 1863
1661 1866
1661 1872
1661 1873
1661 1880
1661 1886
1661 1888
1661 1896
1661 1898
1661 1899
1661 1903
1661 1905
1661 1912
1661 1926
1661 1931
1661 1936
1661 1946
1661 1947
1661 1951
1661 1962
1661 1964
1661 1974
1661 1978
1661 1979
1661 1984
1661 1985
1661 1987
1661 1989
1661 2001
1661 2003
1661 2006
1661 2009
1661 2019
1661 2023
1661 2029
1661 2030
1661 2031
1661 2036
1661 2043
1661 2046
1661 2047
1661 2048
1661 2054
1661 2066
1661 2071
1661 2078
1661 2079
1661 2085
1661 2087
1661 2088
1661 2089
1661 2115
1661 2119
1661 2122
1661 2133
1661 2140
1661 2144
1661 2147
1661 2149
1661 2150
1661 2153
1661 2156
1661 2158
1661 2160
1661 2161
1661 2163
1661 2164
1661 2165
1661 2170
1661 2178
1661 2183
1661 2184
1661 2187
1661 2188
1661 2189
1661 2197
1661 2200
1661 2203
1661 2222
1661 2230
1661 2235
1661 2236
1661 2241
1661 2242
1661 2247
1661 2263
1661 2264
1661 2270
1661 2283
1661 2284
1661 2286
1661 2293
1661 2295
1661 2296
1661 2298
1661 2302
1661 2312
1661 2313
1661 2316
1661 2319
1661 2324
1661 2325
1661 2329
1661 2347
1661 2348
1661 2351
1661 2353
1661 2354
1661 2356
1661 2358
1661 2366
1661 2370
1661 2372
1661 2380
1661 2381
1661 2383
1661 2386
1661 2391
1661 2413
1661 2414
1661 2415
1661 2418
1661 2420
1661 2423
1661 2425
1661 2430
1661 2436
1661 2439
1661 2450
1661 2454
1661 2464
1661 2470
1661 2476
1661 2477
1661 2481
1661 2483
1661 2487
1661 2491
1661 2508
1661 2512
1661 2522
1661 2523
1661 2525
1661 2527
1661 2534
1661 2536
1661 2546
1661 2549
1661 2551
1661 2564
1661 2568
1661 2574
1661 2581
1661 2585
1661 2591
1661 2594
1661 2595
737 4
737 10
737 12
737 18
737 25
737 26
737 36
737 49
737 50
737 55
737 58
737 59
737 62
737 66
737 76
737 83
737 92
737 94
737 101
737 104
737 105
737 107
737 109
737 111
737 113
737 115
737 117
737 120
737 122
737 124
737 140
737 142
737 144
737 146
737 165
737 175
737 187
737 190
737 197
737 199
737 207
737 209
737 213
737 216
737 218
737 221
737 236
737 241
737 244
737 249
737 250
737 253
737 265
737 272
737 286
737 293
737 299
737 309
737 313
737 314
737 317
737 329
737 332
737 336
737 340
737 342
737 346
737 350
737 351
737 359
737 365
737 369
737 373
737 374
737 387
737 397
737 402
737 404
737 410
737 411
737 413
737 423
737 427
737 429
737 437
737 441
737 444
737 445
737 458
737 465
737 466
737 471
737 472
737 475
737 478
737 480
737 491
737 492
737 498
737 513
737 522
737 525
737 528
737 529
737 533
737 534
737 540
737 550
737 551
737 566
737 567
737 571
737 573
737 574
737 584
737 599
737 601
737 602
737 603
737 608
737 616
737 619
737 621
737 634
737 635
737 640
737 654
737 657
737 660
737 663
737 665
737 669
737 670
737 675
737 678
737 679
737 682
737 683
737 686
737 696
737 698
737 699
737 707
737 716
737 720
737 726
737 731
737 743
737 748
737 749
737 750
737 752
737 756
737 767
737 770
737 776
737 777
737 781
737 785
737 787
737 791
737 792
737 795
737 797
737 798
737 803
737 811
737 821
737 827
737 835
737 841
737 845
737 854
737 857
737 870
737 876
737 879
737 880
737 883
737 888
737 889
737 895
737 897
737 905
737 908
737 910
737 920
737 923
737 935
737 937
737 941
737 949
737 951
737 957
737 964
737 968
737 969
737 970
737 973
737 977
737 980
737 982
737 983
737 988
737 992
737 996
737 1000
737 1012
737 1018
737 1019
737 1029
737 1031
737 1035
737 1036
737 1037
737 1040
737 1047
737 1048
737 1051
737 1054
737 1061
737 1069
737 1080
737 1082
737 1084
737 1085
737 1087
737 1090
737 1094
737 1095
737 1097
737 1098
737 1100
737 1101
737 1109
737 1132
737 1133
737 1138
737 1139
737 1142
737 1146
737 1147
737 1160
737 1163
737 1166
737 1167
737 1168
737 1170
737 1171
737 1173
737 1179
737 1180
737 1185
737 1187
737 1189
737 1192
737 1198
737 1203
737 1205
737 1213
737 1217
737 1219
737 1225
737 1226
737 1227
737 1233
737 1236
737 1247
737 1252
737 1263
737 1271
737 1279
737 1285
737 1306
737 1310
737 1317
737 1320
737 1322
737 1326
737 1330
737 1334
737 1348
737 1357
737 1359
737 1375
737 1376
737 1389
737 1394
737 1401
737 1408
737 1416
737 1417
737 1422
737 1426
737 1437
737 1444
737 1446
737 1447
737 1451
737 1460
737 1463
737 1468
737 1469
737 1474
737 1485
737 1488
737 1491
737 1496
737 1502
737 1503
737 1505
737 1508
737 1528
737 1529
737 1531
737 1534
737 1540
737 1545
737 1548
737 1555
737 1559
737 1566
737 1577
737 1580
737 1582
737 1598
737 1610
737 1623
737 1633
737 1634
737 1636
737 1640
737 1641
737 1642
737 1644
737 1652
737 1656
737 1663
737 1665
737 1666
737 1667
737 1671
737 1681
737 1689
737 1691
737 1701
737 1706
737 1710
737 1716
737 1718
737 1721
737 1722
737 1729
737 1730
737 1732
737 1733
737 1735
737 1747
737 1748
737 1752
737 1753
737 1757
737 1759
737 1762
737 1774
737 1787
737 1788
737 1795
737 1801
737 1803
737 1804
737 1805
737 1811
737 1818
737 1826
737 1832
737 1836
737 1837
737 1846
737 1847
737 1848
737 1853
737 1854
737 1861
737 1864
737 1872
737 1874
737 1878
737 1881
737 1891
737 1892
737 1894
737 1900
737 1901
737 1904
737 1909
737 1912
737 1913
737 1915
737 1920
737 1921
737 1929
737 1933
737 1935
737 1938
737 1949
737 1950
737 1953
737 1959
737 1970
737 1972
737 1977
737 1984
737 1993
737 1998
737 2004
737 2005
737 2011
737 2018
737 2019
737 2023
737 2025
737 2031
737 2044
737 2050
737 2051
737 2052
737 2054
737 2055
737 2060
737 2066
737 2069
737 2070
737 2072
737 2078
737 2080
737 2095
737 2097
737 2099
737 2100
737 2112
737 2113
737 2115
737 2116
737 2127
737 2130
737 2132
737 2133
737 2136
737 2137
737 2138
737 2142
737 2144
737 2155
737 2156
737 2157
737 2158
737 2159
737 2168
737 2170
737 2174
737 2178
737 2186
737 2193
737 2195
737 2199
737 2201
737 2215
737 2216
737 2218
737 2222
737 2226
737 2233
737 2237
737 2251
737 2252
737 2255
737 2264
737 2271
737 2286
737 2289
737 2290
737 2291
737 2295
737 2301
737 2305
737 2310
737 2319
737 2330
737 2334
737 2335
737 2338
737 2339
737 2344
737 2345
737 2347
737 2348
737 2362
737 2366
737 2367
737 2374
737 2376
737 2383
737 2390
737 2395
737 2397
737 2400
737 2401
737 2408
737 2409
737 2411
737 2413
737 2418
737 2419
737 2422
737 2426
737 2432
737 2434
737 2436
737 2437
737 2438
737 2440
737 2458
737 2459
737 2461
737 2466
737 2470
737 2485
737 2486
737 2488
737 2491
737 2508
737 2510
737 2514
737 2524
737 2525
737 2529
737 2530
737 2534
737 2543
737 2547
737 2550
737 2556
737 2563
737 2566
737 2572
737 2580
737 2582
737 2587
737 2597
1921 3
1921 6
1921 9
1921 17
1921 25
1921 27
1921 37
1921 39
1921 53
1921 56
1921 57
1921 58
1921 73
1921 93
1921 96
1921 101
1921 105
1921 106
1921 117
1921 119
1921 124
1921 136
1921 137
1921 139
1921 148
1921 158
1921 161
1921 173
1921 174
1921 176
1921 187
1921 203
1921 206
1921 208
1921 210
1921 213
1921 215
1921 222
1921 223
1921 224
1921 225
1921 239
1921 243
1921 248
1921 249
1921 251
1921 255
1921 262
1921 267
1921 272
1921 273
1921 277
1921 278
1921 285
1921 286
1921 293
1921 295
1921 298
1921 306
1921 307
1921 315
1921 328
1921 329
1921 330
1921 351
1921 353
1921 355
1921 356
1921 357
1921 359
1921 362
1921 363
1921 373
1921 378
1921 384
1921 385
1921 386
1921 397
1921 399
1921 405
1921 406
1921 408
1921 417
1921 418
1921 419
1921 423
1921 424
1921 427
1921 428
1921 434
1921 435
1921 437
1921 447
1921 448
1921 455
1921 459
1921 474
1921 475
1921 479
1921 480
1921 485
1921 499
1921 500
1921 501
1921 508
1921 511
1921 514
1921 516
1921 535
1921 537
1921 539
1921 540
1921 553
1921 556
1921 567
1921 569
1921 575
1921 576
1921 582
1921 585
1921 588
1921 593
1921 609
1921 615
1921 620
1921 626
1921 627
1921 630
1921 632
1921 640
1921 654
1921 655
1921 658
1921 659
1921 664
1921 667
1921 668
1921 672
1921 685
1921 693
1921 698
1921 704
1921 707
1921 709
1921 722
1921 736
1921 748
1921 753
1921 755
1921 756
1921 762
1921 765
1921 768
1921 774
1921 776
1921 777
1921 786
1921 789
1921 790
1921 802
1921 810
1921 813
1921 816
1921 819
1921 820
1921 824
1921 826
1921 828
1921 829
1921 830
1921 838
1921 852
1921 858
1921 861
1921 866
1921 868
1921 871
1921 882
1921 886
1921 888
1921 889
1921 890
1921 892
1921 896
1921 902
1921 906
1921 907
1921 913
1921 916
1921 920
1921 923
1921 936
1921 939
1921 942
1921 943
1921 944
1921 945
1921 955
1921 959
1921 975
1921 977
1921 979
1921 995
1921 1003
1921 1014
1921 1016
1921 1021
1921 1026
1921 1034
1921 1036
1921 1043
1921 1056
1921 1066
1921 1072
1921 1073
1921 1078
1921 1079
1921 1087
1921 1109
1921 1112
1921 1130
1921 1133
1921 1139
1921 1146
1921 1149
1921 1170
1921 1178
1921 1179
1921 1180
1921 1182
1921 1213
1921 1216
1921 1221
1921 1222
1921 1235
1921 1237
1921 1239
1921 1241
1921 1246
1921 1248
1921 1249
1921 1261
1921 1268
1921 1270
1921 1273
1921 1278
1921 1279
1921 1280
1921 1285
1921 1295
1921 1297
1921 1301
1921 1306
1921 1310
1921 1317
1921 1319
1921 1320
1921 1332
1921 1336
1921 1338
1921 1344
1921 1345
1921 1351
1921 1356
1921 1367
1921 1373
1921 1389
1921 1390
1921 1395
1921 1397
1921 1413
1921 1423
1921 1427
1921 1428
1921 1431
1921 1444
1921 1447
1921 1449
1921 1453
1921 1458
1921 1461
1921 1467
1921 1471
1921 1481
1921 1482
1921 1484
1921 1486
1921 1492
1921 1493
1921 1494
1921 1495
1921 1510
1921 1511
1921 1512
1921 1516
1921 1523
1921 1524
1921 1529
1921 1530
1921 1531
1921 1533
1921 1541
1921 1542
1921 1561
1921 1565
1921 1567
1921 1569
1921 1576
1921 1577
1921 1581
1921 1587
1921 1592
1921 1598
1921 1601
1921 1604
1921 1617
1921 1625
1921 1627
1921 1638
1921 1653
1921 1655
1921 1656
1921 1658
1921 1661
1921 1663
1921 1672
1921 1678
1921 1690
1921 1695
1921 1698
1921 1699
1921 1700
1921 1705
1921 1715
1921 1725
1921 1735
1921 1743
1921 1765
1921 1778
1921 1779
1921 1783
1921 1785
1921 1786
1921 1790
1921 1791
1921 1795
1921 1800
1921 1806
1921 1808
1921 1810
1921 1815
1921 1822
1921 1830
1921 1835
1921 1837
1921 1841
1921 1844
1921 1852
1921 1853
1921 1854
1921 1857
1921 1858
1921 1861
1921 1865
1921 1870
1921 1873
1921 1879
1921 1880
1921 1884
1921 1889
1921 1892
1921 1896
1921 1915
1921 1939
1921 1941
1921 1943
1921 1946
1921 1957
1921 1964
1921 1965
1921 1966
1921 1970
1921 1972
1921 1980
1921 1981
1921 1982
1921 1985
1921 1987
1921 1989
1921 1991
1921 1994
1921 2000
1921 2003
1921 2005
1921 2011
1921 2016
1921 2025
1921 2026
1921 2028
1921 2029
1921 2030
1921 2035
1921 2037
1921 2045
1921 2048
1921 2053
1921 2061
1921 2062
1921 2068
1921 2075
1921 2086
1921 2096
1921 2098
1921 2101
1921 2103
1921 2104
1921 2109
1921 2110
1921 2111
1921 2112
1921 2113
1921 2114
1921 2132
1921 2140
1921 2149
1921 2164
1921 2166
1921 2171
1921 2181
1921 2182
1921 2185
1921 2189
1921 2190
1921 2191
1921 2195
1921 2199
1921 2201
1921 2202
1921 2205
1921 2230
1921 2233
1921 2237
1921 2242
1921 2254
1921 2263
1921 2281
1921 2282
1921 2287
1921 2293
1921 2296
1921 2297
1921 2299
1921 2300
1921 2305
1921 2310
1921 2314
1921 2316
1921 2322
1921 2326
1921 2329
1921 2330
1921 2338
1921 2341
1921 2343
1921 2345
1921 2352
1921 2353
1921 2356
1921 2357
1921 2365
1921 2368
1921 2374
1921 2375
1921 2383
1921 2384
1921 2385
1921 2386
1921 2392
1921 2395
1921 2405
1921 2406
1921 2414
1921 2417
1921 2436
1921 2438
1921 2445
1921 2447
1921 2448
1921 2458
1921 2459
1921 2466
1921 2470
1921 2474
1921 2477
1921 2483
1921 2485
1921 2488
1921 2491
1921 2497
1921 2498
1921 2504
1921 2511
1921 2512
1921 2526
1921 2528
1921 2529
1921 2537
1921 2544
1921 2548
1921 2551
1921 2553
1921 2555
1921 2565
1921 2570
1921 2571
1921 2582
1921 2585
1921 2587
1921 2588
1921 2590
1921 2595
1299 1
1299 6
1299 10
1299 16
1299 22
1299 25
1299 36
1299 45
1299 59
1299 60
1299 79
1299 80
1299 81
1299 90
1299 93
1299 98
1299 105
1299 106
1299 107
1299 108
1299 112
1299 113
1299 114
1299 115
1299 117
1299 118
1299 119
1299 123
1299 130
1299 137
1299 139
1299 155
1299 163
1299 169
1299 177
1299 179
1299 190
1299 191
1299 193
1299 200
1299 206
1299 210
1299 228
1299 234
1299 245
1299 249
1299 252
1299 257
1299 261
1299 276
1299 279
1299 280
1299 286
1299 292
1299 296
1299 305
1299 308
1299 317
1299 321
1299 325
1299 332
1299 336
1299 345
1299 346
1299 348
1299 350
1299 353
1299 354
1299 372
1299 376
1299 377
1299 390
1299 394
1299 399
1299 404
1299 406
1299 408
1299 415
1299 417
1299 422
1299 428
1299 433
1299 435
1299 439
1299 444
1299 451
1299 452
1299 457
1299 460
1299 467
1299 478
1299 480
1299 485
1299 488
1299 498
1299 510
1299 514
1299 525
1299 531
1299 540
1299 542
1299 548
1299 552
1299 553
1299 559
1299 560
1299 565
1299 568
1299 570
1299 577
1299 591
1299 606
1299 614
1299 615
1299 619
1299 620
1299 623
1299 627
1299 631
1299 649
1299 652
1299 654
1299 658
1299 661
1299 662
1299 664
1299 667
1299 677
1299 678
1299 687
1299 695
1299 697
1299 705
1299 706
1299 713
1299 716
1299 721
1299 740
1299 754
1299 760
1299 763
1299 765
1299 773
1299 780
1299 783
1299 790
1299 793
1299 796
1299 806
1299 821
1299 822
1299 832
1299 834
1299 836
1299 839
1299 842
1299 846
1299 858
1299 876
1299 882
1299 886
1299 887
1299 888
1299 890
1299 891
1299 912
1299 914
1299 916
1299 923
1299 925
1299 926
1299 937
1299 939
1299 940
1299 942
1299 944
1299 952
1299 961
1299 964
1299 986
1299 987
1299 989
1299 1002
1299 1010
1299 1022
1299 1029
1299 1030
1299 1037
1299 1042
1299 1043
1299 1048
1299 1063
1299 1064
1299 1067
1299 1072
1299 1075
1299 1078
1299 1085
1299 1086
1299 1097
1299 1100
1299 1101
1299 1103
1299 1107
1299 1111
1299 1112
1299 1115
1299 1116
1299 1117
1299 1119
1299 1120
1299 1121
1299 1122
1299 1123
1299 1124
1299 1126
1299 1127
1299 1128
1299 1130
1299 1136
1299 1142
1299 1151
1299 1153
1299 1158
1299 1174
1299 1176
1299 1180
1299 1182
1299 1185
1299 1187
1299 1188
1299 1198
1299 1199
1299 1205
1299 1208
1299 1220
1299 1221
1299 1230
1299 1231
1299 1240
1299 1252
1299 1254
1299 1256
1299 1262
1299 1272
1299 1282
1299 1287
1299 1305
1299 1328
1299 1334
1299 1339
1299 1342
1299 1346
1299 1351
1299 1352
1299 1357
1299 1361
1299 1365
1299 1376
1299 1382
1299 1384
1299 1393
1299 1395
1299 1404
1299 1416
1299 1427
1299 1428
1299 1430
1299 1440
1299 1455
1299 1461
1299 1465
1299 1472
1299 1479
1299 1480
1299 1493
1299 1500
1299 1501
1299 1509
1299 1518
1299 1523
1299 1524
1299 1528
1299 1533
1299 1537
1299 1541
1299 1552
1299 1558
1299 1569
1299 1573
1299 1577
1299 1581
1299 1582
1299 1589
1299 1591
1299 1596
1299 1599
1299 1605
1299 1607
1299 1619
1299 1623
1299 1632
1299 1635
1299 1642
1299 1648
1299 1657
1299 1665
1299 1705
1299 1707
1299 1708
1299 1716
1299 1718
1299 1719
1299 1726
1299 1732
1299 1733
1299 1743
1299 1744
1299 1750
1299 1752
1299 1753
1299 1756
1299 1758
1299 1761
1299 1762
1299 1774
1299 1777
1299 1798
1299 1801
1299 1810
1299 1815
1299 1818
1299 1819
1299 1833
1299 1840
1299 1842
1299 1846
1299 1847
1299 1859
1299 1862
1299 1865
1299 1866
1299 1868
1299 1870
1299 1871
1299 1872
1299 1877
1299 1878
1299 1882
1299 1889
1299 1891
1299 1894
1299 1901
1299 1914
1299 1916
1299 1921
1299 1927
1299 1929
1299 1940
1299 1958
1299 1959
1299 1967
1299 1969
1299 1972
1299 1976
1299 1985
1299 1990
1299 1995
1299 2001
1299 2004
1299 2006
1299 2012
1299 2017
1299 2018
1299 2024
1299 2034
1299 2039
1299 2050
1299 2051
1299 2054
1299 2056
1299 2057
1299 2065
1299 2079
1299 2081
1299 2087
1299 2088
1299 2089
1299 2106
1299 2109
1299 2113
1299 2114
1299 2116
1299 2124
1299 2130
1299 2131
1299 2134
1299 2135
1299 2152
1299 2160
1299 2176
1299 2182
1299 2183
1299 2200
1299 2204
1299 2207
1299 2210
1299 2215
1299 2223
1299 2229
1299 2232
1299 2233
1299 2235
1299 2236
1299 2250
1299 2260
1299 2264
1299 2268
1299 2269
1299 2279
1299 2281
1299 2293
1299 2295
1299 2299
1299 2300
1299 2302
1299 2311
1299 2313
1299 2317
1299 2323
1299 2324
1299 2325
1299 2326
1299 2330
1299 2338
1299 2355
1299 2359
1299 2362
1299 2363
1299 2365
1299 2397
1299 2399
1299 2405
1299 2406
1299 2418
1299 2427
1299 2433
1299 2434
1299 2441
1299 2442
1299 2447
1299 2467
1299 2476
1299 2478
1299 2487
1299 2492
1299 2493
1299 2510
1299 2511
1299 2512
1299 2549
1299 2560
1299 2562
1299 2572
1299 2575
1299 2582
1299 2589
1299 2590
1299 2595
1299 2599
1299 2600
