p td 800 1891 
272 1
272 14
272 15
272 18
272 25
272 28
272 33
272 39
272 43
272 45
272 46
272 60
272 61
272 66
272 69
272 75
272 77
272 83
272 99
272 100
272 104
272 110
272 111
272 113
272 114
272 116
272 130
272 132
272 133
272 138
272 139
272 142
272 146
272 147
272 153
272 155
272 161
272 162
272 165
272 177
272 179
272 180
272 182
272 184
272 190
272 191
272 199
272 220
272 224
272 225
272 228
272 233
272 236
272 251
272 253
272 255
272 256
272 258
272 263
272 269
272 275
272 280
272 282
272 285
272 288
272 304
272 308
272 309
272 313
272 314
272 327
272 332
272 336
272 340
272 342
272 359
272 377
272 378
272 389
272 391
272 404
272 406
272 407
272 409
272 413
272 418
272 419
272 440
272 443
272 448
272 452
272 454
272 461
272 466
272 470
272 473
272 478
272 484
272 490
272 491
272 502
272 508
272 521
272 522
272 524
272 528
272 530
272 535
272 537
272 539
272 543
272 551
272 552
272 561
272 578
272 581
272 584
272 587
272 590
272 594
272 609
272 615
272 617
272 622
272 623
272 628
272 638
272 653
272 656
272 660
272 667
272 676
272 678
272 680
272 686
272 690
272 692
272 699
272 700
272 707
272 708
272 722
272 734
272 737
272 741
272 742
272 746
272 751
272 752
272 761
272 763
272 764
272 771
272 772
272 789
272 790
272 791
272 792
272 794
381 1
381 6
381 15
381 17
381 23
381 24
381 29
381 35
381 38
381 40
381 44
381 45
381 54
381 62
381 65
381 66
381 67
381 68
381 69
381 73
381 81
381 84
381 95
381 99
381 101
381 104
381 105
381 106
381 107
381 111
381 113
381 121
381 127
381 128
381 130
381 134
381 142
381 144
381 146
381 156
381 157
381 163
381 182
381 185
381 193
381 196
381 214
381 224
381 225
381 226
381 229
381 239
381 248
381 253
381 263
381 267
381 285
381 288
381 293
381 301
381 303
381 311
381 323
381 324
381 329
381 332
381 334
381 337
381 343
381 353
381 356
381 362
381 366
381 372
381 373
381 375
381 382
381 387
381 389
381 391
381 394
381 396
381 397
381 409
381 420
381 422
381 425
381 428
381 441
381 447
381 465
381 472
381 483
381 504
381 518
381 521
381 522
381 527
381 550
381 551
381 552
381 557
381 562
381 563
381 567
381 588
381 592
381 597
381 598
381 601
381 602
381 603
381 604
381 605
381 606
381 607
381 612
381 613
381 615
381 616
381 623
381 626
381 628
381 633
381 652
381 665
381 666
381 670
381 674
381 690
381 692
381 695
381 697
381 698
381 716
381 718
381 722
381 724
381 731
381 741
381 743
381 750
381 754
381 764
381 766
381 771
381 774
381 779
381 782
381 785
381 791
149 1
149 3
149 11
149 15
149 19
149 30
149 33
149 36
149 39
149 41
149 46
149 50
149 63
149 64
149 76
149 81
149 88
149 105
149 109
149 111
149 113
149 116
149 118
149 120
149 122
149 124
149 125
149 128
149 139
149 142
149 150
149 152
149 154
149 164
149 166
149 171
149 175
149 176
149 183
149 199
149 200
149 205
149 206
149 214
149 224
149 225
149 233
149 238
149 241
149 244
149 250
149 252
149 255
149 257
149 259
149 262
149 279
149 305
149 306
149 310
149 318
149 319
149 321
149 327
149 329
149 331
149 334
149 336
149 341
149 347
149 350
149 354
149 355
149 359
149 369
149 370
149 373
149 374
149 378
149 379
149 380
149 387
149 389
149 392
149 394
149 397
149 398
149 406
149 415
149 418
149 420
149 426
149 431
149 432
149 433
149 434
149 437
149 452
149 463
149 465
149 469
149 470
149 472
149 473
149 475
149 476
149 484
149 486
149 501
149 503
149 505
149 508
149 509
149 510
149 511
149 525
149 529
149 532
149 546
149 547
149 552
149 553
149 556
149 577
149 579
149 580
149 583
149 588
149 597
149 608
149 615
149 618
149 623
149 647
149 650
149 657
149 659
149 666
149 669
149 673
149 678
149 679
149 695
149 699
149 700
149 703
149 704
149 711
149 715
149 726
149 736
149 737
149 738
149 749
149 752
149 754
149 759
149 768
149 784
149 785
149 787
149 800
152 5
152 7
152 23
152 27
152 32
152 42
152 54
152 55
152 57
152 66
152 68
152 69
152 93
152 101
152 109
152 113
152 114
152 115
152 124
152 127
152 129
152 131
152 140
152 142
152 149
152 150
152 152
152 163
152 166
152 167
152 171
152 173
152 179
152 189
152 193
152 211
152 217
152 227
152 231
152 232
152 234
152 240
152 241
152 248
152 251
152 261
152 273
152 275
152 277
152 279
152 281
152 283
152 290
152 301
152 306
152 308
152 323
152 332
152 336
152 340
152 342
152 360
152 367
152 384
152 394
152 395
152 401
152 402
152 408
152 412
152 413
152 419
152 440
152 445
152 447
152 452
152 453
152 461
152 462
152 469
152 471
152 474
152 482
152 491
152 494
152 499
152 512
152 514
152 515
152 516
152 518
152 521
152 522
152 527
152 532
152 536
152 539
152 540
152 542
152 567
152 587
152 589
152 591
152 593
152 594
152 599
152 600
152 601
152 602
152 619
152 620
152 622
152 623
152 624
152 628
152 641
152 657
152 665
152 667
152 670
152 671
152 672
152 674
152 677
152 682
152 685
152 686
152 699
152 707
152 708
152 709
152 721
152 727
152 735
152 739
152 740
152 743
152 744
152 745
152 746
152 750
152 758
152 761
152 773
152 774
152 781
152 782
152 788
152 790
152 793
152 798
152 799
339 10
339 14
339 16
339 17
339 34
339 37
339 38
339 43
339 56
339 58
339 60
339 61
339 63
339 64
339 65
339 66
339 70
339 71
339 85
339 87
339 94
339 101
339 102
339 115
339 116
339 117
339 119
339 121
339 129
339 136
339 143
339 152
339 154
339 163
339 168
339 183
339 185
339 189
339 193
339 195
339 201
339 204
339 209
339 211
339 212
339 214
339 219
339 222
339 223
339 227
339 229
339 230
339 232
339 233
339 238
339 239
339 249
339 252
339 261
339 269
339 270
339 272
339 275
339 278
339 283
339 290
339 292
339 310
339 313
339 318
339 319
339 321
339 323
339 329
339 337
339 339
339 341
339 342
339 345
339 346
339 347
339 348
339 349
339 355
339 356
339 358
339 362
339 368
339 374
339 389
339 401
339 418
339 424
339 430
339 433
339 435
339 441
339 444
339 446
339 450
339 452
339 476
339 483
339 491
339 498
339 500
339 501
339 502
339 507
339 517
339 523
339 528
339 529
339 532
339 533
339 538
339 550
339 555
339 564
339 566
339 568
339 571
339 573
339 581
339 590
339 597
339 603
339 605
339 607
339 617
339 620
339 622
339 628
339 631
339 632
339 645
339 647
339 660
339 661
339 665
339 666
339 674
339 675
339 676
339 678
339 679
339 682
339 683
339 684
339 693
339 699
339 707
339 714
339 716
339 720
339 722
339 724
339 725
339 733
339 735
339 740
339 741
339 747
339 757
339 771
339 772
339 773
339 790
339 797
339 798
671 11
671 21
671 22
671 25
671 29
671 48
671 54
671 56
671 70
671 74
671 75
671 90
671 104
671 106
671 109
671 112
671 114
671 115
671 116
671 125
671 129
671 135
671 144
671 145
671 146
671 151
671 177
671 178
671 187
671 195
671 197
671 200
671 202
671 204
671 210
671 211
671 214
671 216
671 221
671 224
671 237
671 246
671 249
671 251
671 253
671 258
671 264
671 265
671 275
671 280
671 287
671 289
671 291
671 302
671 303
671 306
671 310
671 316
671 323
671 339
671 348
671 352
671 353
671 357
671 359
671 360
671 363
671 372
671 376
671 388
671 398
671 403
671 428
671 433
671 437
671 438
671 439
671 441
671 444
671 446
671 447
671 448
671 449
671 450
671 462
671 463
671 469
671 478
671 495
671 497
671 500
671 518
671 519
671 525
671 541
671 545
671 551
671 555
671 556
671 558
671 562
671 566
671 575
671 580
671 585
671 589
671 590
671 592
671 593
671 598
671 601
671 611
671 613
671 618
671 621
671 625
671 632
671 635
671 643
671 646
671 653
671 655
671 656
671 662
671 663
671 670
671 678
671 695
671 698
671 703
671 719
671 722
671 728
671 729
671 730
671 731
671 732
671 735
671 736
671 738
671 741
671 747
671 751
671 753
671 761
671 775
671 778
671 780
671 783
671 788
671 790
671 799
348 9
348 10
348 13
348 17
348 18
348 25
348 28
348 40
348 49
348 53
348 59
348 72
348 89
348 96
348 98
348 100
348 108
348 114
348 125
348 129
348 134
348 136
348 145
348 156
348 158
348 162
348 166
348 168
348 174
348 175
348 184
348 186
348 194
348 197
348 201
348 203
348 214
348 218
348 230
348 231
348 234
348 236
348 240
348 241
348 248
348 279
348 282
348 301
348 306
348 313
348 316
348 319
348 326
348 332
348 333
348 336
348 339
348 340
348 341
348 353
348 357
348 372
348 382
348 390
348 394
348 401
348 403
348 410
348 415
348 422
348 424
348 436
348 438
348 440
348 447
348 449
348 452
348 456
348 457
348 459
348 469
348 470
348 475
348 488
348 493
348 498
348 505
348 507
348 508
348 510
348 516
348 525
348 530
348 534
348 539
348 551
348 556
348 561
348 578
348 589
348 591
348 594
348 610
348 613
348 616
348 620
348 626
348 630
348 637
348 639
348 641
348 655
348 660
348 665
348 669
348 671
348 685
348 695
348 697
348 699
348 710
348 716
348 717
348 723
348 746
348 747
348 748
348 755
348 757
348 758
348 760
348 772
348 786
348 787
348 793
348 794
327 1
327 5
327 16
327 17
327 23
327 24
327 26
327 30
327 32
327 33
327 47
327 50
327 51
327 53
327 59
327 65
327 77
327 79
327 95
327 102
327 107
327 109
327 112
327 115
327 119
327 126
327 130
327 134
327 137
327 147
327 150
327 151
327 152
327 159
327 162
327 168
327 169
327 170
327 176
327 177
327 179
327 182
327 197
327 203
327 213
327 216
327 217
327 218
327 220
327 221
327 234
327 236
327 237
327 243
327 244
327 257
327 259
327 261
327 263
327 270
327 273
327 278
327 279
327 281
327 296
327 299
327 303
327 307
327 309
327 313
327 314
327 317
327 323
327 331
327 336
327 338
327 347
327 349
327 350
327 362
327 370
327 378
327 384
327 386
327 393
327 398
327 405
327 411
327 412
327 415
327 419
327 420
327 425
327 427
327 440
327 441
327 469
327 471
327 473
327 475
327 479
327 494
327 510
327 512
327 513
327 517
327 518
327 522
327 525
327 528
327 530
327 536
327 540
327 545
327 548
327 554
327 560
327 563
327 569
327 574
327 575
327 576
327 583
327 584
327 585
327 589
327 592
327 599
327 606
327 608
327 612
327 628
327 641
327 642
327 643
327 647
327 649
327 653
327 663
327 669
327 670
327 678
327 679
327 685
327 698
327 701
327 704
327 706
327 712
327 713
327 720
327 732
327 737
327 739
327 754
327 759
327 760
327 761
327 762
327 765
327 769
327 771
327 780
327 782
327 783
327 788
327 798
327 800
63 3
63 9
63 17
63 21
63 32
63 36
63 38
63 41
63 44
63 45
63 50
63 55
63 66
63 68
63 71
63 78
63 83
63 84
63 90
63 95
63 96
63 99
63 117
63 120
63 121
63 129
63 131
63 132
63 133
63 141
63 149
63 161
63 163
63 171
63 180
63 183
63 185
63 190
63 197
63 211
63 220
63 224
63 225
63 228
63 230
63 238
63 243
63 244
63 246
63 252
63 254
63 259
63 270
63 277
63 281
63 283
63 284
63 288
63 295
63 296
63 303
63 309
63 312
63 319
63 321
63 324
63 325
63 335
63 336
63 338
63 348
63 349
63 361
63 373
63 374
63 377
63 397
63 398
63 405
63 408
63 414
63 429
63 439
63 444
63 447
63 462
63 471
63 474
63 477
63 479
63 480
63 496
63 500
63 505
63 509
63 520
63 524
63 526
63 530
63 535
63 536
63 544
63 549
63 552
63 559
63 560
63 563
63 573
63 579
63 596
63 599
63 602
63 606
63 610
63 611
63 617
63 621
63 625
63 627
63 636
63 637
63 641
63 642
63 648
63 659
63 665
63 671
63 672
63 675
63 677
63 688
63 695
63 697
63 698
63 700
63 702
63 704
63 708
63 711
63 712
63 717
63 722
63 729
63 733
63 734
63 735
63 736
63 739
63 746
63 748
63 750
63 753
63 764
63 766
63 767
63 776
63 778
63 780
63 795
63 796
484 2
484 13
484 17
484 20
484 23
484 24
484 28
484 33
484 36
484 39
484 44
484 46
484 57
484 61
484 66
484 70
484 74
484 77
484 81
484 92
484 94
484 97
484 100
484 104
484 105
484 108
484 113
484 120
484 124
484 129
484 131
484 133
484 135
484 139
484 145
484 152
484 157
484 159
484 165
484 168
484 178
484 180
484 181
484 182
484 183
484 184
484 194
484 203
484 206
484 216
484 224
484 225
484 232
484 236
484 238
484 241
484 244
484 251
484 255
484 257
484 265
484 269
484 278
484 279
484 282
484 286
484 290
484 291
484 301
484 303
484 306
484 309
484 311
484 317
484 321
484 322
484 324
484 325
484 326
484 327
484 328
484 346
484 356
484 364
484 367
484 372
484 373
484 376
484 379
484 383
484 384
484 385
484 387
484 391
484 393
484 394
484 404
484 407
484 408
484 410
484 413
484 415
484 419
484 423
484 443
484 447
484 450
484 468
484 473
484 490
484 493
484 494
484 496
484 503
484 517
484 526
484 527
484 535
484 540
484 546
484 549
484 558
484 560
484 562
484 571
484 581
484 586
484 587
484 589
484 595
484 602
484 603
484 604
484 614
484 631
484 632
484 633
484 638
484 642
484 647
484 648
484 665
484 670
484 674
484 683
484 686
484 688
484 697
484 701
484 703
484 704
484 705
484 723
484 734
484 738
484 741
484 745
484 748
484 750
484 758
484 760
484 770
484 771
484 774
484 775
484 779
484 784
484 787
484 790
484 795
747 4
747 5
747 6
747 9
747 40
747 63
747 69
747 71
747 75
747 77
747 78
747 87
747 94
747 100
747 113
747 133
747 141
747 155
747 158
747 166
747 167
747 191
747 197
747 201
747 203
747 219
747 222
747 225
747 227
747 233
747 239
747 240
747 241
747 242
747 257
747 260
747 266
747 273
747 274
747 275
747 286
747 300
747 303
747 305
747 309
747 320
747 328
747 329
747 330
747 332
747 334
747 341
747 362
747 371
747 379
747 383
747 387
747 394
747 403
747 412
747 418
747 427
747 432
747 436
747 444
747 447
747 448
747 449
747 451
747 454
747 467
747 469
747 472
747 482
747 488
747 492
747 498
747 501
747 502
747 513
747 514
747 518
747 522
747 524
747 525
747 531
747 533
747 538
747 552
747 554
747 558
747 564
747 569
747 572
747 577
747 578
747 582
747 593
747 603
747 606
747 613
747 617
747 618
747 621
747 622
747 627
747 628
747 636
747 639
747 643
747 647
747 650
747 653
747 654
747 675
747 680
747 681
747 692
747 693
747 700
747 708
747 709
747 717
747 720
747 721
747 725
747 727
747 728
747 752
747 753
747 754
747 755
747 759
747 762
747 767
747 768
747 772
747 776
747 778
747 781
747 785
747 789
747 791
747 797
225 15
225 16
225 17
225 18
225 19
225 23
225 25
225 27
225 31
225 33
225 39
225 47
225 49
225 51
225 57
225 59
225 64
225 72
225 75
225 82
225 83
225 86
225 88
225 95
225 96
225 99
225 110
225 115
225 130
225 147
225 151
225 161
225 162
225 163
225 164
225 178
225 182
225 185
225 186
225 194
225 206
225 222
225 223
225 224
225 230
225 233
225 235
225 236
225 246
225 254
225 259
225 261
225 263
225 271
225 274
225 277
225 283
225 289
225 293
225 298
225 299
225 303
225 308
225 311
225 316
225 333
225 339
225 341
225 343
225 350
225 356
225 364
225 365
225 373
225 374
225 384
225 385
225 388
225 389
225 395
225 400
225 405
225 408
225 409
225 413
225 423
225 424
225 447
225 460
225 463
225 464
225 468
225 471
225 482
225 483
225 488
225 493
225 494
225 495
225 496
225 497
225 508
225 509
225 510
225 513
225 531
225 537
225 544
225 547
225 550
225 554
225 556
225 564
225 567
225 573
225 576
225 577
225 597
225 606
225 610
225 612
225 616
225 622
225 623
225 630
225 631
225 635
225 636
225 641
225 645
225 651
225 653
225 654
225 657
225 660
225 663
225 665
225 666
225 680
225 686
225 688
225 692
225 709
225 718
225 724
225 727
225 730
225 731
225 734
225 735
225 737
225 743
225 744
225 747
225 753
225 755
225 759
225 761
225 766
225 769
225 770
225 772
225 774
225 780
225 784
225 787
225 793
