p td 2400 5716 
2132 4
2132 14
2132 22
2132 28
2132 32
2132 48
2132 57
2132 61
2132 63
2132 69
2132 76
2132 78
2132 89
2132 91
2132 99
2132 104
2132 107
2132 110
2132 112
2132 113
2132 120
2132 127
2132 131
2132 147
2132 149
2132 151
2132 156
2132 164
2132 169
2132 174
2132 175
2132 176
2132 181
2132 183
2132 187
2132 189
2132 190
2132 194
2132 195
2132 198
2132 207
2132 208
2132 214
2132 216
2132 230
2132 231
2132 241
2132 243
2132 250
2132 259
2132 264
2132 279
2132 283
2132 285
2132 294
2132 302
2132 304
2132 308
2132 310
2132 318
2132 320
2132 330
2132 335
2132 351
2132 359
2132 363
2132 367
2132 372
2132 373
2132 383
2132 384
2132 388
2132 391
2132 395
2132 397
2132 398
2132 399
2132 402
2132 403
2132 406
2132 410
2132 413
2132 423
2132 430
2132 439
2132 442
2132 443
2132 449
2132 462
2132 467
2132 472
2132 475
2132 477
2132 482
2132 497
2132 524
2132 525
2132 527
2132 543
2132 552
2132 556
2132 558
2132 563
2132 565
2132 572
2132 573
2132 577
2132 583
2132 585
2132 586
2132 590
2132 591
2132 600
2132 608
2132 614
2132 620
2132 628
2132 629
2132 630
2132 641
2132 644
2132 647
2132 651
2132 652
2132 655
2132 656
2132 657
2132 674
2132 678
2132 701
2132 707
2132 712
2132 713
2132 718
2132 720
2132 726
2132 728
2132 744
2132 745
2132 749
2132 750
2132 755
2132 761
2132 772
2132 773
2132 778
2132 779
2132 791
2132 793
2132 794
2132 795
2132 798
2132 808
2132 813
2132 814
2132 825
2132 836
2132 837
2132 846
2132 850
2132 870
2132 884
2132 885
2132 886
2132 887
2132 888
2132 889
2132 895
2132 896
2132 898
2132 899
2132 905
2132 908
2132 919
2132 923
2132 925
2132 930
2132 932
2132 941
2132 942
2132 944
2132 955
2132 957
2132 965
2132 967
2132 970
2132 976
2132 983
2132 985
2132 986
2132 987
2132 989
2132 997
2132 999
2132 1001
2132 1002
2132 1004
2132 1007
2132 1017
2132 1018
2132 1024
2132 1029
2132 1034
2132 1035
2132 1040
2132 1041
2132 1043
2132 1050
2132 1058
2132 1059
2132 1060
2132 1063
2132 1067
2132 1071
2132 1073
2132 1086
2132 1092
2132 1102
2132 1110
2132 1113
2132 1114
2132 1118
2132 1125
2132 1142
2132 1146
2132 1147
2132 1151
2132 1156
2132 1158
2132 1161
2132 1169
2132 1170
2132 1175
2132 1179
2132 1181
2132 1188
2132 1191
2132 1193
2132 1196
2132 1211
2132 1212
2132 1226
2132 1227
2132 1228
2132 1232
2132 1240
2132 1254
2132 1256
2132 1267
2132 1280
2132 1288
2132 1290
2132 1294
2132 1297
2132 1300
2132 1301
2132 1304
2132 1305
2132 1311
2132 1312
2132 1313
2132 1320
2132 1321
2132 1324
2132 1328
2132 1329
2132 1331
2132 1334
2132 1343
2132 1345
2132 1346
2132 1355
2132 1363
2132 1364
2132 1368
2132 1373
2132 1374
2132 1378
2132 1381
2132 1387
2132 1390
2132 1395
2132 1403
2132 1409
2132 1410
2132 1412
2132 1422
2132 1429
2132 1432
2132 1450
2132 1452
2132 1458
2132 1459
2132 1462
2132 1466
2132 1469
2132 1470
2132 1472
2132 1473
2132 1481
2132 1482
2132 1493
2132 1495
2132 1499
2132 1500
2132 1507
2132 1509
2132 1511
2132 1515
2132 1519
2132 1523
2132 1529
2132 1531
2132 1536
2132 1539
2132 1545
2132 1550
2132 1553
2132 1559
2132 1564
2132 1575
2132 1576
2132 1579
2132 1585
2132 1590
2132 1591
2132 1598
2132 1615
2132 1622
2132 1623
2132 1628
2132 1634
2132 1642
2132 1645
2132 1648
2132 1662
2132 1668
2132 1674
2132 1676
2132 1681
2132 1683
2132 1688
2132 1689
2132 1690
2132 1700
2132 1701
2132 1705
2132 1709
2132 1715
2132 1718
2132 1722
2132 1724
2132 1725
2132 1726
2132 1731
2132 1734
2132 1766
2132 1767
2132 1769
2132 1778
2132 1781
2132 1787
2132 1788
2132 1789
2132 1790
2132 1797
2132 1802
2132 1803
2132 1818
2132 1826
2132 1827
2132 1830
2132 1833
2132 1843
2132 1851
2132 1857
2132 1864
2132 1871
2132 1875
2132 1877
2132 1882
2132 1898
2132 1899
2132 1903
2132 1907
2132 1922
2132 1924
2132 1925
2132 1930
2132 1943
2132 1944
2132 1952
2132 1954
2132 1957
2132 1968
2132 1975
2132 1985
2132 1987
2132 1989
2132 1995
2132 2001
2132 2006
2132 2008
2132 2009
2132 2013
2132 2022
2132 2024
2132 2026
2132 2027
2132 2033
2132 2044
2132 2049
2132 2055
2132 2060
2132 2065
2132 2067
2132 2068
2132 2074
2132 2080
2132 2081
2132 2085
2132 2087
2132 2104
2132 2111
2132 2116
2132 2128
2132 2129
2132 2130
2132 2138
2132 2139
2132 2140
2132 2145
2132 2152
2132 2157
2132 2161
2132 2166
2132 2170
2132 2174
2132 2180
2132 2186
2132 2189
2132 2191
2132 2192
2132 2196
2132 2197
2132 2209
2132 2211
2132 2212
2132 2214
2132 2221
2132 2226
2132 2242
2132 2257
2132 2262
2132 2264
2132 2266
2132 2273
2132 2275
2132 2281
2132 2286
2132 2300
2132 2306
2132 2311
2132 2312
2132 2319
2132 2321
2132 2322
2132 2327
2132 2331
2132 2332
2132 2334
2132 2336
2132 2338
2132 2355
2132 2360
2132 2362
2132 2365
2132 2368
2132 2369
2132 2371
2132 2381
2132 2383
2132 2385
2132 2387
915 27
915 29
915 35
915 36
915 43
915 46
915 49
915 51
915 52
915 55
915 69
915 86
915 87
915 98
915 99
915 103
915 104
915 107
915 108
915 124
915 125
915 126
915 131
915 132
915 153
915 156
915 172
915 178
915 179
915 187
915 193
915 199
915 201
915 202
915 208
915 210
915 213
915 214
915 219
915 224
915 227
915 231
915 233
915 234
915 237
915 245
915 259
915 264
915 266
915 274
915 275
915 277
915 283
915 287
915 294
915 295
915 297
915 300
915 306
915 313
915 320
915 326
915 330
915 339
915 344
915 346
915 354
915 364
915 365
915 372
915 374
915 379
915 380
915 387
915 395
915 399
915 412
915 420
915 430
915 439
915 442
915 449
915 453
915 458
915 463
915 466
915 467
915 468
915 470
915 471
915 472
915 476
915 481
915 484
915 490
915 492
915 497
915 501
915 503
915 508
915 510
915 527
915 528
915 531
915 539
915 540
915 551
915 558
915 562
915 563
915 572
915 573
915 578
915 584
915 590
915 591
915 593
915 597
915 607
915 614
915 626
915 631
915 632
915 636
915 643
915 646
915 651
915 652
915 660
915 671
915 680
915 688
915 699
915 704
915 715
915 722
915 728
915 730
915 731
915 732
915 733
915 735
915 736
915 738
915 743
915 746
915 749
915 756
915 759
915 771
915 773
915 778
915 791
915 796
915 798
915 801
915 806
915 814
915 821
915 825
915 828
915 834
915 836
915 839
915 841
915 842
915 845
915 851
915 856
915 858
915 875
915 876
915 877
915 883
915 887
915 899
915 900
915 913
915 915
915 928
915 936
915 940
915 942
915 948
915 969
915 974
915 975
915 976
915 981
915 988
915 991
915 992
915 993
915 997
915 1005
915 1006
915 1008
915 1009
915 1010
915 1012
915 1013
915 1017
915 1021
915 1023
915 1025
915 1032
915 1043
915 1047
915 1072
915 1075
915 1082
915 1091
915 1097
915 1098
915 1103
915 1106
915 1107
915 1111
915 1112
915 1129
915 1135
915 1139
915 1143
915 1151
915 1157
915 1158
915 1160
915 1161
915 1176
915 1182
915 1189
915 1192
915 1198
915 1216
915 1235
915 1240
915 1243
915 1246
915 1259
915 1260
915 1261
915 1262
915 1269
915 1275
915 1283
915 1287
915 1312
915 1316
915 1319
915 1323
915 1346
915 1347
915 1350
915 1353
915 1354
915 1355
915 1356
915 1360
915 1366
915 1369
915 1371
915 1376
915 1377
915 1381
915 1386
915 1388
915 1391
915 1392
915 1412
915 1416
915 1430
915 1434
915 1438
915 1443
915 1445
915 1446
915 1447
915 1450
915 1458
915 1460
915 1468
915 1472
915 1475
915 1477
915 1479
915 1484
915 1488
915 1489
915 1493
915 1495
915 1498
915 1500
915 1502
915 1503
915 1506
915 1509
915 1512
915 1514
915 1515
915 1519
915 1520
915 1521
915 1525
915 1528
915 1531
915 1534
915 1535
915 1538
915 1549
915 1550
915 1560
915 1565
915 1577
915 1580
915 1581
915 1582
915 1583
915 1589
915 1590
915 1594
915 1605
915 1606
915 1609
915 1617
915 1618
915 1619
915 1626
915 1627
915 1631
915 1634
915 1652
915 1656
915 1658
915 1660
915 1667
915 1668
915 1675
915 1677
915 1682
915 1684
915 1687
915 1690
915 1691
915 1696
915 1700
915 1702
915 1706
915 1712
915 1716
915 1722
915 1743
915 1748
915 1750
915 1751
915 1754
915 1761
915 1765
915 1771
915 1773
915 1778
915 1790
915 1801
915 1814
915 1828
915 1831
915 1835
915 1844
915 1845
915 1850
915 1854
915 1856
915 1857
915 1858
915 1862
915 1866
915 1873
915 1878
915 1879
915 1882
915 1883
915 1896
915 1897
915 1898
915 1902
915 1912
915 1913
915 1916
915 1921
915 1925
915 1929
915 1932
915 1933
915 1942
915 1949
915 1961
915 1967
915 1970
915 1973
915 1974
915 1977
915 1982
915 1987
915 1991
915 2002
915 2019
915 2020
915 2022
915 2027
915 2029
915 2030
915 2037
915 2046
915 2060
915 2061
915 2062
915 2063
915 2067
915 2076
915 2079
915 2082
915 2093
915 2094
915 2095
915 2099
915 2106
915 2116
915 2121
915 2157
915 2158
915 2162
915 2173
915 2190
915 2199
915 2213
915 2219
915 2226
915 2227
915 2233
915 2234
915 2242
915 2247
915 2255
915 2256
915 2259
915 2271
915 2277
915 2280
915 2285
915 2287
915 2288
915 2291
915 2302
915 2304
915 2320
915 2321
915 2326
915 2328
915 2334
915 2339
915 2342
915 2347
915 2367
915 2369
915 2373
915 2376
915 2380
915 2383
915 2388
915 2397
1321 4
1321 9
1321 21
1321 22
1321 24
1321 26
1321 42
1321 49
1321 53
1321 64
1321 72
1321 76
1321 77
1321 78
1321 81
1321 83
1321 85
1321 98
1321 107
1321 110
1321 116
1321 140
1321 147
1321 151
1321 157
1321 163
1321 171
1321 172
1321 177
1321 182
1321 186
1321 189
1321 194
1321 198
1321 204
1321 206
1321 207
1321 208
1321 214
1321 225
1321 230
1321 241
1321 242
1321 258
1321 260
1321 266
1321 278
1321 289
1321 291
1321 292
1321 296
1321 298
1321 299
1321 301
1321 306
1321 307
1321 317
1321 329
1321 345
1321 350
1321 352
1321 359
1321 367
1321 372
1321 375
1321 376
1321 381
1321 382
1321 396
1321 408
1321 413
1321 415
1321 418
1321 419
1321 422
1321 429
1321 434
1321 440
1321 446
1321 448
1321 454
1321 456
1321 457
1321 462
1321 464
1321 476
1321 478
1321 481
1321 487
1321 488
1321 489
1321 491
1321 492
1321 496
1321 504
1321 511
1321 520
1321 522
1321 524
1321 532
1321 543
1321 551
1321 552
1321 557
1321 562
1321 577
1321 579
1321 580
1321 582
1321 584
1321 586
1321 605
1321 606
1321 613
1321 614
1321 615
1321 620
1321 624
1321 626
1321 642
1321 644
1321 648
1321 649
1321 650
1321 652
1321 654
1321 663
1321 665
1321 667
1321 669
1321 680
1321 683
1321 694
1321 697
1321 706
1321 707
1321 711
1321 715
1321 724
1321 729
1321 733
1321 745
1321 750
1321 751
1321 753
1321 755
1321 762
1321 763
1321 766
1321 777
1321 781
1321 782
1321 787
1321 788
1321 797
1321 805
1321 807
1321 816
1321 817
1321 818
1321 822
1321 823
1321 826
1321 827
1321 830
1321 838
1321 845
1321 850
1321 854
1321 855
1321 861
1321 864
1321 865
1321 866
1321 872
1321 873
1321 881
1321 882
1321 888
1321 905
1321 907
1321 910
1321 913
1321 921
1321 931
1321 939
1321 966
1321 969
1321 978
1321 980
1321 994
1321 997
1321 999
1321 1000
1321 1002
1321 1005
1321 1011
1321 1013
1321 1015
1321 1019
1321 1020
1321 1021
1321 1022
1321 1029
1321 1031
1321 1035
1321 1036
1321 1045
1321 1047
1321 1049
1321 1055
1321 1060
1321 1067
1321 1071
1321 1075
1321 1078
1321 1089
1321 1090
1321 1099
1321 1101
1321 1104
1321 1108
1321 1109
1321 1110
1321 1113
1321 1123
1321 1124
1321 1127
1321 1134
1321 1142
1321 1145
1321 1148
1321 1149
1321 1168
1321 1170
1321 1192
1321 1195
1321 1196
1321 1199
1321 1202
1321 1203
1321 1210
1321 1212
1321 1221
1321 1225
1321 1238
1321 1240
1321 1252
1321 1258
1321 1260
1321 1263
1321 1264
1321 1269
1321 1276
1321 1278
1321 1280
1321 1282
1321 1303
1321 1304
1321 1306
1321 1307
1321 1311
1321 1314
1321 1316
1321 1325
1321 1327
1321 1341
1321 1344
1321 1352
1321 1354
1321 1357
1321 1362
1321 1367
1321 1369
1321 1372
1321 1373
1321 1377
1321 1378
1321 1384
1321 1395
1321 1397
1321 1399
1321 1402
1321 1418
1321 1424
1321 1427
1321 1428
1321 1429
1321 1430
1321 1434
1321 1435
1321 1439
1321 1440
1321 1446
1321 1448
1321 1463
1321 1471
1321 1479
1321 1484
1321 1497
1321 1500
1321 1505
1321 1508
1321 1509
1321 1510
1321 1514
1321 1540
1321 1546
1321 1548
1321 1553
1321 1555
1321 1556
1321 1561
1321 1583
1321 1608
1321 1612
1321 1614
1321 1616
1321 1617
1321 1618
1321 1623
1321 1625
1321 1632
1321 1643
1321 1646
1321 1647
1321 1656
1321 1664
1321 1673
1321 1674
1321 1675
1321 1676
1321 1680
1321 1684
1321 1687
1321 1689
1321 1697
1321 1700
1321 1703
1321 1709
1321 1711
1321 1720
1321 1728
1321 1730
1321 1739
1321 1745
1321 1748
1321 1749
1321 1752
1321 1753
1321 1755
1321 1756
1321 1762
1321 1766
1321 1770
1321 1789
1321 1810
1321 1811
1321 1816
1321 1819
1321 1822
1321 1830
1321 1835
1321 1838
1321 1839
1321 1854
1321 1865
1321 1867
1321 1871
1321 1873
1321 1886
1321 1903
1321 1907
1321 1908
1321 1921
1321 1929
1321 1931
1321 1947
1321 1951
1321 1953
1321 1955
1321 1957
1321 1958
1321 1961
1321 1975
1321 1982
1321 1999
1321 2019
1321 2024
1321 2027
1321 2028
1321 2030
1321 2048
1321 2049
1321 2050
1321 2051
1321 2052
1321 2053
1321 2060
1321 2064
1321 2084
1321 2086
1321 2087
1321 2103
1321 2106
1321 2109
1321 2110
1321 2111
1321 2117
1321 2120
1321 2126
1321 2129
1321 2139
1321 2145
1321 2154
1321 2156
1321 2160
1321 2166
1321 2167
1321 2170
1321 2171
1321 2176
1321 2180
1321 2181
1321 2200
1321 2201
1321 2202
1321 2205
1321 2208
1321 2213
1321 2217
1321 2218
1321 2220
1321 2221
1321 2222
1321 2223
1321 2226
1321 2227
1321 2228
1321 2230
1321 2232
1321 2234
1321 2236
1321 2237
1321 2238
1321 2241
1321 2242
1321 2249
1321 2251
1321 2266
1321 2276
1321 2286
1321 2292
1321 2295
1321 2296
1321 2297
1321 2303
1321 2307
1321 2308
1321 2309
1321 2310
1321 2318
1321 2319
1321 2321
1321 2322
1321 2324
1321 2325
1321 2326
1321 2328
1321 2331
1321 2337
1321 2342
1321 2346
1321 2351
1321 2355
1321 2359
1321 2365
1321 2366
1321 2372
1321 2377
1321 2378
1321 2381
1321 2386
1321 2397
90 1
90 2
90 4
90 10
90 11
90 13
90 14
90 15
90 20
90 27
90 28
90 36
90 38
90 43
90 46
90 47
90 49
90 52
90 53
90 67
90 70
90 75
90 76
90 78
90 83
90 86
90 87
90 108
90 109
90 130
90 136
90 137
90 146
90 148
90 158
90 160
90 162
90 163
90 166
90 167
90 169
90 170
90 181
90 182
90 199
90 202
90 209
90 214
90 215
90 218
90 222
90 235
90 237
90 243
90 245
90 247
90 248
90 253
90 259
90 266
90 271
90 279
90 286
90 287
90 291
90 295
90 303
90 308
90 315
90 321
90 322
90 325
90 328
90 334
90 336
90 338
90 350
90 358
90 360
90 370
90 376
90 381
90 382
90 390
90 400
90 402
90 403
90 407
90 418
90 422
90 435
90 437
90 443
90 446
90 448
90 450
90 454
90 459
90 472
90 475
90 477
90 485
90 488
90 490
90 500
90 504
90 506
90 510
90 511
90 516
90 522
90 523
90 524
90 525
90 526
90 528
90 533
90 534
90 548
90 552
90 556
90 557
90 560
90 562
90 563
90 567
90 577
90 588
90 590
90 596
90 599
90 600
90 601
90 606
90 612
90 620
90 632
90 641
90 643
90 645
90 646
90 649
90 655
90 656
90 658
90 665
90 668
90 670
90 679
90 690
90 695
90 706
90 727
90 734
90 742
90 743
90 745
90 750
90 752
90 757
90 762
90 775
90 777
90 783
90 790
90 791
90 794
90 798
90 803
90 809
90 811
90 816
90 819
90 826
90 832
90 839
90 841
90 845
90 846
90 848
90 851
90 853
90 858
90 861
90 862
90 864
90 865
90 872
90 873
90 876
90 889
90 892
90 900
90 905
90 906
90 915
90 916
90 918
90 921
90 922
90 927
90 929
90 934
90 936
90 948
90 965
90 969
90 973
90 992
90 994
90 995
90 1000
90 1011
90 1019
90 1022
90 1029
90 1030
90 1039
90 1042
90 1043
90 1045
90 1050
90 1051
90 1053
90 1064
90 1069
90 1072
90 1074
90 1076
90 1077
90 1082
90 1083
90 1095
90 1097
90 1105
90 1114
90 1117
90 1118
90 1125
90 1141
90 1157
90 1159
90 1167
90 1168
90 1171
90 1176
90 1184
90 1188
90 1198
90 1199
90 1204
90 1214
90 1222
90 1235
90 1239
90 1244
90 1245
90 1252
90 1255
90 1257
90 1263
90 1269
90 1276
90 1282
90 1283
90 1290
90 1295
90 1298
90 1314
90 1331
90 1341
90 1342
90 1345
90 1346
90 1347
90 1348
90 1364
90 1365
90 1366
90 1378
90 1383
90 1384
90 1395
90 1405
90 1409
90 1414
90 1419
90 1426
90 1428
90 1429
90 1434
90 1438
90 1457
90 1459
90 1461
90 1470
90 1471
90 1476
90 1486
90 1488
90 1490
90 1497
90 1500
90 1501
90 1503
90 1505
90 1506
90 1509
90 1511
90 1515
90 1522
90 1528
90 1532
90 1533
90 1539
90 1543
90 1545
90 1548
90 1564
90 1574
90 1585
90 1588
90 1627
90 1631
90 1643
90 1664
90 1666
90 1669
90 1671
90 1673
90 1677
90 1678
90 1683
90 1685
90 1691
90 1706
90 1714
90 1715
90 1737
90 1738
90 1739
90 1749
90 1752
90 1753
90 1754
90 1756
90 1764
90 1769
90 1775
90 1795
90 1796
90 1804
90 1806
90 1810
90 1812
90 1822
90 1823
90 1828
90 1834
90 1836
90 1845
90 1852
90 1865
90 1868
90 1871
90 1875
90 1877
90 1887
90 1892
90 1893
90 1894
90 1895
90 1896
90 1899
90 1900
90 1917
90 1930
90 1948
90 1949
90 1959
90 1966
90 1967
90 1969
90 1973
90 1982
90 1989
90 1990
90 1998
90 2003
90 2008
90 2012
90 2026
90 2036
90 2038
90 2042
90 2045
90 2047
90 2050
90 2053
90 2058
90 2079
90 2081
90 2088
90 2092
90 2094
90 2099
90 2101
90 2104
90 2110
90 2113
90 2134
90 2146
90 2148
90 2153
90 2158
90 2162
90 2165
90 2167
90 2168
90 2170
90 2172
90 2187
90 2196
90 2200
90 2205
90 2213
90 2214
90 2245
90 2248
90 2270
90 2272
90 2279
90 2285
90 2296
90 2302
90 2318
90 2323
90 2325
90 2341
90 2344
90 2345
90 2348
90 2350
90 2354
90 2357
90 2377
90 2386
90 2387
90 2390
612 7
612 12
612 13
612 16
612 17
612 20
612 26
612 29
612 31
612 35
612 36
612 37
612 38
612 44
612 60
612 62
612 75
612 82
612 88
612 96
612 101
612 104
612 112
612 119
612 125
612 135
612 142
612 145
612 146
612 148
612 149
612 154
612 155
612 157
612 164
612 167
612 168
612 169
612 178
612 201
612 202
612 215
612 217
612 225
612 234
612 238
612 241
612 242
612 250
612 254
612 255
612 256
612 261
612 265
612 267
612 274
612 275
612 277
612 281
612 284
612 288
612 296
612 301
612 310
612 315
612 325
612 328
612 337
612 338
612 346
612 349
612 355
612 364
612 367
612 373
612 379
612 386
612 391
612 403
612 416
612 429
612 436
612 438
612 440
612 448
612 449
612 455
612 456
612 469
612 472
612 479
612 480
612 487
612 496
612 505
612 514
612 522
612 532
612 545
612 547
612 559
612 564
612 572
612 573
612 577
612 578
612 581
612 583
612 588
612 591
612 592
612 602
612 603
612 619
612 621
612 630
612 634
612 637
612 642
612 645
612 649
612 650
612 653
612 656
612 667
612 668
612 673
612 681
612 684
612 686
612 714
612 739
612 741
612 742
612 750
612 763
612 769
612 773
612 775
612 778
612 779
612 784
612 787
612 792
612 797
612 798
612 799
612 812
612 820
612 822
612 826
612 831
612 847
612 857
612 862
612 865
612 868
612 875
612 876
612 881
612 882
612 885
612 893
612 895
612 902
612 904
612 923
612 926
612 930
612 932
612 934
612 937
612 947
612 948
612 949
612 951
612 953
612 964
612 965
612 974
612 996
612 1000
612 1004
612 1013
612 1015
612 1018
612 1029
612 1031
612 1036
612 1038
612 1047
612 1053
612 1055
612 1058
612 1060
612 1061
612 1062
612 1074
612 1075
612 1080
612 1085
612 1088
612 1093
612 1103
612 1104
612 1109
612 1112
612 1113
612 1119
612 1124
612 1125
612 1129
612 1132
612 1135
612 1136
612 1141
612 1143
612 1149
612 1152
612 1153
612 1156
612 1167
612 1169
612 1171
612 1188
612 1197
612 1200
612 1201
612 1207
612 1209
612 1210
612 1213
612 1221
612 1225
612 1227
612 1237
612 1239
612 1240
612 1255
612 1260
612 1268
612 1272
612 1281
612 1282
612 1294
612 1297
612 1298
612 1299
612 1304
612 1308
612 1309
612 1311
612 1316
612 1320
612 1322
612 1338
612 1348
612 1350
612 1354
612 1355
612 1358
612 1366
612 1368
612 1369
612 1370
612 1374
612 1394
612 1395
612 1402
612 1403
612 1405
612 1409
612 1413
612 1418
612 1420
612 1422
612 1429
612 1433
612 1440
612 1445
612 1446
612 1457
612 1459
612 1477
612 1492
612 1494
612 1510
612 1513
612 1520
612 1537
612 1538
612 1544
612 1548
612 1561
612 1579
612 1582
612 1587
612 1594
612 1602
612 1603
612 1608
612 1615
612 1626
612 1634
612 1639
612 1643
612 1646
612 1648
612 1655
612 1662
612 1663
612 1664
612 1668
612 1670
612 1671
612 1689
612 1693
612 1703
612 1707
612 1711
612 1712
612 1713
612 1717
612 1722
612 1729
612 1730
612 1732
612 1733
612 1734
612 1735
612 1737
612 1739
612 1747
612 1753
612 1762
612 1773
612 1775
612 1777
612 1779
612 1785
612 1797
612 1803
612 1806
612 1816
612 1818
612 1833
612 1841
612 1845
612 1853
612 1861
612 1871
612 1876
612 1877
612 1878
612 1894
612 1895
612 1896
612 1900
612 1901
612 1910
612 1913
612 1915
612 1933
612 1935
612 1946
612 1952
612 1953
612 1955
612 1956
612 1963
612 1966
612 1968
612 1971
612 1972
612 1979
612 1981
612 1996
612 2002
612 2004
612 2008
612 2012
612 2013
612 2015
612 2016
612 2017
612 2018
612 2022
612 2026
612 2027
612 2032
612 2038
612 2039
612 2042
612 2043
612 2060
612 2061
612 2062
612 2068
612 2070
612 2077
612 2078
612 2083
612 2084
612 2085
612 2088
612 2099
612 2106
612 2107
612 2112
612 2119
612 2123
612 2125
612 2131
612 2132
612 2137
612 2142
612 2145
612 2146
612 2156
612 2181
612 2184
612 2186
612 2191
612 2192
612 2201
612 2202
612 2207
612 2209
612 2217
612 2226
612 2233
612 2241
612 2247
612 2249
612 2261
612 2265
612 2266
612 2267
612 2277
612 2291
612 2301
612 2309
612 2311
612 2313
612 2314
612 2319
612 2320
612 2329
612 2334
612 2336
612 2339
612 2341
612 2343
612 2345
612 2355
612 2356
612 2362
612 2371
612 2375
612 2378
612 2379
612 2380
612 2383
612 2384
612 2387
612 2393
612 2400
2244 1
2244 7
2244 9
2244 10
2244 11
2244 16
2244 20
2244 29
2244 48
2244 52
2244 53
2244 63
2244 71
2244 75
2244 76
2244 78
2244 82
2244 83
2244 84
2244 96
2244 98
2244 101
2244 108
2244 109
2244 118
2244 120
2244 126
2244 131
2244 142
2244 147
2244 150
2244 151
2244 164
2244 165
2244 170
2244 177
2244 180
2244 181
2244 184
2244 185
2244 193
2244 194
2244 195
2244 197
2244 198
2244 200
2244 202
2244 207
2244 210
2244 214
2244 220
2244 222
2244 224
2244 227
2244 228
2244 230
2244 236
2244 242
2244 245
2244 260
2244 275
2244 277
2244 280
2244 284
2244 291
2244 294
2244 295
2244 301
2244 302
2244 306
2244 321
2244 323
2244 328
2244 334
2244 335
2244 341
2244 349
2244 350
2244 354
2244 362
2244 363
2244 367
2244 373
2244 376
2244 380
2244 396
2244 402
2244 406
2244 408
2244 410
2244 421
2244 423
2244 428
2244 432
2244 444
2244 445
2244 460
2244 465
2244 466
2244 468
2244 475
2244 481
2244 482
2244 487
2244 492
2244 493
2244 495
2244 503
2244 508
2244 511
2244 512
2244 516
2244 525
2244 534
2244 535
2244 536
2244 542
2244 546
2244 550
2244 555
2244 561
2244 562
2244 564
2244 567
2244 569
2244 575
2244 576
2244 577
2244 579
2244 584
2244 585
2244 590
2244 600
2244 608
2244 614
2244 615
2244 630
2244 636
2244 637
2244 639
2244 642
2244 644
2244 647
2244 657
2244 658
2244 662
2244 663
2244 667
2244 674
2244 679
2244 680
2244 687
2244 688
2244 691
2244 702
2244 708
2244 711
2244 717
2244 719
2244 720
2244 722
2244 728
2244 731
2244 735
2244 736
2244 744
2244 747
2244 756
2244 759
2244 766
2244 767
2244 783
2244 790
2244 794
2244 797
2244 798
2244 803
2244 806
2244 814
2244 820
2244 822
2244 826
2244 833
2244 839
2244 841
2244 847
2244 856
2244 861
2244 862
2244 865
2244 868
2244 875
2244 878
2244 882
2244 883
2244 888
2244 889
2244 894
2244 902
2244 904
2244 905
2244 909
2244 912
2244 913
2244 918
2244 921
2244 922
2244 925
2244 936
2244 942
2244 949
2244 959
2244 960
2244 961
2244 963
2244 966
2244 967
2244 973
2244 996
2244 1002
2244 1007
2244 1009
2244 1015
2244 1016
2244 1017
2244 1022
2244 1023
2244 1030
2244 1031
2244 1032
2244 1036
2244 1037
2244 1049
2244 1055
2244 1062
2244 1072
2244 1081
2244 1082
2244 1085
2244 1087
2244 1097
2244 1108
2244 1113
2244 1116
2244 1121
2244 1122
2244 1143
2244 1151
2244 1152
2244 1154
2244 1155
2244 1161
2244 1162
2244 1164
2244 1166
2244 1180
2244 1192
2244 1200
2244 1210
2244 1214
2244 1215
2244 1216
2244 1221
2244 1231
2244 1241
2244 1245
2244 1250
2244 1253
2244 1257
2244 1258
2244 1266
2244 1269
2244 1272
2244 1274
2244 1276
2244 1283
2244 1286
2244 1289
2244 1290
2244 1291
2244 1293
2244 1297
2244 1300
2244 1301
2244 1302
2244 1313
2244 1315
2244 1318
2244 1320
2244 1324
2244 1334
2244 1350
2244 1351
2244 1352
2244 1354
2244 1356
2244 1357
2244 1360
2244 1361
2244 1367
2244 1373
2244 1374
2244 1376
2244 1382
2244 1386
2244 1391
2244 1400
2244 1401
2244 1408
2244 1409
2244 1421
2244 1429
2244 1430
2244 1432
2244 1433
2244 1441
2244 1445
2244 1454
2244 1458
2244 1471
2244 1475
2244 1478
2244 1487
2244 1495
2244 1511
2244 1513
2244 1517
2244 1518
2244 1519
2244 1523
2244 1528
2244 1531
2244 1534
2244 1535
2244 1537
2244 1540
2244 1542
2244 1544
2244 1550
2244 1553
2244 1557
2244 1558
2244 1561
2244 1564
2244 1569
2244 1573
2244 1576
2244 1584
2244 1586
2244 1594
2244 1596
2244 1599
2244 1604
2244 1607
2244 1608
2244 1618
2244 1621
2244 1622
2244 1623
2244 1626
2244 1629
2244 1632
2244 1636
2244 1639
2244 1640
2244 1646
2244 1653
2244 1659
2244 1667
2244 1670
2244 1681
2244 1689
2244 1690
2244 1693
2244 1698
2244 1701
2244 1703
2244 1709
2244 1711
2244 1714
2244 1735
2244 1737
2244 1743
2244 1749
2244 1751
2244 1759
2244 1769
2244 1776
2244 1781
2244 1791
2244 1794
2244 1798
2244 1802
2244 1803
2244 1808
2244 1809
2244 1815
2244 1816
2244 1821
2244 1825
2244 1827
2244 1828
2244 1837
2244 1850
2244 1854
2244 1860
2244 1874
2244 1880
2244 1882
2244 1888
2244 1894
2244 1897
2244 1898
2244 1899
2244 1904
2244 1905
2244 1914
2244 1924
2244 1925
2244 1927
2244 1935
2244 1937
2244 1949
2244 1951
2244 1959
2244 1963
2244 1968
2244 1973
2244 1976
2244 1986
2244 1991
2244 1992
2244 1993
2244 1999
2244 2000
2244 2005
2244 2006
2244 2007
2244 2010
2244 2019
2244 2024
2244 2033
2244 2037
2244 2040
2244 2046
2244 2048
2244 2050
2244 2054
2244 2057
2244 2061
2244 2063
2244 2066
2244 2067
2244 2080
2244 2085
2244 2086
2244 2090
2244 2093
2244 2100
2244 2103
2244 2107
2244 2124
2244 2144
2244 2148
2244 2151
2244 2162
2244 2166
2244 2168
2244 2177
2244 2178
2244 2188
2244 2191
2244 2201
2244 2206
2244 2216
2244 2217
2244 2227
2244 2233
2244 2234
2244 2242
2244 2261
2244 2268
2244 2272
2244 2274
2244 2277
2244 2283
2244 2285
2244 2291
2244 2318
2244 2322
2244 2324
2244 2328
2244 2330
2244 2341
2244 2346
2244 2350
2244 2353
2244 2361
2244 2368
2244 2371
2244 2375
2244 2376
2244 2381
2244 2387
2244 2398
2320 6
2320 16
2320 17
2320 20
2320 24
2320 25
2320 28
2320 31
2320 32
2320 40
2320 47
2320 53
2320 55
2320 65
2320 72
2320 78
2320 81
2320 83
2320 89
2320 98
2320 108
2320 111
2320 117
2320 118
2320 120
2320 124
2320 129
2320 133
2320 142
2320 145
2320 148
2320 156
2320 158
2320 159
2320 169
2320 172
2320 175
2320 176
2320 178
2320 180
2320 186
2320 188
2320 194
2320 196
2320 211
2320 216
2320 217
2320 224
2320 239
2320 240
2320 246
2320 250
2320 257
2320 258
2320 262
2320 264
2320 280
2320 283
2320 284
2320 293
2320 300
2320 312
2320 319
2320 321
2320 323
2320 338
2320 344
2320 348
2320 354
2320 362
2320 373
2320 376
2320 383
2320 385
2320 386
2320 395
2320 398
2320 408
2320 411
2320 418
2320 428
2320 442
2320 450
2320 453
2320 456
2320 462
2320 465
2320 469
2320 477
2320 478
2320 480
2320 486
2320 489
2320 509
2320 519
2320 522
2320 523
2320 525
2320 530
2320 537
2320 543
2320 544
2320 553
2320 562
2320 565
2320 569
2320 577
2320 597
2320 601
2320 602
2320 605
2320 614
2320 617
2320 621
2320 625
2320 626
2320 631
2320 634
2320 643
2320 650
2320 655
2320 669
2320 671
2320 680
2320 689
2320 695
2320 700
2320 709
2320 710
2320 713
2320 721
2320 724
2320 734
2320 736
2320 738
2320 739
2320 744
2320 746
2320 751
2320 755
2320 769
2320 771
2320 779
2320 795
2320 806
2320 811
2320 823
2320 825
2320 834
2320 842
2320 844
2320 853
2320 854
2320 862
2320 864
2320 865
2320 867
2320 873
2320 876
2320 904
2320 911
2320 922
2320 937
2320 938
2320 941
2320 947
2320 950
2320 960
2320 966
2320 968
2320 973
2320 974
2320 978
2320 980
2320 982
2320 988
2320 994
2320 995
2320 1000
2320 1001
2320 1002
2320 1006
2320 1010
2320 1014
2320 1016
2320 1029
2320 1030
2320 1031
2320 1038
2320 1040
2320 1043
2320 1044
2320 1045
2320 1047
2320 1048
2320 1049
2320 1050
2320 1055
2320 1057
2320 1072
2320 1074
2320 1078
2320 1083
2320 1084
2320 1093
2320 1095
2320 1098
2320 1101
2320 1108
2320 1109
2320 1111
2320 1112
2320 1114
2320 1123
2320 1134
2320 1136
2320 1137
2320 1148
2320 1149
2320 1151
2320 1159
2320 1161
2320 1169
2320 1170
2320 1174
2320 1179
2320 1180
2320 1182
2320 1186
2320 1191
2320 1194
2320 1198
2320 1201
2320 1206
2320 1210
2320 1211
2320 1215
2320 1220
2320 1225
2320 1228
2320 1229
2320 1230
2320 1231
2320 1237
2320 1238
2320 1242
2320 1253
2320 1260
2320 1265
2320 1272
2320 1277
2320 1291
2320 1293
2320 1302
2320 1303
2320 1305
2320 1306
2320 1315
2320 1317
2320 1325
2320 1327
2320 1329
2320 1330
2320 1331
2320 1336
2320 1341
2320 1345
2320 1356
2320 1358
2320 1359
2320 1361
2320 1364
2320 1365
2320 1366
2320 1367
2320 1369
2320 1371
2320 1377
2320 1379
2320 1380
2320 1384
2320 1401
2320 1405
2320 1411
2320 1424
2320 1444
2320 1446
2320 1448
2320 1449
2320 1452
2320 1456
2320 1460
2320 1461
2320 1464
2320 1465
2320 1470
2320 1471
2320 1474
2320 1476
2320 1478
2320 1487
2320 1489
2320 1490
2320 1501
2320 1504
2320 1505
2320 1518
2320 1520
2320 1521
2320 1524
2320 1544
2320 1548
2320 1554
2320 1558
2320 1559
2320 1567
2320 1577
2320 1579
2320 1584
2320 1585
2320 1592
2320 1614
2320 1616
2320 1621
2320 1637
2320 1648
2320 1651
2320 1652
2320 1655
2320 1664
2320 1673
2320 1681
2320 1683
2320 1695
2320 1696
2320 1700
2320 1706
2320 1715
2320 1719
2320 1722
2320 1733
2320 1736
2320 1737
2320 1742
2320 1746
2320 1761
2320 1762
2320 1765
2320 1788
2320 1791
2320 1793
2320 1796
2320 1798
2320 1800
2320 1801
2320 1803
2320 1807
2320 1812
2320 1814
2320 1822
2320 1824
2320 1827
2320 1831
2320 1835
2320 1837
2320 1838
2320 1841
2320 1844
2320 1847
2320 1848
2320 1852
2320 1854
2320 1855
2320 1861
2320 1863
2320 1875
2320 1876
2320 1878
2320 1880
2320 1883
2320 1887
2320 1889
2320 1902
2320 1905
2320 1909
2320 1911
2320 1917
2320 1919
2320 1922
2320 1928
2320 1929
2320 1930
2320 1931
2320 1932
2320 1934
2320 1935
2320 1938
2320 1954
2320 1964
2320 1966
2320 1972
2320 1974
2320 1978
2320 1981
2320 1991
2320 1994
2320 1997
2320 2001
2320 2009
2320 2010
2320 2014
2320 2017
2320 2022
2320 2023
2320 2025
2320 2031
2320 2035
2320 2037
2320 2038
2320 2048
2320 2057
2320 2067
2320 2070
2320 2071
2320 2078
2320 2082
2320 2086
2320 2097
2320 2102
2320 2109
2320 2112
2320 2121
2320 2156
2320 2161
2320 2162
2320 2164
2320 2168
2320 2170
2320 2176
2320 2178
2320 2184
2320 2190
2320 2206
2320 2207
2320 2211
2320 2213
2320 2223
2320 2224
2320 2225
2320 2233
2320 2237
2320 2241
2320 2247
2320 2254
2320 2268
2320 2271
2320 2275
2320 2281
2320 2286
2320 2300
2320 2301
2320 2302
2320 2303
2320 2311
2320 2312
2320 2313
2320 2314
2320 2316
2320 2325
2320 2331
2320 2332
2320 2334
2320 2346
2320 2348
2320 2350
2320 2358
2320 2362
2320 2365
2320 2375
2320 2376
2320 2395
919 1
919 5
919 7
919 11
919 17
919 18
919 34
919 42
919 43
919 44
919 54
919 55
919 60
919 61
919 82
919 85
919 87
919 93
919 95
919 108
919 119
919 121
919 129
919 132
919 133
919 135
919 141
919 150
919 151
919 179
919 182
919 185
919 192
919 197
919 199
919 204
919 217
919 219
919 220
919 221
919 225
919 227
919 228
919 229
919 233
919 235
919 244
919 251
919 252
919 256
919 265
919 273
919 276
919 280
919 283
919 292
919 296
919 302
919 308
919 316
919 321
919 325
919 327
919 329
919 330
919 335
919 336
919 349
919 358
919 371
919 373
919 375
919 376
919 387
919 401
919 406
919 410
919 417
919 425
919 428
919 430
919 432
919 443
919 447
919 453
919 459
919 461
919 473
919 475
919 477
919 495
919 500
919 502
919 509
919 515
919 520
919 533
919 536
919 542
919 544
919 547
919 548
919 549
919 550
919 552
919 558
919 563
919 575
919 578
919 581
919 583
919 585
919 589
919 593
919 594
919 600
919 603
919 604
919 606
919 611
919 617
919 618
919 625
919 629
919 630
919 631
919 648
919 649
919 650
919 652
919 658
919 659
919 661
919 664
919 666
919 679
919 683
919 688
919 689
919 697
919 703
919 704
919 706
919 739
919 742
919 743
919 744
919 746
919 751
919 760
919 767
919 773
919 777
919 786
919 795
919 802
919 808
919 811
919 813
919 815
919 816
919 819
919 827
919 845
919 849
919 864
919 870
919 875
919 880
919 882
919 890
919 895
919 899
919 907
919 916
919 917
919 921
919 923
919 925
919 926
919 929
919 935
919 938
919 944
919 956
919 964
919 971
919 974
919 978
919 981
919 983
919 992
919 998
919 999
919 1001
919 1002
919 1011
919 1013
919 1022
919 1037
919 1039
919 1040
919 1041
919 1042
919 1046
919 1065
919 1069
919 1073
919 1077
919 1081
919 1087
919 1098
919 1101
919 1112
919 1120
919 1124
919 1141
919 1145
919 1147
919 1149
919 1153
919 1155
919 1158
919 1164
919 1166
919 1170
919 1179
919 1188
919 1203
919 1205
919 1208
919 1210
919 1218
919 1224
919 1225
919 1244
919 1247
919 1249
919 1250
919 1254
919 1266
919 1268
919 1278
919 1286
919 1287
919 1288
919 1296
919 1297
919 1315
919 1316
919 1319
919 1333
919 1334
919 1337
919 1339
919 1350
919 1358
919 1363
919 1365
919 1366
919 1375
919 1380
919 1381
919 1389
919 1398
919 1402
919 1403
919 1404
919 1409
919 1417
919 1420
919 1429
919 1444
919 1446
919 1447
919 1450
919 1453
919 1456
919 1459
919 1467
919 1473
919 1480
919 1481
919 1483
919 1487
919 1489
919 1490
919 1493
919 1497
919 1505
919 1509
919 1513
919 1514
919 1517
919 1522
919 1529
919 1532
919 1533
919 1542
919 1546
919 1551
919 1555
919 1557
919 1562
919 1571
919 1573
919 1574
919 1576
919 1581
919 1593
919 1600
919 1601
919 1602
919 1606
919 1608
919 1614
919 1622
919 1623
919 1628
919 1635
919 1636
919 1639
919 1642
919 1646
919 1648
919 1653
919 1656
919 1657
919 1660
919 1661
919 1663
919 1667
919 1679
919 1682
919 1684
919 1686
919 1694
919 1696
919 1711
919 1712
919 1715
919 1716
919 1720
919 1721
919 1723
919 1732
919 1735
919 1744
919 1748
919 1749
919 1750
919 1775
919 1777
919 1778
919 1784
919 1788
919 1790
919 1795
919 1806
919 1809
919 1819
919 1823
919 1825
919 1830
919 1834
919 1835
919 1837
919 1839
919 1840
919 1842
919 1846
919 1848
919 1858
919 1861
919 1862
919 1867
919 1873
919 1880
919 1896
919 1901
919 1902
919 1912
919 1914
919 1915
919 1916
919 1921
919 1923
919 1925
919 1930
919 1932
919 1936
919 1942
919 1950
919 1955
919 1956
919 1957
919 1961
919 1963
919 1968
919 1980
919 1989
919 1990
919 1992
919 1993
919 2003
919 2006
919 2009
919 2026
919 2032
919 2034
919 2047
919 2049
919 2052
919 2056
919 2065
919 2068
919 2069
919 2070
919 2079
919 2080
919 2086
919 2087
919 2095
919 2097
919 2099
919 2101
919 2104
919 2105
919 2107
919 2112
919 2113
919 2120
919 2126
919 2128
919 2130
919 2134
919 2139
919 2143
919 2146
919 2148
919 2166
919 2170
919 2181
919 2182
919 2183
919 2186
919 2193
919 2195
919 2212
919 2221
919 2226
919 2246
919 2251
919 2271
919 2278
919 2281
919 2293
919 2296
919 2297
919 2301
919 2304
919 2305
919 2321
919 2325
919 2329
919 2333
919 2353
919 2360
919 2384
919 2387
919 2397
2047 2
2047 3
2047 6
2047 9
2047 10
2047 11
2047 14
2047 15
2047 16
2047 19
2047 27
2047 29
2047 35
2047 47
2047 55
2047 58
2047 61
2047 65
2047 83
2047 86
2047 92
2047 93
2047 99
2047 100
2047 104
2047 111
2047 128
2047 131
2047 136
2047 138
2047 146
2047 149
2047 152
2047 159
2047 171
2047 177
2047 184
2047 188
2047 191
2047 197
2047 198
2047 208
2047 217
2047 218
2047 219
2047 224
2047 227
2047 235
2047 244
2047 245
2047 246
2047 249
2047 253
2047 254
2047 268
2047 271
2047 280
2047 283
2047 288
2047 289
2047 293
2047 294
2047 298
2047 308
2047 311
2047 315
2047 322
2047 326
2047 340
2047 348
2047 352
2047 357
2047 358
2047 378
2047 381
2047 382
2047 390
2047 392
2047 394
2047 419
2047 423
2047 424
2047 426
2047 428
2047 430
2047 433
2047 441
2047 445
2047 449
2047 454
2047 488
2047 498
2047 503
2047 522
2047 526
2047 527
2047 528
2047 530
2047 537
2047 540
2047 541
2047 542
2047 550
2047 553
2047 555
2047 562
2047 565
2047 571
2047 573
2047 578
2047 581
2047 594
2047 600
2047 601
2047 605
2047 612
2047 613
2047 616
2047 621
2047 626
2047 631
2047 633
2047 638
2047 649
2047 651
2047 653
2047 654
2047 659
2047 663
2047 664
2047 665
2047 677
2047 690
2047 694
2047 695
2047 700
2047 702
2047 705
2047 718
2047 719
2047 725
2047 730
2047 733
2047 739
2047 740
2047 745
2047 749
2047 753
2047 756
2047 763
2047 775
2047 777
2047 779
2047 783
2047 787
2047 790
2047 791
2047 793
2047 798
2047 814
2047 824
2047 826
2047 835
2047 841
2047 842
2047 843
2047 846
2047 847
2047 863
2047 874
2047 876
2047 882
2047 889
2047 891
2047 898
2047 900
2047 908
2047 912
2047 914
2047 917
2047 919
2047 935
2047 943
2047 944
2047 947
2047 949
2047 953
2047 960
2047 966
2047 969
2047 974
2047 976
2047 977
2047 982
2047 989
2047 1002
2047 1027
2047 1028
2047 1030
2047 1044
2047 1045
2047 1050
2047 1051
2047 1056
2047 1057
2047 1067
2047 1078
2047 1084
2047 1090
2047 1092
2047 1104
2047 1107
2047 1113
2047 1119
2047 1128
2047 1136
2047 1137
2047 1155
2047 1159
2047 1177
2047 1184
2047 1186
2047 1188
2047 1190
2047 1196
2047 1204
2047 1212
2047 1214
2047 1231
2047 1232
2047 1237
2047 1246
2047 1248
2047 1253
2047 1264
2047 1272
2047 1273
2047 1280
2047 1289
2047 1301
2047 1315
2047 1316
2047 1332
2047 1337
2047 1338
2047 1345
2047 1347
2047 1353
2047 1361
2047 1379
2047 1381
2047 1384
2047 1385
2047 1390
2047 1393
2047 1404
2047 1405
2047 1406
2047 1413
2047 1414
2047 1421
2047 1423
2047 1427
2047 1432
2047 1448
2047 1449
2047 1451
2047 1456
2047 1459
2047 1463
2047 1470
2047 1476
2047 1484
2047 1488
2047 1492
2047 1495
2047 1503
2047 1506
2047 1514
2047 1517
2047 1519
2047 1521
2047 1524
2047 1529
2047 1532
2047 1538
2047 1541
2047 1547
2047 1552
2047 1553
2047 1564
2047 1567
2047 1581
2047 1582
2047 1588
2047 1592
2047 1596
2047 1597
2047 1598
2047 1605
2047 1607
2047 1608
2047 1611
2047 1626
2047 1627
2047 1633
2047 1636
2047 1639
2047 1673
2047 1676
2047 1680
2047 1692
2047 1693
2047 1700
2047 1701
2047 1702
2047 1705
2047 1706
2047 1710
2047 1722
2047 1725
2047 1731
2047 1739
2047 1743
2047 1744
2047 1752
2047 1760
2047 1761
2047 1763
2047 1766
2047 1770
2047 1777
2047 1782
2047 1785
2047 1789
2047 1790
2047 1799
2047 1814
2047 1827
2047 1829
2047 1836
2047 1852
2047 1857
2047 1863
2047 1865
2047 1870
2047 1872
2047 1876
2047 1877
2047 1880
2047 1887
2047 1888
2047 1894
2047 1896
2047 1901
2047 1903
2047 1913
2047 1937
2047 1940
2047 1955
2047 1959
2047 1965
2047 1967
2047 1973
2047 1981
2047 1982
2047 1987
2047 1993
2047 2029
2047 2034
2047 2036
2047 2038
2047 2042
2047 2047
2047 2049
2047 2050
2047 2055
2047 2066
2047 2068
2047 2078
2047 2079
2047 2080
2047 2085
2047 2094
2047 2107
2047 2123
2047 2126
2047 2127
2047 2129
2047 2136
2047 2143
2047 2149
2047 2150
2047 2153
2047 2155
2047 2161
2047 2167
2047 2168
2047 2171
2047 2186
2047 2200
2047 2211
2047 2225
2047 2227
2047 2232
2047 2235
2047 2238
2047 2240
2047 2243
2047 2250
2047 2254
2047 2255
2047 2258
2047 2259
2047 2263
2047 2274
2047 2275
2047 2278
2047 2282
2047 2288
2047 2300
2047 2306
2047 2310
2047 2316
2047 2318
2047 2319
2047 2320
2047 2321
2047 2322
2047 2323
2047 2326
2047 2327
2047 2336
2047 2338
2047 2341
2047 2342
2047 2347
2047 2355
2047 2357
2047 2362
2047 2363
2047 2373
2047 2374
2047 2380
2047 2384
2047 2386
2047 2387
2047 2388
2047 2395
2047 2400
1883 17
1883 19
1883 28
1883 29
1883 36
1883 38
1883 39
1883 42
1883 43
1883 45
1883 53
1883 56
1883 60
1883 62
1883 66
1883 71
1883 73
1883 78
1883 86
1883 87
1883 104
1883 122
1883 128
1883 132
1883 139
1883 141
1883 150
1883 172
1883 176
1883 177
1883 187
1883 192
1883 195
1883 196
1883 199
1883 226
1883 229
1883 232
1883 236
1883 243
1883 254
1883 257
1883 261
1883 268
1883 271
1883 272
1883 280
1883 289
1883 296
1883 298
1883 300
1883 306
1883 310
1883 311
1883 313
1883 314
1883 317
1883 320
1883 327
1883 334
1883 345
1883 346
1883 349
1883 352
1883 353
1883 367
1883 368
1883 392
1883 396
1883 399
1883 426
1883 429
1883 437
1883 450
1883 452
1883 453
1883 460
1883 467
1883 475
1883 477
1883 478
1883 487
1883 492
1883 494
1883 503
1883 507
1883 510
1883 521
1883 524
1883 526
1883 530
1883 534
1883 538
1883 541
1883 543
1883 546
1883 547
1883 568
1883 569
1883 570
1883 572
1883 573
1883 579
1883 580
1883 596
1883 597
1883 599
1883 605
1883 612
1883 613
1883 616
1883 620
1883 626
1883 632
1883 634
1883 639
1883 648
1883 650
1883 652
1883 657
1883 658
1883 660
1883 664
1883 666
1883 668
1883 673
1883 675
1883 676
1883 689
1883 690
1883 694
1883 700
1883 713
1883 728
1883 751
1883 755
1883 780
1883 782
1883 786
1883 790
1883 797
1883 803
1883 808
1883 813
1883 820
1883 826
1883 830
1883 831
1883 833
1883 835
1883 836
1883 840
1883 847
1883 848
1883 850
1883 855
1883 869
1883 874
1883 876
1883 877
1883 878
1883 881
1883 882
1883 885
1883 888
1883 890
1883 896
1883 900
1883 912
1883 919
1883 924
1883 927
1883 930
1883 932
1883 933
1883 934
1883 938
1883 940
1883 993
1883 996
1883 998
1883 999
1883 1000
1883 1005
1883 1006
1883 1019
1883 1029
1883 1038
1883 1045
1883 1049
1883 1052
1883 1057
1883 1060
1883 1062
1883 1069
1883 1078
1883 1082
1883 1083
1883 1086
1883 1099
1883 1105
1883 1109
1883 1113
1883 1114
1883 1116
1883 1125
1883 1126
1883 1127
1883 1133
1883 1137
1883 1138
1883 1143
1883 1145
1883 1148
1883 1158
1883 1164
1883 1171
1883 1173
1883 1174
1883 1175
1883 1186
1883 1188
1883 1194
1883 1200
1883 1208
1883 1209
1883 1211
1883 1212
1883 1215
1883 1222
1883 1225
1883 1227
1883 1229
1883 1234
1883 1236
1883 1240
1883 1241
1883 1251
1883 1256
1883 1257
1883 1259
1883 1270
1883 1273
1883 1278
1883 1280
1883 1281
1883 1284
1883 1288
1883 1293
1883 1295
1883 1315
1883 1316
1883 1317
1883 1328
1883 1331
1883 1341
1883 1351
1883 1354
1883 1357
1883 1358
1883 1361
1883 1368
1883 1371
1883 1373
1883 1375
1883 1376
1883 1382
1883 1387
1883 1401
1883 1408
1883 1410
1883 1411
1883 1437
1883 1442
1883 1447
1883 1450
1883 1451
1883 1452
1883 1459
1883 1462
1883 1466
1883 1467
1883 1468
1883 1469
1883 1470
1883 1472
1883 1479
1883 1483
1883 1484
1883 1492
1883 1498
1883 1499
1883 1500
1883 1509
1883 1514
1883 1518
1883 1526
1883 1529
1883 1533
1883 1536
1883 1539
1883 1544
1883 1555
1883 1556
1883 1565
1883 1567
1883 1570
1883 1571
1883 1573
1883 1578
1883 1595
1883 1605
1883 1609
1883 1611
1883 1616
1883 1625
1883 1626
1883 1629
1883 1636
1883 1639
1883 1645
1883 1650
1883 1652
1883 1681
1883 1686
1883 1690
1883 1691
1883 1692
1883 1706
1883 1707
1883 1716
1883 1718
1883 1720
1883 1722
1883 1726
1883 1729
1883 1731
1883 1736
1883 1749
1883 1750
1883 1754
1883 1755
1883 1756
1883 1757
1883 1758
1883 1765
1883 1772
1883 1773
1883 1776
1883 1782
1883 1785
1883 1790
1883 1792
1883 1794
1883 1795
1883 1796
1883 1797
1883 1802
1883 1808
1883 1811
1883 1821
1883 1824
1883 1825
1883 1826
1883 1832
1883 1838
1883 1850
1883 1860
1883 1870
1883 1872
1883 1885
1883 1889
1883 1893
1883 1894
1883 1898
1883 1901
1883 1903
1883 1906
1883 1907
1883 1908
1883 1910
1883 1924
1883 1926
1883 1930
1883 1935
1883 1941
1883 1942
1883 1950
1883 1958
1883 1970
1883 1973
1883 1974
1883 1975
1883 1983
1883 1986
1883 1987
1883 1989
1883 1993
1883 1996
1883 1998
1883 2014
1883 2016
1883 2018
1883 2020
1883 2022
1883 2026
1883 2031
1883 2032
1883 2037
1883 2042
1883 2043
1883 2049
1883 2055
1883 2059
1883 2060
1883 2062
1883 2063
1883 2065
1883 2079
1883 2084
1883 2085
1883 2096
1883 2101
1883 2106
1883 2112
1883 2121
1883 2131
1883 2135
1883 2137
1883 2140
1883 2146
1883 2150
1883 2151
1883 2153
1883 2154
1883 2157
1883 2160
1883 2162
1883 2164
1883 2169
1883 2172
1883 2180
1883 2190
1883 2204
1883 2207
1883 2219
1883 2220
1883 2224
1883 2228
1883 2235
1883 2240
1883 2246
1883 2249
1883 2253
1883 2262
1883 2272
1883 2277
1883 2280
1883 2283
1883 2285
1883 2292
1883 2293
1883 2296
1883 2297
1883 2304
1883 2305
1883 2310
1883 2317
1883 2324
1883 2326
1883 2335
1883 2341
1883 2343
1883 2346
1883 2356
1883 2357
1883 2364
1883 2366
1883 2368
1883 2387
1883 2388
1883 2393
1883 2398
1829 2
1829 6
1829 9
1829 11
1829 20
1829 21
1829 30
1829 36
1829 50
1829 67
1829 70
1829 81
1829 89
1829 91
1829 96
1829 99
1829 102
1829 103
1829 104
1829 105
1829 107
1829 111
1829 114
1829 120
1829 123
1829 129
1829 130
1829 133
1829 139
1829 140
1829 146
1829 147
1829 148
1829 151
1829 152
1829 156
1829 165
1829 170
1829 171
1829 178
1829 179
1829 185
1829 188
1829 201
1829 208
1829 210
1829 215
1829 218
1829 226
1829 230
1829 231
1829 236
1829 237
1829 244
1829 245
1829 250
1829 253
1829 263
1829 269
1829 276
1829 282
1829 284
1829 293
1829 299
1829 303
1829 309
1829 311
1829 322
1829 329
1829 336
1829 343
1829 349
1829 355
1829 361
1829 367
1829 370
1829 379
1829 383
1829 388
1829 390
1829 395
1829 399
1829 406
1829 415
1829 431
1829 446
1829 460
1829 461
1829 465
1829 469
1829 480
1829 483
1829 486
1829 491
1829 492
1829 495
1829 503
1829 505
1829 508
1829 509
1829 513
1829 514
1829 516
1829 520
1829 521
1829 523
1829 525
1829 531
1829 533
1829 538
1829 540
1829 542
1829 543
1829 549
1829 550
1829 554
1829 561
1829 575
1829 576
1829 590
1829 594
1829 595
1829 600
1829 612
1829 613
1829 620
1829 625
1829 634
1829 639
1829 644
1829 645
1829 650
1829 662
1829 667
1829 669
1829 673
1829 676
1829 679
1829 680
1829 683
1829 691
1829 695
1829 696
1829 698
1829 700
1829 722
1829 726
1829 735
1829 736
1829 737
1829 739
1829 741
1829 755
1829 763
1829 770
1829 775
1829 780
1829 781
1829 787
1829 795
1829 796
1829 799
1829 811
1829 814
1829 816
1829 821
1829 826
1829 832
1829 833
1829 837
1829 846
1829 851
1829 855
1829 862
1829 865
1829 868
1829 869
1829 870
1829 879
1829 884
1829 895
1829 896
1829 901
1829 919
1829 921
1829 937
1829 938
1829 941
1829 945
1829 951
1829 961
1829 965
1829 967
1829 970
1829 977
1829 987
1829 988
1829 992
1829 996
1829 1001
1829 1009
1829 1011
1829 1018
1829 1029
1829 1031
1829 1034
1829 1035
1829 1037
1829 1039
1829 1040
1829 1042
1829 1043
1829 1047
1829 1058
1829 1062
1829 1065
1829 1081
1829 1096
1829 1103
1829 1105
1829 1108
1829 1111
1829 1112
1829 1113
1829 1117
1829 1120
1829 1124
1829 1125
1829 1139
1829 1148
1829 1151
1829 1153
1829 1154
1829 1157
1829 1165
1829 1182
1829 1187
1829 1188
1829 1189
1829 1197
1829 1202
1829 1205
1829 1209
1829 1213
1829 1215
1829 1229
1829 1230
1829 1233
1829 1240
1829 1252
1829 1277
1829 1280
1829 1282
1829 1284
1829 1288
1829 1292
1829 1295
1829 1300
1829 1306
1829 1311
1829 1313
1829 1317
1829 1320
1829 1322
1829 1323
1829 1333
1829 1336
1829 1339
1829 1340
1829 1345
1829 1354
1829 1359
1829 1375
1829 1382
1829 1386
1829 1389
1829 1395
1829 1403
1829 1407
1829 1408
1829 1411
1829 1415
1829 1418
1829 1425
1829 1433
1829 1437
1829 1438
1829 1440
1829 1442
1829 1444
1829 1445
1829 1452
1829 1457
1829 1460
1829 1471
1829 1486
1829 1490
1829 1494
1829 1504
1829 1507
1829 1524
1829 1532
1829 1533
1829 1551
1829 1558
1829 1562
1829 1564
1829 1567
1829 1571
1829 1579
1829 1581
1829 1582
1829 1585
1829 1589
1829 1596
1829 1602
1829 1603
1829 1611
1829 1617
1829 1625
1829 1630
1829 1637
1829 1638
1829 1646
1829 1648
1829 1652
1829 1654
1829 1659
1829 1662
1829 1672
1829 1676
1829 1680
1829 1683
1829 1687
1829 1689
1829 1698
1829 1699
1829 1703
1829 1704
1829 1709
1829 1715
1829 1716
1829 1721
1829 1722
1829 1723
1829 1734
1829 1736
1829 1742
1829 1747
1829 1752
1829 1758
1829 1763
1829 1767
1829 1771
1829 1778
1829 1784
1829 1785
1829 1787
1829 1790
1829 1795
1829 1800
1829 1808
1829 1821
1829 1826
1829 1831
1829 1833
1829 1835
1829 1838
1829 1839
1829 1846
1829 1852
1829 1855
1829 1856
1829 1860
1829 1867
1829 1871
1829 1872
1829 1877
1829 1885
1829 1894
1829 1904
1829 1914
1829 1917
1829 1919
1829 1920
1829 1921
1829 1925
1829 1930
1829 1937
1829 1945
1829 1948
1829 1955
1829 1958
1829 1964
1829 1966
1829 1969
1829 1978
1829 1980
1829 1984
1829 1991
1829 1994
1829 2001
1829 2011
1829 2012
1829 2013
1829 2020
1829 2025
1829 2032
1829 2033
1829 2042
1829 2052
1829 2054
1829 2055
1829 2059
1829 2066
1829 2072
1829 2085
1829 2087
1829 2093
1829 2094
1829 2096
1829 2097
1829 2110
1829 2119
1829 2123
1829 2124
1829 2135
1829 2140
1829 2151
1829 2154
1829 2163
1829 2173
1829 2175
1829 2178
1829 2181
1829 2183
1829 2184
1829 2185
1829 2186
1829 2195
1829 2198
1829 2212
1829 2222
1829 2226
1829 2231
1829 2234
1829 2236
1829 2239
1829 2244
1829 2247
1829 2248
1829 2261
1829 2266
1829 2270
1829 2274
1829 2281
1829 2283
1829 2286
1829 2290
1829 2294
1829 2300
1829 2306
1829 2307
1829 2312
1829 2330
1829 2331
1829 2333
1829 2335
1829 2336
1829 2340
1829 2347
1829 2352
1829 2354
1829 2361
1829 2364
1829 2370
1829 2371
1829 2374
1829 2376
1829 2382
1829 2387
1829 2394
1829 2395
1829 2396
1829 2400
1086 5
1086 7
1086 9
1086 16
1086 23
1086 26
1086 32
1086 40
1086 60
1086 64
1086 70
1086 77
1086 78
1086 80
1086 84
1086 90
1086 100
1086 103
1086 104
1086 117
1086 118
1086 126
1086 129
1086 130
1086 136
1086 137
1086 138
1086 142
1086 144
1086 152
1086 171
1086 176
1086 179
1086 192
1086 193
1086 195
1086 204
1086 208
1086 219
1086 228
1086 230
1086 236
1086 240
1086 244
1086 246
1086 247
1086 250
1086 253
1086 256
1086 257
1086 260
1086 265
1086 271
1086 272
1086 282
1086 285
1086 293
1086 295
1086 300
1086 303
1086 307
1086 312
1086 316
1086 318
1086 321
1086 325
1086 329
1086 333
1086 335
1086 341
1086 343
1086 347
1086 348
1086 356
1086 358
1086 362
1086 363
1086 369
1086 408
1086 414
1086 415
1086 421
1086 432
1086 444
1086 448
1086 450
1086 451
1086 464
1086 466
1086 468
1086 475
1086 486
1086 495
1086 497
1086 500
1086 502
1086 503
1086 506
1086 518
1086 520
1086 521
1086 529
1086 533
1086 541
1086 544
1086 550
1086 566
1086 570
1086 571
1086 579
1086 580
1086 581
1086 582
1086 583
1086 594
1086 601
1086 603
1086 610
1086 613
1086 618
1086 620
1086 627
1086 630
1086 633
1086 636
1086 659
1086 672
1086 683
1086 684
1086 685
1086 688
1086 695
1086 711
1086 714
1086 716
1086 718
1086 721
1086 725
1086 728
1086 732
1086 734
1086 739
1086 740
1086 745
1086 752
1086 758
1086 765
1086 767
1086 772
1086 773
1086 778
1086 789
1086 791
1086 800
1086 801
1086 803
1086 820
1086 821
1086 828
1086 833
1086 843
1086 846
1086 864
1086 872
1086 875
1086 879
1086 880
1086 882
1086 883
1086 887
1086 888
1086 897
1086 902
1086 908
1086 914
1086 915
1086 916
1086 917
1086 922
1086 923
1086 926
1086 927
1086 939
1086 944
1086 951
1086 952
1086 954
1086 959
1086 961
1086 964
1086 968
1086 970
1086 975
1086 991
1086 995
1086 1009
1086 1020
1086 1022
1086 1025
1086 1026
1086 1031
1086 1034
1086 1035
1086 1039
1086 1040
1086 1045
1086 1048
1086 1049
1086 1051
1086 1056
1086 1072
1086 1074
1086 1077
1086 1078
1086 1091
1086 1094
1086 1099
1086 1101
1086 1107
1086 1108
1086 1111
1086 1116
1086 1121
1086 1125
1086 1127
1086 1130
1086 1139
1086 1146
1086 1147
1086 1152
1086 1157
1086 1158
1086 1170
1086 1172
1086 1173
1086 1174
1086 1175
1086 1182
1086 1184
1086 1188
1086 1202
1086 1205
1086 1206
1086 1207
1086 1212
1086 1214
1086 1220
1086 1228
1086 1229
1086 1230
1086 1237
1086 1239
1086 1249
1086 1253
1086 1264
1086 1265
1086 1268
1086 1275
1086 1278
1086 1283
1086 1287
1086 1290
1086 1292
1086 1295
1086 1300
1086 1304
1086 1311
1086 1312
1086 1318
1086 1324
1086 1326
1086 1327
1086 1328
1086 1333
1086 1338
1086 1344
1086 1345
1086 1348
1086 1353
1086 1355
1086 1361
1086 1372
1086 1374
1086 1393
1086 1395
1086 1419
1086 1426
1086 1438
1086 1439
1086 1441
1086 1451
1086 1460
1086 1461
1086 1463
1086 1465
1086 1467
1086 1474
1086 1509
1086 1516
1086 1518
1086 1526
1086 1527
1086 1530
1086 1540
1086 1547
1086 1549
1086 1557
1086 1568
1086 1573
1086 1574
1086 1579
1086 1581
1086 1583
1086 1585
1086 1604
1086 1611
1086 1614
1086 1621
1086 1636
1086 1637
1086 1638
1086 1645
1086 1659
1086 1672
1086 1677
1086 1681
1086 1683
1086 1684
1086 1686
1086 1693
1086 1695
1086 1700
1086 1705
1086 1708
1086 1715
1086 1722
1086 1724
1086 1727
1086 1730
1086 1737
1086 1739
1086 1741
1086 1745
1086 1750
1086 1753
1086 1754
1086 1755
1086 1761
1086 1762
1086 1764
1086 1766
1086 1768
1086 1777
1086 1778
1086 1779
1086 1789
1086 1797
1086 1804
1086 1810
1086 1821
1086 1830
1086 1832
1086 1834
1086 1841
1086 1842
1086 1843
1086 1847
1086 1853
1086 1854
1086 1857
1086 1862
1086 1868
1086 1884
1086 1888
1086 1892
1086 1899
1086 1904
1086 1905
1086 1914
1086 1920
1086 1929
1086 1937
1086 1938
1086 1951
1086 1955
1086 1957
1086 1963
1086 1964
1086 1973
1086 1978
1086 1982
1086 1986
1086 1987
1086 1988
1086 1990
1086 1991
1086 1993
1086 2000
1086 2001
1086 2012
1086 2013
1086 2027
1086 2031
1086 2036
1086 2039
1086 2043
1086 2053
1086 2054
1086 2059
1086 2071
1086 2074
1086 2076
1086 2077
1086 2081
1086 2088
1086 2092
1086 2096
1086 2101
1086 2102
1086 2104
1086 2108
1086 2111
1086 2115
1086 2116
1086 2123
1086 2126
1086 2131
1086 2137
1086 2140
1086 2146
1086 2155
1086 2164
1086 2166
1086 2168
1086 2169
1086 2172
1086 2173
1086 2180
1086 2184
1086 2191
1086 2193
1086 2194
1086 2203
1086 2213
1086 2219
1086 2223
1086 2230
1086 2232
1086 2236
1086 2238
1086 2242
1086 2248
1086 2253
1086 2254
1086 2265
1086 2276
1086 2277
1086 2284
1086 2286
1086 2287
1086 2288
1086 2294
1086 2296
1086 2306
1086 2308
1086 2311
1086 2313
1086 2320
1086 2321
1086 2325
1086 2334
1086 2338
1086 2342
1086 2345
1086 2351
1086 2356
1086 2359
1086 2363
1086 2374
1086 2375
1086 2376
1086 2380
1086 2382
1086 2386
1086 2390
1086 2391
1086 2392
1086 2398
