p td 1800 5017 
588 3
588 4
588 15
588 22
588 26
588 30
588 35
588 39
588 41
588 48
588 54
588 56
588 61
588 62
588 63
588 64
588 65
588 71
588 73
588 81
588 84
588 87
588 89
588 90
588 91
588 95
588 100
588 105
588 117
588 119
588 122
588 127
588 133
588 134
588 143
588 144
588 145
588 150
588 160
588 167
588 175
588 176
588 184
588 188
588 190
588 193
588 204
588 209
588 211
588 212
588 213
588 216
588 218
588 224
588 228
588 229
588 245
588 247
588 254
588 259
588 262
588 267
588 269
588 270
588 271
588 306
588 314
588 316
588 319
588 330
588 335
588 343
588 347
588 354
588 356
588 360
588 380
588 384
588 390
588 393
588 406
588 411
588 423
588 425
588 427
588 428
588 430
588 432
588 433
588 434
588 436
588 438
588 451
588 459
588 462
588 466
588 467
588 481
588 486
588 487
588 501
588 505
588 509
588 513
588 518
588 519
588 532
588 536
588 542
588 543
588 551
588 557
588 558
588 561
588 566
588 567
588 576
588 580
588 582
588 583
588 584
588 589
588 597
588 601
588 614
588 615
588 625
588 632
588 633
588 638
588 644
588 653
588 659
588 661
588 664
588 668
588 669
588 675
588 678
588 684
588 691
588 697
588 699
588 714
588 722
588 725
588 734
588 736
588 738
588 739
588 747
588 748
588 751
588 755
588 759
588 763
588 766
588 767
588 776
588 778
588 784
588 789
588 792
588 798
588 802
588 804
588 808
588 809
588 813
588 817
588 825
588 836
588 842
588 843
588 844
588 846
588 852
588 862
588 885
588 887
588 905
588 909
588 916
588 917
588 920
588 921
588 924
588 925
588 933
588 936
588 940
588 941
588 943
588 958
588 960
588 962
588 967
588 969
588 972
588 975
588 976
588 980
588 985
588 994
588 999
588 1005
588 1012
588 1019
588 1032
588 1039
588 1040
588 1042
588 1044
588 1046
588 1047
588 1050
588 1053
588 1055
588 1056
588 1070
588 1071
588 1073
588 1083
588 1084
588 1086
588 1088
588 1100
588 1103
588 1104
588 1108
588 1109
588 1110
588 1115
588 1127
588 1129
588 1131
588 1132
588 1146
588 1149
588 1151
588 1158
588 1163
588 1169
588 1187
588 1193
588 1194
588 1197
588 1200
588 1212
588 1214
588 1240
588 1246
588 1258
588 1261
588 1265
588 1268
588 1271
588 1281
588 1282
588 1286
588 1294
588 1298
588 1299
588 1303
588 1304
588 1315
588 1318
588 1326
588 1327
588 1331
588 1334
588 1335
588 1338
588 1342
588 1343
588 1350
588 1352
588 1354
588 1356
588 1358
588 1361
588 1364
588 1367
588 1388
588 1389
588 1398
588 1399
588 1405
588 1406
588 1408
588 1409
588 1418
588 1422
588 1426
588 1430
588 1433
588 1436
588 1445
588 1446
588 1449
588 1451
588 1454
588 1457
588 1460
588 1461
588 1463
588 1468
588 1469
588 1480
588 1482
588 1486
588 1490
588 1492
588 1493
588 1494
588 1500
588 1504
588 1507
588 1531
588 1533
588 1534
588 1540
588 1545
588 1547
588 1548
588 1551
588 1552
588 1557
588 1569
588 1570
588 1573
588 1577
588 1578
588 1579
588 1589
588 1592
588 1598
588 1599
588 1601
588 1611
588 1623
588 1629
588 1630
588 1639
588 1644
588 1647
588 1655
588 1657
588 1658
588 1668
588 1669
588 1673
588 1676
588 1682
588 1684
588 1685
588 1695
588 1701
588 1709
588 1722
588 1726
588 1727
588 1732
588 1734
588 1745
588 1749
588 1750
588 1762
588 1764
588 1767
588 1769
588 1780
588 1782
588 1786
588 1788
588 1789
588 1794
588 1796
588 1797
388 34
388 37
388 43
388 46
388 48
388 53
388 60
388 64
388 67
388 70
388 86
388 88
388 94
388 96
388 102
388 103
388 120
388 127
388 130
388 131
388 132
388 147
388 187
388 196
388 206
388 207
388 210
388 214
388 219
388 226
388 245
388 249
388 252
388 262
388 266
388 275
388 276
388 278
388 281
388 287
388 295
388 310
388 311
388 312
388 322
388 330
388 342
388 345
388 349
388 350
388 354
388 356
388 360
388 363
388 376
388 384
388 389
388 390
388 403
388 412
388 443
388 444
388 447
388 455
388 465
388 472
388 474
388 484
388 492
388 493
388 495
388 498
388 504
388 506
388 507
388 509
388 511
388 513
388 515
388 518
388 527
388 530
388 534
388 539
388 541
388 544
388 549
388 550
388 551
388 552
388 561
388 563
388 564
388 566
388 570
388 572
388 573
388 578
388 582
388 587
388 597
388 600
388 604
388 605
388 608
388 610
388 616
388 619
388 620
388 639
388 653
388 661
388 671
388 686
388 688
388 691
388 699
388 706
388 707
388 709
388 710
388 711
388 712
388 713
388 717
388 725
388 729
388 732
388 735
388 743
388 744
388 748
388 750
388 753
388 772
388 773
388 774
388 776
388 779
388 782
388 783
388 786
388 789
388 790
388 793
388 799
388 804
388 808
388 810
388 813
388 832
388 835
388 838
388 839
388 841
388 849
388 852
388 861
388 883
388 894
388 896
388 907
388 909
388 913
388 915
388 921
388 926
388 928
388 930
388 939
388 942
388 946
388 950
388 961
388 966
388 970
388 974
388 978
388 984
388 995
388 996
388 1003
388 1005
388 1007
388 1008
388 1013
388 1014
388 1017
388 1024
388 1025
388 1027
388 1033
388 1052
388 1054
388 1055
388 1057
388 1061
388 1066
388 1078
388 1081
388 1092
388 1096
388 1103
388 1106
388 1119
388 1121
388 1123
388 1126
388 1127
388 1137
388 1140
388 1141
388 1144
388 1150
388 1152
388 1157
388 1168
388 1170
388 1178
388 1185
388 1190
388 1192
388 1194
388 1197
388 1199
388 1222
388 1226
388 1232
388 1236
388 1238
388 1247
388 1248
388 1249
388 1252
388 1262
388 1269
388 1274
388 1275
388 1291
388 1292
388 1293
388 1296
388 1301
388 1303
388 1319
388 1329
388 1333
388 1342
388 1343
388 1347
388 1348
388 1356
388 1359
388 1360
388 1363
388 1364
388 1367
388 1372
388 1373
388 1375
388 1383
388 1387
388 1390
388 1391
388 1394
388 1406
388 1409
388 1412
388 1416
388 1420
388 1423
388 1427
388 1428
388 1430
388 1436
388 1438
388 1441
388 1446
388 1462
388 1468
388 1469
388 1475
388 1476
388 1482
388 1484
388 1491
388 1498
388 1499
388 1503
388 1505
388 1507
388 1508
388 1510
388 1511
388 1512
388 1517
388 1520
388 1524
388 1530
388 1531
388 1534
388 1544
388 1548
388 1556
388 1557
388 1564
388 1570
388 1574
388 1576
388 1581
388 1585
388 1586
388 1587
388 1588
388 1595
388 1597
388 1603
388 1616
388 1623
388 1627
388 1629
388 1634
388 1640
388 1644
388 1646
388 1653
388 1658
388 1668
388 1672
388 1673
388 1678
388 1684
388 1697
388 1699
388 1709
388 1712
388 1719
388 1720
388 1733
388 1745
388 1748
388 1749
388 1753
388 1754
388 1756
388 1758
388 1767
388 1769
388 1778
388 1779
388 1789
388 1792
388 1793
46 1
46 11
46 12
46 16
46 17
46 21
46 33
46 35
46 46
46 62
46 74
46 75
46 76
46 79
46 80
46 89
46 91
46 96
46 98
46 101
46 115
46 117
46 120
46 124
46 125
46 129
46 130
46 132
46 142
46 146
46 153
46 158
46 171
46 174
46 180
46 181
46 184
46 189
46 194
46 202
46 208
46 211
46 214
46 216
46 219
46 222
46 230
46 243
46 244
46 251
46 255
46 257
46 259
46 260
46 268
46 278
46 282
46 284
46 299
46 301
46 306
46 309
46 310
46 315
46 316
46 322
46 330
46 331
46 337
46 345
46 353
46 358
46 368
46 372
46 373
46 374
46 392
46 394
46 395
46 400
46 407
46 415
46 427
46 429
46 444
46 446
46 453
46 457
46 458
46 459
46 466
46 477
46 483
46 487
46 497
46 505
46 513
46 521
46 529
46 536
46 541
46 544
46 548
46 551
46 556
46 562
46 568
46 570
46 574
46 578
46 582
46 589
46 602
46 604
46 609
46 611
46 612
46 613
46 614
46 621
46 626
46 629
46 636
46 637
46 644
46 658
46 663
46 665
46 674
46 686
46 687
46 691
46 694
46 696
46 699
46 700
46 702
46 706
46 708
46 710
46 713
46 714
46 722
46 724
46 726
46 730
46 733
46 737
46 746
46 749
46 770
46 775
46 787
46 789
46 795
46 803
46 804
46 809
46 815
46 826
46 831
46 837
46 844
46 855
46 857
46 861
46 874
46 878
46 881
46 882
46 884
46 886
46 890
46 891
46 896
46 898
46 899
46 904
46 916
46 920
46 922
46 923
46 927
46 929
46 930
46 932
46 944
46 958
46 963
46 964
46 975
46 981
46 982
46 985
46 999
46 1008
46 1021
46 1023
46 1029
46 1030
46 1040
46 1041
46 1045
46 1054
46 1061
46 1064
46 1068
46 1069
46 1079
46 1090
46 1098
46 1099
46 1100
46 1101
46 1107
46 1113
46 1114
46 1116
46 1118
46 1120
46 1124
46 1148
46 1150
46 1153
46 1155
46 1157
46 1158
46 1161
46 1163
46 1167
46 1173
46 1179
46 1184
46 1189
46 1196
46 1198
46 1203
46 1215
46 1221
46 1222
46 1232
46 1234
46 1235
46 1243
46 1244
46 1247
46 1257
46 1259
46 1266
46 1268
46 1269
46 1271
46 1274
46 1275
46 1276
46 1277
46 1278
46 1283
46 1285
46 1288
46 1292
46 1293
46 1299
46 1304
46 1307
46 1316
46 1318
46 1321
46 1334
46 1336
46 1337
46 1339
46 1350
46 1355
46 1358
46 1366
46 1368
46 1372
46 1381
46 1387
46 1407
46 1411
46 1416
46 1440
46 1448
46 1451
46 1453
46 1456
46 1461
46 1465
46 1476
46 1478
46 1480
46 1485
46 1500
46 1502
46 1506
46 1520
46 1533
46 1535
46 1536
46 1538
46 1540
46 1554
46 1564
46 1585
46 1587
46 1589
46 1594
46 1595
46 1600
46 1602
46 1603
46 1606
46 1608
46 1611
46 1612
46 1614
46 1617
46 1621
46 1625
46 1627
46 1631
46 1651
46 1654
46 1656
46 1657
46 1677
46 1681
46 1683
46 1685
46 1686
46 1692
46 1703
46 1711
46 1717
46 1724
46 1735
46 1740
46 1746
46 1747
46 1755
46 1757
46 1762
46 1764
46 1765
46 1768
46 1774
46 1777
46 1779
46 1781
46 1782
46 1793
46 1795
910 3
910 4
910 19
910 21
910 22
910 24
910 25
910 30
910 31
910 33
910 39
910 40
910 44
910 53
910 56
910 57
910 58
910 74
910 78
910 86
910 94
910 97
910 103
910 114
910 116
910 121
910 125
910 126
910 132
910 134
910 135
910 139
910 143
910 148
910 154
910 172
910 175
910 187
910 189
910 207
910 213
910 214
910 215
910 218
910 220
910 221
910 225
910 229
910 233
910 238
910 245
910 257
910 261
910 268
910 272
910 278
910 283
910 285
910 288
910 292
910 293
910 295
910 308
910 316
910 325
910 330
910 334
910 338
910 351
910 354
910 355
910 358
910 374
910 389
910 390
910 396
910 397
910 409
910 410
910 418
910 419
910 421
910 423
910 425
910 427
910 428
910 433
910 445
910 446
910 450
910 452
910 456
910 457
910 460
910 461
910 465
910 468
910 475
910 476
910 484
910 494
910 500
910 503
910 508
910 509
910 517
910 519
910 523
910 528
910 529
910 544
910 565
910 573
910 583
910 586
910 589
910 592
910 595
910 610
910 611
910 612
910 618
910 621
910 628
910 631
910 655
910 656
910 657
910 659
910 675
910 678
910 683
910 684
910 686
910 689
910 692
910 695
910 699
910 701
910 703
910 704
910 712
910 715
910 718
910 719
910 722
910 731
910 735
910 739
910 741
910 745
910 747
910 752
910 754
910 755
910 762
910 765
910 777
910 778
910 781
910 783
910 787
910 795
910 798
910 801
910 803
910 804
910 827
910 828
910 835
910 840
910 844
910 851
910 857
910 859
910 864
910 866
910 868
910 869
910 876
910 879
910 880
910 885
910 888
910 904
910 906
910 910
910 921
910 931
910 932
910 937
910 940
910 948
910 949
910 950
910 951
910 957
910 963
910 964
910 969
910 975
910 985
910 986
910 989
910 991
910 1000
910 1001
910 1008
910 1014
910 1018
910 1019
910 1023
910 1027
910 1028
910 1046
910 1053
910 1054
910 1057
910 1064
910 1083
910 1085
910 1088
910 1089
910 1090
910 1094
910 1096
910 1100
910 1104
910 1122
910 1123
910 1130
910 1133
910 1142
910 1146
910 1151
910 1159
910 1161
910 1169
910 1179
910 1180
910 1187
910 1189
910 1195
910 1200
910 1202
910 1205
910 1217
910 1222
910 1230
910 1236
910 1237
910 1238
910 1239
910 1242
910 1243
910 1250
910 1252
910 1258
910 1260
910 1262
910 1267
910 1272
910 1277
910 1286
910 1296
910 1297
910 1299
910 1300
910 1309
910 1315
910 1320
910 1328
910 1332
910 1336
910 1338
910 1343
910 1344
910 1346
910 1349
910 1352
910 1355
910 1356
910 1360
910 1372
910 1384
910 1390
910 1396
910 1399
910 1410
910 1415
910 1421
910 1430
910 1431
910 1432
910 1436
910 1442
910 1446
910 1452
910 1453
910 1460
910 1461
910 1466
910 1479
910 1480
910 1486
910 1488
910 1492
910 1495
910 1497
910 1501
910 1508
910 1511
910 1519
910 1520
910 1527
910 1528
910 1531
910 1534
910 1540
910 1552
910 1555
910 1556
910 1567
910 1580
910 1585
910 1588
910 1597
910 1604
910 1605
910 1607
910 1612
910 1614
910 1619
910 1629
910 1633
910 1634
910 1638
910 1643
910 1647
910 1650
910 1660
910 1661
910 1663
910 1666
910 1683
910 1686
910 1703
910 1705
910 1709
910 1716
910 1723
910 1740
910 1749
910 1756
910 1774
910 1791
910 1792
910 1795
910 1797
910 1798
1056 7
1056 17
1056 29
1056 32
1056 36
1056 41
1056 55
1056 63
1056 73
1056 75
1056 77
1056 91
1056 93
1056 98
1056 100
1056 101
1056 105
1056 109
1056 110
1056 111
1056 115
1056 117
1056 120
1056 124
1056 127
1056 135
1056 138
1056 147
1056 152
1056 156
1056 162
1056 180
1056 184
1056 190
1056 193
1056 202
1056 206
1056 207
1056 210
1056 215
1056 216
1056 218
1056 219
1056 238
1056 247
1056 259
1056 263
1056 267
1056 269
1056 276
1056 298
1056 305
1056 306
1056 312
1056 318
1056 320
1056 321
1056 330
1056 334
1056 336
1056 340
1056 341
1056 342
1056 344
1056 348
1056 349
1056 350
1056 358
1056 365
1056 368
1056 370
1056 371
1056 378
1056 379
1056 391
1056 399
1056 411
1056 426
1056 429
1056 434
1056 440
1056 466
1056 482
1056 493
1056 501
1056 514
1056 516
1056 519
1056 520
1056 527
1056 536
1056 542
1056 546
1056 549
1056 559
1056 567
1056 575
1056 582
1056 585
1056 586
1056 588
1056 592
1056 599
1056 600
1056 601
1056 602
1056 605
1056 618
1056 622
1056 623
1056 628
1056 631
1056 638
1056 642
1056 648
1056 656
1056 669
1056 674
1056 681
1056 683
1056 684
1056 693
1056 697
1056 704
1056 719
1056 724
1056 725
1056 732
1056 735
1056 751
1056 757
1056 764
1056 765
1056 767
1056 797
1056 799
1056 803
1056 807
1056 810
1056 813
1056 814
1056 815
1056 819
1056 820
1056 822
1056 829
1056 838
1056 839
1056 841
1056 845
1056 847
1056 849
1056 851
1056 852
1056 862
1056 863
1056 864
1056 872
1056 875
1056 879
1056 880
1056 884
1056 893
1056 898
1056 900
1056 909
1056 914
1056 931
1056 937
1056 946
1056 948
1056 949
1056 965
1056 966
1056 967
1056 969
1056 971
1056 973
1056 979
1056 980
1056 983
1056 986
1056 990
1056 995
1056 999
1056 1001
1056 1011
1056 1015
1056 1017
1056 1021
1056 1022
1056 1026
1056 1027
1056 1032
1056 1043
1056 1045
1056 1048
1056 1051
1056 1056
1056 1059
1056 1070
1056 1079
1056 1089
1056 1090
1056 1094
1056 1106
1056 1112
1056 1122
1056 1123
1056 1125
1056 1131
1056 1138
1056 1140
1056 1141
1056 1145
1056 1153
1056 1160
1056 1171
1056 1183
1056 1185
1056 1188
1056 1194
1056 1196
1056 1197
1056 1198
1056 1206
1056 1209
1056 1212
1056 1222
1056 1226
1056 1229
1056 1234
1056 1235
1056 1241
1056 1242
1056 1245
1056 1253
1056 1254
1056 1272
1056 1275
1056 1281
1056 1286
1056 1290
1056 1311
1056 1318
1056 1323
1056 1328
1056 1333
1056 1337
1056 1339
1056 1340
1056 1362
1056 1364
1056 1379
1056 1383
1056 1387
1056 1388
1056 1389
1056 1397
1056 1399
1056 1403
1056 1405
1056 1412
1056 1414
1056 1429
1056 1439
1056 1450
1056 1454
1056 1455
1056 1457
1056 1463
1056 1464
1056 1467
1056 1469
1056 1472
1056 1475
1056 1480
1056 1481
1056 1483
1056 1487
1056 1489
1056 1490
1056 1501
1056 1503
1056 1514
1056 1515
1056 1527
1056 1534
1056 1542
1056 1554
1056 1561
1056 1568
1056 1572
1056 1579
1056 1586
1056 1588
1056 1593
1056 1595
1056 1609
1056 1618
1056 1622
1056 1625
1056 1642
1056 1644
1056 1650
1056 1655
1056 1657
1056 1659
1056 1660
1056 1663
1056 1665
1056 1672
1056 1699
1056 1710
1056 1712
1056 1713
1056 1716
1056 1720
1056 1722
1056 1724
1056 1735
1056 1741
1056 1742
1056 1743
1056 1747
1056 1751
1056 1760
1056 1763
1056 1766
1056 1790
1056 1794
1056 1796
1056 1800
176 9
176 12
176 18
176 20
176 23
176 35
176 41
176 42
176 48
176 59
176 62
176 65
176 66
176 73
176 78
176 87
176 95
176 105
176 121
176 129
176 132
176 143
176 145
176 150
176 158
176 159
176 160
176 170
176 178
176 182
176 184
176 185
176 192
176 194
176 199
176 201
176 203
176 206
176 209
176 213
176 217
176 218
176 219
176 227
176 231
176 235
176 237
176 247
176 273
176 274
176 290
176 291
176 292
176 295
176 304
176 309
176 310
176 320
176 325
176 330
176 344
176 349
176 361
176 366
176 373
176 375
176 378
176 386
176 390
176 396
176 400
176 401
176 402
176 404
176 406
176 426
176 428
176 430
176 435
176 444
176 449
176 455
176 457
176 464
176 479
176 484
176 487
176 498
176 499
176 505
176 506
176 513
176 514
176 520
176 526
176 529
176 532
176 537
176 541
176 545
176 549
176 552
176 555
176 570
176 588
176 589
176 599
176 605
176 606
176 618
176 625
176 627
176 628
176 643
176 645
176 655
176 656
176 666
176 673
176 675
176 677
176 681
176 686
176 695
176 697
176 701
176 710
176 711
176 712
176 722
176 733
176 737
176 741
176 748
176 750
176 755
176 758
176 760
176 765
176 766
176 768
176 773
176 775
176 777
176 783
176 787
176 799
176 801
176 802
176 810
176 811
176 813
176 816
176 818
176 827
176 835
176 836
176 838
176 842
176 846
176 847
176 850
176 854
176 856
176 858
176 862
176 865
176 885
176 894
176 895
176 898
176 907
176 911
176 912
176 920
176 923
176 925
176 926
176 927
176 929
176 931
176 940
176 942
176 960
176 961
176 962
176 963
176 982
176 989
176 995
176 996
176 999
176 1000
176 1002
176 1004
176 1006
176 1011
176 1018
176 1020
176 1034
176 1035
176 1037
176 1039
176 1040
176 1062
176 1068
176 1075
176 1087
176 1099
176 1101
176 1104
176 1108
176 1122
176 1128
176 1136
176 1140
176 1143
176 1145
176 1148
176 1150
176 1151
176 1154
176 1158
176 1159
176 1169
176 1174
176 1175
176 1178
176 1179
176 1181
176 1184
176 1187
176 1190
176 1192
176 1197
176 1198
176 1204
176 1206
176 1213
176 1216
176 1218
176 1222
176 1223
176 1231
176 1239
176 1246
176 1258
176 1260
176 1261
176 1279
176 1280
176 1285
176 1287
176 1289
176 1314
176 1315
176 1322
176 1335
176 1336
176 1341
176 1342
176 1344
176 1346
176 1353
176 1359
176 1362
176 1366
176 1369
176 1375
176 1377
176 1383
176 1387
176 1394
176 1403
176 1404
176 1405
176 1407
176 1410
176 1413
176 1423
176 1427
176 1428
176 1429
176 1430
176 1431
176 1433
176 1434
176 1441
176 1447
176 1450
176 1451
176 1453
176 1457
176 1459
176 1463
176 1476
176 1480
176 1484
176 1499
176 1500
176 1506
176 1509
176 1510
176 1511
176 1515
176 1520
176 1521
176 1524
176 1526
176 1534
176 1542
176 1549
176 1552
176 1558
176 1563
176 1566
176 1568
176 1570
176 1576
176 1585
176 1587
176 1596
176 1605
176 1614
176 1617
176 1620
176 1622
176 1626
176 1634
176 1645
176 1646
176 1650
176 1654
176 1661
176 1669
176 1674
176 1676
176 1687
176 1688
176 1698
176 1699
176 1700
176 1702
176 1712
176 1717
176 1720
176 1726
176 1727
176 1730
176 1732
176 1734
176 1739
176 1744
176 1751
176 1752
176 1758
176 1759
176 1764
176 1767
176 1775
176 1793
1397 1
1397 9
1397 16
1397 20
1397 25
1397 27
1397 31
1397 33
1397 36
1397 37
1397 40
1397 41
1397 50
1397 52
1397 54
1397 58
1397 64
1397 65
1397 72
1397 80
1397 82
1397 89
1397 94
1397 98
1397 101
1397 105
1397 107
1397 118
1397 119
1397 123
1397 126
1397 127
1397 128
1397 129
1397 132
1397 140
1397 144
1397 157
1397 160
1397 171
1397 184
1397 187
1397 192
1397 197
1397 202
1397 208
1397 209
1397 217
1397 224
1397 225
1397 232
1397 233
1397 234
1397 240
1397 248
1397 250
1397 258
1397 280
1397 281
1397 285
1397 288
1397 294
1397 297
1397 299
1397 313
1397 320
1397 324
1397 332
1397 333
1397 345
1397 350
1397 352
1397 355
1397 360
1397 373
1397 374
1397 376
1397 391
1397 392
1397 396
1397 397
1397 404
1397 408
1397 413
1397 417
1397 418
1397 420
1397 428
1397 436
1397 438
1397 442
1397 448
1397 457
1397 459
1397 463
1397 464
1397 476
1397 479
1397 485
1397 494
1397 495
1397 497
1397 501
1397 504
1397 505
1397 506
1397 507
1397 511
1397 512
1397 514
1397 529
1397 531
1397 535
1397 543
1397 544
1397 550
1397 551
1397 568
1397 570
1397 573
1397 577
1397 578
1397 583
1397 588
1397 589
1397 591
1397 592
1397 602
1397 606
1397 607
1397 614
1397 620
1397 621
1397 625
1397 626
1397 631
1397 639
1397 641
1397 645
1397 660
1397 664
1397 667
1397 672
1397 673
1397 680
1397 682
1397 686
1397 692
1397 693
1397 694
1397 695
1397 699
1397 701
1397 707
1397 709
1397 738
1397 757
1397 758
1397 760
1397 762
1397 764
1397 767
1397 769
1397 776
1397 777
1397 796
1397 798
1397 801
1397 806
1397 808
1397 809
1397 812
1397 817
1397 822
1397 823
1397 824
1397 827
1397 830
1397 842
1397 843
1397 847
1397 851
1397 883
1397 890
1397 891
1397 892
1397 893
1397 903
1397 914
1397 923
1397 930
1397 932
1397 933
1397 936
1397 937
1397 938
1397 942
1397 964
1397 968
1397 970
1397 971
1397 973
1397 976
1397 977
1397 978
1397 986
1397 998
1397 1006
1397 1013
1397 1027
1397 1029
1397 1034
1397 1043
1397 1045
1397 1046
1397 1049
1397 1053
1397 1061
1397 1071
1397 1074
1397 1076
1397 1079
1397 1084
1397 1086
1397 1093
1397 1097
1397 1100
1397 1104
1397 1117
1397 1124
1397 1132
1397 1137
1397 1139
1397 1142
1397 1149
1397 1162
1397 1166
1397 1167
1397 1175
1397 1176
1397 1179
1397 1180
1397 1181
1397 1183
1397 1189
1397 1199
1397 1202
1397 1207
1397 1208
1397 1212
1397 1213
1397 1218
1397 1226
1397 1242
1397 1243
1397 1245
1397 1246
1397 1253
1397 1255
1397 1259
1397 1261
1397 1263
1397 1265
1397 1268
1397 1269
1397 1270
1397 1275
1397 1286
1397 1288
1397 1289
1397 1292
1397 1306
1397 1308
1397 1315
1397 1325
1397 1335
1397 1337
1397 1345
1397 1348
1397 1350
1397 1354
1397 1361
1397 1363
1397 1364
1397 1365
1397 1371
1397 1374
1397 1375
1397 1382
1397 1384
1397 1388
1397 1394
1397 1401
1397 1404
1397 1405
1397 1406
1397 1407
1397 1412
1397 1413
1397 1417
1397 1418
1397 1421
1397 1428
1397 1434
1397 1438
1397 1440
1397 1447
1397 1448
1397 1449
1397 1452
1397 1455
1397 1459
1397 1467
1397 1468
1397 1473
1397 1474
1397 1479
1397 1491
1397 1493
1397 1509
1397 1511
1397 1512
1397 1518
1397 1519
1397 1524
1397 1526
1397 1530
1397 1534
1397 1536
1397 1540
1397 1542
1397 1547
1397 1560
1397 1563
1397 1565
1397 1567
1397 1573
1397 1586
1397 1594
1397 1599
1397 1603
1397 1609
1397 1615
1397 1619
1397 1623
1397 1629
1397 1635
1397 1636
1397 1647
1397 1670
1397 1671
1397 1674
1397 1683
1397 1688
1397 1689
1397 1703
1397 1710
1397 1718
1397 1720
1397 1724
1397 1726
1397 1735
1397 1738
1397 1747
1397 1749
1397 1767
1397 1772
1397 1779
1397 1780
1397 1795
1397 1798
1397 1799
153 2
153 7
153 16
153 17
153 18
153 21
153 33
153 34
153 42
153 45
153 47
153 57
153 58
153 60
153 61
153 64
153 67
153 74
153 79
153 87
153 99
153 111
153 123
153 126
153 129
153 140
153 142
153 145
153 148
153 149
153 153
153 157
153 159
153 161
153 167
153 170
153 172
153 181
153 187
153 204
153 205
153 208
153 209
153 214
153 215
153 222
153 224
153 234
153 249
153 251
153 252
153 253
153 262
153 267
153 268
153 276
153 281
153 282
153 283
153 297
153 299
153 305
153 308
153 309
153 311
153 318
153 324
153 329
153 330
153 344
153 346
153 347
153 349
153 354
153 355
153 358
153 363
153 367
153 372
153 376
153 381
153 383
153 385
153 390
153 393
153 396
153 398
153 405
153 410
153 414
153 416
153 418
153 430
153 445
153 446
153 456
153 458
153 463
153 466
153 467
153 468
153 470
153 473
153 477
153 478
153 483
153 486
153 489
153 495
153 497
153 500
153 508
153 512
153 515
153 519
153 541
153 544
153 545
153 549
153 550
153 553
153 559
153 566
153 575
153 578
153 585
153 586
153 587
153 592
153 595
153 597
153 602
153 605
153 609
153 615
153 626
153 635
153 636
153 650
153 651
153 654
153 657
153 664
153 670
153 684
153 685
153 687
153 691
153 695
153 698
153 701
153 702
153 706
153 707
153 712
153 720
153 728
153 730
153 737
153 743
153 747
153 751
153 756
153 762
153 764
153 768
153 770
153 796
153 799
153 803
153 805
153 808
153 810
153 822
153 828
153 831
153 837
153 838
153 839
153 840
153 852
153 862
153 870
153 871
153 874
153 881
153 884
153 892
153 896
153 900
153 907
153 910
153 918
153 924
153 938
153 940
153 947
153 953
153 963
153 971
153 985
153 992
153 996
153 998
153 999
153 1004
153 1006
153 1026
153 1030
153 1034
153 1043
153 1048
153 1054
153 1060
153 1064
153 1065
153 1078
153 1082
153 1087
153 1092
153 1094
153 1098
153 1100
153 1101
153 1112
153 1119
153 1121
153 1123
153 1131
153 1141
153 1145
153 1147
153 1150
153 1151
153 1152
153 1155
153 1156
153 1158
153 1165
153 1183
153 1187
153 1193
153 1194
153 1195
153 1196
153 1199
153 1202
153 1203
153 1215
153 1220
153 1222
153 1235
153 1238
153 1240
153 1241
153 1243
153 1246
153 1250
153 1254
153 1255
153 1257
153 1259
153 1260
153 1264
153 1270
153 1272
153 1277
153 1278
153 1284
153 1297
153 1299
153 1302
153 1307
153 1308
153 1324
153 1335
153 1336
153 1338
153 1343
153 1346
153 1347
153 1348
153 1349
153 1355
153 1366
153 1368
153 1374
153 1376
153 1381
153 1383
153 1386
153 1389
153 1394
153 1395
153 1396
153 1405
153 1408
153 1409
153 1418
153 1423
153 1424
153 1430
153 1431
153 1448
153 1449
153 1453
153 1457
153 1458
153 1460
153 1462
153 1466
153 1468
153 1477
153 1479
153 1489
153 1495
153 1496
153 1504
153 1505
153 1507
153 1508
153 1509
153 1510
153 1518
153 1521
153 1526
153 1531
153 1532
153 1534
153 1538
153 1544
153 1552
153 1553
153 1564
153 1576
153 1577
153 1582
153 1587
153 1590
153 1591
153 1603
153 1605
153 1611
153 1629
153 1632
153 1636
153 1638
153 1642
153 1645
153 1647
153 1648
153 1649
153 1651
153 1652
153 1660
153 1663
153 1671
153 1695
153 1696
153 1700
153 1703
153 1705
153 1714
153 1722
153 1728
153 1729
153 1735
153 1737
153 1738
153 1753
153 1764
153 1772
153 1781
153 1782
153 1787
153 1788
366 7
366 8
366 18
366 19
366 23
366 27
366 36
366 40
366 45
366 52
366 72
366 76
366 81
366 84
366 86
366 94
366 97
366 102
366 110
366 111
366 112
366 126
366 141
366 154
366 156
366 158
366 165
366 166
366 171
366 181
366 184
366 185
366 186
366 191
366 193
366 196
366 199
366 203
366 206
366 209
366 211
366 230
366 245
366 247
366 251
366 253
366 258
366 261
366 267
366 270
366 276
366 300
366 310
366 313
366 326
366 337
366 338
366 340
366 344
366 355
366 357
366 358
366 359
366 367
366 368
366 369
366 371
366 375
366 378
366 384
366 385
366 389
366 390
366 393
366 401
366 406
366 415
366 425
366 431
366 433
366 438
366 443
366 445
366 460
366 467
366 474
366 476
366 482
366 490
366 496
366 503
366 507
366 513
366 514
366 515
366 519
366 521
366 525
366 533
366 535
366 540
366 543
366 545
366 549
366 550
366 553
366 559
366 585
366 590
366 592
366 595
366 596
366 602
366 606
366 616
366 617
366 639
366 650
366 653
366 658
366 659
366 683
366 696
366 730
366 735
366 749
366 762
366 770
366 772
366 773
366 776
366 780
366 782
366 785
366 793
366 797
366 804
366 807
366 809
366 812
366 816
366 820
366 830
366 832
366 840
366 846
366 848
366 850
366 855
366 863
366 866
366 867
366 875
366 877
366 878
366 880
366 882
366 883
366 884
366 888
366 895
366 901
366 904
366 906
366 907
366 913
366 922
366 924
366 927
366 930
366 931
366 945
366 949
366 956
366 964
366 972
366 975
366 978
366 979
366 984
366 987
366 991
366 995
366 1000
366 1005
366 1008
366 1010
366 1014
366 1016
366 1020
366 1022
366 1026
366 1027
366 1028
366 1030
366 1054
366 1055
366 1056
366 1063
366 1069
366 1077
366 1080
366 1090
366 1095
366 1097
366 1102
366 1107
366 1109
366 1112
366 1114
366 1118
366 1122
366 1127
366 1128
366 1132
366 1141
366 1143
366 1145
366 1149
366 1157
366 1162
366 1165
366 1168
366 1169
366 1170
366 1174
366 1176
366 1188
366 1189
366 1193
366 1194
366 1204
366 1218
366 1221
366 1225
366 1228
366 1233
366 1249
366 1258
366 1261
366 1265
366 1268
366 1274
366 1276
366 1278
366 1292
366 1293
366 1299
366 1302
366 1303
366 1307
366 1310
366 1319
366 1321
366 1322
366 1323
366 1325
366 1336
366 1346
366 1347
366 1351
366 1352
366 1357
366 1358
366 1373
366 1378
366 1380
366 1384
366 1396
366 1399
366 1401
366 1407
366 1416
366 1418
366 1419
366 1422
366 1432
366 1433
366 1438
366 1445
366 1453
366 1454
366 1455
366 1456
366 1458
366 1471
366 1476
366 1480
366 1482
366 1489
366 1490
366 1493
366 1497
366 1499
366 1509
366 1520
366 1523
366 1524
366 1535
366 1538
366 1543
366 1545
366 1547
366 1551
366 1560
366 1561
366 1568
366 1569
366 1586
366 1590
366 1591
366 1596
366 1601
366 1602
366 1603
366 1604
366 1610
366 1611
366 1616
366 1629
366 1633
366 1634
366 1639
366 1654
366 1656
366 1657
366 1659
366 1662
366 1677
366 1680
366 1684
366 1687
366 1690
366 1691
366 1693
366 1694
366 1696
366 1702
366 1706
366 1710
366 1711
366 1713
366 1715
366 1722
366 1734
366 1738
366 1740
366 1745
366 1748
366 1751
366 1753
366 1755
366 1763
366 1767
366 1774
366 1786
366 1799
1474 7
1474 14
1474 18
1474 20
1474 31
1474 38
1474 39
1474 43
1474 45
1474 59
1474 60
1474 69
1474 72
1474 84
1474 87
1474 89
1474 90
1474 94
1474 96
1474 99
1474 100
1474 105
1474 110
1474 116
1474 121
1474 122
1474 124
1474 129
1474 134
1474 141
1474 142
1474 147
1474 148
1474 151
1474 154
1474 156
1474 167
1474 168
1474 175
1474 186
1474 191
1474 192
1474 207
1474 208
1474 216
1474 217
1474 220
1474 221
1474 236
1474 239
1474 251
1474 266
1474 269
1474 277
1474 279
1474 296
1474 299
1474 323
1474 325
1474 329
1474 331
1474 334
1474 337
1474 340
1474 359
1474 364
1474 367
1474 369
1474 376
1474 377
1474 381
1474 384
1474 385
1474 386
1474 392
1474 393
1474 402
1474 403
1474 406
1474 411
1474 415
1474 428
1474 429
1474 431
1474 432
1474 440
1474 442
1474 446
1474 447
1474 450
1474 456
1474 459
1474 461
1474 465
1474 466
1474 469
1474 477
1474 483
1474 487
1474 496
1474 497
1474 503
1474 511
1474 513
1474 514
1474 515
1474 517
1474 525
1474 527
1474 532
1474 533
1474 534
1474 538
1474 545
1474 552
1474 553
1474 557
1474 558
1474 560
1474 562
1474 563
1474 569
1474 606
1474 607
1474 633
1474 636
1474 641
1474 644
1474 649
1474 652
1474 654
1474 657
1474 660
1474 661
1474 663
1474 669
1474 674
1474 675
1474 680
1474 684
1474 688
1474 690
1474 698
1474 703
1474 708
1474 717
1474 720
1474 721
1474 731
1474 742
1474 747
1474 752
1474 769
1474 770
1474 772
1474 775
1474 782
1474 787
1474 789
1474 803
1474 804
1474 805
1474 806
1474 807
1474 815
1474 816
1474 818
1474 824
1474 826
1474 830
1474 841
1474 852
1474 860
1474 862
1474 863
1474 864
1474 871
1474 880
1474 894
1474 895
1474 915
1474 916
1474 917
1474 920
1474 921
1474 930
1474 936
1474 939
1474 943
1474 946
1474 948
1474 953
1474 957
1474 959
1474 962
1474 966
1474 967
1474 978
1474 988
1474 995
1474 999
1474 1002
1474 1004
1474 1007
1474 1009
1474 1037
1474 1040
1474 1045
1474 1061
1474 1066
1474 1068
1474 1072
1474 1081
1474 1084
1474 1102
1474 1103
1474 1112
1474 1120
1474 1139
1474 1140
1474 1149
1474 1152
1474 1157
1474 1158
1474 1160
1474 1161
1474 1162
1474 1163
1474 1166
1474 1170
1474 1176
1474 1177
1474 1178
1474 1183
1474 1190
1474 1194
1474 1197
1474 1205
1474 1214
1474 1222
1474 1231
1474 1233
1474 1236
1474 1241
1474 1243
1474 1254
1474 1256
1474 1267
1474 1272
1474 1277
1474 1299
1474 1303
1474 1306
1474 1307
1474 1310
1474 1314
1474 1318
1474 1320
1474 1323
1474 1324
1474 1325
1474 1332
1474 1343
1474 1345
1474 1352
1474 1357
1474 1366
1474 1369
1474 1375
1474 1377
1474 1378
1474 1379
1474 1380
1474 1389
1474 1392
1474 1405
1474 1407
1474 1408
1474 1417
1474 1419
1474 1431
1474 1445
1474 1452
1474 1454
1474 1456
1474 1462
1474 1471
1474 1475
1474 1488
1474 1501
1474 1503
1474 1511
1474 1518
1474 1519
1474 1528
1474 1530
1474 1534
1474 1535
1474 1540
1474 1543
1474 1546
1474 1552
1474 1554
1474 1556
1474 1557
1474 1564
1474 1576
1474 1588
1474 1590
1474 1596
1474 1607
1474 1608
1474 1617
1474 1620
1474 1627
1474 1628
1474 1630
1474 1639
1474 1651
1474 1662
1474 1669
1474 1688
1474 1698
1474 1702
1474 1703
1474 1712
1474 1719
1474 1723
1474 1730
1474 1739
1474 1742
1474 1746
1474 1755
1474 1765
1474 1766
1474 1768
1474 1775
1474 1787
1474 1792
1474 1797
1474 1799
624 7
624 12
624 17
624 27
624 34
624 38
624 51
624 54
624 62
624 74
624 83
624 87
624 89
624 97
624 124
624 125
624 129
624 134
624 139
624 153
624 156
624 157
624 159
624 160
624 161
624 164
624 167
624 168
624 170
624 172
624 175
624 177
624 180
624 182
624 188
624 200
624 205
624 206
624 212
624 219
624 223
624 230
624 232
624 237
624 241
624 243
624 246
624 249
624 251
624 255
624 257
624 261
624 263
624 272
624 276
624 281
624 287
624 288
624 293
624 314
624 315
624 327
624 337
624 341
624 358
624 362
624 383
624 394
624 406
624 407
624 432
624 438
624 444
624 447
624 454
624 461
624 469
624 472
624 476
624 478
624 493
624 495
624 503
624 504
624 516
624 523
624 527
624 530
624 543
624 544
624 547
624 552
624 555
624 556
624 561
624 569
624 572
624 574
624 576
624 578
624 579
624 582
624 590
624 592
624 595
624 599
624 610
624 612
624 615
624 621
624 627
624 632
624 637
624 641
624 647
624 659
624 660
624 661
624 662
624 664
624 669
624 684
624 685
624 688
624 689
624 693
624 695
624 697
624 707
624 709
624 716
624 729
624 730
624 737
624 739
624 741
624 743
624 747
624 754
624 756
624 764
624 775
624 776
624 790
624 803
624 804
624 810
624 814
624 832
624 843
624 847
624 855
624 860
624 862
624 868
624 870
624 874
624 885
624 893
624 894
624 900
624 906
624 917
624 919
624 923
624 925
624 927
624 930
624 932
624 934
624 944
624 955
624 958
624 966
624 970
624 973
624 976
624 985
624 1004
624 1007
624 1010
624 1016
624 1022
624 1024
624 1031
624 1032
624 1045
624 1051
624 1052
624 1054
624 1056
624 1079
624 1083
624 1096
624 1099
624 1101
624 1107
624 1109
624 1116
624 1118
624 1126
624 1139
624 1143
624 1152
624 1156
624 1157
624 1160
624 1166
624 1169
624 1187
624 1189
624 1196
624 1227
624 1234
624 1235
624 1243
624 1244
624 1245
624 1248
624 1257
624 1258
624 1260
624 1261
624 1264
624 1269
624 1276
624 1285
624 1289
624 1295
624 1296
624 1298
624 1314
624 1316
624 1317
624 1319
624 1324
624 1329
624 1331
624 1332
624 1334
624 1335
624 1338
624 1347
624 1350
624 1353
624 1357
624 1360
624 1365
624 1366
624 1367
624 1371
624 1379
624 1384
624 1385
624 1398
624 1405
624 1412
624 1414
624 1415
624 1418
624 1419
624 1420
624 1423
624 1424
624 1427
624 1435
624 1437
624 1441
624 1442
624 1445
624 1446
624 1449
624 1455
624 1457
624 1463
624 1473
624 1474
624 1479
624 1483
624 1485
624 1487
624 1489
624 1490
624 1491
624 1494
624 1506
624 1509
624 1510
624 1522
624 1526
624 1528
624 1529
624 1531
624 1538
624 1544
624 1548
624 1552
624 1553
624 1554
624 1560
624 1565
624 1571
624 1576
624 1579
624 1588
624 1589
624 1593
624 1597
624 1602
624 1604
624 1620
624 1627
624 1629
624 1632
624 1640
624 1642
624 1663
624 1674
624 1677
624 1680
624 1690
624 1698
624 1705
624 1710
624 1713
624 1715
624 1716
624 1717
624 1724
624 1737
624 1744
624 1745
624 1751
624 1752
624 1757
624 1765
624 1786
624 1799
476 8
476 11
476 13
476 17
476 23
476 24
476 26
476 35
476 39
476 43
476 46
476 47
476 49
476 54
476 56
476 62
476 68
476 69
476 74
476 75
476 81
476 85
476 86
476 87
476 89
476 103
476 108
476 114
476 122
476 124
476 133
476 135
476 136
476 137
476 143
476 159
476 160
476 162
476 164
476 175
476 176
476 178
476 183
476 185
476 187
476 191
476 193
476 195
476 197
476 201
476 203
476 206
476 207
476 208
476 214
476 217
476 232
476 235
476 241
476 242
476 243
476 246
476 253
476 254
476 257
476 258
476 264
476 265
476 266
476 269
476 275
476 276
476 279
476 291
476 296
476 300
476 306
476 321
476 329
476 331
476 335
476 336
476 341
476 346
476 347
476 360
476 362
476 365
476 370
476 374
476 375
476 379
476 381
476 385
476 391
476 400
476 403
476 411
476 414
476 417
476 421
476 424
476 427
476 432
476 440
476 445
476 450
476 456
476 458
476 459
476 463
476 467
476 470
476 475
476 477
476 478
476 488
476 491
476 498
476 500
476 503
476 508
476 517
476 518
476 528
476 531
476 532
476 534
476 542
476 543
476 551
476 559
476 567
476 571
476 572
476 573
476 574
476 579
476 583
476 584
476 588
476 594
476 600
476 603
476 608
476 626
476 628
476 630
476 631
476 634
476 638
476 639
476 644
476 657
476 663
476 672
476 674
476 677
476 684
476 685
476 688
476 694
476 699
476 702
476 704
476 708
476 718
476 723
476 725
476 726
476 727
476 730
476 738
476 742
476 752
476 753
476 757
476 767
476 769
476 774
476 779
476 780
476 788
476 789
476 792
476 798
476 799
476 814
476 821
476 822
476 827
476 829
476 836
476 847
476 860
476 863
476 865
476 870
476 876
476 880
476 881
476 885
476 887
476 888
476 907
476 909
476 910
476 911
476 913
476 923
476 927
476 930
476 934
476 938
476 939
476 940
476 942
476 944
476 953
476 958
476 964
476 970
476 979
476 990
476 991
476 995
476 996
476 1001
476 1011
476 1013
476 1016
476 1020
476 1036
476 1037
476 1040
476 1042
476 1050
476 1051
476 1059
476 1061
476 1084
476 1091
476 1092
476 1094
476 1097
476 1104
476 1106
476 1107
476 1119
476 1121
476 1124
476 1133
476 1140
476 1141
476 1142
476 1146
476 1147
476 1149
476 1151
476 1152
476 1153
476 1167
476 1172
476 1177
476 1180
476 1182
476 1185
476 1190
476 1195
476 1206
476 1216
476 1225
476 1229
476 1231
476 1246
476 1250
476 1251
476 1255
476 1256
476 1267
476 1278
476 1280
476 1286
476 1288
476 1292
476 1294
476 1297
476 1298
476 1306
476 1317
476 1318
476 1319
476 1323
476 1324
476 1328
476 1330
476 1333
476 1336
476 1338
476 1341
476 1343
476 1345
476 1349
476 1357
476 1358
476 1374
476 1380
476 1389
476 1390
476 1392
476 1403
476 1411
476 1417
476 1419
476 1424
476 1458
476 1465
476 1475
476 1476
476 1479
476 1493
476 1497
476 1503
476 1510
476 1516
476 1517
476 1518
476 1520
476 1524
476 1526
476 1535
476 1537
476 1540
476 1543
476 1546
476 1550
476 1552
476 1554
476 1556
476 1559
476 1567
476 1579
476 1590
476 1601
476 1611
476 1612
476 1615
476 1620
476 1623
476 1628
476 1631
476 1639
476 1643
476 1674
476 1676
476 1677
476 1696
476 1700
476 1703
476 1706
476 1711
476 1732
476 1735
476 1750
476 1751
476 1764
476 1765
476 1773
476 1781
476 1783
476 1793
476 1795
476 1799
1531 1
1531 5
1531 11
1531 25
1531 27
1531 31
1531 33
1531 40
1531 45
1531 52
1531 55
1531 63
1531 66
1531 74
1531 76
1531 77
1531 85
1531 87
1531 91
1531 95
1531 103
1531 109
1531 110
1531 114
1531 123
1531 125
1531 126
1531 145
1531 151
1531 154
1531 162
1531 175
1531 181
1531 192
1531 194
1531 200
1531 203
1531 211
1531 226
1531 240
1531 244
1531 247
1531 252
1531 257
1531 269
1531 272
1531 278
1531 280
1531 282
1531 283
1531 286
1531 289
1531 290
1531 295
1531 296
1531 302
1531 308
1531 309
1531 320
1531 325
1531 334
1531 354
1531 361
1531 362
1531 379
1531 382
1531 399
1531 400
1531 404
1531 405
1531 409
1531 416
1531 420
1531 426
1531 430
1531 435
1531 436
1531 438
1531 447
1531 448
1531 454
1531 459
1531 473
1531 476
1531 477
1531 479
1531 487
1531 495
1531 497
1531 499
1531 503
1531 507
1531 511
1531 517
1531 520
1531 534
1531 535
1531 542
1531 547
1531 549
1531 552
1531 561
1531 564
1531 580
1531 583
1531 585
1531 594
1531 595
1531 597
1531 599
1531 600
1531 605
1531 610
1531 612
1531 614
1531 615
1531 620
1531 629
1531 631
1531 636
1531 638
1531 640
1531 643
1531 655
1531 660
1531 661
1531 667
1531 668
1531 686
1531 687
1531 688
1531 689
1531 700
1531 704
1531 708
1531 716
1531 726
1531 740
1531 741
1531 742
1531 760
1531 768
1531 773
1531 774
1531 775
1531 786
1531 795
1531 805
1531 806
1531 809
1531 816
1531 829
1531 852
1531 870
1531 873
1531 876
1531 878
1531 879
1531 884
1531 888
1531 889
1531 898
1531 900
1531 905
1531 910
1531 911
1531 917
1531 918
1531 920
1531 926
1531 934
1531 936
1531 942
1531 945
1531 955
1531 971
1531 979
1531 982
1531 984
1531 985
1531 996
1531 1000
1531 1010
1531 1015
1531 1020
1531 1032
1531 1036
1531 1038
1531 1050
1531 1060
1531 1061
1531 1062
1531 1076
1531 1082
1531 1093
1531 1095
1531 1096
1531 1100
1531 1102
1531 1103
1531 1121
1531 1134
1531 1135
1531 1137
1531 1141
1531 1142
1531 1148
1531 1151
1531 1156
1531 1157
1531 1172
1531 1173
1531 1183
1531 1186
1531 1191
1531 1202
1531 1209
1531 1218
1531 1219
1531 1221
1531 1222
1531 1225
1531 1237
1531 1246
1531 1260
1531 1261
1531 1272
1531 1273
1531 1275
1531 1276
1531 1278
1531 1282
1531 1283
1531 1284
1531 1291
1531 1301
1531 1310
1531 1312
1531 1316
1531 1321
1531 1323
1531 1324
1531 1326
1531 1329
1531 1337
1531 1348
1531 1351
1531 1352
1531 1364
1531 1373
1531 1378
1531 1380
1531 1383
1531 1385
1531 1386
1531 1388
1531 1389
1531 1396
1531 1397
1531 1400
1531 1423
1531 1425
1531 1432
1531 1433
1531 1444
1531 1445
1531 1448
1531 1451
1531 1453
1531 1455
1531 1462
1531 1463
1531 1465
1531 1466
1531 1467
1531 1470
1531 1477
1531 1495
1531 1501
1531 1506
1531 1507
1531 1513
1531 1524
1531 1527
1531 1540
1531 1543
1531 1549
1531 1551
1531 1557
1531 1558
1531 1559
1531 1560
1531 1566
1531 1570
1531 1572
1531 1575
1531 1577
1531 1578
1531 1585
1531 1594
1531 1597
1531 1598
1531 1601
1531 1606
1531 1614
1531 1628
1531 1636
1531 1638
1531 1645
1531 1650
1531 1655
1531 1670
1531 1672
1531 1677
1531 1687
1531 1688
1531 1689
1531 1692
1531 1701
1531 1712
1531 1718
1531 1719
1531 1721
1531 1727
1531 1734
1531 1740
1531 1742
1531 1744
1531 1745
1531 1748
1531 1750
1531 1752
1531 1761
1531 1770
1531 1771
1531 1776
1531 1785
1531 1786
1531 1787
1531 1788
1531 1793
1531 1797
118 2
118 9
118 13
118 26
118 30
118 31
118 39
118 42
118 47
118 55
118 61
118 62
118 64
118 67
118 68
118 72
118 80
118 81
118 86
118 97
118 101
118 102
118 103
118 106
118 112
118 114
118 115
118 116
118 119
118 120
118 122
118 127
118 129
118 134
118 138
118 147
118 155
118 158
118 159
118 163
118 167
118 192
118 200
118 212
118 213
118 233
118 234
118 244
118 245
118 247
118 251
118 259
118 269
118 283
118 288
118 296
118 302
118 303
118 305
118 308
118 313
118 314
118 318
118 321
118 323
118 326
118 328
118 329
118 333
118 335
118 345
118 351
118 353
118 355
118 359
118 360
118 369
118 384
118 390
118 398
118 400
118 401
118 406
118 408
118 410
118 414
118 418
118 423
118 427
118 428
118 446
118 463
118 466
118 467
118 472
118 478
118 482
118 493
118 495
118 501
118 504
118 513
118 519
118 520
118 523
118 524
118 533
118 534
118 538
118 540
118 542
118 547
118 553
118 554
118 556
118 567
118 568
118 570
118 575
118 580
118 584
118 588
118 593
118 598
118 599
118 603
118 611
118 613
118 623
118 630
118 642
118 645
118 646
118 647
118 649
118 651
118 656
118 658
118 661
118 667
118 670
118 672
118 679
118 683
118 685
118 687
118 688
118 692
118 700
118 704
118 708
118 713
118 714
118 718
118 728
118 734
118 736
118 746
118 747
118 755
118 756
118 757
118 760
118 771
118 774
118 778
118 780
118 784
118 790
118 802
118 804
118 810
118 814
118 815
118 817
118 824
118 832
118 834
118 837
118 839
118 843
118 846
118 855
118 856
118 857
118 862
118 864
118 871
118 872
118 876
118 877
118 888
118 901
118 907
118 913
118 921
118 923
118 925
118 930
118 940
118 953
118 964
118 968
118 969
118 970
118 971
118 974
118 988
118 989
118 990
118 994
118 1003
118 1013
118 1014
118 1027
118 1029
118 1033
118 1038
118 1039
118 1040
118 1043
118 1048
118 1054
118 1066
118 1075
118 1080
118 1082
118 1095
118 1096
118 1101
118 1105
118 1122
118 1123
118 1129
118 1136
118 1142
118 1157
118 1158
118 1163
118 1165
118 1168
118 1173
118 1181
118 1185
118 1201
118 1206
118 1207
118 1210
118 1211
118 1214
118 1216
118 1221
118 1222
118 1231
118 1232
118 1235
118 1241
118 1244
118 1247
118 1248
118 1250
118 1251
118 1252
118 1254
118 1266
118 1280
118 1283
118 1289
118 1294
118 1297
118 1299
118 1301
118 1321
118 1322
118 1323
118 1325
118 1330
118 1332
118 1359
118 1360
118 1364
118 1366
118 1367
118 1372
118 1377
118 1378
118 1379
118 1385
118 1386
118 1395
118 1401
118 1411
118 1426
118 1427
118 1433
118 1435
118 1448
118 1450
118 1456
118 1457
118 1460
118 1466
118 1468
118 1479
118 1480
118 1485
118 1492
118 1506
118 1508
118 1509
118 1513
118 1516
118 1518
118 1520
118 1527
118 1528
118 1530
118 1531
118 1532
118 1533
118 1536
118 1539
118 1541
118 1543
118 1545
118 1547
118 1554
118 1556
118 1559
118 1565
118 1569
118 1576
118 1577
118 1587
118 1588
118 1590
118 1592
118 1595
118 1600
118 1601
118 1603
118 1613
118 1618
118 1621
118 1623
118 1626
118 1627
118 1630
118 1640
118 1645
118 1649
118 1658
118 1678
118 1679
118 1684
118 1685
118 1690
118 1696
118 1697
118 1698
118 1703
118 1714
118 1715
118 1728
118 1731
118 1737
118 1740
118 1745
118 1759
118 1761
118 1769
118 1776
118 1790
118 1791
118 1793
118 1794
118 1799
118 1800
