p td 2600 6173 
1030 8
1030 9
1030 11
1030 12
1030 16
1030 18
1030 24
1030 31
1030 33
1030 41
1030 43
1030 46
1030 61
1030 66
1030 69
1030 85
1030 89
1030 94
1030 97
1030 104
1030 105
1030 111
1030 112
1030 115
1030 124
1030 138
1030 150
1030 151
1030 152
1030 153
1030 157
1030 161
1030 163
1030 168
1030 169
1030 182
1030 183
1030 184
1030 185
1030 186
1030 194
1030 216
1030 223
1030 224
1030 225
1030 236
1030 243
1030 248
1030 249
1030 250
1030 251
1030 252
1030 253
1030 259
1030 263
1030 269
1030 271
1030 282
1030 299
1030 308
1030 312
1030 317
1030 319
1030 322
1030 324
1030 327
1030 341
1030 349
1030 354
1030 358
1030 360
1030 362
1030 368
1030 371
1030 372
1030 373
1030 382
1030 383
1030 387
1030 394
1030 400
1030 410
1030 413
1030 414
1030 415
1030 418
1030 426
1030 427
1030 428
1030 435
1030 449
1030 471
1030 472
1030 481
1030 483
1030 491
1030 494
1030 496
1030 508
1030 509
1030 524
1030 525
1030 526
1030 530
1030 539
1030 550
1030 558
1030 566
1030 569
1030 571
1030 575
1030 580
1030 587
1030 591
1030 602
1030 613
1030 614
1030 617
1030 620
1030 637
1030 638
1030 639
1030 640
1030 643
1030 646
1030 656
1030 662
1030 665
1030 675
1030 681
1030 686
1030 687
1030 691
1030 694
1030 703
1030 708
1030 709
1030 713
1030 718
1030 725
1030 729
1030 735
1030 748
1030 754
1030 757
1030 760
1030 765
1030 773
1030 775
1030 779
1030 785
1030 786
1030 796
1030 798
1030 802
1030 803
1030 805
1030 806
1030 809
1030 811
1030 820
1030 821
1030 831
1030 835
1030 842
1030 845
1030 866
1030 867
1030 869
1030 872
1030 879
1030 881
1030 887
1030 891
1030 897
1030 899
1030 900
1030 902
1030 903
1030 905
1030 908
1030 913
1030 916
1030 925
1030 934
1030 935
1030 936
1030 948
1030 971
1030 975
1030 983
1030 986
1030 988
1030 998
1030 1004
1030 1010
1030 1016
1030 1020
1030 1027
1030 1030
1030 1034
1030 1046
1030 1047
1030 1056
1030 1065
1030 1067
1030 1080
1030 1089
1030 1098
1030 1100
1030 1117
1030 1124
1030 1130
1030 1140
1030 1152
1030 1156
1030 1159
1030 1165
1030 1176
1030 1180
1030 1187
1030 1190
1030 1191
1030 1193
1030 1206
1030 1218
1030 1226
1030 1229
1030 1230
1030 1236
1030 1247
1030 1253
1030 1257
1030 1265
1030 1266
1030 1267
1030 1277
1030 1292
1030 1312
1030 1316
1030 1317
1030 1319
1030 1321
1030 1324
1030 1332
1030 1339
1030 1341
1030 1343
1030 1344
1030 1351
1030 1364
1030 1367
1030 1380
1030 1385
1030 1386
1030 1397
1030 1409
1030 1416
1030 1426
1030 1429
1030 1431
1030 1434
1030 1439
1030 1441
1030 1444
1030 1449
1030 1455
1030 1461
1030 1470
1030 1473
1030 1475
1030 1477
1030 1484
1030 1487
1030 1494
1030 1501
1030 1507
1030 1511
1030 1513
1030 1522
1030 1528
1030 1534
1030 1542
1030 1543
1030 1544
1030 1554
1030 1558
1030 1565
1030 1574
1030 1582
1030 1584
1030 1593
1030 1602
1030 1603
1030 1604
1030 1611
1030 1612
1030 1623
1030 1631
1030 1632
1030 1634
1030 1635
1030 1636
1030 1640
1030 1642
1030 1645
1030 1671
1030 1675
1030 1676
1030 1682
1030 1688
1030 1689
1030 1702
1030 1713
1030 1715
1030 1717
1030 1721
1030 1727
1030 1730
1030 1733
1030 1735
1030 1737
1030 1745
1030 1749
1030 1751
1030 1760
1030 1761
1030 1762
1030 1765
1030 1768
1030 1774
1030 1786
1030 1790
1030 1793
1030 1801
1030 1802
1030 1813
1030 1822
1030 1833
1030 1834
1030 1840
1030 1842
1030 1844
1030 1847
1030 1849
1030 1854
1030 1856
1030 1858
1030 1859
1030 1870
1030 1885
1030 1886
1030 1887
1030 1888
1030 1892
1030 1916
1030 1918
1030 1919
1030 1921
1030 1922
1030 1923
1030 1924
1030 1927
1030 1934
1030 1936
1030 1946
1030 1949
1030 1959
1030 1960
1030 1964
1030 1969
1030 1984
1030 1985
1030 1991
1030 1993
1030 1998
1030 2002
1030 2016
1030 2017
1030 2018
1030 2021
1030 2024
1030 2027
1030 2034
1030 2037
1030 2038
1030 2040
1030 2044
1030 2046
1030 2051
1030 2055
1030 2069
1030 2070
1030 2073
1030 2075
1030 2076
1030 2077
1030 2083
1030 2084
1030 2090
1030 2099
1030 2110
1030 2112
1030 2117
1030 2120
1030 2122
1030 2132
1030 2135
1030 2136
1030 2143
1030 2160
1030 2164
1030 2171
1030 2172
1030 2175
1030 2178
1030 2202
1030 2214
1030 2224
1030 2233
1030 2244
1030 2253
1030 2257
1030 2260
1030 2263
1030 2267
1030 2272
1030 2273
1030 2279
1030 2282
1030 2289
1030 2293
1030 2297
1030 2314
1030 2329
1030 2342
1030 2347
1030 2350
1030 2352
1030 2357
1030 2359
1030 2361
1030 2366
1030 2370
1030 2372
1030 2376
1030 2377
1030 2380
1030 2383
1030 2400
1030 2404
1030 2412
1030 2415
1030 2420
1030 2437
1030 2441
1030 2444
1030 2445
1030 2446
1030 2447
1030 2452
1030 2454
1030 2466
1030 2467
1030 2468
1030 2470
1030 2476
1030 2477
1030 2478
1030 2482
1030 2487
1030 2488
1030 2490
1030 2492
1030 2494
1030 2497
1030 2506
1030 2508
1030 2510
1030 2513
1030 2518
1030 2524
1030 2534
1030 2536
1030 2538
1030 2540
1030 2541
1030 2542
1030 2548
1030 2553
1030 2554
1030 2557
1030 2559
1030 2565
1030 2573
1030 2581
1030 2588
1030 2591
1030 2596
1030 2598
308 2
308 4
308 6
308 9
308 23
308 27
308 32
308 41
308 44
308 49
308 51
308 66
308 73
308 84
308 85
308 88
308 89
308 90
308 99
308 100
308 104
308 105
308 111
308 113
308 118
308 120
308 125
308 127
308 136
308 142
308 144
308 148
308 150
308 153
308 165
308 167
308 168
308 169
308 173
308 174
308 176
308 186
308 187
308 188
308 192
308 193
308 200
308 204
308 211
308 216
308 219
308 237
308 238
308 242
308 260
308 264
308 266
308 268
308 286
308 297
308 302
308 309
308 311
308 314
308 315
308 316
308 328
308 352
308 354
308 365
308 379
308 383
308 392
308 393
308 404
308 405
308 417
308 418
308 421
308 425
308 428
308 429
308 431
308 449
308 451
308 454
308 456
308 460
308 464
308 465
308 477
308 484
308 486
308 499
308 500
308 505
308 506
308 516
308 527
308 535
308 536
308 539
308 543
308 544
308 545
308 549
308 550
308 552
308 555
308 558
308 562
308 565
308 566
308 576
308 583
308 591
308 594
308 596
308 613
308 615
308 617
308 621
308 630
308 631
308 633
308 635
308 638
308 639
308 647
308 653
308 654
308 671
308 675
308 678
308 683
308 687
308 692
308 701
308 712
308 716
308 719
308 720
308 736
308 744
308 748
308 749
308 752
308 756
308 757
308 764
308 775
308 777
308 780
308 787
308 818
308 821
308 823
308 826
308 833
308 840
308 843
308 844
308 845
308 847
308 860
308 863
308 865
308 867
308 875
308 879
308 886
308 889
308 895
308 896
308 899
308 901
308 902
308 906
308 912
308 915
308 918
308 920
308 927
308 938
308 945
308 948
308 950
308 952
308 966
308 968
308 975
308 976
308 982
308 989
308 995
308 999
308 1008
308 1024
308 1032
308 1033
308 1036
308 1044
308 1049
308 1050
308 1055
308 1063
308 1078
308 1083
308 1088
308 1091
308 1095
308 1097
308 1098
308 1102
308 1113
308 1114
308 1124
308 1129
308 1130
308 1136
308 1137
308 1146
308 1149
308 1157
308 1170
308 1175
308 1177
308 1180
308 1185
308 1188
308 1189
308 1190
308 1191
308 1194
308 1195
308 1196
308 1201
308 1202
308 1209
308 1213
308 1219
308 1224
308 1228
308 1232
308 1234
308 1255
308 1257
308 1258
308 1261
308 1265
308 1274
308 1275
308 1279
308 1280
308 1282
308 1287
308 1294
308 1299
308 1301
308 1303
308 1304
308 1308
308 1311
308 1312
308 1319
308 1320
308 1321
308 1322
308 1323
308 1324
308 1327
308 1333
308 1334
308 1335
308 1347
308 1357
308 1361
308 1374
308 1375
308 1386
308 1387
308 1389
308 1396
308 1405
308 1409
308 1410
308 1418
308 1426
308 1430
308 1433
308 1435
308 1442
308 1449
308 1453
308 1461
308 1462
308 1470
308 1473
308 1480
308 1484
308 1486
308 1489
308 1490
308 1496
308 1504
308 1508
308 1511
308 1512
308 1514
308 1518
308 1520
308 1521
308 1524
308 1532
308 1533
308 1535
308 1536
308 1539
308 1540
308 1542
308 1546
308 1547
308 1553
308 1560
308 1568
308 1576
308 1577
308 1580
308 1582
308 1586
308 1587
308 1592
308 1610
308 1611
308 1620
308 1622
308 1624
308 1625
308 1631
308 1634
308 1637
308 1641
308 1642
308 1653
308 1673
308 1674
308 1680
308 1681
308 1683
308 1689
308 1693
308 1696
308 1699
308 1702
308 1703
308 1707
308 1717
308 1721
308 1728
308 1732
308 1734
308 1740
308 1749
308 1757
308 1768
308 1770
308 1771
308 1777
308 1790
308 1793
308 1795
308 1796
308 1807
308 1812
308 1813
308 1817
308 1819
308 1822
308 1829
308 1835
308 1837
308 1852
308 1872
308 1874
308 1878
308 1885
308 1897
308 1901
308 1905
308 1907
308 1908
308 1914
308 1922
308 1932
308 1933
308 1942
308 1948
308 1953
308 1955
308 1965
308 1966
308 1967
308 1971
308 1975
308 1987
308 1993
308 1997
308 1999
308 2001
308 2011
308 2015
308 2021
308 2022
308 2025
308 2028
308 2029
308 2030
308 2067
308 2068
308 2072
308 2076
308 2077
308 2080
308 2082
308 2087
308 2099
308 2101
308 2129
308 2137
308 2139
308 2143
308 2152
308 2153
308 2165
308 2168
308 2171
308 2176
308 2184
308 2190
308 2194
308 2202
308 2203
308 2205
308 2216
308 2217
308 2220
308 2222
308 2226
308 2231
308 2242
308 2256
308 2260
308 2261
308 2271
308 2280
308 2281
308 2294
308 2303
308 2308
308 2314
308 2319
308 2326
308 2332
308 2343
308 2344
308 2351
308 2355
308 2357
308 2361
308 2365
308 2366
308 2367
308 2371
308 2375
308 2380
308 2400
308 2402
308 2405
308 2410
308 2416
308 2417
308 2418
308 2422
308 2429
308 2431
308 2432
308 2435
308 2440
308 2445
308 2451
308 2452
308 2454
308 2455
308 2457
308 2464
308 2482
308 2484
308 2490
308 2495
308 2499
308 2504
308 2509
308 2517
308 2525
308 2532
308 2538
308 2544
308 2545
308 2556
308 2557
308 2559
308 2566
308 2568
308 2583
308 2593
308 2594
418 8
418 11
418 16
418 18
418 25
418 30
418 33
418 34
418 38
418 39
418 40
418 44
418 49
418 56
418 62
418 63
418 68
418 77
418 80
418 84
418 85
418 87
418 88
418 89
418 99
418 103
418 108
418 111
418 117
418 126
418 128
418 140
418 145
418 151
418 152
418 156
418 177
418 181
418 189
418 192
418 194
418 200
418 208
418 210
418 217
418 220
418 227
418 229
418 232
418 233
418 236
418 240
418 244
418 245
418 247
418 250
418 253
418 254
418 257
418 261
418 263
418 267
418 268
418 273
418 282
418 298
418 300
418 301
418 308
418 309
418 310
418 312
418 314
418 319
418 322
418 323
418 324
418 333
418 338
418 339
418 341
418 354
418 355
418 357
418 379
418 393
418 399
418 401
418 416
418 417
418 419
418 423
418 427
418 440
418 441
418 447
418 450
418 451
418 458
418 460
418 461
418 463
418 464
418 466
418 468
418 470
418 471
418 475
418 480
418 483
418 491
418 492
418 495
418 498
418 499
418 500
418 516
418 517
418 520
418 523
418 524
418 526
418 533
418 543
418 552
418 553
418 561
418 565
418 570
418 574
418 576
418 581
418 587
418 592
418 595
418 600
418 613
418 617
418 620
418 629
418 636
418 638
418 641
418 660
418 681
418 690
418 692
418 694
418 695
418 700
418 712
418 715
418 717
418 720
418 723
418 725
418 728
418 730
418 731
418 737
418 745
418 757
418 761
418 765
418 770
418 781
418 783
418 785
418 795
418 798
418 811
418 818
418 830
418 832
418 833
418 834
418 836
418 851
418 852
418 857
418 858
418 863
418 864
418 865
418 870
418 884
418 886
418 892
418 896
418 899
418 903
418 906
418 914
418 915
418 917
418 920
418 922
418 934
418 937
418 942
418 944
418 945
418 947
418 951
418 955
418 957
418 960
418 963
418 967
418 970
418 975
418 980
418 995
418 998
418 1001
418 1005
418 1009
418 1010
418 1018
418 1020
418 1022
418 1023
418 1026
418 1037
418 1042
418 1048
418 1056
418 1060
418 1062
418 1063
418 1066
418 1072
418 1076
418 1077
418 1079
418 1085
418 1094
418 1095
418 1098
418 1101
418 1109
418 1120
418 1121
418 1122
418 1125
418 1129
418 1136
418 1142
418 1145
418 1146
418 1154
418 1165
418 1173
418 1179
418 1183
418 1188
418 1208
418 1219
418 1228
418 1230
418 1232
418 1234
418 1237
418 1238
418 1241
418 1251
418 1258
418 1263
418 1264
418 1266
418 1267
418 1274
418 1275
418 1280
418 1281
418 1283
418 1298
418 1303
418 1309
418 1321
418 1330
418 1332
418 1333
418 1335
418 1349
418 1377
418 1378
418 1381
418 1382
418 1387
418 1391
418 1396
418 1397
418 1400
418 1403
418 1407
418 1408
418 1410
418 1414
418 1415
418 1437
418 1442
418 1449
418 1452
418 1453
418 1456
418 1457
418 1461
418 1462
418 1465
418 1466
418 1473
418 1476
418 1479
418 1481
418 1482
418 1484
418 1486
418 1487
418 1490
418 1493
418 1496
418 1502
418 1509
418 1511
418 1515
418 1518
418 1535
418 1540
418 1542
418 1548
418 1550
418 1552
418 1553
418 1556
418 1560
418 1563
418 1566
418 1567
418 1570
418 1571
418 1583
418 1585
418 1586
418 1588
418 1593
418 1600
418 1603
418 1608
418 1618
418 1626
418 1627
418 1636
418 1641
418 1642
418 1644
418 1647
418 1650
418 1651
418 1658
418 1667
418 1680
418 1681
418 1685
418 1693
418 1697
418 1698
418 1703
418 1704
418 1710
418 1719
418 1723
418 1731
418 1746
418 1748
418 1754
418 1757
418 1760
418 1761
418 1769
418 1771
418 1777
418 1784
418 1795
418 1797
418 1798
418 1807
418 1809
418 1815
418 1816
418 1817
418 1820
418 1821
418 1826
418 1833
418 1846
418 1851
418 1854
418 1858
418 1861
418 1863
418 1865
418 1875
418 1880
418 1891
418 1892
418 1895
418 1901
418 1921
418 1922
418 1925
418 1931
418 1934
418 1939
418 1941
418 1943
418 1947
418 1951
418 1952
418 1954
418 1958
418 1961
418 1969
418 1981
418 1991
418 2007
418 2009
418 2026
418 2030
418 2040
418 2045
418 2046
418 2058
418 2059
418 2070
418 2071
418 2074
418 2082
418 2086
418 2087
418 2091
418 2104
418 2107
418 2110
418 2113
418 2115
418 2130
418 2134
418 2136
418 2142
418 2171
418 2172
418 2187
418 2200
418 2204
418 2205
418 2213
418 2215
418 2216
418 2226
418 2232
418 2240
418 2248
418 2259
418 2261
418 2267
418 2276
418 2281
418 2286
418 2292
418 2296
418 2300
418 2302
418 2314
418 2317
418 2326
418 2328
418 2329
418 2333
418 2335
418 2342
418 2343
418 2364
418 2367
418 2368
418 2369
418 2375
418 2380
418 2385
418 2404
418 2406
418 2410
418 2415
418 2429
418 2430
418 2437
418 2448
418 2449
418 2457
418 2460
418 2464
418 2468
418 2471
418 2474
418 2476
418 2477
418 2480
418 2481
418 2482
418 2494
418 2502
418 2503
418 2505
418 2517
418 2519
418 2528
418 2535
418 2538
418 2542
418 2543
418 2545
418 2554
418 2568
418 2571
418 2590
418 2593
418 2596
1761 8
1761 10
1761 12
1761 15
1761 31
1761 36
1761 41
1761 47
1761 49
1761 69
1761 85
1761 88
1761 91
1761 107
1761 110
1761 113
1761 130
1761 133
1761 147
1761 156
1761 166
1761 175
1761 176
1761 177
1761 180
1761 182
1761 184
1761 188
1761 191
1761 218
1761 220
1761 228
1761 240
1761 242
1761 244
1761 246
1761 247
1761 251
1761 252
1761 261
1761 262
1761 268
1761 279
1761 284
1761 285
1761 287
1761 288
1761 291
1761 303
1761 307
1761 309
1761 311
1761 315
1761 318
1761 322
1761 325
1761 329
1761 331
1761 339
1761 346
1761 350
1761 351
1761 352
1761 356
1761 363
1761 365
1761 368
1761 369
1761 372
1761 384
1761 400
1761 401
1761 416
1761 428
1761 431
1761 440
1761 441
1761 445
1761 446
1761 451
1761 454
1761 459
1761 464
1761 467
1761 473
1761 481
1761 491
1761 497
1761 501
1761 511
1761 519
1761 525
1761 529
1761 530
1761 532
1761 535
1761 536
1761 537
1761 552
1761 567
1761 574
1761 585
1761 587
1761 588
1761 592
1761 593
1761 594
1761 595
1761 601
1761 607
1761 611
1761 614
1761 616
1761 619
1761 624
1761 625
1761 626
1761 633
1761 636
1761 648
1761 651
1761 653
1761 656
1761 658
1761 664
1761 665
1761 673
1761 675
1761 679
1761 684
1761 686
1761 694
1761 696
1761 700
1761 704
1761 708
1761 711
1761 715
1761 721
1761 722
1761 729
1761 741
1761 742
1761 743
1761 747
1761 752
1761 764
1761 765
1761 767
1761 770
1761 771
1761 777
1761 784
1761 786
1761 797
1761 806
1761 827
1761 831
1761 840
1761 845
1761 851
1761 866
1761 875
1761 876
1761 884
1761 889
1761 900
1761 902
1761 905
1761 906
1761 912
1761 915
1761 916
1761 934
1761 935
1761 938
1761 950
1761 954
1761 961
1761 962
1761 967
1761 971
1761 982
1761 983
1761 986
1761 987
1761 997
1761 999
1761 1004
1761 1008
1761 1013
1761 1014
1761 1022
1761 1027
1761 1028
1761 1034
1761 1038
1761 1039
1761 1041
1761 1045
1761 1057
1761 1061
1761 1062
1761 1063
1761 1069
1761 1071
1761 1072
1761 1075
1761 1078
1761 1086
1761 1106
1761 1118
1761 1123
1761 1126
1761 1127
1761 1130
1761 1131
1761 1133
1761 1140
1761 1142
1761 1143
1761 1144
1761 1146
1761 1151
1761 1153
1761 1157
1761 1164
1761 1171
1761 1176
1761 1180
1761 1183
1761 1184
1761 1187
1761 1191
1761 1200
1761 1204
1761 1207
1761 1208
1761 1222
1761 1225
1761 1226
1761 1227
1761 1229
1761 1231
1761 1232
1761 1234
1761 1238
1761 1240
1761 1252
1761 1256
1761 1269
1761 1276
1761 1279
1761 1281
1761 1282
1761 1288
1761 1289
1761 1291
1761 1297
1761 1298
1761 1315
1761 1318
1761 1320
1761 1324
1761 1326
1761 1327
1761 1331
1761 1337
1761 1344
1761 1346
1761 1351
1761 1368
1761 1381
1761 1383
1761 1388
1761 1395
1761 1400
1761 1404
1761 1412
1761 1416
1761 1421
1761 1435
1761 1445
1761 1450
1761 1453
1761 1457
1761 1462
1761 1463
1761 1465
1761 1466
1761 1467
1761 1472
1761 1484
1761 1492
1761 1497
1761 1506
1761 1508
1761 1509
1761 1516
1761 1517
1761 1525
1761 1528
1761 1531
1761 1532
1761 1534
1761 1548
1761 1549
1761 1554
1761 1563
1761 1566
1761 1567
1761 1574
1761 1575
1761 1577
1761 1597
1761 1599
1761 1600
1761 1611
1761 1613
1761 1614
1761 1615
1761 1616
1761 1622
1761 1640
1761 1643
1761 1645
1761 1653
1761 1655
1761 1661
1761 1666
1761 1670
1761 1675
1761 1677
1761 1691
1761 1697
1761 1698
1761 1701
1761 1706
1761 1709
1761 1726
1761 1734
1761 1737
1761 1738
1761 1740
1761 1743
1761 1757
1761 1762
1761 1768
1761 1770
1761 1771
1761 1783
1761 1790
1761 1792
1761 1793
1761 1794
1761 1823
1761 1830
1761 1840
1761 1857
1761 1871
1761 1884
1761 1887
1761 1895
1761 1898
1761 1903
1761 1912
1761 1916
1761 1917
1761 1924
1761 1927
1761 1929
1761 1932
1761 1934
1761 1936
1761 1944
1761 1948
1761 1958
1761 1959
1761 1963
1761 1972
1761 1974
1761 1979
1761 1988
1761 1990
1761 2008
1761 2011
1761 2013
1761 2014
1761 2017
1761 2023
1761 2028
1761 2032
1761 2037
1761 2039
1761 2040
1761 2042
1761 2050
1761 2054
1761 2057
1761 2078
1761 2080
1761 2086
1761 2089
1761 2090
1761 2094
1761 2104
1761 2113
1761 2114
1761 2116
1761 2117
1761 2118
1761 2119
1761 2136
1761 2142
1761 2144
1761 2145
1761 2147
1761 2149
1761 2152
1761 2154
1761 2158
1761 2159
1761 2167
1761 2175
1761 2177
1761 2179
1761 2187
1761 2192
1761 2193
1761 2194
1761 2197
1761 2198
1761 2199
1761 2203
1761 2211
1761 2217
1761 2220
1761 2221
1761 2229
1761 2230
1761 2233
1761 2235
1761 2246
1761 2249
1761 2254
1761 2255
1761 2257
1761 2260
1761 2261
1761 2263
1761 2271
1761 2289
1761 2295
1761 2296
1761 2317
1761 2323
1761 2324
1761 2333
1761 2343
1761 2345
1761 2355
1761 2357
1761 2358
1761 2362
1761 2363
1761 2366
1761 2370
1761 2371
1761 2381
1761 2385
1761 2386
1761 2392
1761 2394
1761 2395
1761 2398
1761 2402
1761 2411
1761 2412
1761 2413
1761 2416
1761 2422
1761 2424
1761 2431
1761 2434
1761 2437
1761 2438
1761 2440
1761 2445
1761 2450
1761 2455
1761 2476
1761 2478
1761 2487
1761 2498
1761 2501
1761 2503
1761 2504
1761 2512
1761 2514
1761 2517
1761 2520
1761 2525
1761 2527
1761 2528
1761 2531
1761 2538
1761 2549
1761 2555
1761 2560
1761 2561
1761 2567
1761 2571
1761 2584
1761 2587
1761 2597
270 5
270 8
270 13
270 18
270 41
270 44
270 47
270 56
270 57
270 61
270 64
270 68
270 70
270 82
270 84
270 88
270 91
270 96
270 102
270 103
270 106
270 116
270 118
270 126
270 130
270 141
270 143
270 144
270 145
270 147
270 150
270 155
270 161
270 162
270 163
270 168
270 171
270 172
270 186
270 196
270 198
270 202
270 207
270 209
270 210
270 211
270 212
270 213
270 214
270 218
270 224
270 229
270 232
270 233
270 237
270 239
270 244
270 251
270 253
270 260
270 261
270 266
270 267
270 271
270 272
270 276
270 277
270 281
270 283
270 287
270 294
270 305
270 310
270 312
270 323
270 330
270 333
270 336
270 349
270 364
270 367
270 369
270 374
270 375
270 391
270 393
270 399
270 401
270 403
270 408
270 421
270 425
270 431
270 443
270 449
270 451
270 452
270 453
270 456
270 459
270 465
270 471
270 480
270 483
270 493
270 494
270 495
270 498
270 508
270 513
270 515
270 521
270 525
270 528
270 531
270 535
270 540
270 543
270 549
270 550
270 556
270 560
270 561
270 570
270 577
270 587
270 594
270 598
270 600
270 601
270 602
270 606
270 607
270 612
270 614
270 623
270 633
270 641
270 647
270 653
270 656
270 661
270 664
270 665
270 668
270 675
270 677
270 679
270 688
270 692
270 694
270 698
270 704
270 714
270 716
270 721
270 727
270 733
270 734
270 753
270 761
270 763
270 765
270 769
270 773
270 787
270 791
270 792
270 795
270 797
270 803
270 809
270 810
270 812
270 813
270 819
270 835
270 840
270 844
270 851
270 863
270 869
270 870
270 882
270 883
270 885
270 887
270 898
270 919
270 923
270 929
270 936
270 942
270 947
270 951
270 954
270 962
270 967
270 969
270 973
270 974
270 979
270 982
270 1004
270 1010
270 1012
270 1018
270 1020
270 1025
270 1027
270 1030
270 1032
270 1033
270 1035
270 1050
270 1053
270 1061
270 1063
270 1069
270 1075
270 1083
270 1089
270 1093
270 1095
270 1105
270 1110
270 1111
270 1115
270 1116
270 1128
270 1134
270 1135
270 1138
270 1140
270 1141
270 1150
270 1153
270 1158
270 1163
270 1167
270 1169
270 1174
270 1181
270 1185
270 1186
270 1189
270 1191
270 1194
270 1199
270 1200
270 1206
270 1213
270 1215
270 1220
270 1221
270 1235
270 1249
270 1263
270 1266
270 1272
270 1283
270 1293
270 1294
270 1295
270 1302
270 1309
270 1312
270 1313
270 1316
270 1322
270 1336
270 1339
270 1343
270 1346
270 1366
270 1368
270 1372
270 1380
270 1383
270 1385
270 1390
270 1394
270 1409
270 1412
270 1414
270 1415
270 1418
270 1419
270 1427
270 1430
270 1431
270 1435
270 1439
270 1442
270 1446
270 1449
270 1452
270 1455
270 1457
270 1467
270 1471
270 1478
270 1493
270 1501
270 1507
270 1512
270 1513
270 1515
270 1517
270 1523
270 1526
270 1527
270 1532
270 1537
270 1539
270 1540
270 1561
270 1563
270 1565
270 1575
270 1583
270 1612
270 1613
270 1614
270 1616
270 1619
270 1620
270 1637
270 1639
270 1641
270 1642
270 1643
270 1645
270 1650
270 1652
270 1656
270 1663
270 1675
270 1681
270 1682
270 1683
270 1703
270 1706
270 1707
270 1708
270 1709
270 1712
270 1714
270 1715
270 1720
270 1740
270 1742
270 1764
270 1783
270 1785
270 1790
270 1801
270 1806
270 1811
270 1812
270 1815
270 1817
270 1827
270 1829
270 1834
270 1836
270 1857
270 1858
270 1861
270 1866
270 1870
270 1872
270 1873
270 1880
270 1882
270 1909
270 1914
270 1929
270 1945
270 1946
270 1947
270 1953
270 1955
270 1958
270 1960
270 1963
270 1971
270 1972
270 1973
270 1977
270 1985
270 1988
270 1993
270 1994
270 2004
270 2005
270 2006
270 2008
270 2010
270 2018
270 2024
270 2026
270 2031
270 2032
270 2038
270 2039
270 2040
270 2052
270 2064
270 2071
270 2073
270 2085
270 2087
270 2096
270 2107
270 2108
270 2117
270 2137
270 2139
270 2140
270 2141
270 2153
270 2154
270 2156
270 2167
270 2175
270 2185
270 2186
270 2187
270 2190
270 2196
270 2203
270 2208
270 2214
270 2221
270 2228
270 2231
270 2233
270 2239
270 2243
270 2246
270 2247
270 2254
270 2257
270 2258
270 2260
270 2261
270 2264
270 2265
270 2268
270 2273
270 2279
270 2289
270 2305
270 2318
270 2322
270 2326
270 2328
270 2336
270 2337
270 2347
270 2349
270 2358
270 2365
270 2367
270 2374
270 2375
270 2377
270 2386
270 2400
270 2401
270 2414
270 2421
270 2422
270 2424
270 2427
270 2428
270 2431
270 2432
270 2446
270 2448
270 2465
270 2468
270 2469
270 2470
270 2482
270 2492
270 2493
270 2508
270 2512
270 2513
270 2514
270 2515
270 2518
270 2527
270 2531
270 2533
270 2536
270 2537
270 2546
270 2548
270 2552
270 2561
270 2563
270 2565
270 2571
270 2583
270 2585
270 2588
270 2594
439 10
439 12
439 14
439 15
439 16
439 18
439 32
439 34
439 35
439 39
439 41
439 48
439 64
439 68
439 74
439 107
439 112
439 116
439 117
439 118
439 120
439 121
439 126
439 134
439 148
439 149
439 166
439 168
439 177
439 185
439 189
439 207
439 217
439 220
439 222
439 233
439 239
439 244
439 251
439 254
439 255
439 259
439 271
439 272
439 273
439 286
439 288
439 296
439 297
439 301
439 314
439 320
439 328
439 336
439 347
439 350
439 369
439 371
439 374
439 393
439 401
439 406
439 409
439 415
439 423
439 428
439 435
439 442
439 443
439 444
439 445
439 446
439 447
439 452
439 460
439 461
439 462
439 463
439 472
439 475
439 481
439 491
439 496
439 503
439 510
439 528
439 529
439 536
439 538
439 541
439 550
439 564
439 565
439 568
439 571
439 575
439 576
439 578
439 580
439 581
439 582
439 583
439 586
439 588
439 597
439 598
439 603
439 604
439 605
439 608
439 618
439 622
439 623
439 626
439 632
439 638
439 639
439 641
439 646
439 648
439 653
439 657
439 674
439 687
439 689
439 696
439 711
439 714
439 748
439 749
439 756
439 768
439 773
439 777
439 780
439 787
439 788
439 795
439 812
439 813
439 818
439 828
439 829
439 831
439 836
439 838
439 846
439 849
439 850
439 853
439 857
439 858
439 863
439 869
439 870
439 875
439 879
439 883
439 885
439 891
439 895
439 905
439 911
439 917
439 923
439 924
439 925
439 933
439 934
439 936
439 937
439 956
439 964
439 971
439 983
439 997
439 998
439 1000
439 1003
439 1004
439 1005
439 1009
439 1010
439 1011
439 1012
439 1016
439 1018
439 1023
439 1026
439 1032
439 1033
439 1035
439 1036
439 1037
439 1041
439 1042
439 1044
439 1047
439 1056
439 1057
439 1058
439 1062
439 1067
439 1077
439 1081
439 1086
439 1087
439 1090
439 1095
439 1096
439 1100
439 1114
439 1116
439 1118
439 1120
439 1123
439 1140
439 1145
439 1146
439 1151
439 1152
439 1153
439 1168
439 1179
439 1180
439 1184
439 1188
439 1190
439 1192
439 1194
439 1196
439 1199
439 1201
439 1212
439 1214
439 1217
439 1218
439 1220
439 1222
439 1240
439 1254
439 1259
439 1260
439 1265
439 1266
439 1273
439 1275
439 1276
439 1278
439 1280
439 1283
439 1287
439 1298
439 1304
439 1311
439 1322
439 1324
439 1327
439 1332
439 1335
439 1340
439 1346
439 1347
439 1354
439 1358
439 1363
439 1367
439 1369
439 1374
439 1376
439 1379
439 1384
439 1390
439 1394
439 1398
439 1402
439 1404
439 1414
439 1425
439 1440
439 1445
439 1453
439 1462
439 1464
439 1468
439 1469
439 1480
439 1481
439 1482
439 1484
439 1492
439 1498
439 1500
439 1501
439 1505
439 1506
439 1511
439 1516
439 1521
439 1529
439 1530
439 1536
439 1540
439 1543
439 1556
439 1561
439 1568
439 1572
439 1577
439 1582
439 1586
439 1588
439 1608
439 1609
439 1612
439 1613
439 1617
439 1618
439 1624
439 1630
439 1637
439 1640
439 1641
439 1642
439 1645
439 1654
439 1658
439 1667
439 1669
439 1676
439 1679
439 1681
439 1693
439 1694
439 1696
439 1697
439 1700
439 1702
439 1714
439 1715
439 1719
439 1720
439 1730
439 1734
439 1736
439 1740
439 1744
439 1747
439 1751
439 1757
439 1761
439 1768
439 1774
439 1793
439 1794
439 1799
439 1801
439 1802
439 1803
439 1804
439 1809
439 1812
439 1813
439 1848
439 1850
439 1857
439 1862
439 1879
439 1880
439 1886
439 1888
439 1890
439 1893
439 1894
439 1896
439 1901
439 1909
439 1912
439 1915
439 1917
439 1926
439 1927
439 1930
439 1933
439 1935
439 1941
439 1949
439 1954
439 1960
439 1964
439 1965
439 1968
439 1976
439 1983
439 1987
439 1988
439 1989
439 1990
439 1992
439 1993
439 1996
439 2000
439 2001
439 2002
439 2008
439 2010
439 2016
439 2024
439 2026
439 2031
439 2033
439 2039
439 2040
439 2042
439 2044
439 2046
439 2048
439 2050
439 2060
439 2061
439 2063
439 2065
439 2069
439 2070
439 2071
439 2080
439 2084
439 2094
439 2096
439 2100
439 2104
439 2108
439 2109
439 2114
439 2117
439 2122
439 2126
439 2135
439 2138
439 2140
439 2141
439 2144
439 2147
439 2148
439 2151
439 2162
439 2178
439 2182
439 2185
439 2188
439 2198
439 2203
439 2204
439 2214
439 2220
439 2222
439 2223
439 2228
439 2251
439 2255
439 2263
439 2267
439 2268
439 2272
439 2273
439 2278
439 2285
439 2287
439 2290
439 2292
439 2293
439 2300
439 2313
439 2314
439 2316
439 2317
439 2319
439 2328
439 2330
439 2331
439 2339
439 2347
439 2350
439 2353
439 2358
439 2361
439 2362
439 2364
439 2365
439 2366
439 2370
439 2372
439 2383
439 2384
439 2389
439 2399
439 2416
439 2422
439 2425
439 2426
439 2432
439 2438
439 2443
439 2444
439 2448
439 2452
439 2456
439 2457
439 2460
439 2463
439 2464
439 2470
439 2471
439 2474
439 2476
439 2480
439 2482
439 2491
439 2496
439 2499
439 2504
439 2522
439 2525
439 2534
439 2537
439 2541
439 2548
439 2551
439 2557
439 2561
439 2570
439 2573
439 2577
439 2586
439 2587
439 2589
439 2595
1223 14
1223 16
1223 17
1223 33
1223 39
1223 40
1223 49
1223 53
1223 55
1223 58
1223 63
1223 68
1223 78
1223 84
1223 87
1223 94
1223 98
1223 100
1223 104
1223 109
1223 113
1223 115
1223 117
1223 118
1223 133
1223 139
1223 146
1223 147
1223 149
1223 157
1223 158
1223 165
1223 166
1223 170
1223 176
1223 181
1223 185
1223 192
1223 210
1223 211
1223 213
1223 224
1223 229
1223 235
1223 239
1223 240
1223 244
1223 248
1223 249
1223 251
1223 253
1223 256
1223 260
1223 261
1223 264
1223 266
1223 267
1223 268
1223 291
1223 293
1223 295
1223 297
1223 299
1223 310
1223 316
1223 318
1223 324
1223 332
1223 333
1223 336
1223 352
1223 353
1223 355
1223 362
1223 363
1223 366
1223 369
1223 371
1223 377
1223 384
1223 390
1223 400
1223 402
1223 407
1223 412
1223 426
1223 427
1223 429
1223 433
1223 438
1223 443
1223 447
1223 464
1223 468
1223 479
1223 486
1223 492
1223 494
1223 496
1223 498
1223 499
1223 500
1223 506
1223 510
1223 515
1223 522
1223 523
1223 534
1223 547
1223 550
1223 552
1223 556
1223 557
1223 567
1223 576
1223 584
1223 596
1223 609
1223 610
1223 614
1223 617
1223 621
1223 627
1223 643
1223 653
1223 663
1223 680
1223 683
1223 685
1223 690
1223 691
1223 692
1223 703
1223 709
1223 711
1223 716
1223 719
1223 721
1223 732
1223 747
1223 753
1223 756
1223 764
1223 765
1223 766
1223 768
1223 772
1223 777
1223 794
1223 796
1223 813
1223 818
1223 821
1223 823
1223 828
1223 844
1223 848
1223 857
1223 861
1223 865
1223 868
1223 878
1223 880
1223 885
1223 893
1223 895
1223 897
1223 903
1223 906
1223 909
1223 919
1223 923
1223 924
1223 928
1223 932
1223 938
1223 943
1223 949
1223 956
1223 957
1223 958
1223 960
1223 964
1223 969
1223 970
1223 983
1223 989
1223 995
1223 996
1223 1003
1223 1007
1223 1010
1223 1016
1223 1031
1223 1037
1223 1043
1223 1046
1223 1048
1223 1077
1223 1082
1223 1083
1223 1084
1223 1090
1223 1095
1223 1096
1223 1100
1223 1109
1223 1110
1223 1118
1223 1119
1223 1121
1223 1126
1223 1131
1223 1132
1223 1137
1223 1139
1223 1145
1223 1147
1223 1157
1223 1160
1223 1166
1223 1169
1223 1171
1223 1179
1223 1195
1223 1202
1223 1205
1223 1217
1223 1227
1223 1229
1223 1242
1223 1256
1223 1258
1223 1261
1223 1274
1223 1275
1223 1281
1223 1291
1223 1306
1223 1311
1223 1318
1223 1319
1223 1323
1223 1328
1223 1333
1223 1334
1223 1337
1223 1342
1223 1346
1223 1352
1223 1354
1223 1355
1223 1356
1223 1357
1223 1367
1223 1369
1223 1374
1223 1380
1223 1384
1223 1385
1223 1390
1223 1394
1223 1399
1223 1402
1223 1406
1223 1411
1223 1418
1223 1422
1223 1444
1223 1455
1223 1470
1223 1473
1223 1474
1223 1480
1223 1481
1223 1486
1223 1489
1223 1494
1223 1500
1223 1503
1223 1509
1223 1510
1223 1513
1223 1515
1223 1526
1223 1527
1223 1529
1223 1534
1223 1535
1223 1544
1223 1552
1223 1556
1223 1557
1223 1559
1223 1594
1223 1596
1223 1598
1223 1599
1223 1612
1223 1618
1223 1624
1223 1627
1223 1629
1223 1637
1223 1643
1223 1644
1223 1647
1223 1650
1223 1654
1223 1662
1223 1668
1223 1670
1223 1672
1223 1678
1223 1681
1223 1693
1223 1694
1223 1702
1223 1704
1223 1707
1223 1723
1223 1726
1223 1728
1223 1729
1223 1735
1223 1741
1223 1759
1223 1772
1223 1795
1223 1798
1223 1806
1223 1811
1223 1829
1223 1842
1223 1849
1223 1852
1223 1856
1223 1861
1223 1862
1223 1863
1223 1866
1223 1873
1223 1875
1223 1876
1223 1877
1223 1883
1223 1887
1223 1891
1223 1897
1223 1898
1223 1904
1223 1909
1223 1915
1223 1927
1223 1935
1223 1941
1223 1942
1223 1945
1223 1946
1223 1949
1223 1953
1223 1955
1223 1956
1223 1958
1223 1960
1223 1963
1223 1972
1223 1977
1223 1978
1223 1982
1223 1983
1223 1992
1223 1998
1223 2009
1223 2013
1223 2016
1223 2017
1223 2023
1223 2026
1223 2042
1223 2043
1223 2044
1223 2046
1223 2054
1223 2055
1223 2062
1223 2065
1223 2074
1223 2075
1223 2078
1223 2079
1223 2080
1223 2085
1223 2090
1223 2092
1223 2098
1223 2115
1223 2124
1223 2133
1223 2138
1223 2147
1223 2155
1223 2156
1223 2161
1223 2164
1223 2172
1223 2174
1223 2177
1223 2180
1223 2181
1223 2185
1223 2188
1223 2192
1223 2194
1223 2196
1223 2197
1223 2199
1223 2210
1223 2211
1223 2217
1223 2219
1223 2221
1223 2222
1223 2224
1223 2226
1223 2233
1223 2236
1223 2241
1223 2244
1223 2250
1223 2257
1223 2259
1223 2268
1223 2276
1223 2277
1223 2280
1223 2290
1223 2293
1223 2297
1223 2303
1223 2305
1223 2309
1223 2315
1223 2316
1223 2328
1223 2339
1223 2341
1223 2344
1223 2348
1223 2355
1223 2358
1223 2359
1223 2360
1223 2372
1223 2373
1223 2378
1223 2380
1223 2389
1223 2393
1223 2398
1223 2403
1223 2406
1223 2407
1223 2420
1223 2421
1223 2423
1223 2434
1223 2448
1223 2450
1223 2453
1223 2454
1223 2461
1223 2464
1223 2467
1223 2478
1223 2490
1223 2497
1223 2505
1223 2508
1223 2512
1223 2514
1223 2516
1223 2517
1223 2518
1223 2519
1223 2521
1223 2540
1223 2545
1223 2546
1223 2558
1223 2559
1223 2571
1223 2591
1223 2596
1223 2599
2465 12
2465 16
2465 17
2465 33
2465 35
2465 39
2465 41
2465 43
2465 49
2465 53
2465 54
2465 55
2465 70
2465 71
2465 74
2465 81
2465 90
2465 96
2465 112
2465 113
2465 114
2465 117
2465 118
2465 120
2465 131
2465 142
2465 143
2465 159
2465 161
2465 163
2465 168
2465 171
2465 173
2465 175
2465 176
2465 186
2465 190
2465 191
2465 196
2465 199
2465 207
2465 215
2465 216
2465 217
2465 228
2465 233
2465 238
2465 248
2465 254
2465 255
2465 262
2465 263
2465 266
2465 267
2465 283
2465 285
2465 286
2465 290
2465 304
2465 305
2465 308
2465 309
2465 315
2465 323
2465 324
2465 326
2465 327
2465 339
2465 341
2465 342
2465 362
2465 363
2465 364
2465 369
2465 374
2465 377
2465 387
2465 394
2465 397
2465 398
2465 418
2465 420
2465 432
2465 435
2465 442
2465 444
2465 445
2465 457
2465 458
2465 468
2465 471
2465 472
2465 475
2465 477
2465 478
2465 490
2465 491
2465 498
2465 504
2465 505
2465 523
2465 534
2465 537
2465 540
2465 542
2465 543
2465 545
2465 549
2465 551
2465 553
2465 562
2465 567
2465 573
2465 574
2465 580
2465 586
2465 598
2465 604
2465 606
2465 618
2465 625
2465 636
2465 642
2465 651
2465 652
2465 659
2465 665
2465 673
2465 674
2465 686
2465 690
2465 701
2465 713
2465 718
2465 719
2465 721
2465 728
2465 729
2465 730
2465 731
2465 740
2465 743
2465 748
2465 749
2465 750
2465 755
2465 756
2465 759
2465 766
2465 767
2465 768
2465 773
2465 779
2465 780
2465 791
2465 793
2465 798
2465 799
2465 807
2465 809
2465 816
2465 824
2465 836
2465 839
2465 843
2465 844
2465 848
2465 851
2465 856
2465 858
2465 863
2465 868
2465 878
2465 886
2465 888
2465 903
2465 907
2465 912
2465 914
2465 916
2465 919
2465 924
2465 931
2465 933
2465 944
2465 945
2465 946
2465 951
2465 954
2465 956
2465 957
2465 961
2465 963
2465 964
2465 967
2465 968
2465 974
2465 982
2465 988
2465 989
2465 1003
2465 1010
2465 1013
2465 1016
2465 1022
2465 1029
2465 1033
2465 1036
2465 1041
2465 1042
2465 1044
2465 1045
2465 1068
2465 1075
2465 1086
2465 1087
2465 1088
2465 1093
2465 1101
2465 1103
2465 1105
2465 1114
2465 1115
2465 1119
2465 1120
2465 1132
2465 1136
2465 1138
2465 1139
2465 1146
2465 1153
2465 1154
2465 1162
2465 1163
2465 1174
2465 1177
2465 1178
2465 1181
2465 1185
2465 1197
2465 1198
2465 1200
2465 1202
2465 1203
2465 1206
2465 1212
2465 1213
2465 1221
2465 1226
2465 1228
2465 1229
2465 1236
2465 1241
2465 1246
2465 1250
2465 1255
2465 1268
2465 1269
2465 1271
2465 1281
2465 1282
2465 1284
2465 1285
2465 1304
2465 1307
2465 1308
2465 1313
2465 1320
2465 1325
2465 1338
2465 1339
2465 1343
2465 1348
2465 1354
2465 1357
2465 1358
2465 1361
2465 1365
2465 1368
2465 1373
2465 1375
2465 1381
2465 1388
2465 1402
2465 1409
2465 1427
2465 1433
2465 1444
2465 1448
2465 1449
2465 1460
2465 1464
2465 1475
2465 1480
2465 1486
2465 1502
2465 1503
2465 1504
2465 1509
2465 1515
2465 1526
2465 1527
2465 1531
2465 1534
2465 1537
2465 1542
2465 1543
2465 1553
2465 1557
2465 1560
2465 1579
2465 1588
2465 1597
2465 1606
2465 1617
2465 1622
2465 1623
2465 1624
2465 1628
2465 1631
2465 1635
2465 1642
2465 1644
2465 1655
2465 1656
2465 1665
2465 1674
2465 1677
2465 1689
2465 1690
2465 1692
2465 1695
2465 1701
2465 1702
2465 1711
2465 1715
2465 1719
2465 1720
2465 1721
2465 1722
2465 1726
2465 1735
2465 1736
2465 1755
2465 1756
2465 1766
2465 1769
2465 1777
2465 1786
2465 1788
2465 1789
2465 1790
2465 1793
2465 1795
2465 1798
2465 1805
2465 1807
2465 1810
2465 1814
2465 1817
2465 1822
2465 1832
2465 1833
2465 1852
2465 1855
2465 1864
2465 1865
2465 1871
2465 1874
2465 1877
2465 1878
2465 1884
2465 1890
2465 1894
2465 1898
2465 1903
2465 1915
2465 1921
2465 1923
2465 1928
2465 1953
2465 1963
2465 1980
2465 1985
2465 1992
2465 1998
2465 2000
2465 2009
2465 2015
2465 2021
2465 2022
2465 2026
2465 2027
2465 2028
2465 2029
2465 2040
2465 2051
2465 2052
2465 2071
2465 2075
2465 2088
2465 2089
2465 2096
2465 2102
2465 2109
2465 2114
2465 2115
2465 2117
2465 2122
2465 2128
2465 2130
2465 2141
2465 2143
2465 2144
2465 2150
2465 2155
2465 2161
2465 2166
2465 2168
2465 2178
2465 2182
2465 2183
2465 2186
2465 2187
2465 2201
2465 2204
2465 2208
2465 2209
2465 2212
2465 2215
2465 2217
2465 2223
2465 2230
2465 2231
2465 2238
2465 2240
2465 2251
2465 2252
2465 2255
2465 2258
2465 2259
2465 2262
2465 2277
2465 2280
2465 2281
2465 2286
2465 2288
2465 2290
2465 2293
2465 2298
2465 2302
2465 2306
2465 2308
2465 2309
2465 2312
2465 2319
2465 2330
2465 2333
2465 2338
2465 2340
2465 2344
2465 2346
2465 2348
2465 2354
2465 2356
2465 2367
2465 2368
2465 2370
2465 2374
2465 2378
2465 2385
2465 2388
2465 2424
2465 2427
2465 2429
2465 2432
2465 2433
2465 2449
2465 2452
2465 2454
2465 2462
2465 2470
2465 2483
2465 2488
2465 2491
2465 2498
2465 2512
2465 2515
2465 2519
2465 2525
2465 2533
2465 2535
2465 2536
2465 2541
2465 2542
2465 2549
2465 2555
2465 2558
2465 2562
2465 2566
2465 2568
2465 2572
2465 2576
2465 2588
2465 2591
2465 2596
1871 11
1871 15
1871 16
1871 17
1871 36
1871 49
1871 50
1871 51
1871 54
1871 57
1871 59
1871 63
1871 64
1871 67
1871 70
1871 73
1871 75
1871 76
1871 79
1871 84
1871 87
1871 88
1871 90
1871 91
1871 96
1871 97
1871 101
1871 105
1871 107
1871 108
1871 119
1871 120
1871 122
1871 130
1871 132
1871 135
1871 137
1871 138
1871 144
1871 154
1871 171
1871 172
1871 179
1871 189
1871 194
1871 202
1871 207
1871 210
1871 216
1871 218
1871 223
1871 224
1871 242
1871 247
1871 251
1871 254
1871 259
1871 263
1871 268
1871 272
1871 277
1871 286
1871 291
1871 294
1871 297
1871 309
1871 313
1871 315
1871 318
1871 321
1871 323
1871 343
1871 345
1871 346
1871 350
1871 357
1871 358
1871 365
1871 371
1871 385
1871 389
1871 390
1871 393
1871 399
1871 406
1871 408
1871 412
1871 421
1871 431
1871 433
1871 435
1871 452
1871 456
1871 463
1871 478
1871 479
1871 489
1871 492
1871 497
1871 510
1871 511
1871 514
1871 517
1871 542
1871 553
1871 565
1871 579
1871 580
1871 584
1871 595
1871 598
1871 602
1871 603
1871 607
1871 611
1871 614
1871 617
1871 618
1871 623
1871 624
1871 629
1871 634
1871 635
1871 636
1871 646
1871 658
1871 660
1871 661
1871 665
1871 672
1871 681
1871 682
1871 684
1871 689
1871 694
1871 698
1871 711
1871 713
1871 720
1871 728
1871 730
1871 733
1871 736
1871 738
1871 740
1871 743
1871 751
1871 756
1871 758
1871 769
1871 777
1871 779
1871 781
1871 798
1871 799
1871 801
1871 802
1871 818
1871 820
1871 821
1871 822
1871 824
1871 825
1871 827
1871 829
1871 830
1871 841
1871 842
1871 847
1871 854
1871 857
1871 858
1871 860
1871 869
1871 880
1871 894
1871 898
1871 902
1871 903
1871 908
1871 919
1871 920
1871 932
1871 935
1871 941
1871 949
1871 954
1871 957
1871 968
1871 976
1871 977
1871 978
1871 981
1871 989
1871 992
1871 994
1871 999
1871 1002
1871 1005
1871 1006
1871 1008
1871 1009
1871 1020
1871 1028
1871 1030
1871 1041
1871 1045
1871 1050
1871 1052
1871 1056
1871 1063
1871 1065
1871 1069
1871 1075
1871 1086
1871 1088
1871 1091
1871 1094
1871 1096
1871 1099
1871 1105
1871 1111
1871 1113
1871 1117
1871 1123
1871 1126
1871 1134
1871 1135
1871 1149
1871 1159
1871 1163
1871 1175
1871 1176
1871 1178
1871 1179
1871 1181
1871 1184
1871 1195
1871 1203
1871 1210
1871 1214
1871 1223
1871 1228
1871 1231
1871 1233
1871 1239
1871 1244
1871 1253
1871 1257
1871 1265
1871 1267
1871 1270
1871 1275
1871 1281
1871 1286
1871 1287
1871 1289
1871 1290
1871 1291
1871 1297
1871 1300
1871 1304
1871 1306
1871 1312
1871 1314
1871 1317
1871 1318
1871 1325
1871 1335
1871 1347
1871 1348
1871 1349
1871 1355
1871 1356
1871 1357
1871 1358
1871 1364
1871 1365
1871 1373
1871 1374
1871 1375
1871 1381
1871 1387
1871 1388
1871 1412
1871 1418
1871 1419
1871 1420
1871 1427
1871 1430
1871 1436
1871 1441
1871 1449
1871 1453
1871 1466
1871 1469
1871 1479
1871 1480
1871 1490
1871 1499
1871 1503
1871 1511
1871 1536
1871 1541
1871 1550
1871 1561
1871 1563
1871 1565
1871 1568
1871 1569
1871 1575
1871 1587
1871 1594
1871 1596
1871 1602
1871 1604
1871 1606
1871 1609
1871 1615
1871 1625
1871 1632
1871 1635
1871 1638
1871 1642
1871 1647
1871 1648
1871 1663
1871 1690
1871 1699
1871 1700
1871 1702
1871 1706
1871 1707
1871 1715
1871 1717
1871 1719
1871 1722
1871 1723
1871 1729
1871 1742
1871 1743
1871 1744
1871 1752
1871 1766
1871 1776
1871 1797
1871 1801
1871 1818
1871 1829
1871 1832
1871 1835
1871 1840
1871 1844
1871 1845
1871 1846
1871 1848
1871 1850
1871 1862
1871 1865
1871 1876
1871 1877
1871 1884
1871 1890
1871 1892
1871 1902
1871 1905
1871 1916
1871 1920
1871 1924
1871 1932
1871 1936
1871 1949
1871 1950
1871 1956
1871 1959
1871 1962
1871 1973
1871 1979
1871 1983
1871 1984
1871 1987
1871 1989
1871 1991
1871 1999
1871 2000
1871 2016
1871 2023
1871 2028
1871 2029
1871 2040
1871 2047
1871 2048
1871 2050
1871 2053
1871 2062
1871 2073
1871 2084
1871 2096
1871 2098
1871 2110
1871 2117
1871 2123
1871 2127
1871 2129
1871 2139
1871 2142
1871 2143
1871 2147
1871 2152
1871 2153
1871 2159
1871 2161
1871 2165
1871 2166
1871 2167
1871 2169
1871 2170
1871 2172
1871 2180
1871 2181
1871 2184
1871 2187
1871 2195
1871 2198
1871 2201
1871 2202
1871 2207
1871 2209
1871 2210
1871 2211
1871 2215
1871 2217
1871 2231
1871 2232
1871 2233
1871 2236
1871 2239
1871 2244
1871 2250
1871 2258
1871 2263
1871 2271
1871 2279
1871 2280
1871 2282
1871 2285
1871 2290
1871 2306
1871 2307
1871 2310
1871 2318
1871 2322
1871 2328
1871 2341
1871 2343
1871 2346
1871 2358
1871 2360
1871 2363
1871 2368
1871 2378
1871 2380
1871 2381
1871 2382
1871 2389
1871 2391
1871 2402
1871 2404
1871 2405
1871 2414
1871 2415
1871 2417
1871 2419
1871 2424
1871 2426
1871 2439
1871 2441
1871 2446
1871 2448
1871 2453
1871 2454
1871 2457
1871 2462
1871 2473
1871 2476
1871 2481
1871 2492
1871 2498
1871 2506
1871 2508
1871 2516
1871 2541
1871 2544
1871 2548
1871 2549
1871 2561
1871 2570
1871 2572
1871 2573
1871 2579
1871 2580
1871 2595
1871 2596
1103 15
1103 35
1103 36
1103 44
1103 45
1103 48
1103 51
1103 52
1103 53
1103 57
1103 61
1103 69
1103 71
1103 88
1103 102
1103 110
1103 115
1103 121
1103 125
1103 128
1103 141
1103 144
1103 145
1103 153
1103 161
1103 165
1103 175
1103 184
1103 187
1103 188
1103 191
1103 193
1103 196
1103 201
1103 202
1103 204
1103 207
1103 212
1103 217
1103 226
1103 229
1103 233
1103 238
1103 240
1103 252
1103 255
1103 257
1103 258
1103 264
1103 266
1103 268
1103 269
1103 270
1103 273
1103 278
1103 280
1103 282
1103 285
1103 288
1103 292
1103 305
1103 306
1103 323
1103 330
1103 340
1103 341
1103 344
1103 345
1103 349
1103 351
1103 352
1103 353
1103 360
1103 361
1103 362
1103 365
1103 370
1103 372
1103 373
1103 376
1103 379
1103 380
1103 383
1103 388
1103 390
1103 395
1103 398
1103 400
1103 406
1103 408
1103 410
1103 412
1103 423
1103 425
1103 428
1103 435
1103 450
1103 455
1103 463
1103 466
1103 482
1103 484
1103 494
1103 495
1103 497
1103 506
1103 511
1103 512
1103 515
1103 519
1103 523
1103 524
1103 526
1103 534
1103 541
1103 548
1103 550
1103 551
1103 557
1103 560
1103 569
1103 573
1103 574
1103 575
1103 580
1103 589
1103 594
1103 612
1103 623
1103 624
1103 625
1103 635
1103 636
1103 651
1103 652
1103 667
1103 672
1103 675
1103 679
1103 694
1103 695
1103 696
1103 697
1103 701
1103 703
1103 705
1103 709
1103 710
1103 721
1103 727
1103 729
1103 732
1103 734
1103 737
1103 738
1103 753
1103 754
1103 762
1103 771
1103 793
1103 795
1103 799
1103 806
1103 808
1103 814
1103 816
1103 817
1103 818
1103 819
1103 820
1103 823
1103 825
1103 833
1103 835
1103 843
1103 845
1103 848
1103 850
1103 856
1103 857
1103 867
1103 871
1103 874
1103 877
1103 891
1103 895
1103 898
1103 906
1103 908
1103 909
1103 919
1103 925
1103 927
1103 933
1103 934
1103 936
1103 939
1103 943
1103 946
1103 950
1103 955
1103 958
1103 968
1103 970
1103 974
1103 976
1103 978
1103 985
1103 987
1103 988
1103 991
1103 993
1103 996
1103 999
1103 1005
1103 1007
1103 1009
1103 1037
1103 1041
1103 1045
1103 1048
1103 1052
1103 1059
1103 1066
1103 1067
1103 1069
1103 1076
1103 1082
1103 1088
1103 1090
1103 1091
1103 1099
1103 1108
1103 1110
1103 1113
1103 1116
1103 1125
1103 1126
1103 1139
1103 1144
1103 1145
1103 1156
1103 1157
1103 1163
1103 1164
1103 1166
1103 1168
1103 1171
1103 1172
1103 1182
1103 1194
1103 1195
1103 1198
1103 1202
1103 1204
1103 1216
1103 1221
1103 1224
1103 1226
1103 1227
1103 1229
1103 1230
1103 1244
1103 1252
1103 1254
1103 1256
1103 1262
1103 1270
1103 1273
1103 1282
1103 1283
1103 1284
1103 1287
1103 1291
1103 1293
1103 1295
1103 1299
1103 1302
1103 1309
1103 1316
1103 1333
1103 1338
1103 1344
1103 1347
1103 1349
1103 1371
1103 1381
1103 1383
1103 1384
1103 1392
1103 1395
1103 1397
1103 1400
1103 1409
1103 1410
1103 1414
1103 1417
1103 1419
1103 1424
1103 1430
1103 1431
1103 1433
1103 1440
1103 1450
1103 1453
1103 1455
1103 1458
1103 1460
1103 1461
1103 1463
1103 1475
1103 1482
1103 1488
1103 1492
1103 1494
1103 1503
1103 1510
1103 1516
1103 1517
1103 1526
1103 1531
1103 1535
1103 1542
1103 1544
1103 1554
1103 1555
1103 1564
1103 1568
1103 1576
1103 1580
1103 1582
1103 1586
1103 1592
1103 1603
1103 1604
1103 1612
1103 1619
1103 1620
1103 1624
1103 1644
1103 1647
1103 1654
1103 1658
1103 1660
1103 1677
1103 1688
1103 1700
1103 1704
1103 1716
1103 1717
1103 1719
1103 1747
1103 1753
1103 1755
1103 1763
1103 1770
1103 1773
1103 1779
1103 1782
1103 1785
1103 1791
1103 1805
1103 1807
1103 1808
1103 1813
1103 1814
1103 1816
1103 1825
1103 1828
1103 1831
1103 1832
1103 1838
1103 1839
1103 1842
1103 1843
1103 1845
1103 1846
1103 1850
1103 1855
1103 1856
1103 1858
1103 1860
1103 1862
1103 1865
1103 1873
1103 1879
1103 1880
1103 1881
1103 1900
1103 1908
1103 1909
1103 1922
1103 1940
1103 1943
1103 1945
1103 1946
1103 1950
1103 1968
1103 1971
1103 1982
1103 1996
1103 2000
1103 2004
1103 2006
1103 2015
1103 2017
1103 2021
1103 2029
1103 2036
1103 2039
1103 2043
1103 2044
1103 2048
1103 2050
1103 2051
1103 2057
1103 2062
1103 2066
1103 2068
1103 2073
1103 2075
1103 2076
1103 2079
1103 2082
1103 2089
1103 2091
1103 2094
1103 2096
1103 2106
1103 2108
1103 2112
1103 2125
1103 2130
1103 2132
1103 2141
1103 2148
1103 2150
1103 2159
1103 2160
1103 2168
1103 2170
1103 2181
1103 2190
1103 2192
1103 2194
1103 2196
1103 2208
1103 2209
1103 2212
1103 2217
1103 2221
1103 2227
1103 2232
1103 2236
1103 2257
1103 2261
1103 2262
1103 2264
1103 2277
1103 2282
1103 2283
1103 2301
1103 2306
1103 2307
1103 2313
1103 2317
1103 2331
1103 2340
1103 2342
1103 2343
1103 2345
1103 2354
1103 2359
1103 2363
1103 2369
1103 2370
1103 2377
1103 2379
1103 2380
1103 2388
1103 2393
1103 2397
1103 2399
1103 2408
1103 2411
1103 2417
1103 2421
1103 2427
1103 2432
1103 2436
1103 2437
1103 2451
1103 2456
1103 2461
1103 2464
1103 2474
1103 2480
1103 2483
1103 2492
1103 2496
1103 2498
1103 2505
1103 2507
1103 2508
1103 2511
1103 2514
1103 2520
1103 2523
1103 2529
1103 2530
1103 2533
1103 2534
1103 2542
1103 2549
1103 2551
1103 2564
1103 2567
1103 2569
1103 2570
1103 2574
1103 2578
1103 2581
1103 2585
1103 2595
1103 2599
1145 25
1145 27
1145 34
1145 40
1145 41
1145 44
1145 49
1145 56
1145 62
1145 63
1145 64
1145 67
1145 75
1145 77
1145 92
1145 93
1145 97
1145 99
1145 100
1145 102
1145 103
1145 104
1145 105
1145 112
1145 115
1145 118
1145 120
1145 137
1145 139
1145 145
1145 154
1145 165
1145 168
1145 170
1145 177
1145 192
1145 202
1145 204
1145 209
1145 211
1145 212
1145 213
1145 217
1145 218
1145 219
1145 226
1145 230
1145 237
1145 239
1145 241
1145 242
1145 243
1145 244
1145 254
1145 256
1145 259
1145 271
1145 276
1145 278
1145 280
1145 313
1145 320
1145 325
1145 327
1145 328
1145 331
1145 351
1145 358
1145 373
1145 374
1145 383
1145 384
1145 385
1145 388
1145 392
1145 400
1145 407
1145 409
1145 413
1145 419
1145 421
1145 426
1145 429
1145 433
1145 434
1145 435
1145 447
1145 457
1145 462
1145 469
1145 475
1145 477
1145 480
1145 482
1145 490
1145 491
1145 494
1145 495
1145 499
1145 500
1145 510
1145 518
1145 521
1145 539
1145 552
1145 568
1145 569
1145 575
1145 576
1145 580
1145 587
1145 592
1145 594
1145 597
1145 600
1145 606
1145 608
1145 611
1145 616
1145 627
1145 629
1145 637
1145 638
1145 641
1145 642
1145 651
1145 657
1145 663
1145 671
1145 675
1145 683
1145 690
1145 692
1145 696
1145 699
1145 702
1145 711
1145 715
1145 716
1145 718
1145 721
1145 727
1145 737
1145 747
1145 759
1145 764
1145 765
1145 780
1145 782
1145 790
1145 794
1145 807
1145 810
1145 814
1145 816
1145 834
1145 840
1145 842
1145 849
1145 854
1145 860
1145 872
1145 887
1145 888
1145 904
1145 906
1145 908
1145 911
1145 921
1145 923
1145 924
1145 926
1145 944
1145 956
1145 958
1145 965
1145 966
1145 974
1145 986
1145 989
1145 995
1145 999
1145 1000
1145 1001
1145 1005
1145 1010
1145 1012
1145 1015
1145 1018
1145 1020
1145 1021
1145 1027
1145 1031
1145 1040
1145 1048
1145 1052
1145 1054
1145 1060
1145 1061
1145 1062
1145 1065
1145 1066
1145 1070
1145 1072
1145 1076
1145 1080
1145 1081
1145 1083
1145 1091
1145 1092
1145 1096
1145 1106
1145 1107
1145 1121
1145 1128
1145 1130
1145 1132
1145 1135
1145 1150
1145 1160
1145 1161
1145 1163
1145 1169
1145 1172
1145 1175
1145 1178
1145 1186
1145 1193
1145 1195
1145 1198
1145 1204
1145 1211
1145 1212
1145 1214
1145 1215
1145 1222
1145 1223
1145 1229
1145 1231
1145 1235
1145 1236
1145 1237
1145 1244
1145 1265
1145 1269
1145 1272
1145 1275
1145 1276
1145 1288
1145 1294
1145 1299
1145 1302
1145 1306
1145 1309
1145 1314
1145 1318
1145 1321
1145 1333
1145 1342
1145 1347
1145 1348
1145 1352
1145 1354
1145 1357
1145 1360
1145 1365
1145 1384
1145 1390
1145 1391
1145 1393
1145 1396
1145 1403
1145 1417
1145 1449
1145 1461
1145 1462
1145 1470
1145 1471
1145 1481
1145 1483
1145 1485
1145 1490
1145 1496
1145 1504
1145 1506
1145 1523
1145 1525
1145 1536
1145 1537
1145 1539
1145 1543
1145 1556
1145 1562
1145 1573
1145 1578
1145 1580
1145 1586
1145 1596
1145 1597
1145 1603
1145 1608
1145 1611
1145 1613
1145 1616
1145 1635
1145 1643
1145 1647
1145 1650
1145 1657
1145 1662
1145 1665
1145 1666
1145 1675
1145 1697
1145 1704
1145 1705
1145 1707
1145 1722
1145 1731
1145 1734
1145 1741
1145 1744
1145 1750
1145 1752
1145 1753
1145 1758
1145 1766
1145 1771
1145 1783
1145 1790
1145 1798
1145 1805
1145 1813
1145 1820
1145 1821
1145 1824
1145 1826
1145 1830
1145 1833
1145 1834
1145 1841
1145 1844
1145 1847
1145 1849
1145 1850
1145 1851
1145 1853
1145 1856
1145 1858
1145 1859
1145 1861
1145 1864
1145 1871
1145 1875
1145 1877
1145 1891
1145 1894
1145 1903
1145 1908
1145 1911
1145 1913
1145 1916
1145 1917
1145 1920
1145 1921
1145 1925
1145 1927
1145 1934
1145 1937
1145 1943
1145 1946
1145 1948
1145 1954
1145 1963
1145 1969
1145 1973
1145 1975
1145 1977
1145 1978
1145 1980
1145 1983
1145 1995
1145 1999
1145 2004
1145 2005
1145 2006
1145 2009
1145 2020
1145 2021
1145 2023
1145 2028
1145 2031
1145 2033
1145 2035
1145 2039
1145 2041
1145 2044
1145 2047
1145 2054
1145 2059
1145 2064
1145 2067
1145 2068
1145 2069
1145 2070
1145 2072
1145 2079
1145 2082
1145 2083
1145 2086
1145 2089
1145 2094
1145 2098
1145 2106
1145 2107
1145 2120
1145 2131
1145 2157
1145 2160
1145 2163
1145 2164
1145 2166
1145 2176
1145 2187
1145 2188
1145 2195
1145 2197
1145 2198
1145 2201
1145 2202
1145 2204
1145 2214
1145 2215
1145 2217
1145 2219
1145 2228
1145 2231
1145 2235
1145 2243
1145 2250
1145 2254
1145 2255
1145 2264
1145 2266
1145 2267
1145 2277
1145 2280
1145 2283
1145 2285
1145 2286
1145 2291
1145 2294
1145 2299
1145 2301
1145 2305
1145 2313
1145 2315
1145 2317
1145 2318
1145 2322
1145 2345
1145 2347
1145 2350
1145 2359
1145 2366
1145 2376
1145 2378
1145 2387
1145 2389
1145 2395
1145 2399
1145 2411
1145 2416
1145 2423
1145 2425
1145 2430
1145 2437
1145 2451
1145 2456
1145 2461
1145 2464
1145 2465
1145 2469
1145 2483
1145 2501
1145 2503
1145 2508
1145 2511
1145 2513
1145 2514
1145 2520
1145 2521
1145 2531
1145 2539
1145 2545
1145 2548
1145 2549
1145 2551
1145 2558
1145 2571
1145 2573
1145 2576
1145 2583
1145 2588
1145 2589
1145 2592
2354 12
2354 13
2354 18
2354 25
2354 29
2354 35
2354 41
2354 42
2354 54
2354 62
2354 66
2354 69
2354 77
2354 84
2354 86
2354 89
2354 91
2354 95
2354 104
2354 118
2354 120
2354 121
2354 124
2354 129
2354 139
2354 146
2354 149
2354 152
2354 154
2354 157
2354 163
2354 164
2354 171
2354 176
2354 184
2354 189
2354 191
2354 196
2354 202
2354 207
2354 208
2354 209
2354 220
2354 225
2354 226
2354 229
2354 233
2354 234
2354 246
2354 248
2354 250
2354 259
2354 260
2354 262
2354 268
2354 272
2354 285
2354 294
2354 295
2354 307
2354 312
2354 317
2354 319
2354 321
2354 331
2354 332
2354 338
2354 339
2354 343
2354 344
2354 348
2354 351
2354 353
2354 357
2354 362
2354 363
2354 367
2354 372
2354 376
2354 388
2354 389
2354 390
2354 395
2354 400
2354 401
2354 411
2354 418
2354 420
2354 431
2354 435
2354 439
2354 454
2354 457
2354 479
2354 480
2354 487
2354 503
2354 505
2354 513
2354 514
2354 523
2354 527
2354 534
2354 544
2354 546
2354 547
2354 557
2354 564
2354 565
2354 574
2354 580
2354 581
2354 591
2354 593
2354 599
2354 606
2354 608
2354 612
2354 615
2354 625
2354 629
2354 630
2354 632
2354 639
2354 644
2354 646
2354 648
2354 655
2354 658
2354 659
2354 661
2354 662
2354 663
2354 667
2354 669
2354 676
2354 681
2354 683
2354 688
2354 690
2354 693
2354 696
2354 704
2354 707
2354 709
2354 710
2354 713
2354 715
2354 720
2354 723
2354 727
2354 732
2354 748
2354 749
2354 759
2354 765
2354 766
2354 771
2354 781
2354 790
2354 791
2354 815
2354 819
2354 823
2354 824
2354 829
2354 833
2354 839
2354 841
2354 843
2354 844
2354 846
2354 847
2354 848
2354 852
2354 854
2354 855
2354 857
2354 870
2354 879
2354 889
2354 903
2354 908
2354 909
2354 911
2354 912
2354 919
2354 920
2354 927
2354 929
2354 932
2354 943
2354 945
2354 947
2354 950
2354 952
2354 953
2354 954
2354 955
2354 974
2354 975
2354 978
2354 980
2354 983
2354 984
2354 985
2354 986
2354 991
2354 992
2354 996
2354 998
2354 1015
2354 1018
2354 1025
2354 1028
2354 1036
2354 1042
2354 1047
2354 1050
2354 1054
2354 1056
2354 1063
2354 1081
2354 1082
2354 1086
2354 1089
2354 1094
2354 1096
2354 1099
2354 1112
2354 1116
2354 1119
2354 1126
2354 1127
2354 1128
2354 1129
2354 1136
2354 1139
2354 1141
2354 1143
2354 1148
2354 1149
2354 1189
2354 1197
2354 1200
2354 1201
2354 1214
2354 1218
2354 1220
2354 1226
2354 1242
2354 1246
2354 1254
2354 1261
2354 1263
2354 1267
2354 1278
2354 1281
2354 1296
2354 1311
2354 1317
2354 1322
2354 1323
2354 1324
2354 1331
2354 1333
2354 1334
2354 1335
2354 1340
2354 1344
2354 1346
2354 1350
2354 1351
2354 1354
2354 1365
2354 1382
2354 1387
2354 1390
2354 1391
2354 1396
2354 1404
2354 1408
2354 1409
2354 1440
2354 1443
2354 1445
2354 1448
2354 1450
2354 1452
2354 1455
2354 1460
2354 1467
2354 1469
2354 1493
2354 1494
2354 1496
2354 1499
2354 1502
2354 1503
2354 1504
2354 1507
2354 1509
2354 1512
2354 1513
2354 1514
2354 1523
2354 1527
2354 1531
2354 1532
2354 1540
2354 1545
2354 1550
2354 1561
2354 1562
2354 1568
2354 1569
2354 1583
2354 1586
2354 1588
2354 1590
2354 1599
2354 1601
2354 1602
2354 1610
2354 1613
2354 1614
2354 1617
2354 1621
2354 1634
2354 1640
2354 1641
2354 1642
2354 1651
2354 1655
2354 1658
2354 1664
2354 1666
2354 1668
2354 1677
2354 1682
2354 1683
2354 1684
2354 1690
2354 1698
2354 1704
2354 1709
2354 1713
2354 1723
2354 1725
2354 1732
2354 1734
2354 1737
2354 1746
2354 1748
2354 1756
2354 1760
2354 1768
2354 1771
2354 1772
2354 1779
2354 1780
2354 1781
2354 1785
2354 1786
2354 1789
2354 1791
2354 1800
2354 1803
2354 1806
2354 1809
2354 1812
2354 1819
2354 1826
2354 1831
2354 1835
2354 1858
2354 1859
2354 1860
2354 1865
2354 1867
2354 1875
2354 1880
2354 1881
2354 1891
2354 1894
2354 1902
2354 1903
2354 1904
2354 1909
2354 1911
2354 1912
2354 1916
2354 1919
2354 1922
2354 1925
2354 1927
2354 1935
2354 1947
2354 1950
2354 1951
2354 1954
2354 1956
2354 1957
2354 1963
2354 1966
2354 1968
2354 1978
2354 1984
2354 1991
2354 1999
2354 2011
2354 2018
2354 2027
2354 2029
2354 2039
2354 2040
2354 2041
2354 2048
2354 2052
2354 2059
2354 2064
2354 2068
2354 2072
2354 2077
2354 2081
2354 2086
2354 2089
2354 2090
2354 2091
2354 2094
2354 2103
2354 2105
2354 2107
2354 2115
2354 2117
2354 2119
2354 2133
2354 2135
2354 2158
2354 2163
2354 2165
2354 2166
2354 2168
2354 2177
2354 2178
2354 2190
2354 2193
2354 2195
2354 2196
2354 2197
2354 2198
2354 2201
2354 2203
2354 2204
2354 2205
2354 2207
2354 2212
2354 2218
2354 2219
2354 2223
2354 2227
2354 2236
2354 2238
2354 2246
2354 2248
2354 2255
2354 2258
2354 2259
2354 2267
2354 2269
2354 2271
2354 2273
2354 2278
2354 2283
2354 2296
2354 2299
2354 2303
2354 2305
2354 2312
2354 2315
2354 2326
2354 2327
2354 2335
2354 2344
2354 2347
2354 2352
2354 2355
2354 2358
2354 2362
2354 2370
2354 2382
2354 2383
2354 2387
2354 2394
2354 2411
2354 2413
2354 2422
2354 2429
2354 2434
2354 2442
2354 2445
2354 2453
2354 2464
2354 2468
2354 2473
2354 2476
2354 2480
2354 2481
2354 2482
2354 2490
2354 2493
2354 2502
2354 2503
2354 2504
2354 2509
2354 2519
2354 2520
2354 2528
2354 2530
2354 2534
2354 2540
2354 2541
2354 2544
2354 2545
2354 2553
2354 2554
2354 2557
2354 2561
2354 2577
2354 2580
2354 2593
2354 2597
2354 2600
