p td 1000 2820 
452 3
452 7
452 13
452 20
452 26
452 28
452 29
452 33
452 37
452 54
452 59
452 62
452 63
452 64
452 67
452 78
452 86
452 88
452 89
452 90
452 92
452 97
452 115
452 116
452 119
452 120
452 130
452 132
452 139
452 145
452 147
452 148
452 151
452 152
452 159
452 172
452 180
452 183
452 184
452 190
452 198
452 203
452 204
452 205
452 208
452 213
452 219
452 223
452 226
452 239
452 249
452 255
452 259
452 269
452 272
452 277
452 282
452 284
452 285
452 288
452 301
452 302
452 304
452 309
452 315
452 323
452 333
452 336
452 337
452 339
452 341
452 348
452 350
452 351
452 354
452 357
452 360
452 363
452 376
452 378
452 381
452 383
452 384
452 387
452 392
452 395
452 396
452 403
452 408
452 411
452 413
452 414
452 419
452 422
452 425
452 427
452 434
452 443
452 444
452 446
452 451
452 455
452 456
452 458
452 461
452 477
452 482
452 484
452 485
452 488
452 498
452 502
452 503
452 513
452 519
452 532
452 534
452 558
452 562
452 563
452 572
452 589
452 590
452 593
452 600
452 602
452 603
452 605
452 606
452 610
452 612
452 623
452 629
452 633
452 635
452 637
452 641
452 644
452 645
452 658
452 662
452 670
452 679
452 687
452 700
452 706
452 713
452 722
452 725
452 728
452 732
452 735
452 745
452 760
452 761
452 767
452 775
452 777
452 778
452 790
452 795
452 801
452 804
452 820
452 823
452 827
452 832
452 834
452 844
452 852
452 853
452 856
452 877
452 878
452 883
452 886
452 899
452 901
452 903
452 904
452 907
452 912
452 915
452 916
452 917
452 921
452 925
452 929
452 931
452 938
452 945
452 954
452 955
452 957
452 960
452 963
452 979
452 981
452 983
452 987
452 992
452 993
452 997
452 998
452 1000
634 2
634 8
634 23
634 25
634 31
634 32
634 33
634 35
634 36
634 37
634 40
634 41
634 56
634 65
634 67
634 70
634 76
634 82
634 87
634 108
634 109
634 111
634 113
634 119
634 122
634 123
634 126
634 130
634 145
634 146
634 158
634 167
634 168
634 171
634 176
634 185
634 198
634 201
634 203
634 205
634 206
634 208
634 212
634 214
634 231
634 232
634 236
634 238
634 242
634 245
634 250
634 259
634 267
634 269
634 274
634 276
634 283
634 284
634 286
634 287
634 290
634 292
634 298
634 302
634 318
634 327
634 331
634 336
634 343
634 352
634 353
634 356
634 359
634 368
634 373
634 381
634 386
634 388
634 394
634 399
634 401
634 407
634 408
634 409
634 411
634 412
634 416
634 421
634 424
634 426
634 437
634 442
634 443
634 446
634 448
634 451
634 452
634 453
634 455
634 456
634 459
634 465
634 475
634 482
634 484
634 486
634 490
634 492
634 493
634 494
634 495
634 503
634 504
634 511
634 512
634 516
634 525
634 535
634 539
634 540
634 542
634 547
634 549
634 552
634 558
634 568
634 571
634 575
634 576
634 577
634 580
634 583
634 590
634 601
634 605
634 606
634 610
634 614
634 615
634 616
634 619
634 621
634 622
634 627
634 630
634 632
634 641
634 647
634 648
634 652
634 654
634 667
634 672
634 676
634 681
634 682
634 688
634 692
634 698
634 700
634 709
634 711
634 718
634 725
634 729
634 732
634 742
634 746
634 747
634 749
634 751
634 752
634 756
634 761
634 762
634 779
634 782
634 785
634 797
634 801
634 808
634 811
634 815
634 816
634 818
634 819
634 834
634 844
634 847
634 850
634 854
634 855
634 857
634 860
634 862
634 868
634 873
634 879
634 888
634 891
634 893
634 895
634 905
634 906
634 911
634 913
634 917
634 920
634 930
634 935
634 940
634 952
634 953
634 956
634 961
634 964
634 973
634 981
634 982
634 988
634 991
634 994
634 995
634 997
558 1
558 5
558 8
558 9
558 13
558 14
558 15
558 23
558 30
558 36
558 46
558 49
558 54
558 64
558 65
558 69
558 79
558 84
558 89
558 91
558 92
558 96
558 97
558 99
558 101
558 103
558 107
558 114
558 117
558 118
558 120
558 127
558 131
558 138
558 139
558 150
558 151
558 153
558 155
558 179
558 180
558 184
558 193
558 201
558 205
558 206
558 210
558 215
558 224
558 226
558 228
558 229
558 231
558 251
558 256
558 257
558 261
558 267
558 273
558 278
558 288
558 289
558 291
558 293
558 295
558 301
558 307
558 315
558 316
558 317
558 319
558 325
558 330
558 333
558 349
558 353
558 357
558 366
558 370
558 374
558 378
558 385
558 395
558 396
558 403
558 416
558 420
558 423
558 430
558 436
558 442
558 452
558 460
558 462
558 465
558 466
558 468
558 474
558 480
558 486
558 491
558 494
558 496
558 503
558 515
558 519
558 527
558 528
558 530
558 533
558 534
558 535
558 543
558 545
558 558
558 559
558 562
558 564
558 566
558 567
558 568
558 582
558 590
558 592
558 596
558 597
558 603
558 609
558 628
558 631
558 639
558 646
558 648
558 657
558 659
558 661
558 663
558 672
558 678
558 679
558 689
558 700
558 704
558 711
558 716
558 719
558 720
558 724
558 738
558 753
558 768
558 770
558 777
558 785
558 789
558 792
558 793
558 798
558 800
558 803
558 810
558 822
558 823
558 824
558 829
558 832
558 835
558 842
558 847
558 848
558 851
558 858
558 861
558 862
558 865
558 884
558 886
558 888
558 902
558 912
558 918
558 923
558 927
558 935
558 944
558 946
558 947
558 948
558 955
558 959
558 966
558 973
558 984
558 986
558 988
5 8
5 11
5 15
5 21
5 31
5 35
5 38
5 39
5 42
5 43
5 46
5 50
5 51
5 61
5 68
5 81
5 82
5 85
5 87
5 92
5 98
5 101
5 102
5 103
5 108
5 117
5 120
5 132
5 133
5 135
5 138
5 140
5 148
5 152
5 154
5 159
5 165
5 166
5 170
5 176
5 178
5 188
5 190
5 191
5 192
5 193
5 195
5 200
5 201
5 209
5 223
5 224
5 226
5 227
5 229
5 234
5 242
5 243
5 247
5 249
5 250
5 255
5 260
5 262
5 265
5 274
5 275
5 278
5 284
5 299
5 301
5 310
5 318
5 321
5 325
5 326
5 328
5 329
5 330
5 331
5 333
5 338
5 344
5 352
5 362
5 372
5 374
5 375
5 377
5 384
5 396
5 399
5 401
5 404
5 408
5 421
5 426
5 440
5 443
5 462
5 469
5 471
5 472
5 475
5 484
5 489
5 493
5 498
5 500
5 503
5 505
5 528
5 529
5 544
5 551
5 552
5 558
5 568
5 576
5 582
5 584
5 586
5 604
5 605
5 617
5 619
5 623
5 629
5 635
5 642
5 644
5 655
5 661
5 671
5 673
5 674
5 676
5 677
5 682
5 684
5 688
5 702
5 710
5 711
5 713
5 716
5 724
5 728
5 732
5 745
5 746
5 747
5 751
5 760
5 768
5 773
5 774
5 776
5 780
5 792
5 793
5 794
5 796
5 803
5 805
5 808
5 813
5 814
5 820
5 826
5 831
5 835
5 843
5 847
5 854
5 865
5 870
5 874
5 878
5 883
5 894
5 895
5 900
5 902
5 903
5 904
5 905
5 908
5 913
5 914
5 916
5 922
5 927
5 931
5 934
5 939
5 940
5 945
5 946
5 947
5 948
5 951
5 958
5 964
5 972
5 982
5 987
5 992
287 11
287 12
287 13
287 16
287 24
287 25
287 27
287 28
287 32
287 33
287 36
287 37
287 52
287 62
287 64
287 75
287 76
287 82
287 88
287 92
287 98
287 115
287 119
287 130
287 133
287 136
287 138
287 143
287 150
287 151
287 157
287 158
287 161
287 165
287 168
287 173
287 177
287 179
287 181
287 183
287 187
287 205
287 207
287 211
287 214
287 216
287 219
287 223
287 226
287 229
287 234
287 238
287 243
287 255
287 261
287 262
287 264
287 267
287 269
287 279
287 281
287 284
287 290
287 296
287 297
287 301
287 306
287 308
287 309
287 310
287 314
287 315
287 317
287 320
287 322
287 328
287 332
287 334
287 339
287 341
287 342
287 345
287 347
287 351
287 359
287 360
287 362
287 368
287 376
287 377
287 378
287 387
287 397
287 401
287 408
287 429
287 432
287 434
287 440
287 443
287 449
287 453
287 454
287 461
287 464
287 467
287 472
287 474
287 475
287 480
287 484
287 487
287 489
287 491
287 494
287 495
287 497
287 507
287 508
287 513
287 518
287 520
287 534
287 535
287 543
287 549
287 553
287 565
287 566
287 572
287 582
287 590
287 600
287 609
287 614
287 626
287 627
287 629
287 635
287 640
287 641
287 645
287 648
287 652
287 653
287 657
287 659
287 664
287 666
287 671
287 677
287 683
287 690
287 691
287 697
287 706
287 707
287 728
287 730
287 735
287 738
287 742
287 744
287 746
287 751
287 758
287 760
287 763
287 774
287 777
287 778
287 786
287 794
287 795
287 800
287 803
287 805
287 809
287 822
287 827
287 843
287 858
287 863
287 864
287 867
287 869
287 870
287 871
287 894
287 896
287 898
287 918
287 920
287 927
287 930
287 932
287 935
287 942
287 946
287 949
287 951
287 952
287 953
287 957
287 963
287 965
287 971
287 973
287 975
287 976
287 980
287 983
287 984
287 985
287 988
287 994
287 996
287 1000
158 6
158 9
158 14
158 20
158 22
158 26
158 28
158 30
158 37
158 40
158 50
158 56
158 59
158 61
158 62
158 65
158 67
158 68
158 69
158 72
158 74
158 86
158 94
158 95
158 105
158 106
158 109
158 110
158 116
158 122
158 125
158 135
158 136
158 141
158 152
158 155
158 166
158 173
158 174
158 175
158 178
158 182
158 184
158 200
158 204
158 205
158 206
158 208
158 216
158 231
158 232
158 236
158 237
158 249
158 250
158 252
158 259
158 278
158 279
158 280
158 281
158 282
158 288
158 294
158 297
158 300
158 301
158 304
158 309
158 316
158 320
158 327
158 329
158 334
158 341
158 347
158 348
158 353
158 357
158 362
158 369
158 371
158 377
158 379
158 394
158 399
158 405
158 417
158 422
158 425
158 436
158 437
158 443
158 454
158 460
158 479
158 483
158 502
158 505
158 512
158 513
158 515
158 519
158 520
158 523
158 527
158 529
158 530
158 537
158 545
158 548
158 559
158 562
158 565
158 578
158 584
158 588
158 590
158 597
158 599
158 603
158 605
158 608
158 612
158 617
158 624
158 628
158 630
158 632
158 637
158 642
158 643
158 644
158 662
158 675
158 676
158 684
158 687
158 691
158 694
158 699
158 705
158 723
158 724
158 726
158 728
158 735
158 738
158 742
158 750
158 751
158 752
158 753
158 754
158 755
158 762
158 766
158 768
158 769
158 776
158 782
158 801
158 807
158 808
158 815
158 821
158 825
158 827
158 831
158 835
158 839
158 840
158 841
158 842
158 848
158 850
158 851
158 874
158 887
158 897
158 901
158 902
158 903
158 905
158 921
158 922
158 924
158 930
158 934
158 942
158 944
158 950
158 955
158 967
158 972
158 974
158 978
158 983
158 985
158 991
158 997
158 1000
708 1
708 12
708 19
708 20
708 22
708 33
708 38
708 49
708 52
708 58
708 66
708 68
708 74
708 81
708 82
708 85
708 119
708 122
708 124
708 130
708 134
708 136
708 139
708 141
708 142
708 145
708 147
708 149
708 152
708 164
708 171
708 172
708 179
708 181
708 182
708 184
708 190
708 192
708 197
708 204
708 207
708 219
708 237
708 244
708 249
708 251
708 252
708 255
708 256
708 271
708 276
708 278
708 280
708 291
708 300
708 316
708 321
708 323
708 330
708 334
708 340
708 342
708 349
708 351
708 354
708 365
708 366
708 379
708 386
708 389
708 392
708 398
708 402
708 414
708 422
708 423
708 429
708 431
708 437
708 439
708 440
708 441
708 442
708 443
708 450
708 451
708 454
708 458
708 460
708 461
708 466
708 469
708 470
708 471
708 472
708 485
708 492
708 498
708 500
708 502
708 504
708 506
708 509
708 514
708 530
708 535
708 536
708 547
708 553
708 555
708 558
708 568
708 575
708 581
708 588
708 594
708 599
708 600
708 611
708 621
708 623
708 628
708 630
708 642
708 645
708 651
708 662
708 669
708 672
708 681
708 684
708 685
708 692
708 695
708 697
708 699
708 701
708 706
708 708
708 715
708 717
708 718
708 721
708 724
708 731
708 737
708 738
708 741
708 745
708 746
708 750
708 755
708 761
708 777
708 779
708 784
708 796
708 803
708 807
708 808
708 818
708 822
708 836
708 839
708 840
708 843
708 844
708 845
708 855
708 864
708 876
708 877
708 886
708 888
708 893
708 895
708 911
708 913
708 916
708 919
708 929
708 933
708 938
708 939
708 943
708 945
708 948
708 950
708 961
708 964
708 967
708 973
708 976
708 985
708 989
708 990
708 997
708 999
708 1000
206 7
206 10
206 26
206 33
206 40
206 46
206 47
206 52
206 55
206 59
206 76
206 86
206 89
206 92
206 94
206 102
206 105
206 113
206 115
206 116
206 121
206 128
206 129
206 131
206 135
206 142
206 145
206 148
206 149
206 172
206 175
206 176
206 200
206 205
206 208
206 210
206 213
206 214
206 231
206 233
206 241
206 247
206 249
206 257
206 261
206 273
206 277
206 278
206 279
206 281
206 284
206 286
206 308
206 311
206 313
206 319
206 322
206 323
206 328
206 330
206 336
206 340
206 343
206 349
206 351
206 352
206 354
206 356
206 373
206 384
206 386
206 387
206 411
206 420
206 423
206 426
206 430
206 435
206 436
206 437
206 439
206 447
206 451
206 453
206 456
206 459
206 460
206 474
206 484
206 488
206 497
206 509
206 512
206 519
206 520
206 522
206 529
206 534
206 537
206 544
206 549
206 558
206 559
206 562
206 564
206 565
206 568
206 573
206 579
206 580
206 586
206 593
206 596
206 603
206 605
206 611
206 619
206 630
206 634
206 636
206 646
206 649
206 650
206 652
206 671
206 673
206 677
206 686
206 692
206 694
206 697
206 701
206 702
206 708
206 709
206 726
206 736
206 745
206 746
206 756
206 757
206 760
206 770
206 771
206 776
206 782
206 791
206 793
206 798
206 803
206 811
206 818
206 821
206 828
206 829
206 830
206 832
206 838
206 858
206 860
206 863
206 872
206 875
206 876
206 878
206 886
206 891
206 893
206 897
206 902
206 908
206 912
206 914
206 928
206 931
206 933
206 938
206 941
206 946
206 950
206 962
206 972
206 975
206 976
206 977
206 978
206 985
206 988
206 992
206 994
206 999
720 10
720 15
720 25
720 38
720 48
720 50
720 54
720 78
720 81
720 89
720 90
720 104
720 108
720 111
720 112
720 120
720 121
720 130
720 132
720 153
720 162
720 175
720 176
720 178
720 181
720 182
720 186
720 192
720 194
720 203
720 204
720 207
720 217
720 220
720 225
720 231
720 234
720 235
720 241
720 249
720 255
720 271
720 278
720 289
720 296
720 299
720 302
720 305
720 311
720 337
720 354
720 362
720 365
720 367
720 372
720 374
720 376
720 381
720 384
720 392
720 398
720 403
720 409
720 419
720 427
720 428
720 431
720 435
720 436
720 441
720 442
720 449
720 450
720 453
720 456
720 466
720 467
720 469
720 478
720 482
720 485
720 489
720 496
720 501
720 510
720 513
720 518
720 520
720 524
720 526
720 528
720 531
720 532
720 533
720 537
720 539
720 542
720 547
720 553
720 555
720 571
720 575
720 578
720 582
720 583
720 586
720 591
720 592
720 599
720 600
720 606
720 607
720 608
720 626
720 630
720 637
720 651
720 656
720 658
720 662
720 674
720 675
720 681
720 684
720 685
720 686
720 688
720 691
720 710
720 716
720 733
720 734
720 741
720 745
720 752
720 755
720 759
720 773
720 780
720 793
720 799
720 807
720 813
720 816
720 817
720 825
720 830
720 833
720 843
720 850
720 851
720 859
720 864
720 867
720 875
720 883
720 886
720 889
720 891
720 910
720 912
720 918
720 928
720 941
720 942
720 947
720 948
720 950
720 951
720 952
720 954
720 956
720 957
720 958
720 962
720 963
720 967
720 970
720 972
720 975
720 978
720 979
720 982
720 983
720 989
720 991
720 995
720 996
720 1000
376 4
376 5
376 7
376 9
376 12
376 13
376 18
376 20
376 24
376 28
376 30
376 31
376 36
376 47
376 51
376 53
376 60
376 61
376 62
376 73
376 74
376 97
376 103
376 104
376 112
376 114
376 118
376 121
376 127
376 138
376 140
376 147
376 148
376 150
376 172
376 173
376 175
376 178
376 179
376 185
376 186
376 196
376 198
376 207
376 208
376 218
376 220
376 234
376 237
376 247
376 251
376 256
376 257
376 258
376 260
376 261
376 269
376 270
376 271
376 273
376 282
376 284
376 286
376 295
376 303
376 304
376 305
376 307
376 308
376 310
376 317
376 324
376 325
376 328
376 329
376 337
376 339
376 349
376 350
376 353
376 356
376 361
376 367
376 371
376 372
376 376
376 382
376 389
376 391
376 392
376 393
376 398
376 404
376 409
376 415
376 418
376 423
376 424
376 431
376 432
376 433
376 436
376 439
376 443
376 444
376 449
376 454
376 456
376 470
376 471
376 472
376 475
376 477
376 487
376 496
376 497
376 503
376 507
376 516
376 520
376 521
376 524
376 525
376 530
376 532
376 544
376 549
376 550
376 556
376 566
376 567
376 569
376 570
376 579
376 582
376 587
376 596
376 597
376 601
376 602
376 606
376 607
376 611
376 620
376 621
376 623
376 624
376 625
376 626
376 631
376 632
376 634
376 637
376 642
376 648
376 654
376 655
376 659
376 665
376 671
376 686
376 692
376 698
376 702
376 707
376 714
376 720
376 725
376 726
376 727
376 728
376 733
376 737
376 741
376 743
376 744
376 751
376 752
376 754
376 757
376 761
376 762
376 772
376 774
376 775
376 776
376 777
376 784
376 786
376 790
376 791
376 796
376 800
376 804
376 807
376 811
376 816
376 817
376 818
376 824
376 825
376 826
376 837
376 841
376 855
376 860
376 864
376 866
376 871
376 878
376 879
376 887
376 888
376 892
376 893
376 902
376 910
376 913
376 914
376 915
376 918
376 923
376 927
376 932
376 935
376 944
376 947
376 955
376 956
376 959
376 971
376 980
376 981
376 988
376 992
376 994
376 995
376 999
686 1
686 13
686 18
686 24
686 27
686 34
686 37
686 40
686 41
686 46
686 48
686 49
686 52
686 63
686 64
686 65
686 67
686 75
686 88
686 95
686 96
686 101
686 103
686 108
686 112
686 115
686 117
686 118
686 123
686 125
686 130
686 137
686 146
686 150
686 155
686 163
686 166
686 183
686 189
686 191
686 197
686 201
686 205
686 206
686 209
686 213
686 220
686 227
686 230
686 233
686 235
686 237
686 242
686 245
686 253
686 256
686 259
686 260
686 264
686 265
686 271
686 275
686 292
686 293
686 295
686 299
686 302
686 305
686 314
686 315
686 316
686 317
686 319
686 320
686 326
686 332
686 339
686 343
686 349
686 364
686 368
686 370
686 380
686 384
686 386
686 390
686 395
686 400
686 401
686 404
686 405
686 410
686 415
686 417
686 422
686 423
686 427
686 429
686 437
686 438
686 439
686 443
686 445
686 451
686 461
686 472
686 473
686 475
686 493
686 495
686 498
686 499
686 503
686 516
686 524
686 525
686 527
686 531
686 533
686 540
686 544
686 547
686 551
686 553
686 566
686 583
686 584
686 586
686 591
686 614
686 633
686 638
686 639
686 644
686 649
686 653
686 654
686 655
686 658
686 662
686 666
686 669
686 670
686 673
686 674
686 682
686 684
686 688
686 714
686 716
686 722
686 723
686 735
686 740
686 749
686 763
686 766
686 767
686 768
686 779
686 782
686 783
686 784
686 786
686 788
686 796
686 797
686 806
686 808
686 815
686 818
686 833
686 836
686 837
686 838
686 847
686 852
686 855
686 865
686 868
686 870
686 873
686 875
686 885
686 900
686 903
686 909
686 917
686 919
686 921
686 938
686 944
686 960
686 975
686 979
686 981
686 982
686 984
686 988
686 995
382 2
382 8
382 11
382 19
382 22
382 28
382 31
382 32
382 42
382 47
382 62
382 63
382 64
382 68
382 70
382 73
382 77
382 81
382 93
382 100
382 101
382 125
382 137
382 138
382 145
382 150
382 152
382 157
382 161
382 169
382 175
382 176
382 177
382 186
382 199
382 205
382 207
382 208
382 222
382 226
382 230
382 234
382 242
382 247
382 252
382 260
382 261
382 264
382 267
382 279
382 280
382 282
382 294
382 295
382 305
382 311
382 316
382 319
382 323
382 328
382 329
382 331
382 336
382 342
382 345
382 347
382 355
382 363
382 365
382 376
382 377
382 382
382 383
382 390
382 396
382 405
382 408
382 415
382 424
382 427
382 443
382 460
382 461
382 463
382 467
382 476
382 477
382 480
382 481
382 482
382 483
382 510
382 513
382 518
382 521
382 524
382 525
382 527
382 529
382 530
382 531
382 533
382 536
382 539
382 540
382 543
382 544
382 545
382 546
382 550
382 557
382 565
382 566
382 569
382 579
382 584
382 585
382 586
382 589
382 593
382 595
382 600
382 603
382 606
382 615
382 621
382 623
382 624
382 628
382 629
382 630
382 637
382 638
382 642
382 647
382 648
382 650
382 651
382 652
382 654
382 660
382 663
382 664
382 675
382 690
382 692
382 693
382 698
382 699
382 701
382 707
382 708
382 711
382 713
382 714
382 722
382 743
382 746
382 749
382 754
382 764
382 765
382 769
382 770
382 782
382 787
382 788
382 803
382 810
382 819
382 827
382 841
382 843
382 848
382 867
382 881
382 884
382 885
382 886
382 888
382 891
382 893
382 894
382 901
382 903
382 907
382 908
382 911
382 914
382 917
382 920
382 921
382 926
382 927
382 932
382 934
382 940
382 945
382 948
382 949
382 951
382 952
382 953
382 955
382 961
382 963
382 964
382 966
382 967
382 975
382 981
382 988
861 2
861 4
861 6
861 10
861 12
861 25
861 28
861 32
861 36
861 49
861 51
861 52
861 58
861 59
861 70
861 73
861 74
861 75
861 85
861 87
861 92
861 97
861 101
861 103
861 104
861 114
861 119
861 125
861 130
861 135
861 139
861 144
861 155
861 156
861 160
861 167
861 176
861 185
861 194
861 199
861 204
861 207
861 209
861 215
861 222
861 238
861 240
861 241
861 242
861 243
861 244
861 245
861 248
861 252
861 253
861 262
861 263
861 264
861 275
861 281
861 282
861 283
861 291
861 294
861 301
861 308
861 312
861 313
861 315
861 320
861 321
861 322
861 323
861 325
861 334
861 335
861 337
861 341
861 356
861 360
861 371
861 388
861 399
861 414
861 416
861 429
861 434
861 449
861 453
861 462
861 475
861 477
861 495
861 504
861 505
861 507
861 515
861 517
861 521
861 527
861 551
861 558
861 559
861 561
861 563
861 573
861 574
861 576
861 578
861 582
861 588
861 596
861 614
861 616
861 618
861 629
861 633
861 639
861 648
861 653
861 654
861 667
861 669
861 672
861 675
861 682
861 684
861 692
861 699
861 705
861 713
861 719
861 733
861 735
861 742
861 743
861 746
861 749
861 757
861 759
861 760
861 764
861 776
861 777
861 779
861 783
861 797
861 805
861 814
861 816
861 817
861 822
861 824
861 828
861 842
861 853
861 854
861 855
861 856
861 857
861 878
861 883
861 899
861 900
861 901
861 904
861 909
861 917
861 922
861 929
861 930
861 932
861 940
861 943
861 956
861 967
861 974
861 978
861 979
861 985
861 994
861 999
861 1000
237 2
237 4
237 11
237 15
237 17
237 19
237 25
237 29
237 50
237 56
237 90
237 93
237 95
237 98
237 104
237 107
237 118
237 133
237 134
237 146
237 170
237 185
237 193
237 195
237 208
237 209
237 219
237 223
237 230
237 232
237 236
237 238
237 242
237 245
237 251
237 253
237 258
237 261
237 262
237 265
237 277
237 279
237 281
237 288
237 293
237 305
237 306
237 307
237 324
237 325
237 327
237 330
237 331
237 334
237 343
237 344
237 345
237 347
237 352
237 357
237 359
237 365
237 367
237 377
237 379
237 395
237 416
237 417
237 427
237 436
237 442
237 446
237 461
237 468
237 475
237 480
237 482
237 483
237 488
237 489
237 494
237 498
237 501
237 506
237 507
237 508
237 524
237 536
237 540
237 545
237 551
237 564
237 581
237 589
237 599
237 618
237 622
237 630
237 632
237 638
237 646
237 649
237 665
237 667
237 668
237 683
237 689
237 690
237 693
237 697
237 706
237 712
237 714
237 720
237 723
237 725
237 736
237 743
237 755
237 770
237 776
237 781
237 783
237 797
237 802
237 803
237 807
237 825
237 830
237 831
237 833
237 834
237 843
237 852
237 862
237 865
237 876
237 877
237 889
237 890
237 900
237 903
237 907
237 916
237 949
237 951
237 952
237 956
237 958
237 972
237 976
237 990
237 992
237 993
237 995
237 997
