p td 600 1482 
556 9
556 11
556 13
556 16
556 24
556 31
556 45
556 52
556 55
556 57
556 58
556 62
556 64
556 76
556 78
556 89
556 92
556 108
556 112
556 113
556 119
556 121
556 127
556 146
556 149
556 167
556 168
556 169
556 170
556 176
556 179
556 181
556 182
556 198
556 201
556 208
556 211
556 222
556 224
556 230
556 232
556 242
556 244
556 247
556 256
556 269
556 270
556 271
556 283
556 287
556 291
556 294
556 295
556 309
556 310
556 315
556 316
556 325
556 339
556 342
556 343
556 350
556 352
556 353
556 356
556 361
556 362
556 368
556 379
556 387
556 394
556 398
556 409
556 418
556 421
556 437
556 439
556 440
556 449
556 454
556 470
556 474
556 479
556 484
556 486
556 491
556 495
556 497
556 498
556 504
556 508
556 511
556 514
556 521
556 522
556 525
556 535
556 544
556 546
556 558
556 564
556 570
556 573
556 574
556 576
556 598
556 600
326 2
326 4
326 5
326 8
326 9
326 18
326 22
326 29
326 32
326 46
326 52
326 57
326 58
326 59
326 67
326 69
326 70
326 71
326 78
326 95
326 100
326 101
326 118
326 119
326 122
326 127
326 134
326 135
326 136
326 137
326 142
326 152
326 155
326 156
326 167
326 177
326 184
326 188
326 189
326 192
326 193
326 199
326 207
326 212
326 215
326 220
326 230
326 237
326 241
326 243
326 244
326 251
326 261
326 270
326 271
326 281
326 286
326 288
326 293
326 299
326 301
326 302
326 303
326 307
326 308
326 313
326 315
326 322
326 324
326 325
326 326
326 329
326 330
326 339
326 340
326 341
326 344
326 345
326 347
326 364
326 366
326 368
326 374
326 398
326 400
326 405
326 410
326 412
326 413
326 416
326 422
326 423
326 429
326 431
326 432
326 433
326 438
326 440
326 444
326 445
326 452
326 454
326 461
326 462
326 464
326 466
326 472
326 482
326 489
326 500
326 511
326 514
326 518
326 524
326 528
326 536
326 537
326 546
326 558
326 560
326 561
326 562
326 568
326 572
326 575
326 576
326 578
326 579
326 594
326 595
326 597
262 5
262 13
262 17
262 20
262 21
262 43
262 45
262 67
262 73
262 76
262 82
262 83
262 93
262 104
262 110
262 116
262 119
262 123
262 128
262 129
262 130
262 131
262 133
262 138
262 145
262 146
262 151
262 154
262 161
262 166
262 167
262 168
262 169
262 174
262 178
262 179
262 181
262 183
262 203
262 212
262 215
262 216
262 219
262 225
262 226
262 229
262 235
262 244
262 246
262 265
262 270
262 271
262 273
262 284
262 308
262 311
262 314
262 323
262 330
262 335
262 339
262 340
262 342
262 346
262 351
262 352
262 368
262 369
262 382
262 385
262 386
262 391
262 392
262 394
262 395
262 400
262 402
262 408
262 412
262 419
262 421
262 427
262 428
262 432
262 434
262 436
262 439
262 466
262 476
262 480
262 487
262 490
262 492
262 498
262 499
262 505
262 507
262 512
262 520
262 528
262 529
262 532
262 536
262 537
262 550
262 556
262 559
262 563
262 566
262 570
262 577
262 581
262 582
262 589
262 590
262 600
421 6
421 7
421 8
421 9
421 12
421 30
421 41
421 49
421 66
421 71
421 73
421 83
421 87
421 93
421 94
421 104
421 110
421 115
421 116
421 119
421 129
421 132
421 135
421 138
421 141
421 145
421 152
421 156
421 160
421 161
421 166
421 167
421 177
421 179
421 183
421 184
421 201
421 208
421 210
421 212
421 217
421 221
421 225
421 226
421 238
421 245
421 248
421 249
421 251
421 253
421 261
421 274
421 277
421 280
421 289
421 298
421 301
421 307
421 311
421 312
421 313
421 320
421 333
421 335
421 337
421 346
421 347
421 348
421 349
421 350
421 353
421 354
421 358
421 359
421 365
421 370
421 372
421 377
421 385
421 387
421 393
421 394
421 422
421 425
421 429
421 440
421 441
421 451
421 463
421 464
421 471
421 472
421 475
421 485
421 490
421 503
421 506
421 509
421 510
421 513
421 514
421 515
421 521
421 522
421 524
421 529
421 537
421 546
421 547
421 552
421 555
421 558
421 564
421 566
421 569
421 571
421 575
421 580
421 584
421 586
421 589
421 594
421 597
421 598
421 599
583 7
583 11
583 12
583 18
583 22
583 37
583 41
583 43
583 45
583 46
583 51
583 52
583 55
583 58
583 59
583 63
583 66
583 67
583 75
583 84
583 85
583 86
583 87
583 94
583 96
583 97
583 101
583 105
583 109
583 111
583 116
583 121
583 125
583 127
583 128
583 131
583 134
583 135
583 136
583 139
583 140
583 141
583 146
583 150
583 156
583 159
583 162
583 168
583 171
583 172
583 178
583 179
583 182
583 184
583 191
583 199
583 201
583 208
583 213
583 217
583 222
583 232
583 235
583 241
583 259
583 263
583 268
583 271
583 280
583 283
583 287
583 288
583 298
583 301
583 304
583 307
583 311
583 317
583 318
583 322
583 339
583 347
583 350
583 351
583 355
583 382
583 404
583 415
583 417
583 430
583 432
583 434
583 437
583 443
583 445
583 458
583 473
583 476
583 478
583 480
583 484
583 486
583 488
583 489
583 493
583 497
583 504
583 517
583 522
583 526
583 528
583 529
583 532
583 539
583 540
583 541
583 552
583 557
583 560
583 565
583 568
583 570
583 575
583 581
583 592
583 593
583 596
134 7
134 10
134 25
134 26
134 27
134 30
134 33
134 44
134 45
134 47
134 51
134 58
134 65
134 67
134 68
134 69
134 75
134 78
134 87
134 93
134 94
134 99
134 102
134 113
134 127
134 130
134 136
134 140
134 143
134 150
134 152
134 163
134 167
134 181
134 184
134 185
134 190
134 193
134 221
134 223
134 230
134 235
134 242
134 252
134 254
134 260
134 261
134 268
134 283
134 289
134 293
134 296
134 299
134 313
134 324
134 336
134 343
134 346
134 348
134 349
134 354
134 358
134 363
134 370
134 378
134 379
134 381
134 396
134 403
134 404
134 407
134 416
134 423
134 431
134 437
134 441
134 444
134 448
134 458
134 463
134 464
134 468
134 477
134 481
134 482
134 486
134 491
134 496
134 501
134 509
134 521
134 522
134 527
134 528
134 530
134 537
134 546
134 549
134 550
134 553
134 557
134 558
134 559
134 560
134 567
134 579
253 9
253 10
253 15
253 19
253 23
253 25
253 32
253 34
253 35
253 37
253 48
253 49
253 57
253 61
253 62
253 65
253 67
253 68
253 70
253 71
253 74
253 82
253 87
253 90
253 93
253 95
253 98
253 105
253 107
253 113
253 123
253 130
253 132
253 141
253 148
253 153
253 159
253 162
253 180
253 183
253 190
253 191
253 193
253 197
253 198
253 200
253 208
253 213
253 216
253 222
253 224
253 225
253 226
253 233
253 235
253 242
253 252
253 259
253 264
253 270
253 272
253 284
253 288
253 295
253 298
253 301
253 302
253 322
253 326
253 338
253 346
253 349
253 350
253 351
253 356
253 366
253 369
253 372
253 375
253 379
253 380
253 381
253 387
253 392
253 393
253 400
253 401
253 404
253 406
253 421
253 428
253 433
253 436
253 438
253 447
253 450
253 461
253 469
253 476
253 479
253 481
253 486
253 487
253 491
253 492
253 498
253 500
253 503
253 506
253 507
253 517
253 521
253 522
253 526
253 536
253 537
253 543
253 545
253 550
253 558
253 559
253 562
253 564
253 565
253 570
253 574
253 576
253 584
253 590
253 594
364 8
364 17
364 20
364 21
364 27
364 29
364 30
364 32
364 42
364 44
364 59
364 64
364 65
364 67
364 68
364 78
364 84
364 86
364 94
364 98
364 99
364 103
364 106
364 108
364 111
364 122
364 125
364 127
364 136
364 140
364 156
364 158
364 159
364 160
364 171
364 178
364 182
364 183
364 192
364 195
364 196
364 197
364 204
364 205
364 207
364 209
364 211
364 212
364 215
364 218
364 219
364 225
364 230
364 231
364 234
364 235
364 236
364 241
364 242
364 245
364 247
364 249
364 253
364 262
364 267
364 271
364 276
364 290
364 291
364 303
364 307
364 308
364 312
364 313
364 318
364 320
364 321
364 324
364 326
364 333
364 342
364 353
364 354
364 357
364 358
364 362
364 364
364 369
364 370
364 372
364 374
364 388
364 394
364 401
364 421
364 429
364 432
364 433
364 434
364 441
364 443
364 444
364 451
364 452
364 457
364 461
364 463
364 465
364 466
364 471
364 473
364 480
364 487
364 491
364 492
364 494
364 495
364 501
364 510
364 514
364 517
364 521
364 540
364 541
364 549
364 553
364 558
364 560
364 564
364 566
364 567
364 572
364 584
364 595
364 597
364 598
364 599
202 9
202 13
202 21
202 23
202 32
202 37
202 39
202 40
202 62
202 65
202 69
202 71
202 73
202 85
202 98
202 103
202 108
202 118
202 121
202 127
202 136
202 144
202 148
202 149
202 156
202 161
202 166
202 167
202 175
202 178
202 182
202 195
202 198
202 202
202 203
202 206
202 209
202 210
202 215
202 218
202 221
202 224
202 226
202 232
202 234
202 235
202 243
202 247
202 249
202 257
202 261
202 270
202 274
202 278
202 279
202 296
202 312
202 314
202 317
202 320
202 321
202 324
202 329
202 335
202 343
202 352
202 361
202 362
202 365
202 369
202 375
202 377
202 379
202 381
202 382
202 387
202 393
202 400
202 418
202 420
202 421
202 423
202 424
202 430
202 436
202 451
202 463
202 467
202 493
202 506
202 509
202 512
202 517
202 519
202 524
202 530
202 533
202 536
202 544
202 547
202 556
202 567
202 575
202 576
202 579
202 596
202 598
175 13
175 19
175 20
175 24
175 30
175 42
175 46
175 47
175 56
175 58
175 59
175 67
175 68
175 69
175 72
175 74
175 77
175 84
175 92
175 99
175 112
175 119
175 133
175 138
175 140
175 145
175 148
175 155
175 160
175 161
175 165
175 169
175 174
175 175
175 182
175 186
175 187
175 189
175 192
175 199
175 201
175 206
175 216
175 218
175 222
175 225
175 226
175 227
175 231
175 244
175 245
175 248
175 253
175 256
175 264
175 284
175 288
175 301
175 302
175 303
175 304
175 308
175 316
175 318
175 320
175 323
175 325
175 326
175 334
175 340
175 345
175 349
175 354
175 357
175 358
175 359
175 362
175 367
175 370
175 372
175 374
175 376
175 377
175 378
175 384
175 386
175 387
175 391
175 393
175 394
175 398
175 400
175 404
175 406
175 416
175 424
175 433
175 437
175 446
175 450
175 451
175 455
175 463
175 468
175 472
175 473
175 482
175 489
175 493
175 494
175 495
175 499
175 503
175 504
175 511
175 518
175 519
175 522
175 525
175 536
175 539
175 541
175 551
175 560
175 563
175 565
175 569
175 576
175 577
175 580
175 583
175 584
175 587
175 590
175 592
175 597
175 599
175 600
151 21
151 24
151 31
151 32
151 35
151 41
151 42
151 54
151 63
151 65
151 69
151 74
151 78
151 79
151 87
151 90
151 101
151 104
151 110
151 111
151 113
151 122
151 126
151 127
151 129
151 139
151 141
151 142
151 143
151 144
151 145
151 168
151 171
151 172
151 177
151 183
151 187
151 189
151 192
151 193
151 200
151 203
151 205
151 214
151 219
151 230
151 231
151 232
151 237
151 239
151 246
151 270
151 273
151 274
151 277
151 280
151 282
151 286
151 295
151 296
151 297
151 299
151 312
151 317
151 318
151 333
151 335
151 349
151 351
151 360
151 361
151 369
151 374
151 379
151 380
151 382
151 383
151 385
151 388
151 393
151 407
151 412
151 422
151 424
151 431
151 437
151 440
151 441
151 445
151 446
151 449
151 450
151 452
151 459
151 464
151 466
151 469
151 472
151 478
151 486
151 497
151 498
151 501
151 506
151 507
151 514
151 518
151 527
151 530
151 532
151 533
151 539
151 541
151 546
151 554
151 565
151 571
151 573
151 576
151 579
151 582
151 583
151 588
151 594
151 597
295 15
295 16
295 18
295 20
295 25
295 26
295 28
295 32
295 37
295 41
295 47
295 52
295 56
295 60
295 65
295 66
295 68
295 71
295 72
295 78
295 84
295 85
295 87
295 91
295 100
295 122
295 127
295 130
295 134
295 135
295 140
295 144
295 146
295 148
295 154
295 161
295 163
295 165
295 169
295 178
295 181
295 183
295 187
295 188
295 192
295 193
295 196
295 212
295 214
295 218
295 225
295 227
295 228
295 239
295 243
295 250
295 265
295 267
295 279
295 283
295 287
295 293
295 296
295 303
295 305
295 314
295 315
295 316
295 319
295 323
295 328
295 330
295 336
295 341
295 344
295 347
295 348
295 357
295 361
295 362
295 364
295 365
295 369
295 370
295 378
295 385
295 387
295 388
295 396
295 402
295 403
295 404
295 406
295 408
295 424
295 450
295 451
295 453
295 457
295 458
295 461
295 464
295 466
295 467
295 474
295 475
295 478
295 480
295 481
295 483
295 486
295 491
295 493
295 508
295 517
295 519
295 523
295 533
295 537
295 541
295 544
295 549
295 552
295 554
295 561
295 562
295 565
295 569
295 571
295 573
295 584
295 595
295 596
