p td 2200 5274 
1507 9
1507 10
1507 20
1507 21
1507 22
1507 23
1507 27
1507 28
1507 50
1507 51
1507 53
1507 54
1507 57
1507 67
1507 72
1507 73
1507 86
1507 87
1507 88
1507 89
1507 92
1507 97
1507 102
1507 111
1507 114
1507 118
1507 121
1507 122
1507 125
1507 128
1507 130
1507 139
1507 140
1507 156
1507 158
1507 165
1507 169
1507 181
1507 198
1507 203
1507 205
1507 211
1507 231
1507 235
1507 237
1507 247
1507 254
1507 265
1507 266
1507 271
1507 273
1507 275
1507 276
1507 277
1507 283
1507 284
1507 286
1507 295
1507 296
1507 310
1507 312
1507 313
1507 316
1507 317
1507 318
1507 319
1507 323
1507 327
1507 330
1507 334
1507 335
1507 338
1507 343
1507 351
1507 352
1507 357
1507 361
1507 374
1507 375
1507 379
1507 385
1507 386
1507 396
1507 400
1507 410
1507 414
1507 415
1507 424
1507 426
1507 432
1507 439
1507 462
1507 476
1507 484
1507 488
1507 492
1507 495
1507 502
1507 505
1507 512
1507 513
1507 515
1507 516
1507 523
1507 528
1507 532
1507 544
1507 545
1507 554
1507 556
1507 570
1507 572
1507 574
1507 576
1507 578
1507 581
1507 588
1507 593
1507 594
1507 596
1507 599
1507 606
1507 608
1507 609
1507 610
1507 620
1507 623
1507 626
1507 628
1507 637
1507 643
1507 644
1507 674
1507 678
1507 686
1507 693
1507 699
1507 706
1507 712
1507 717
1507 728
1507 735
1507 737
1507 742
1507 744
1507 758
1507 760
1507 762
1507 771
1507 775
1507 785
1507 787
1507 788
1507 791
1507 793
1507 802
1507 805
1507 815
1507 821
1507 826
1507 828
1507 834
1507 835
1507 851
1507 854
1507 860
1507 861
1507 862
1507 866
1507 870
1507 871
1507 875
1507 876
1507 881
1507 882
1507 887
1507 895
1507 899
1507 901
1507 905
1507 906
1507 916
1507 919
1507 920
1507 921
1507 924
1507 925
1507 929
1507 936
1507 939
1507 946
1507 951
1507 956
1507 957
1507 962
1507 964
1507 967
1507 971
1507 973
1507 978
1507 980
1507 995
1507 998
1507 999
1507 1003
1507 1010
1507 1015
1507 1016
1507 1029
1507 1043
1507 1057
1507 1058
1507 1069
1507 1072
1507 1075
1507 1076
1507 1079
1507 1081
1507 1088
1507 1090
1507 1091
1507 1092
1507 1095
1507 1103
1507 1114
1507 1116
1507 1121
1507 1123
1507 1128
1507 1141
1507 1153
1507 1154
1507 1158
1507 1171
1507 1172
1507 1173
1507 1175
1507 1178
1507 1179
1507 1188
1507 1190
1507 1192
1507 1196
1507 1199
1507 1203
1507 1204
1507 1209
1507 1213
1507 1223
1507 1227
1507 1229
1507 1230
1507 1234
1507 1235
1507 1241
1507 1247
1507 1250
1507 1255
1507 1258
1507 1261
1507 1265
1507 1268
1507 1273
1507 1275
1507 1280
1507 1281
1507 1294
1507 1295
1507 1296
1507 1300
1507 1301
1507 1315
1507 1323
1507 1327
1507 1330
1507 1332
1507 1340
1507 1341
1507 1349
1507 1350
1507 1351
1507 1352
1507 1358
1507 1359
1507 1363
1507 1364
1507 1371
1507 1372
1507 1375
1507 1378
1507 1383
1507 1386
1507 1389
1507 1394
1507 1397
1507 1399
1507 1401
1507 1408
1507 1414
1507 1417
1507 1419
1507 1430
1507 1440
1507 1443
1507 1444
1507 1453
1507 1456
1507 1458
1507 1469
1507 1477
1507 1481
1507 1493
1507 1495
1507 1496
1507 1497
1507 1503
1507 1509
1507 1511
1507 1514
1507 1516
1507 1522
1507 1530
1507 1537
1507 1553
1507 1568
1507 1569
1507 1570
1507 1577
1507 1581
1507 1583
1507 1588
1507 1589
1507 1592
1507 1598
1507 1602
1507 1603
1507 1609
1507 1611
1507 1621
1507 1630
1507 1632
1507 1635
1507 1649
1507 1651
1507 1654
1507 1661
1507 1674
1507 1689
1507 1697
1507 1702
1507 1705
1507 1707
1507 1709
1507 1713
1507 1714
1507 1724
1507 1729
1507 1730
1507 1743
1507 1746
1507 1757
1507 1763
1507 1765
1507 1775
1507 1777
1507 1783
1507 1785
1507 1788
1507 1789
1507 1804
1507 1811
1507 1812
1507 1813
1507 1814
1507 1825
1507 1834
1507 1846
1507 1848
1507 1859
1507 1861
1507 1862
1507 1871
1507 1873
1507 1879
1507 1883
1507 1885
1507 1892
1507 1895
1507 1901
1507 1903
1507 1904
1507 1905
1507 1914
1507 1924
1507 1953
1507 1958
1507 1962
1507 1966
1507 1967
1507 1969
1507 1980
1507 1984
1507 1985
1507 1993
1507 1998
1507 2000
1507 2006
1507 2013
1507 2016
1507 2019
1507 2025
1507 2028
1507 2031
1507 2035
1507 2036
1507 2039
1507 2044
1507 2048
1507 2059
1507 2061
1507 2070
1507 2081
1507 2082
1507 2084
1507 2096
1507 2097
1507 2098
1507 2099
1507 2100
1507 2101
1507 2105
1507 2126
1507 2134
1507 2140
1507 2146
1507 2154
1507 2156
1507 2157
1507 2162
1507 2167
1507 2179
1507 2184
1507 2185
1507 2195
1507 2197
1507 2199
1507 2200
1380 4
1380 5
1380 6
1380 12
1380 20
1380 25
1380 32
1380 33
1380 34
1380 43
1380 44
1380 47
1380 50
1380 59
1380 71
1380 72
1380 78
1380 92
1380 104
1380 114
1380 122
1380 131
1380 132
1380 134
1380 139
1380 143
1380 145
1380 148
1380 153
1380 158
1380 165
1380 166
1380 169
1380 173
1380 176
1380 180
1380 185
1380 187
1380 201
1380 203
1380 212
1380 217
1380 222
1380 226
1380 231
1380 233
1380 234
1380 241
1380 249
1380 251
1380 261
1380 268
1380 274
1380 276
1380 283
1380 290
1380 297
1380 302
1380 312
1380 313
1380 316
1380 323
1380 325
1380 329
1380 334
1380 335
1380 340
1380 344
1380 348
1380 358
1380 371
1380 374
1380 379
1380 384
1380 392
1380 393
1380 400
1380 401
1380 404
1380 420
1380 427
1380 429
1380 432
1380 435
1380 446
1380 448
1380 449
1380 466
1380 469
1380 473
1380 474
1380 476
1380 489
1380 490
1380 499
1380 501
1380 503
1380 506
1380 508
1380 511
1380 525
1380 526
1380 532
1380 534
1380 542
1380 543
1380 544
1380 545
1380 552
1380 553
1380 556
1380 560
1380 565
1380 570
1380 579
1380 586
1380 589
1380 591
1380 601
1380 619
1380 623
1380 645
1380 650
1380 652
1380 659
1380 662
1380 665
1380 675
1380 680
1380 684
1380 705
1380 718
1380 723
1380 724
1380 725
1380 728
1380 729
1380 733
1380 738
1380 749
1380 753
1380 756
1380 757
1380 762
1380 764
1380 778
1380 779
1380 787
1380 788
1380 795
1380 796
1380 801
1380 804
1380 805
1380 806
1380 821
1380 822
1380 823
1380 824
1380 825
1380 826
1380 835
1380 839
1380 845
1380 849
1380 851
1380 854
1380 855
1380 857
1380 862
1380 865
1380 867
1380 871
1380 872
1380 880
1380 882
1380 894
1380 898
1380 912
1380 917
1380 923
1380 925
1380 926
1380 931
1380 932
1380 940
1380 942
1380 948
1380 949
1380 954
1380 959
1380 969
1380 975
1380 986
1380 987
1380 988
1380 989
1380 991
1380 994
1380 997
1380 1006
1380 1008
1380 1013
1380 1014
1380 1016
1380 1019
1380 1020
1380 1028
1380 1032
1380 1041
1380 1044
1380 1046
1380 1052
1380 1061
1380 1067
1380 1070
1380 1071
1380 1083
1380 1087
1380 1090
1380 1094
1380 1098
1380 1108
1380 1111
1380 1116
1380 1124
1380 1131
1380 1132
1380 1133
1380 1137
1380 1150
1380 1155
1380 1159
1380 1160
1380 1168
1380 1170
1380 1173
1380 1175
1380 1180
1380 1194
1380 1199
1380 1202
1380 1204
1380 1209
1380 1213
1380 1215
1380 1223
1380 1233
1380 1239
1380 1255
1380 1275
1380 1280
1380 1283
1380 1287
1380 1290
1380 1292
1380 1293
1380 1296
1380 1299
1380 1300
1380 1303
1380 1304
1380 1305
1380 1309
1380 1315
1380 1333
1380 1340
1380 1342
1380 1345
1380 1357
1380 1359
1380 1360
1380 1367
1380 1369
1380 1371
1380 1375
1380 1387
1380 1392
1380 1398
1380 1399
1380 1409
1380 1411
1380 1419
1380 1421
1380 1425
1380 1432
1380 1444
1380 1449
1380 1454
1380 1457
1380 1466
1380 1467
1380 1473
1380 1474
1380 1480
1380 1488
1380 1491
1380 1494
1380 1510
1380 1515
1380 1523
1380 1525
1380 1526
1380 1527
1380 1530
1380 1533
1380 1536
1380 1538
1380 1544
1380 1552
1380 1554
1380 1558
1380 1559
1380 1560
1380 1564
1380 1567
1380 1574
1380 1578
1380 1579
1380 1598
1380 1602
1380 1617
1380 1619
1380 1632
1380 1635
1380 1644
1380 1645
1380 1658
1380 1665
1380 1673
1380 1674
1380 1682
1380 1687
1380 1688
1380 1700
1380 1702
1380 1730
1380 1735
1380 1741
1380 1746
1380 1749
1380 1750
1380 1756
1380 1760
1380 1766
1380 1768
1380 1771
1380 1784
1380 1792
1380 1800
1380 1801
1380 1802
1380 1803
1380 1808
1380 1810
1380 1814
1380 1816
1380 1819
1380 1835
1380 1837
1380 1840
1380 1842
1380 1844
1380 1846
1380 1857
1380 1859
1380 1864
1380 1867
1380 1871
1380 1872
1380 1874
1380 1875
1380 1881
1380 1887
1380 1898
1380 1901
1380 1904
1380 1912
1380 1913
1380 1914
1380 1920
1380 1926
1380 1937
1380 1941
1380 1943
1380 1953
1380 1961
1380 1962
1380 1963
1380 1965
1380 1968
1380 1971
1380 1979
1380 1980
1380 1988
1380 1990
1380 1995
1380 2001
1380 2007
1380 2009
1380 2012
1380 2015
1380 2029
1380 2033
1380 2046
1380 2050
1380 2052
1380 2057
1380 2059
1380 2066
1380 2076
1380 2086
1380 2087
1380 2088
1380 2092
1380 2093
1380 2094
1380 2095
1380 2098
1380 2111
1380 2118
1380 2126
1380 2128
1380 2132
1380 2146
1380 2147
1380 2149
1380 2163
1380 2167
1380 2168
1380 2169
1380 2172
1380 2177
1380 2178
1380 2184
1380 2187
284 3
284 6
284 11
284 15
284 20
284 23
284 28
284 31
284 38
284 59
284 62
284 67
284 70
284 72
284 75
284 79
284 96
284 98
284 100
284 108
284 109
284 119
284 121
284 128
284 131
284 133
284 136
284 143
284 152
284 154
284 157
284 158
284 160
284 166
284 167
284 176
284 185
284 199
284 202
284 207
284 211
284 215
284 218
284 219
284 221
284 226
284 229
284 231
284 241
284 243
284 254
284 255
284 257
284 267
284 268
284 281
284 284
284 299
284 304
284 326
284 328
284 330
284 338
284 343
284 346
284 353
284 368
284 372
284 375
284 391
284 395
284 396
284 403
284 415
284 419
284 431
284 453
284 454
284 461
284 464
284 475
284 477
284 483
284 484
284 493
284 495
284 496
284 500
284 513
284 516
284 517
284 518
284 519
284 525
284 527
284 529
284 530
284 536
284 552
284 554
284 555
284 556
284 558
284 559
284 561
284 566
284 572
284 575
284 579
284 581
284 582
284 585
284 588
284 590
284 591
284 595
284 600
284 601
284 607
284 608
284 610
284 614
284 617
284 627
284 630
284 638
284 647
284 657
284 661
284 666
284 668
284 672
284 676
284 700
284 705
284 706
284 708
284 710
284 715
284 718
284 721
284 722
284 731
284 734
284 741
284 743
284 757
284 759
284 777
284 779
284 781
284 785
284 788
284 793
284 794
284 804
284 808
284 809
284 810
284 815
284 823
284 824
284 829
284 836
284 837
284 845
284 851
284 853
284 854
284 871
284 873
284 879
284 882
284 883
284 885
284 896
284 900
284 911
284 912
284 916
284 920
284 928
284 930
284 941
284 942
284 945
284 947
284 951
284 955
284 959
284 963
284 978
284 981
284 987
284 989
284 992
284 1000
284 1008
284 1013
284 1018
284 1025
284 1027
284 1028
284 1031
284 1032
284 1044
284 1051
284 1054
284 1061
284 1062
284 1063
284 1068
284 1070
284 1074
284 1076
284 1084
284 1086
284 1088
284 1089
284 1100
284 1101
284 1109
284 1121
284 1124
284 1125
284 1126
284 1137
284 1140
284 1141
284 1146
284 1150
284 1152
284 1153
284 1155
284 1157
284 1160
284 1162
284 1163
284 1168
284 1172
284 1186
284 1189
284 1217
284 1221
284 1226
284 1230
284 1233
284 1238
284 1244
284 1250
284 1256
284 1260
284 1263
284 1265
284 1268
284 1271
284 1273
284 1274
284 1278
284 1284
284 1285
284 1288
284 1325
284 1326
284 1328
284 1330
284 1339
284 1341
284 1345
284 1368
284 1373
284 1374
284 1386
284 1387
284 1388
284 1394
284 1395
284 1399
284 1407
284 1410
284 1424
284 1427
284 1432
284 1434
284 1437
284 1448
284 1449
284 1452
284 1453
284 1458
284 1459
284 1464
284 1466
284 1469
284 1474
284 1476
284 1481
284 1492
284 1513
284 1514
284 1525
284 1529
284 1530
284 1531
284 1539
284 1540
284 1542
284 1562
284 1564
284 1567
284 1590
284 1600
284 1601
284 1604
284 1615
284 1617
284 1621
284 1624
284 1629
284 1630
284 1636
284 1639
284 1640
284 1647
284 1655
284 1660
284 1664
284 1666
284 1672
284 1687
284 1701
284 1702
284 1703
284 1704
284 1710
284 1717
284 1720
284 1722
284 1725
284 1728
284 1735
284 1739
284 1742
284 1744
284 1746
284 1751
284 1752
284 1763
284 1770
284 1781
284 1785
284 1788
284 1794
284 1799
284 1807
284 1810
284 1811
284 1818
284 1825
284 1826
284 1831
284 1834
284 1846
284 1847
284 1862
284 1863
284 1888
284 1892
284 1893
284 1900
284 1904
284 1905
284 1907
284 1911
284 1916
284 1919
284 1923
284 1926
284 1939
284 1944
284 1947
284 1959
284 1968
284 1969
284 1970
284 1976
284 1978
284 1981
284 1984
284 1990
284 1991
284 1993
284 2000
284 2006
284 2024
284 2027
284 2028
284 2031
284 2035
284 2040
284 2044
284 2051
284 2053
284 2057
284 2058
284 2073
284 2074
284 2076
284 2083
284 2086
284 2087
284 2090
284 2095
284 2104
284 2106
284 2109
284 2117
284 2121
284 2129
284 2143
284 2149
284 2150
284 2160
284 2163
284 2165
284 2171
284 2172
284 2177
284 2190
284 2193
284 2195
284 2197
284 2200
1260 4
1260 5
1260 6
1260 8
1260 9
1260 13
1260 18
1260 26
1260 28
1260 38
1260 39
1260 41
1260 44
1260 53
1260 54
1260 55
1260 57
1260 58
1260 59
1260 73
1260 75
1260 79
1260 80
1260 84
1260 89
1260 91
1260 100
1260 106
1260 107
1260 109
1260 116
1260 117
1260 124
1260 128
1260 132
1260 141
1260 142
1260 150
1260 159
1260 160
1260 164
1260 174
1260 176
1260 177
1260 179
1260 181
1260 184
1260 188
1260 193
1260 196
1260 204
1260 209
1260 210
1260 211
1260 213
1260 222
1260 224
1260 231
1260 233
1260 239
1260 242
1260 247
1260 257
1260 259
1260 264
1260 272
1260 273
1260 275
1260 279
1260 280
1260 284
1260 288
1260 292
1260 298
1260 301
1260 313
1260 328
1260 332
1260 340
1260 343
1260 348
1260 350
1260 353
1260 357
1260 360
1260 367
1260 371
1260 379
1260 385
1260 390
1260 393
1260 398
1260 400
1260 403
1260 411
1260 416
1260 425
1260 436
1260 439
1260 444
1260 449
1260 454
1260 456
1260 458
1260 460
1260 461
1260 464
1260 469
1260 483
1260 484
1260 492
1260 498
1260 503
1260 508
1260 510
1260 512
1260 518
1260 533
1260 541
1260 544
1260 546
1260 547
1260 556
1260 567
1260 571
1260 575
1260 578
1260 590
1260 595
1260 602
1260 604
1260 609
1260 611
1260 623
1260 624
1260 625
1260 629
1260 630
1260 632
1260 634
1260 636
1260 641
1260 643
1260 645
1260 648
1260 654
1260 655
1260 667
1260 671
1260 672
1260 673
1260 691
1260 697
1260 723
1260 726
1260 728
1260 742
1260 745
1260 752
1260 755
1260 756
1260 759
1260 763
1260 764
1260 768
1260 772
1260 774
1260 790
1260 791
1260 796
1260 798
1260 800
1260 810
1260 812
1260 815
1260 837
1260 838
1260 840
1260 845
1260 847
1260 867
1260 870
1260 872
1260 878
1260 885
1260 887
1260 890
1260 892
1260 905
1260 909
1260 910
1260 911
1260 917
1260 920
1260 922
1260 924
1260 928
1260 931
1260 935
1260 937
1260 946
1260 949
1260 951
1260 961
1260 978
1260 980
1260 981
1260 990
1260 992
1260 997
1260 1000
1260 1002
1260 1007
1260 1008
1260 1011
1260 1015
1260 1030
1260 1031
1260 1035
1260 1043
1260 1044
1260 1049
1260 1060
1260 1063
1260 1080
1260 1095
1260 1097
1260 1103
1260 1108
1260 1110
1260 1111
1260 1113
1260 1114
1260 1117
1260 1120
1260 1129
1260 1136
1260 1138
1260 1140
1260 1151
1260 1152
1260 1156
1260 1157
1260 1159
1260 1166
1260 1168
1260 1171
1260 1178
1260 1186
1260 1187
1260 1191
1260 1192
1260 1196
1260 1200
1260 1202
1260 1205
1260 1211
1260 1220
1260 1224
1260 1236
1260 1242
1260 1243
1260 1253
1260 1258
1260 1262
1260 1263
1260 1266
1260 1267
1260 1273
1260 1288
1260 1289
1260 1291
1260 1297
1260 1305
1260 1310
1260 1321
1260 1322
1260 1328
1260 1348
1260 1367
1260 1370
1260 1380
1260 1382
1260 1389
1260 1390
1260 1391
1260 1408
1260 1416
1260 1418
1260 1420
1260 1423
1260 1441
1260 1444
1260 1448
1260 1450
1260 1452
1260 1455
1260 1459
1260 1463
1260 1470
1260 1477
1260 1479
1260 1483
1260 1487
1260 1488
1260 1489
1260 1500
1260 1505
1260 1512
1260 1518
1260 1524
1260 1545
1260 1554
1260 1556
1260 1565
1260 1566
1260 1575
1260 1581
1260 1583
1260 1600
1260 1605
1260 1608
1260 1611
1260 1617
1260 1618
1260 1619
1260 1621
1260 1627
1260 1636
1260 1639
1260 1652
1260 1653
1260 1656
1260 1659
1260 1660
1260 1666
1260 1670
1260 1675
1260 1684
1260 1685
1260 1693
1260 1696
1260 1701
1260 1703
1260 1704
1260 1706
1260 1712
1260 1717
1260 1718
1260 1720
1260 1724
1260 1731
1260 1736
1260 1737
1260 1744
1260 1750
1260 1758
1260 1768
1260 1781
1260 1791
1260 1792
1260 1799
1260 1800
1260 1808
1260 1809
1260 1815
1260 1821
1260 1822
1260 1828
1260 1836
1260 1849
1260 1851
1260 1857
1260 1859
1260 1860
1260 1861
1260 1869
1260 1874
1260 1883
1260 1884
1260 1886
1260 1887
1260 1892
1260 1898
1260 1899
1260 1902
1260 1913
1260 1920
1260 1924
1260 1925
1260 1928
1260 1938
1260 1941
1260 1950
1260 1957
1260 1966
1260 1970
1260 1971
1260 1975
1260 1979
1260 1988
1260 1991
1260 1995
1260 1996
1260 1999
1260 2005
1260 2006
1260 2010
1260 2014
1260 2023
1260 2025
1260 2026
1260 2031
1260 2032
1260 2046
1260 2053
1260 2056
1260 2060
1260 2062
1260 2064
1260 2073
1260 2074
1260 2079
1260 2081
1260 2088
1260 2097
1260 2103
1260 2110
1260 2112
1260 2114
1260 2115
1260 2116
1260 2118
1260 2119
1260 2124
1260 2127
1260 2134
1260 2142
1260 2144
1260 2145
1260 2146
1260 2148
1260 2177
1260 2180
1260 2181
1260 2182
1260 2189
1260 2191
1260 2192
1260 2200
1945 6
1945 13
1945 24
1945 35
1945 36
1945 38
1945 42
1945 46
1945 52
1945 55
1945 58
1945 60
1945 61
1945 62
1945 68
1945 72
1945 77
1945 85
1945 89
1945 91
1945 112
1945 118
1945 125
1945 130
1945 136
1945 139
1945 140
1945 153
1945 156
1945 159
1945 161
1945 162
1945 165
1945 168
1945 169
1945 174
1945 191
1945 214
1945 215
1945 227
1945 230
1945 232
1945 234
1945 249
1945 252
1945 255
1945 259
1945 260
1945 267
1945 269
1945 272
1945 273
1945 276
1945 279
1945 293
1945 296
1945 298
1945 301
1945 303
1945 317
1945 321
1945 331
1945 333
1945 336
1945 339
1945 352
1945 353
1945 377
1945 379
1945 388
1945 395
1945 398
1945 399
1945 402
1945 405
1945 406
1945 410
1945 413
1945 422
1945 430
1945 434
1945 440
1945 444
1945 451
1945 460
1945 462
1945 463
1945 464
1945 466
1945 467
1945 474
1945 477
1945 493
1945 495
1945 498
1945 500
1945 502
1945 507
1945 508
1945 514
1945 515
1945 520
1945 521
1945 525
1945 533
1945 537
1945 550
1945 551
1945 557
1945 558
1945 560
1945 572
1945 574
1945 579
1945 587
1945 595
1945 597
1945 600
1945 609
1945 613
1945 615
1945 618
1945 629
1945 633
1945 635
1945 646
1945 655
1945 657
1945 661
1945 662
1945 663
1945 664
1945 665
1945 668
1945 670
1945 673
1945 674
1945 676
1945 678
1945 685
1945 686
1945 687
1945 688
1945 693
1945 699
1945 702
1945 703
1945 708
1945 709
1945 711
1945 720
1945 721
1945 723
1945 725
1945 730
1945 747
1945 749
1945 763
1945 773
1945 774
1945 784
1945 790
1945 798
1945 804
1945 809
1945 811
1945 813
1945 827
1945 838
1945 840
1945 842
1945 850
1945 854
1945 865
1945 869
1945 889
1945 894
1945 898
1945 899
1945 900
1945 905
1945 907
1945 910
1945 923
1945 924
1945 931
1945 933
1945 938
1945 942
1945 945
1945 968
1945 974
1945 977
1945 978
1945 979
1945 981
1945 984
1945 985
1945 989
1945 992
1945 993
1945 994
1945 998
1945 1004
1945 1007
1945 1011
1945 1017
1945 1018
1945 1030
1945 1044
1945 1053
1945 1054
1945 1058
1945 1059
1945 1061
1945 1062
1945 1063
1945 1065
1945 1067
1945 1070
1945 1071
1945 1076
1945 1077
1945 1078
1945 1083
1945 1090
1945 1112
1945 1113
1945 1115
1945 1124
1945 1126
1945 1134
1945 1146
1945 1147
1945 1155
1945 1156
1945 1162
1945 1171
1945 1174
1945 1187
1945 1198
1945 1201
1945 1210
1945 1211
1945 1213
1945 1215
1945 1220
1945 1222
1945 1223
1945 1230
1945 1236
1945 1240
1945 1244
1945 1245
1945 1262
1945 1267
1945 1275
1945 1278
1945 1288
1945 1292
1945 1295
1945 1298
1945 1300
1945 1315
1945 1320
1945 1323
1945 1329
1945 1356
1945 1361
1945 1365
1945 1375
1945 1376
1945 1377
1945 1383
1945 1396
1945 1403
1945 1406
1945 1407
1945 1408
1945 1410
1945 1412
1945 1418
1945 1423
1945 1424
1945 1431
1945 1436
1945 1442
1945 1449
1945 1454
1945 1470
1945 1479
1945 1480
1945 1483
1945 1485
1945 1488
1945 1497
1945 1503
1945 1505
1945 1517
1945 1524
1945 1525
1945 1530
1945 1537
1945 1541
1945 1545
1945 1549
1945 1550
1945 1551
1945 1552
1945 1563
1945 1567
1945 1569
1945 1574
1945 1581
1945 1587
1945 1590
1945 1594
1945 1596
1945 1603
1945 1613
1945 1614
1945 1619
1945 1624
1945 1629
1945 1633
1945 1634
1945 1638
1945 1645
1945 1650
1945 1657
1945 1658
1945 1659
1945 1664
1945 1669
1945 1670
1945 1677
1945 1680
1945 1684
1945 1685
1945 1689
1945 1695
1945 1701
1945 1702
1945 1704
1945 1706
1945 1710
1945 1711
1945 1713
1945 1717
1945 1729
1945 1730
1945 1731
1945 1735
1945 1740
1945 1751
1945 1756
1945 1763
1945 1764
1945 1769
1945 1771
1945 1776
1945 1777
1945 1781
1945 1788
1945 1799
1945 1804
1945 1806
1945 1807
1945 1809
1945 1811
1945 1815
1945 1820
1945 1822
1945 1823
1945 1830
1945 1834
1945 1837
1945 1838
1945 1845
1945 1852
1945 1854
1945 1874
1945 1878
1945 1880
1945 1899
1945 1902
1945 1906
1945 1916
1945 1918
1945 1922
1945 1938
1945 1939
1945 1943
1945 1949
1945 1965
1945 1966
1945 1967
1945 1971
1945 1978
1945 1979
1945 1992
1945 1998
1945 2010
1945 2020
1945 2027
1945 2031
1945 2035
1945 2039
1945 2043
1945 2047
1945 2051
1945 2052
1945 2055
1945 2058
1945 2059
1945 2060
1945 2063
1945 2068
1945 2071
1945 2074
1945 2081
1945 2082
1945 2083
1945 2090
1945 2095
1945 2096
1945 2103
1945 2111
1945 2116
1945 2119
1945 2122
1945 2125
1945 2131
1945 2146
1945 2147
1945 2158
1945 2170
1945 2171
1945 2175
1945 2179
1945 2190
1945 2199
307 6
307 17
307 23
307 30
307 31
307 33
307 39
307 47
307 51
307 55
307 60
307 80
307 86
307 97
307 110
307 111
307 112
307 114
307 117
307 120
307 123
307 127
307 128
307 129
307 133
307 134
307 136
307 139
307 140
307 141
307 148
307 155
307 158
307 162
307 164
307 165
307 168
307 169
307 170
307 173
307 180
307 187
307 189
307 202
307 204
307 216
307 217
307 224
307 226
307 233
307 235
307 241
307 242
307 248
307 253
307 255
307 257
307 258
307 260
307 262
307 279
307 290
307 291
307 294
307 296
307 301
307 302
307 312
307 314
307 315
307 316
307 319
307 325
307 331
307 344
307 347
307 354
307 359
307 360
307 362
307 372
307 378
307 380
307 384
307 386
307 387
307 390
307 391
307 402
307 405
307 414
307 417
307 420
307 434
307 436
307 443
307 444
307 446
307 449
307 450
307 456
307 459
307 462
307 464
307 465
307 466
307 469
307 471
307 472
307 473
307 480
307 488
307 493
307 495
307 508
307 512
307 521
307 522
307 524
307 537
307 538
307 541
307 546
307 548
307 549
307 552
307 558
307 564
307 565
307 566
307 570
307 578
307 582
307 587
307 594
307 595
307 606
307 614
307 621
307 630
307 633
307 648
307 657
307 658
307 664
307 666
307 671
307 677
307 679
307 688
307 695
307 706
307 710
307 715
307 721
307 731
307 734
307 737
307 741
307 750
307 752
307 757
307 761
307 775
307 779
307 780
307 788
307 793
307 798
307 812
307 814
307 818
307 825
307 826
307 827
307 829
307 834
307 844
307 847
307 848
307 850
307 855
307 857
307 864
307 865
307 870
307 876
307 877
307 878
307 879
307 880
307 884
307 887
307 888
307 894
307 897
307 908
307 915
307 918
307 929
307 940
307 946
307 951
307 953
307 960
307 965
307 968
307 976
307 987
307 990
307 991
307 994
307 1007
307 1010
307 1012
307 1018
307 1021
307 1031
307 1034
307 1035
307 1037
307 1044
307 1045
307 1048
307 1049
307 1056
307 1063
307 1072
307 1089
307 1101
307 1103
307 1112
307 1121
307 1122
307 1128
307 1130
307 1144
307 1152
307 1154
307 1164
307 1167
307 1173
307 1182
307 1184
307 1195
307 1205
307 1211
307 1218
307 1219
307 1220
307 1221
307 1223
307 1225
307 1233
307 1235
307 1237
307 1241
307 1242
307 1245
307 1255
307 1257
307 1261
307 1262
307 1264
307 1266
307 1267
307 1276
307 1285
307 1289
307 1302
307 1303
307 1304
307 1305
307 1307
307 1314
307 1316
307 1317
307 1322
307 1325
307 1328
307 1332
307 1335
307 1341
307 1344
307 1362
307 1365
307 1370
307 1373
307 1374
307 1377
307 1378
307 1390
307 1391
307 1393
307 1394
307 1401
307 1402
307 1403
307 1410
307 1411
307 1412
307 1416
307 1422
307 1423
307 1424
307 1429
307 1431
307 1436
307 1437
307 1438
307 1441
307 1459
307 1469
307 1473
307 1478
307 1482
307 1483
307 1489
307 1490
307 1493
307 1494
307 1503
307 1507
307 1522
307 1532
307 1533
307 1540
307 1541
307 1543
307 1552
307 1554
307 1560
307 1564
307 1572
307 1574
307 1578
307 1581
307 1590
307 1599
307 1618
307 1620
307 1626
307 1633
307 1637
307 1642
307 1649
307 1651
307 1662
307 1663
307 1665
307 1691
307 1692
307 1696
307 1697
307 1716
307 1717
307 1719
307 1720
307 1726
307 1727
307 1731
307 1732
307 1733
307 1736
307 1738
307 1739
307 1740
307 1741
307 1744
307 1759
307 1762
307 1764
307 1766
307 1770
307 1771
307 1773
307 1774
307 1782
307 1784
307 1795
307 1800
307 1807
307 1813
307 1816
307 1822
307 1824
307 1829
307 1830
307 1831
307 1846
307 1857
307 1874
307 1875
307 1880
307 1885
307 1886
307 1893
307 1895
307 1901
307 1908
307 1910
307 1912
307 1913
307 1920
307 1926
307 1927
307 1930
307 1937
307 1942
307 1944
307 1947
307 1948
307 1957
307 1964
307 1967
307 1972
307 1974
307 1981
307 1985
307 1987
307 1988
307 1989
307 2000
307 2006
307 2038
307 2045
307 2051
307 2055
307 2057
307 2059
307 2064
307 2074
307 2078
307 2080
307 2086
307 2090
307 2098
307 2104
307 2105
307 2108
307 2109
307 2114
307 2129
307 2131
307 2136
307 2146
307 2151
307 2157
307 2173
307 2179
307 2180
307 2189
307 2194
307 2197
307 2200
563 14
563 15
563 24
563 26
563 29
563 37
563 40
563 45
563 46
563 47
563 55
563 56
563 57
563 59
563 60
563 61
563 63
563 65
563 75
563 81
563 86
563 93
563 95
563 97
563 98
563 104
563 112
563 116
563 125
563 129
563 140
563 141
563 147
563 148
563 158
563 163
563 167
563 171
563 174
563 175
563 181
563 189
563 190
563 194
563 199
563 202
563 206
563 208
563 213
563 215
563 224
563 228
563 238
563 253
563 255
563 263
563 266
563 267
563 276
563 277
563 282
563 284
563 286
563 289
563 295
563 303
563 306
563 308
563 312
563 321
563 330
563 334
563 337
563 339
563 341
563 347
563 351
563 352
563 357
563 359
563 367
563 372
563 376
563 380
563 381
563 385
563 386
563 399
563 404
563 421
563 447
563 454
563 464
563 465
563 477
563 483
563 504
563 507
563 508
563 509
563 515
563 517
563 519
563 528
563 533
563 537
563 539
563 542
563 544
563 557
563 570
563 576
563 580
563 585
563 594
563 595
563 597
563 599
563 600
563 603
563 608
563 610
563 618
563 628
563 629
563 634
563 638
563 642
563 643
563 645
563 651
563 654
563 655
563 657
563 664
563 668
563 672
563 675
563 676
563 682
563 702
563 703
563 707
563 711
563 715
563 739
563 742
563 754
563 756
563 760
563 761
563 765
563 776
563 778
563 785
563 795
563 796
563 799
563 802
563 815
563 816
563 817
563 822
563 827
563 828
563 833
563 835
563 846
563 871
563 872
563 873
563 874
563 876
563 877
563 880
563 881
563 884
563 886
563 889
563 891
563 902
563 906
563 909
563 911
563 914
563 915
563 917
563 925
563 933
563 936
563 940
563 941
563 946
563 949
563 954
563 966
563 967
563 972
563 984
563 988
563 990
563 992
563 994
563 1002
563 1004
563 1013
563 1014
563 1016
563 1018
563 1019
563 1026
563 1027
563 1044
563 1045
563 1054
563 1058
563 1060
563 1061
563 1062
563 1063
563 1065
563 1069
563 1070
563 1078
563 1080
563 1091
563 1093
563 1095
563 1096
563 1099
563 1107
563 1108
563 1111
563 1112
563 1118
563 1129
563 1132
563 1133
563 1136
563 1146
563 1153
563 1154
563 1155
563 1157
563 1159
563 1161
563 1173
563 1183
563 1190
563 1191
563 1193
563 1196
563 1197
563 1201
563 1203
563 1204
563 1205
563 1209
563 1213
563 1225
563 1227
563 1229
563 1230
563 1234
563 1240
563 1248
563 1253
563 1255
563 1261
563 1271
563 1275
563 1277
563 1281
563 1284
563 1289
563 1290
563 1293
563 1294
563 1295
563 1299
563 1302
563 1309
563 1311
563 1318
563 1329
563 1336
563 1338
563 1344
563 1364
563 1379
563 1380
563 1385
563 1398
563 1403
563 1410
563 1415
563 1422
563 1425
563 1431
563 1442
563 1444
563 1458
563 1460
563 1467
563 1477
563 1481
563 1485
563 1486
563 1488
563 1494
563 1496
563 1504
563 1508
563 1524
563 1525
563 1533
563 1546
563 1551
563 1559
563 1564
563 1565
563 1571
563 1580
563 1587
563 1591
563 1592
563 1593
563 1596
563 1600
563 1605
563 1606
563 1608
563 1612
563 1622
563 1623
563 1625
563 1628
563 1629
563 1634
563 1641
563 1642
563 1646
563 1648
563 1653
563 1671
563 1686
563 1693
563 1695
563 1700
563 1710
563 1714
563 1715
563 1728
563 1729
563 1732
563 1733
563 1745
563 1746
563 1754
563 1756
563 1764
563 1767
563 1771
563 1775
563 1776
563 1777
563 1778
563 1782
563 1783
563 1785
563 1789
563 1792
563 1793
563 1810
563 1813
563 1820
563 1827
563 1837
563 1842
563 1846
563 1848
563 1860
563 1863
563 1871
563 1881
563 1891
563 1894
563 1904
563 1911
563 1914
563 1932
563 1936
563 1937
563 1939
563 1944
563 1946
563 1947
563 1952
563 1958
563 1959
563 1964
563 1967
563 1968
563 1969
563 1975
563 1977
563 1979
563 1981
563 1984
563 1998
563 2000
563 2008
563 2012
563 2013
563 2014
563 2017
563 2031
563 2040
563 2044
563 2048
563 2051
563 2052
563 2063
563 2066
563 2070
563 2071
563 2081
563 2086
563 2090
563 2094
563 2098
563 2108
563 2110
563 2114
563 2123
563 2125
563 2129
563 2131
563 2139
563 2141
563 2143
563 2156
563 2167
563 2175
563 2181
563 2183
563 2185
563 2186
563 2187
563 2188
563 2190
563 2191
563 2196
563 2198
563 2200
1997 8
1997 10
1997 31
1997 36
1997 38
1997 44
1997 45
1997 46
1997 61
1997 65
1997 71
1997 77
1997 79
1997 85
1997 86
1997 88
1997 96
1997 101
1997 104
1997 107
1997 110
1997 111
1997 116
1997 119
1997 121
1997 123
1997 124
1997 128
1997 132
1997 134
1997 138
1997 140
1997 149
1997 151
1997 160
1997 164
1997 165
1997 175
1997 176
1997 182
1997 199
1997 208
1997 213
1997 214
1997 217
1997 221
1997 229
1997 231
1997 239
1997 245
1997 251
1997 259
1997 261
1997 290
1997 293
1997 297
1997 305
1997 306
1997 314
1997 315
1997 318
1997 320
1997 324
1997 326
1997 335
1997 342
1997 349
1997 352
1997 368
1997 372
1997 375
1997 376
1997 383
1997 402
1997 406
1997 408
1997 415
1997 422
1997 431
1997 434
1997 445
1997 446
1997 454
1997 465
1997 473
1997 479
1997 490
1997 494
1997 496
1997 497
1997 498
1997 500
1997 501
1997 502
1997 525
1997 526
1997 536
1997 539
1997 540
1997 545
1997 547
1997 548
1997 549
1997 550
1997 552
1997 553
1997 554
1997 555
1997 560
1997 562
1997 564
1997 569
1997 570
1997 575
1997 576
1997 577
1997 587
1997 590
1997 596
1997 601
1997 608
1997 611
1997 612
1997 618
1997 621
1997 623
1997 624
1997 625
1997 628
1997 633
1997 637
1997 640
1997 646
1997 647
1997 652
1997 657
1997 660
1997 667
1997 670
1997 671
1997 672
1997 673
1997 676
1997 688
1997 695
1997 702
1997 709
1997 715
1997 720
1997 726
1997 734
1997 735
1997 736
1997 742
1997 745
1997 749
1997 752
1997 755
1997 756
1997 762
1997 766
1997 771
1997 772
1997 776
1997 786
1997 793
1997 800
1997 804
1997 817
1997 818
1997 821
1997 823
1997 831
1997 832
1997 833
1997 834
1997 837
1997 841
1997 843
1997 847
1997 853
1997 857
1997 861
1997 864
1997 866
1997 879
1997 883
1997 890
1997 891
1997 892
1997 895
1997 900
1997 902
1997 904
1997 910
1997 931
1997 935
1997 938
1997 941
1997 942
1997 949
1997 950
1997 952
1997 958
1997 961
1997 965
1997 971
1997 977
1997 980
1997 999
1997 1001
1997 1003
1997 1004
1997 1007
1997 1009
1997 1014
1997 1015
1997 1020
1997 1025
1997 1026
1997 1030
1997 1031
1997 1034
1997 1035
1997 1050
1997 1057
1997 1067
1997 1068
1997 1076
1997 1087
1997 1089
1997 1093
1997 1099
1997 1101
1997 1107
1997 1110
1997 1112
1997 1118
1997 1120
1997 1122
1997 1125
1997 1126
1997 1135
1997 1141
1997 1146
1997 1147
1997 1149
1997 1151
1997 1156
1997 1160
1997 1163
1997 1167
1997 1170
1997 1172
1997 1183
1997 1185
1997 1186
1997 1189
1997 1190
1997 1193
1997 1200
1997 1203
1997 1217
1997 1227
1997 1231
1997 1242
1997 1246
1997 1247
1997 1249
1997 1260
1997 1262
1997 1263
1997 1265
1997 1267
1997 1274
1997 1275
1997 1278
1997 1288
1997 1295
1997 1300
1997 1309
1997 1312
1997 1314
1997 1316
1997 1328
1997 1332
1997 1338
1997 1340
1997 1343
1997 1349
1997 1364
1997 1365
1997 1366
1997 1367
1997 1370
1997 1374
1997 1380
1997 1407
1997 1414
1997 1416
1997 1420
1997 1425
1997 1427
1997 1434
1997 1437
1997 1454
1997 1459
1997 1460
1997 1468
1997 1482
1997 1487
1997 1492
1997 1493
1997 1500
1997 1513
1997 1514
1997 1515
1997 1517
1997 1519
1997 1520
1997 1526
1997 1539
1997 1540
1997 1557
1997 1558
1997 1569
1997 1572
1997 1573
1997 1576
1997 1586
1997 1590
1997 1600
1997 1603
1997 1607
1997 1614
1997 1617
1997 1620
1997 1625
1997 1628
1997 1634
1997 1636
1997 1642
1997 1650
1997 1655
1997 1671
1997 1680
1997 1684
1997 1686
1997 1690
1997 1695
1997 1698
1997 1699
1997 1705
1997 1710
1997 1713
1997 1721
1997 1728
1997 1735
1997 1744
1997 1745
1997 1748
1997 1749
1997 1756
1997 1764
1997 1767
1997 1782
1997 1788
1997 1792
1997 1793
1997 1796
1997 1802
1997 1804
1997 1811
1997 1813
1997 1818
1997 1824
1997 1827
1997 1831
1997 1832
1997 1833
1997 1841
1997 1842
1997 1848
1997 1850
1997 1852
1997 1856
1997 1865
1997 1870
1997 1889
1997 1895
1997 1901
1997 1903
1997 1908
1997 1914
1997 1922
1997 1929
1997 1930
1997 1931
1997 1934
1997 1935
1997 1936
1997 1937
1997 1946
1997 1949
1997 1955
1997 1958
1997 1973
1997 1986
1997 1997
1997 1999
1997 2000
1997 2001
1997 2005
1997 2010
1997 2011
1997 2015
1997 2026
1997 2033
1997 2038
1997 2051
1997 2058
1997 2059
1997 2060
1997 2062
1997 2063
1997 2066
1997 2076
1997 2083
1997 2094
1997 2097
1997 2100
1997 2108
1997 2111
1997 2112
1997 2117
1997 2155
1997 2157
1997 2164
1997 2168
1997 2169
1997 2178
1997 2186
1997 2190
1997 2192
1997 2195
737 13
737 15
737 20
737 21
737 24
737 29
737 30
737 44
737 48
737 52
737 60
737 61
737 62
737 74
737 79
737 82
737 95
737 105
737 106
737 107
737 110
737 117
737 121
737 128
737 134
737 135
737 137
737 140
737 148
737 150
737 160
737 165
737 169
737 178
737 187
737 188
737 191
737 193
737 196
737 210
737 211
737 215
737 226
737 235
737 237
737 240
737 246
737 248
737 251
737 253
737 257
737 258
737 259
737 260
737 266
737 277
737 278
737 280
737 282
737 283
737 285
737 292
737 296
737 299
737 303
737 313
737 320
737 322
737 324
737 334
737 338
737 341
737 346
737 354
737 357
737 362
737 367
737 372
737 378
737 384
737 387
737 390
737 398
737 400
737 402
737 403
737 408
737 410
737 413
737 415
737 417
737 432
737 436
737 440
737 441
737 443
737 445
737 449
737 455
737 457
737 458
737 471
737 472
737 475
737 476
737 480
737 481
737 491
737 496
737 498
737 504
737 511
737 515
737 518
737 521
737 528
737 532
737 538
737 547
737 552
737 554
737 559
737 577
737 596
737 601
737 603
737 606
737 620
737 622
737 623
737 624
737 625
737 627
737 632
737 633
737 639
737 642
737 646
737 656
737 661
737 674
737 682
737 684
737 690
737 701
737 703
737 707
737 717
737 721
737 731
737 746
737 748
737 750
737 756
737 760
737 773
737 775
737 788
737 795
737 802
737 804
737 812
737 815
737 820
737 844
737 852
737 854
737 860
737 861
737 863
737 870
737 883
737 889
737 893
737 895
737 899
737 918
737 928
737 929
737 930
737 936
737 939
737 940
737 958
737 962
737 964
737 972
737 973
737 977
737 978
737 979
737 980
737 1007
737 1009
737 1012
737 1021
737 1026
737 1029
737 1051
737 1055
737 1059
737 1071
737 1077
737 1090
737 1091
737 1099
737 1109
737 1113
737 1117
737 1120
737 1124
737 1126
737 1129
737 1132
737 1137
737 1142
737 1144
737 1153
737 1161
737 1164
737 1167
737 1172
737 1174
737 1175
737 1178
737 1192
737 1199
737 1200
737 1211
737 1223
737 1230
737 1231
737 1233
737 1243
737 1244
737 1247
737 1255
737 1269
737 1274
737 1275
737 1279
737 1280
737 1283
737 1295
737 1297
737 1300
737 1306
737 1310
737 1312
737 1324
737 1331
737 1336
737 1338
737 1340
737 1343
737 1346
737 1348
737 1350
737 1353
737 1355
737 1361
737 1364
737 1369
737 1380
737 1381
737 1397
737 1402
737 1404
737 1406
737 1414
737 1417
737 1433
737 1435
737 1440
737 1444
737 1455
737 1456
737 1458
737 1459
737 1460
737 1461
737 1464
737 1465
737 1466
737 1471
737 1473
737 1477
737 1480
737 1490
737 1491
737 1495
737 1497
737 1532
737 1542
737 1549
737 1551
737 1556
737 1571
737 1576
737 1579
737 1581
737 1586
737 1592
737 1595
737 1596
737 1608
737 1613
737 1615
737 1619
737 1620
737 1621
737 1625
737 1636
737 1637
737 1642
737 1654
737 1656
737 1662
737 1668
737 1670
737 1672
737 1673
737 1679
737 1680
737 1684
737 1685
737 1687
737 1691
737 1692
737 1696
737 1700
737 1714
737 1717
737 1719
737 1722
737 1726
737 1729
737 1732
737 1733
737 1735
737 1736
737 1740
737 1743
737 1747
737 1752
737 1753
737 1761
737 1762
737 1765
737 1767
737 1768
737 1770
737 1773
737 1778
737 1780
737 1786
737 1800
737 1806
737 1831
737 1835
737 1841
737 1854
737 1860
737 1864
737 1865
737 1867
737 1868
737 1869
737 1870
737 1874
737 1880
737 1884
737 1900
737 1902
737 1911
737 1913
737 1923
737 1927
737 1928
737 1929
737 1932
737 1951
737 1957
737 1965
737 1977
737 1981
737 1982
737 1988
737 1993
737 1994
737 1995
737 2005
737 2006
737 2008
737 2015
737 2020
737 2025
737 2029
737 2033
737 2040
737 2041
737 2045
737 2049
737 2058
737 2060
737 2080
737 2096
737 2098
737 2105
737 2106
737 2108
737 2110
737 2125
737 2126
737 2128
737 2129
737 2131
737 2142
737 2144
737 2152
737 2153
737 2155
737 2163
737 2165
737 2178
737 2181
737 2191
737 2195
657 11
657 14
657 18
657 25
657 34
657 53
657 57
657 58
657 69
657 79
657 86
657 90
657 102
657 109
657 117
657 125
657 135
657 142
657 149
657 151
657 152
657 161
657 165
657 171
657 172
657 177
657 181
657 182
657 184
657 188
657 190
657 191
657 192
657 193
657 200
657 203
657 209
657 215
657 216
657 221
657 225
657 226
657 237
657 247
657 249
657 273
657 275
657 286
657 288
657 291
657 292
657 297
657 301
657 302
657 304
657 306
657 309
657 312
657 315
657 316
657 327
657 328
657 330
657 334
657 335
657 350
657 354
657 355
657 370
657 372
657 384
657 385
657 386
657 388
657 395
657 400
657 402
657 404
657 410
657 430
657 437
657 438
657 445
657 447
657 449
657 451
657 453
657 454
657 455
657 461
657 464
657 474
657 481
657 491
657 493
657 510
657 512
657 517
657 520
657 522
657 523
657 528
657 537
657 540
657 541
657 542
657 548
657 550
657 562
657 563
657 565
657 568
657 569
657 570
657 573
657 585
657 588
657 590
657 594
657 595
657 600
657 603
657 612
657 620
657 623
657 628
657 636
657 639
657 643
657 647
657 657
657 659
657 670
657 683
657 685
657 687
657 693
657 699
657 701
657 702
657 705
657 710
657 713
657 717
657 718
657 723
657 724
657 727
657 730
657 734
657 736
657 748
657 750
657 753
657 768
657 772
657 783
657 784
657 787
657 794
657 796
657 800
657 804
657 808
657 813
657 816
657 817
657 820
657 824
657 828
657 829
657 836
657 841
657 842
657 843
657 844
657 848
657 851
657 854
657 858
657 859
657 867
657 869
657 872
657 875
657 877
657 880
657 882
657 885
657 886
657 888
657 889
657 907
657 908
657 921
657 922
657 923
657 925
657 926
657 927
657 933
657 936
657 938
657 961
657 963
657 967
657 968
657 973
657 977
657 983
657 985
657 986
657 997
657 1004
657 1006
657 1037
657 1042
657 1044
657 1055
657 1061
657 1067
657 1068
657 1070
657 1072
657 1073
657 1084
657 1089
657 1093
657 1094
657 1095
657 1107
657 1109
657 1119
657 1121
657 1123
657 1127
657 1128
657 1131
657 1134
657 1135
657 1139
657 1152
657 1154
657 1156
657 1159
657 1161
657 1172
657 1174
657 1177
657 1195
657 1201
657 1210
657 1215
657 1221
657 1225
657 1226
657 1242
657 1247
657 1252
657 1257
657 1259
657 1266
657 1269
657 1274
657 1277
657 1282
657 1296
657 1301
657 1312
657 1317
657 1324
657 1338
657 1353
657 1357
657 1364
657 1370
657 1373
657 1375
657 1376
657 1378
657 1379
657 1386
657 1393
657 1395
657 1407
657 1410
657 1413
657 1416
657 1424
657 1430
657 1433
657 1444
657 1449
657 1453
657 1459
657 1462
657 1463
657 1464
657 1465
657 1473
657 1483
657 1484
657 1485
657 1490
657 1494
657 1500
657 1506
657 1509
657 1511
657 1515
657 1521
657 1524
657 1526
657 1528
657 1532
657 1535
657 1541
657 1543
657 1548
657 1550
657 1553
657 1554
657 1561
657 1566
657 1568
657 1569
657 1576
657 1578
657 1580
657 1583
657 1585
657 1592
657 1593
657 1597
657 1612
657 1618
657 1631
657 1636
657 1638
657 1639
657 1643
657 1646
657 1651
657 1654
657 1658
657 1674
657 1679
657 1693
657 1697
657 1703
657 1705
657 1708
657 1712
657 1713
657 1715
657 1722
657 1724
657 1726
657 1728
657 1729
657 1734
657 1735
657 1741
657 1746
657 1749
657 1757
657 1760
657 1767
657 1769
657 1776
657 1777
657 1778
657 1784
657 1789
657 1791
657 1798
657 1806
657 1839
657 1856
657 1863
657 1870
657 1873
657 1875
657 1878
657 1882
657 1887
657 1889
657 1894
657 1896
657 1898
657 1902
657 1909
657 1910
657 1917
657 1925
657 1926
657 1929
657 1939
657 1943
657 1951
657 1954
657 1965
657 1970
657 1975
657 1980
657 1984
657 1985
657 1986
657 1990
657 1991
657 1992
657 1995
657 1997
657 2003
657 2004
657 2008
657 2025
657 2044
657 2048
657 2053
657 2059
657 2070
657 2086
657 2090
657 2095
657 2098
657 2102
657 2107
657 2114
657 2116
657 2118
657 2119
657 2131
657 2140
657 2142
657 2147
657 2148
657 2158
657 2163
657 2167
657 2180
657 2185
657 2188
657 2190
657 2191
657 2192
657 2195
657 2196
657 2197
657 2198
657 2199
1751 11
1751 14
1751 19
1751 20
1751 39
1751 54
1751 55
1751 63
1751 65
1751 70
1751 77
1751 80
1751 83
1751 84
1751 93
1751 106
1751 109
1751 110
1751 113
1751 121
1751 130
1751 133
1751 135
1751 137
1751 138
1751 147
1751 149
1751 152
1751 154
1751 155
1751 157
1751 160
1751 161
1751 172
1751 182
1751 185
1751 186
1751 192
1751 194
1751 200
1751 202
1751 204
1751 211
1751 219
1751 220
1751 226
1751 228
1751 236
1751 247
1751 252
1751 254
1751 258
1751 267
1751 273
1751 276
1751 278
1751 280
1751 284
1751 290
1751 299
1751 304
1751 306
1751 313
1751 314
1751 322
1751 328
1751 331
1751 335
1751 345
1751 347
1751 355
1751 359
1751 361
1751 367
1751 369
1751 389
1751 390
1751 394
1751 395
1751 396
1751 402
1751 403
1751 418
1751 423
1751 424
1751 427
1751 438
1751 441
1751 444
1751 448
1751 450
1751 457
1751 472
1751 478
1751 482
1751 485
1751 490
1751 499
1751 502
1751 517
1751 527
1751 529
1751 530
1751 542
1751 552
1751 556
1751 557
1751 568
1751 575
1751 580
1751 582
1751 584
1751 591
1751 601
1751 606
1751 607
1751 611
1751 619
1751 624
1751 625
1751 628
1751 634
1751 637
1751 642
1751 643
1751 644
1751 657
1751 659
1751 660
1751 662
1751 663
1751 666
1751 667
1751 674
1751 676
1751 680
1751 681
1751 686
1751 687
1751 693
1751 699
1751 700
1751 714
1751 716
1751 721
1751 729
1751 730
1751 735
1751 736
1751 749
1751 762
1751 763
1751 771
1751 772
1751 776
1751 777
1751 779
1751 786
1751 790
1751 802
1751 805
1751 815
1751 831
1751 834
1751 839
1751 844
1751 869
1751 874
1751 877
1751 883
1751 891
1751 892
1751 909
1751 910
1751 918
1751 920
1751 926
1751 935
1751 940
1751 942
1751 949
1751 951
1751 953
1751 958
1751 960
1751 962
1751 963
1751 964
1751 974
1751 976
1751 990
1751 993
1751 995
1751 997
1751 1001
1751 1002
1751 1004
1751 1018
1751 1041
1751 1047
1751 1069
1751 1071
1751 1081
1751 1082
1751 1098
1751 1099
1751 1111
1751 1116
1751 1127
1751 1137
1751 1141
1751 1148
1751 1151
1751 1155
1751 1156
1751 1179
1751 1180
1751 1187
1751 1194
1751 1196
1751 1200
1751 1201
1751 1206
1751 1213
1751 1215
1751 1217
1751 1221
1751 1222
1751 1226
1751 1231
1751 1233
1751 1235
1751 1241
1751 1242
1751 1248
1751 1250
1751 1256
1751 1261
1751 1265
1751 1271
1751 1274
1751 1281
1751 1282
1751 1285
1751 1286
1751 1287
1751 1288
1751 1291
1751 1292
1751 1298
1751 1300
1751 1302
1751 1323
1751 1337
1751 1339
1751 1345
1751 1346
1751 1351
1751 1360
1751 1361
1751 1367
1751 1368
1751 1369
1751 1372
1751 1376
1751 1389
1751 1399
1751 1401
1751 1402
1751 1404
1751 1409
1751 1412
1751 1421
1751 1424
1751 1439
1751 1440
1751 1441
1751 1443
1751 1448
1751 1454
1751 1457
1751 1458
1751 1459
1751 1461
1751 1463
1751 1464
1751 1467
1751 1470
1751 1475
1751 1497
1751 1498
1751 1507
1751 1513
1751 1524
1751 1531
1751 1532
1751 1540
1751 1554
1751 1570
1751 1577
1751 1587
1751 1593
1751 1597
1751 1601
1751 1606
1751 1630
1751 1633
1751 1641
1751 1643
1751 1644
1751 1645
1751 1647
1751 1652
1751 1655
1751 1658
1751 1663
1751 1664
1751 1667
1751 1673
1751 1681
1751 1683
1751 1688
1751 1693
1751 1703
1751 1707
1751 1710
1751 1720
1751 1722
1751 1723
1751 1732
1751 1739
1751 1741
1751 1745
1751 1748
1751 1754
1751 1759
1751 1760
1751 1761
1751 1764
1751 1769
1751 1779
1751 1787
1751 1790
1751 1809
1751 1810
1751 1833
1751 1853
1751 1856
1751 1857
1751 1860
1751 1864
1751 1866
1751 1872
1751 1874
1751 1876
1751 1883
1751 1886
1751 1897
1751 1901
1751 1906
1751 1913
1751 1915
1751 1916
1751 1922
1751 1924
1751 1931
1751 1934
1751 1935
1751 1936
1751 1939
1751 1941
1751 1942
1751 1947
1751 1949
1751 1950
1751 1957
1751 1959
1751 1961
1751 1962
1751 1963
1751 1967
1751 1969
1751 1979
1751 1985
1751 1986
1751 1992
1751 1993
1751 1995
1751 1999
1751 2012
1751 2026
1751 2028
1751 2031
1751 2040
1751 2043
1751 2049
1751 2053
1751 2055
1751 2056
1751 2058
1751 2060
1751 2068
1751 2071
1751 2074
1751 2087
1751 2093
1751 2102
1751 2104
1751 2111
1751 2112
1751 2115
1751 2121
1751 2123
1751 2126
1751 2143
1751 2145
1751 2150
1751 2151
1751 2177
1751 2182
1751 2183
1751 2186
1751 2192
1751 2194
1751 2196
379 15
379 17
379 20
379 21
379 27
379 28
379 30
379 37
379 38
379 50
379 59
379 62
379 78
379 85
379 90
379 94
379 96
379 97
379 114
379 115
379 118
379 131
379 134
379 135
379 139
379 140
379 153
379 158
379 159
379 160
379 171
379 183
379 185
379 188
379 199
379 205
379 215
379 227
379 228
379 243
379 246
379 258
379 265
379 266
379 272
379 276
379 278
379 281
379 292
379 295
379 298
379 300
379 304
379 308
379 310
379 318
379 325
379 326
379 336
379 353
379 356
379 358
379 360
379 361
379 362
379 374
379 379
379 383
379 386
379 387
379 393
379 395
379 407
379 408
379 414
379 415
379 427
379 428
379 435
379 445
379 448
379 456
379 467
379 468
379 471
379 476
379 481
379 482
379 488
379 489
379 491
379 493
379 494
379 499
379 515
379 537
379 539
379 543
379 548
379 549
379 552
379 553
379 564
379 572
379 575
379 578
379 589
379 597
379 606
379 607
379 608
379 610
379 624
379 641
379 642
379 658
379 659
379 660
379 661
379 663
379 674
379 675
379 677
379 679
379 690
379 698
379 699
379 713
379 714
379 721
379 724
379 746
379 753
379 754
379 757
379 758
379 760
379 761
379 766
379 770
379 772
379 786
379 788
379 789
379 791
379 796
379 805
379 809
379 822
379 825
379 827
379 830
379 836
379 843
379 847
379 848
379 852
379 856
379 861
379 865
379 870
379 874
379 876
379 879
379 899
379 906
379 909
379 911
379 914
379 921
379 922
379 929
379 932
379 935
379 938
379 949
379 957
379 965
379 975
379 993
379 995
379 999
379 1004
379 1007
379 1010
379 1020
379 1021
379 1022
379 1034
379 1049
379 1051
379 1053
379 1057
379 1060
379 1062
379 1067
379 1068
379 1082
379 1086
379 1094
379 1095
379 1096
379 1101
379 1102
379 1106
379 1108
379 1117
379 1125
379 1127
379 1128
379 1132
379 1135
379 1146
379 1149
379 1156
379 1161
379 1173
379 1181
379 1182
379 1186
379 1187
379 1191
379 1203
379 1208
379 1209
379 1214
379 1220
379 1224
379 1229
379 1234
379 1249
379 1252
379 1253
379 1273
379 1277
379 1286
379 1288
379 1295
379 1296
379 1301
379 1307
379 1308
379 1320
379 1325
379 1334
379 1339
379 1346
379 1348
379 1349
379 1359
379 1360
379 1362
379 1379
379 1381
379 1397
379 1399
379 1401
379 1411
379 1413
379 1416
379 1417
379 1418
379 1422
379 1427
379 1428
379 1433
379 1445
379 1448
379 1457
379 1458
379 1459
379 1463
379 1483
379 1487
379 1488
379 1497
379 1531
379 1532
379 1535
379 1540
379 1543
379 1546
379 1564
379 1565
379 1570
379 1598
379 1600
379 1611
379 1614
379 1618
379 1622
379 1623
379 1624
379 1628
379 1631
379 1633
379 1635
379 1643
379 1647
379 1648
379 1651
379 1655
379 1668
379 1675
379 1691
379 1694
379 1696
379 1697
379 1699
379 1706
379 1708
379 1713
379 1714
379 1715
379 1719
379 1721
379 1722
379 1723
379 1728
379 1730
379 1731
379 1736
379 1738
379 1744
379 1746
379 1752
379 1754
379 1765
379 1773
379 1774
379 1780
379 1782
379 1784
379 1785
379 1792
379 1793
379 1800
379 1811
379 1813
379 1819
379 1821
379 1825
379 1827
379 1838
379 1853
379 1854
379 1866
379 1867
379 1869
379 1870
379 1873
379 1877
379 1883
379 1884
379 1890
379 1894
379 1900
379 1905
379 1909
379 1914
379 1922
379 1928
379 1946
379 1947
379 1955
379 1956
379 1958
379 1961
379 1980
379 1981
379 1988
379 1993
379 1996
379 1997
379 2001
379 2004
379 2005
379 2018
379 2019
379 2032
379 2046
379 2054
379 2056
379 2059
379 2062
379 2076
379 2082
379 2088
379 2092
379 2098
379 2103
379 2108
379 2111
379 2118
379 2120
379 2135
379 2136
379 2138
379 2147
379 2151
379 2155
379 2172
379 2176
379 2190
379 2196
379 2197
379 2199
