p td 1400 3910 
535 6
535 10
535 20
535 21
535 25
535 33
535 36
535 46
535 53
535 55
535 56
535 59
535 69
535 72
535 79
535 84
535 89
535 96
535 100
535 107
535 110
535 113
535 117
535 122
535 127
535 128
535 138
535 146
535 148
535 151
535 152
535 155
535 173
535 175
535 176
535 184
535 186
535 196
535 206
535 208
535 218
535 226
535 230
535 250
535 254
535 255
535 259
535 268
535 274
535 275
535 289
535 290
535 291
535 292
535 295
535 304
535 307
535 308
535 311
535 315
535 325
535 337
535 340
535 361
535 378
535 393
535 401
535 404
535 410
535 415
535 417
535 420
535 429
535 434
535 441
535 445
535 453
535 455
535 458
535 459
535 463
535 468
535 477
535 482
535 485
535 489
535 494
535 495
535 502
535 504
535 505
535 512
535 515
535 520
535 525
535 528
535 535
535 537
535 539
535 555
535 565
535 567
535 568
535 571
535 588
535 595
535 622
535 628
535 629
535 633
535 634
535 640
535 641
535 642
535 645
535 647
535 650
535 658
535 672
535 673
535 680
535 683
535 689
535 697
535 700
535 704
535 705
535 712
535 718
535 720
535 722
535 723
535 724
535 732
535 748
535 749
535 752
535 757
535 759
535 772
535 773
535 779
535 780
535 782
535 789
535 790
535 796
535 799
535 805
535 806
535 823
535 840
535 861
535 862
535 867
535 871
535 872
535 873
535 876
535 882
535 883
535 894
535 901
535 902
535 904
535 905
535 908
535 909
535 917
535 924
535 926
535 930
535 933
535 944
535 953
535 955
535 975
535 980
535 982
535 983
535 984
535 996
535 998
535 1004
535 1008
535 1009
535 1010
535 1015
535 1042
535 1046
535 1057
535 1061
535 1066
535 1068
535 1082
535 1084
535 1087
535 1089
535 1092
535 1093
535 1106
535 1107
535 1113
535 1124
535 1125
535 1129
535 1134
535 1149
535 1163
535 1172
535 1176
535 1179
535 1182
535 1183
535 1184
535 1186
535 1189
535 1193
535 1196
535 1202
535 1203
535 1209
535 1213
535 1214
535 1215
535 1225
535 1227
535 1228
535 1232
535 1235
535 1243
535 1247
535 1251
535 1256
535 1267
535 1270
535 1274
535 1279
535 1280
535 1282
535 1285
535 1286
535 1293
535 1294
535 1297
535 1299
535 1306
535 1311
535 1333
535 1336
535 1339
535 1367
535 1369
535 1370
535 1374
535 1380
535 1383
535 1384
535 1386
535 1389
535 1390
535 1392
535 1400
1321 6
1321 15
1321 19
1321 23
1321 25
1321 27
1321 30
1321 35
1321 40
1321 42
1321 56
1321 60
1321 61
1321 63
1321 64
1321 66
1321 67
1321 74
1321 75
1321 81
1321 87
1321 88
1321 89
1321 93
1321 94
1321 98
1321 101
1321 103
1321 104
1321 107
1321 119
1321 122
1321 127
1321 139
1321 152
1321 158
1321 164
1321 171
1321 178
1321 186
1321 190
1321 191
1321 200
1321 201
1321 202
1321 208
1321 209
1321 215
1321 217
1321 219
1321 223
1321 224
1321 230
1321 235
1321 236
1321 241
1321 246
1321 248
1321 250
1321 253
1321 256
1321 267
1321 272
1321 277
1321 278
1321 280
1321 282
1321 285
1321 288
1321 301
1321 304
1321 309
1321 324
1321 328
1321 334
1321 335
1321 338
1321 357
1321 364
1321 366
1321 367
1321 368
1321 371
1321 379
1321 380
1321 384
1321 385
1321 389
1321 394
1321 396
1321 403
1321 413
1321 414
1321 415
1321 418
1321 423
1321 424
1321 430
1321 432
1321 435
1321 437
1321 442
1321 462
1321 465
1321 471
1321 473
1321 482
1321 485
1321 486
1321 493
1321 495
1321 496
1321 503
1321 517
1321 523
1321 527
1321 529
1321 531
1321 533
1321 546
1321 551
1321 552
1321 554
1321 556
1321 561
1321 564
1321 567
1321 575
1321 580
1321 582
1321 586
1321 594
1321 599
1321 601
1321 604
1321 605
1321 612
1321 614
1321 616
1321 617
1321 621
1321 633
1321 643
1321 647
1321 651
1321 657
1321 659
1321 661
1321 665
1321 668
1321 672
1321 679
1321 685
1321 689
1321 693
1321 696
1321 701
1321 713
1321 719
1321 730
1321 731
1321 735
1321 738
1321 739
1321 746
1321 748
1321 755
1321 758
1321 765
1321 779
1321 782
1321 786
1321 797
1321 799
1321 804
1321 812
1321 814
1321 815
1321 817
1321 820
1321 821
1321 823
1321 834
1321 836
1321 841
1321 848
1321 851
1321 854
1321 855
1321 863
1321 865
1321 867
1321 869
1321 877
1321 880
1321 881
1321 884
1321 888
1321 889
1321 892
1321 899
1321 911
1321 912
1321 916
1321 917
1321 921
1321 928
1321 934
1321 946
1321 958
1321 964
1321 965
1321 966
1321 968
1321 986
1321 988
1321 992
1321 1000
1321 1002
1321 1010
1321 1018
1321 1020
1321 1035
1321 1037
1321 1053
1321 1054
1321 1058
1321 1063
1321 1074
1321 1075
1321 1080
1321 1097
1321 1103
1321 1107
1321 1117
1321 1118
1321 1121
1321 1134
1321 1141
1321 1144
1321 1150
1321 1155
1321 1157
1321 1159
1321 1184
1321 1187
1321 1190
1321 1199
1321 1212
1321 1227
1321 1228
1321 1229
1321 1230
1321 1245
1321 1250
1321 1256
1321 1257
1321 1264
1321 1271
1321 1273
1321 1275
1321 1285
1321 1295
1321 1302
1321 1303
1321 1307
1321 1310
1321 1311
1321 1312
1321 1320
1321 1337
1321 1344
1321 1355
1321 1356
1321 1364
1321 1367
1321 1371
1321 1378
1321 1382
1321 1395
1321 1400
1027 2
1027 20
1027 23
1027 24
1027 27
1027 29
1027 31
1027 40
1027 43
1027 49
1027 51
1027 69
1027 74
1027 75
1027 77
1027 81
1027 85
1027 96
1027 98
1027 102
1027 106
1027 110
1027 111
1027 112
1027 119
1027 124
1027 134
1027 135
1027 136
1027 146
1027 147
1027 149
1027 158
1027 164
1027 166
1027 168
1027 170
1027 174
1027 183
1027 185
1027 186
1027 187
1027 197
1027 203
1027 207
1027 208
1027 215
1027 229
1027 240
1027 242
1027 250
1027 254
1027 258
1027 259
1027 263
1027 266
1027 267
1027 273
1027 277
1027 287
1027 292
1027 293
1027 294
1027 295
1027 299
1027 310
1027 315
1027 320
1027 327
1027 329
1027 333
1027 334
1027 338
1027 343
1027 349
1027 350
1027 353
1027 363
1027 367
1027 372
1027 379
1027 382
1027 394
1027 398
1027 402
1027 405
1027 417
1027 421
1027 430
1027 433
1027 439
1027 442
1027 445
1027 449
1027 451
1027 463
1027 467
1027 469
1027 472
1027 475
1027 476
1027 480
1027 481
1027 488
1027 495
1027 498
1027 500
1027 501
1027 504
1027 527
1027 533
1027 559
1027 579
1027 580
1027 587
1027 588
1027 595
1027 600
1027 613
1027 621
1027 628
1027 630
1027 635
1027 640
1027 641
1027 648
1027 654
1027 655
1027 657
1027 662
1027 663
1027 665
1027 677
1027 689
1027 692
1027 699
1027 700
1027 705
1027 707
1027 713
1027 714
1027 724
1027 725
1027 728
1027 730
1027 746
1027 748
1027 759
1027 764
1027 767
1027 770
1027 775
1027 788
1027 789
1027 792
1027 807
1027 819
1027 828
1027 839
1027 843
1027 849
1027 854
1027 859
1027 860
1027 861
1027 862
1027 863
1027 865
1027 870
1027 873
1027 875
1027 878
1027 879
1027 883
1027 903
1027 909
1027 918
1027 919
1027 920
1027 922
1027 924
1027 925
1027 929
1027 935
1027 942
1027 945
1027 951
1027 957
1027 961
1027 964
1027 968
1027 970
1027 982
1027 997
1027 1005
1027 1006
1027 1012
1027 1013
1027 1023
1027 1028
1027 1031
1027 1035
1027 1049
1027 1052
1027 1055
1027 1060
1027 1064
1027 1074
1027 1078
1027 1081
1027 1087
1027 1094
1027 1095
1027 1096
1027 1111
1027 1123
1027 1132
1027 1134
1027 1138
1027 1140
1027 1144
1027 1146
1027 1161
1027 1162
1027 1163
1027 1165
1027 1170
1027 1179
1027 1183
1027 1196
1027 1200
1027 1211
1027 1217
1027 1227
1027 1242
1027 1245
1027 1274
1027 1281
1027 1287
1027 1289
1027 1291
1027 1294
1027 1301
1027 1302
1027 1307
1027 1331
1027 1339
1027 1342
1027 1344
1027 1351
1027 1357
1027 1358
1027 1362
1027 1364
1027 1370
1027 1374
1027 1378
1027 1380
1027 1381
1027 1383
1027 1388
1027 1391
1027 1392
1027 1399
1027 1400
1062 13
1062 15
1062 25
1062 29
1062 39
1062 41
1062 44
1062 47
1062 53
1062 56
1062 58
1062 65
1062 68
1062 69
1062 70
1062 75
1062 76
1062 77
1062 78
1062 83
1062 87
1062 92
1062 93
1062 97
1062 109
1062 110
1062 116
1062 118
1062 119
1062 124
1062 128
1062 137
1062 146
1062 152
1062 156
1062 160
1062 161
1062 170
1062 172
1062 182
1062 185
1062 187
1062 191
1062 192
1062 193
1062 207
1062 209
1062 211
1062 212
1062 213
1062 231
1062 237
1062 239
1062 256
1062 266
1062 267
1062 269
1062 278
1062 282
1062 283
1062 292
1062 293
1062 295
1062 301
1062 305
1062 309
1062 310
1062 312
1062 316
1062 324
1062 326
1062 329
1062 331
1062 339
1062 346
1062 353
1062 354
1062 355
1062 357
1062 360
1062 362
1062 369
1062 375
1062 378
1062 380
1062 383
1062 385
1062 388
1062 391
1062 392
1062 412
1062 418
1062 419
1062 420
1062 422
1062 423
1062 425
1062 429
1062 430
1062 432
1062 435
1062 441
1062 442
1062 449
1062 452
1062 454
1062 456
1062 457
1062 463
1062 467
1062 474
1062 483
1062 491
1062 496
1062 504
1062 505
1062 513
1062 517
1062 520
1062 525
1062 535
1062 549
1062 562
1062 569
1062 570
1062 572
1062 573
1062 576
1062 582
1062 583
1062 588
1062 589
1062 590
1062 596
1062 598
1062 610
1062 616
1062 617
1062 621
1062 628
1062 630
1062 631
1062 634
1062 641
1062 646
1062 655
1062 673
1062 683
1062 685
1062 686
1062 691
1062 693
1062 695
1062 703
1062 711
1062 717
1062 725
1062 729
1062 751
1062 760
1062 770
1062 771
1062 780
1062 786
1062 787
1062 804
1062 809
1062 811
1062 815
1062 817
1062 827
1062 832
1062 836
1062 838
1062 840
1062 844
1062 852
1062 876
1062 877
1062 878
1062 880
1062 886
1062 890
1062 891
1062 898
1062 899
1062 905
1062 916
1062 921
1062 923
1062 940
1062 942
1062 946
1062 950
1062 956
1062 958
1062 964
1062 968
1062 971
1062 983
1062 997
1062 1002
1062 1006
1062 1015
1062 1022
1062 1023
1062 1027
1062 1033
1062 1036
1062 1037
1062 1038
1062 1039
1062 1045
1062 1046
1062 1051
1062 1053
1062 1054
1062 1057
1062 1065
1062 1067
1062 1068
1062 1070
1062 1077
1062 1078
1062 1083
1062 1084
1062 1087
1062 1092
1062 1095
1062 1097
1062 1098
1062 1101
1062 1102
1062 1106
1062 1110
1062 1132
1062 1134
1062 1142
1062 1144
1062 1151
1062 1152
1062 1154
1062 1157
1062 1162
1062 1167
1062 1169
1062 1172
1062 1174
1062 1180
1062 1195
1062 1202
1062 1203
1062 1209
1062 1215
1062 1217
1062 1223
1062 1225
1062 1227
1062 1231
1062 1251
1062 1253
1062 1262
1062 1279
1062 1282
1062 1287
1062 1290
1062 1295
1062 1304
1062 1310
1062 1311
1062 1313
1062 1320
1062 1325
1062 1334
1062 1357
1062 1365
1062 1367
1062 1372
1062 1376
1062 1379
1062 1380
1062 1390
1062 1393
326 1
326 2
326 4
326 5
326 9
326 18
326 20
326 22
326 30
326 36
326 42
326 46
326 51
326 56
326 66
326 68
326 77
326 86
326 101
326 102
326 103
326 107
326 111
326 117
326 121
326 122
326 125
326 126
326 130
326 133
326 137
326 141
326 147
326 152
326 155
326 156
326 161
326 167
326 172
326 174
326 179
326 181
326 190
326 191
326 193
326 195
326 203
326 204
326 208
326 211
326 213
326 216
326 222
326 224
326 225
326 226
326 229
326 230
326 236
326 239
326 242
326 255
326 262
326 283
326 288
326 292
326 295
326 297
326 299
326 309
326 317
326 318
326 327
326 329
326 336
326 340
326 342
326 345
326 347
326 350
326 352
326 358
326 367
326 373
326 375
326 395
326 401
326 414
326 416
326 425
326 439
326 441
326 456
326 457
326 460
326 461
326 474
326 479
326 485
326 490
326 499
326 501
326 509
326 523
326 537
326 554
326 558
326 559
326 561
326 564
326 565
326 566
326 570
326 573
326 578
326 583
326 589
326 595
326 596
326 598
326 606
326 607
326 613
326 626
326 646
326 647
326 649
326 651
326 652
326 654
326 672
326 677
326 680
326 681
326 683
326 685
326 691
326 693
326 702
326 704
326 714
326 726
326 729
326 733
326 740
326 742
326 744
326 747
326 754
326 756
326 764
326 769
326 770
326 771
326 776
326 780
326 783
326 793
326 794
326 795
326 798
326 805
326 812
326 816
326 818
326 822
326 827
326 837
326 838
326 840
326 842
326 850
326 852
326 854
326 865
326 869
326 874
326 888
326 889
326 900
326 906
326 911
326 913
326 915
326 921
326 926
326 933
326 935
326 963
326 982
326 984
326 988
326 991
326 995
326 997
326 998
326 999
326 1004
326 1023
326 1029
326 1032
326 1033
326 1036
326 1046
326 1047
326 1059
326 1060
326 1063
326 1064
326 1070
326 1079
326 1080
326 1083
326 1086
326 1099
326 1102
326 1104
326 1105
326 1109
326 1117
326 1120
326 1121
326 1122
326 1132
326 1139
326 1143
326 1144
326 1149
326 1157
326 1160
326 1172
326 1173
326 1175
326 1187
326 1189
326 1199
326 1202
326 1204
326 1213
326 1222
326 1228
326 1229
326 1237
326 1243
326 1246
326 1249
326 1257
326 1260
326 1264
326 1272
326 1277
326 1279
326 1284
326 1286
326 1290
326 1294
326 1300
326 1301
326 1302
326 1303
326 1309
326 1312
326 1316
326 1317
326 1321
326 1323
326 1329
326 1330
326 1331
326 1334
326 1341
326 1356
326 1364
326 1367
326 1374
326 1378
326 1383
326 1384
326 1386
326 1394
423 2
423 4
423 15
423 21
423 22
423 27
423 30
423 31
423 34
423 35
423 41
423 46
423 47
423 51
423 53
423 63
423 65
423 67
423 68
423 69
423 76
423 79
423 80
423 81
423 84
423 91
423 94
423 100
423 105
423 119
423 127
423 128
423 129
423 131
423 138
423 139
423 142
423 148
423 151
423 152
423 162
423 164
423 165
423 168
423 170
423 173
423 177
423 189
423 191
423 201
423 205
423 209
423 215
423 219
423 220
423 221
423 223
423 230
423 231
423 232
423 235
423 240
423 252
423 257
423 265
423 270
423 298
423 303
423 305
423 308
423 313
423 319
423 325
423 335
423 338
423 339
423 342
423 350
423 356
423 360
423 361
423 362
423 365
423 378
423 387
423 394
423 395
423 402
423 405
423 409
423 413
423 416
423 424
423 426
423 427
423 434
423 436
423 438
423 441
423 445
423 449
423 450
423 452
423 454
423 464
423 476
423 480
423 483
423 484
423 496
423 498
423 512
423 513
423 516
423 521
423 524
423 527
423 537
423 544
423 548
423 551
423 552
423 555
423 556
423 557
423 558
423 562
423 563
423 572
423 578
423 582
423 583
423 586
423 590
423 591
423 595
423 600
423 605
423 608
423 610
423 616
423 625
423 626
423 631
423 632
423 638
423 641
423 642
423 645
423 648
423 651
423 653
423 654
423 657
423 666
423 673
423 674
423 675
423 679
423 707
423 709
423 715
423 719
423 726
423 729
423 732
423 733
423 734
423 737
423 739
423 747
423 750
423 752
423 755
423 757
423 758
423 762
423 763
423 764
423 773
423 778
423 785
423 787
423 801
423 802
423 805
423 808
423 809
423 811
423 815
423 817
423 819
423 820
423 825
423 827
423 830
423 835
423 842
423 845
423 846
423 860
423 863
423 866
423 868
423 873
423 876
423 887
423 890
423 895
423 897
423 901
423 904
423 922
423 925
423 936
423 944
423 945
423 947
423 951
423 953
423 959
423 961
423 963
423 970
423 972
423 978
423 980
423 981
423 986
423 987
423 988
423 997
423 1003
423 1004
423 1008
423 1018
423 1021
423 1023
423 1027
423 1040
423 1041
423 1048
423 1057
423 1060
423 1061
423 1070
423 1078
423 1080
423 1084
423 1087
423 1093
423 1096
423 1100
423 1104
423 1108
423 1115
423 1123
423 1127
423 1131
423 1137
423 1153
423 1154
423 1168
423 1169
423 1171
423 1175
423 1178
423 1179
423 1180
423 1184
423 1188
423 1194
423 1198
423 1199
423 1200
423 1206
423 1210
423 1214
423 1215
423 1231
423 1232
423 1239
423 1257
423 1261
423 1268
423 1271
423 1272
423 1282
423 1287
423 1299
423 1300
423 1301
423 1305
423 1310
423 1314
423 1322
423 1325
423 1326
423 1330
423 1336
423 1341
423 1345
423 1348
423 1351
423 1355
423 1362
423 1363
423 1368
423 1376
423 1381
423 1386
423 1395
1069 3
1069 4
1069 5
1069 14
1069 15
1069 28
1069 30
1069 31
1069 33
1069 35
1069 36
1069 38
1069 42
1069 57
1069 58
1069 71
1069 79
1069 80
1069 83
1069 84
1069 89
1069 104
1069 106
1069 108
1069 119
1069 124
1069 130
1069 132
1069 156
1069 165
1069 167
1069 176
1069 178
1069 181
1069 188
1069 197
1069 200
1069 202
1069 211
1069 218
1069 223
1069 229
1069 239
1069 245
1069 251
1069 253
1069 260
1069 263
1069 267
1069 268
1069 273
1069 274
1069 275
1069 279
1069 283
1069 293
1069 300
1069 311
1069 313
1069 318
1069 321
1069 327
1069 331
1069 336
1069 337
1069 342
1069 345
1069 346
1069 356
1069 358
1069 368
1069 371
1069 386
1069 395
1069 396
1069 400
1069 401
1069 406
1069 407
1069 434
1069 440
1069 456
1069 457
1069 459
1069 467
1069 469
1069 473
1069 475
1069 480
1069 482
1069 490
1069 492
1069 493
1069 494
1069 496
1069 518
1069 524
1069 526
1069 529
1069 530
1069 533
1069 547
1069 550
1069 556
1069 564
1069 566
1069 573
1069 577
1069 584
1069 585
1069 586
1069 590
1069 604
1069 606
1069 611
1069 614
1069 618
1069 620
1069 623
1069 629
1069 635
1069 647
1069 651
1069 652
1069 653
1069 655
1069 657
1069 661
1069 667
1069 685
1069 699
1069 708
1069 712
1069 723
1069 730
1069 731
1069 735
1069 755
1069 758
1069 761
1069 762
1069 774
1069 778
1069 780
1069 784
1069 785
1069 788
1069 800
1069 801
1069 805
1069 814
1069 820
1069 822
1069 826
1069 833
1069 836
1069 848
1069 853
1069 859
1069 860
1069 861
1069 870
1069 873
1069 875
1069 876
1069 880
1069 883
1069 886
1069 892
1069 897
1069 904
1069 913
1069 920
1069 924
1069 927
1069 929
1069 953
1069 957
1069 962
1069 964
1069 967
1069 969
1069 973
1069 975
1069 989
1069 996
1069 1001
1069 1002
1069 1004
1069 1005
1069 1010
1069 1016
1069 1019
1069 1030
1069 1034
1069 1038
1069 1040
1069 1041
1069 1042
1069 1050
1069 1058
1069 1060
1069 1061
1069 1066
1069 1071
1069 1073
1069 1077
1069 1087
1069 1090
1069 1092
1069 1094
1069 1102
1069 1105
1069 1109
1069 1113
1069 1115
1069 1122
1069 1125
1069 1129
1069 1139
1069 1142
1069 1144
1069 1155
1069 1157
1069 1160
1069 1164
1069 1173
1069 1174
1069 1177
1069 1183
1069 1191
1069 1196
1069 1200
1069 1210
1069 1225
1069 1229
1069 1232
1069 1233
1069 1235
1069 1247
1069 1251
1069 1255
1069 1259
1069 1261
1069 1262
1069 1265
1069 1266
1069 1267
1069 1270
1069 1271
1069 1276
1069 1277
1069 1278
1069 1282
1069 1299
1069 1303
1069 1307
1069 1309
1069 1313
1069 1317
1069 1321
1069 1331
1069 1335
1069 1339
1069 1345
1069 1349
1069 1350
1069 1351
1069 1353
1069 1354
1069 1356
1069 1359
1069 1360
1069 1362
1069 1363
1069 1371
1069 1373
1069 1385
1069 1387
1069 1395
1069 1397
271 2
271 6
271 8
271 11
271 12
271 17
271 30
271 33
271 38
271 41
271 44
271 48
271 50
271 56
271 59
271 63
271 70
271 76
271 77
271 79
271 85
271 88
271 90
271 94
271 95
271 97
271 100
271 105
271 109
271 112
271 114
271 116
271 125
271 132
271 140
271 142
271 144
271 150
271 156
271 159
271 165
271 172
271 175
271 181
271 182
271 187
271 189
271 191
271 197
271 198
271 199
271 200
271 205
271 211
271 217
271 219
271 221
271 238
271 241
271 245
271 252
271 255
271 260
271 265
271 266
271 268
271 273
271 275
271 277
271 280
271 285
271 289
271 291
271 294
271 302
271 303
271 304
271 305
271 308
271 310
271 311
271 312
271 330
271 336
271 342
271 343
271 347
271 349
271 372
271 374
271 376
271 377
271 380
271 382
271 383
271 385
271 386
271 387
271 393
271 395
271 400
271 406
271 414
271 420
271 436
271 451
271 468
271 472
271 484
271 494
271 516
271 517
271 519
271 526
271 533
271 535
271 547
271 549
271 552
271 558
271 563
271 566
271 577
271 585
271 589
271 600
271 602
271 612
271 613
271 616
271 617
271 621
271 628
271 629
271 632
271 633
271 640
271 644
271 648
271 650
271 653
271 664
271 669
271 672
271 675
271 707
271 713
271 722
271 743
271 759
271 764
271 767
271 771
271 772
271 775
271 779
271 787
271 794
271 801
271 824
271 829
271 832
271 837
271 844
271 851
271 856
271 861
271 862
271 882
271 885
271 887
271 893
271 915
271 916
271 917
271 918
271 938
271 939
271 942
271 943
271 947
271 952
271 958
271 960
271 961
271 963
271 965
271 970
271 973
271 974
271 980
271 986
271 987
271 988
271 1008
271 1016
271 1023
271 1029
271 1038
271 1042
271 1045
271 1046
271 1063
271 1068
271 1077
271 1083
271 1089
271 1092
271 1095
271 1100
271 1101
271 1106
271 1120
271 1121
271 1128
271 1139
271 1141
271 1143
271 1159
271 1166
271 1169
271 1170
271 1171
271 1173
271 1174
271 1176
271 1177
271 1179
271 1181
271 1183
271 1185
271 1190
271 1193
271 1196
271 1197
271 1198
271 1200
271 1201
271 1204
271 1211
271 1212
271 1217
271 1221
271 1230
271 1240
271 1243
271 1245
271 1250
271 1264
271 1266
271 1268
271 1270
271 1276
271 1278
271 1282
271 1286
271 1289
271 1292
271 1297
271 1298
271 1302
271 1304
271 1305
271 1306
271 1307
271 1308
271 1314
271 1322
271 1342
271 1349
271 1356
271 1357
271 1364
271 1368
271 1369
271 1370
271 1373
271 1378
271 1384
271 1385
271 1387
271 1389
271 1392
271 1398
481 5
481 10
481 11
481 12
481 14
481 21
481 25
481 28
481 33
481 38
481 39
481 53
481 55
481 56
481 60
481 61
481 62
481 64
481 71
481 76
481 78
481 83
481 87
481 88
481 93
481 95
481 97
481 98
481 102
481 103
481 109
481 118
481 134
481 139
481 141
481 143
481 146
481 151
481 160
481 161
481 175
481 177
481 178
481 183
481 185
481 187
481 197
481 209
481 210
481 212
481 215
481 219
481 220
481 224
481 232
481 235
481 238
481 244
481 246
481 249
481 251
481 256
481 266
481 267
481 270
481 271
481 276
481 277
481 278
481 283
481 286
481 287
481 295
481 308
481 323
481 324
481 326
481 328
481 339
481 341
481 348
481 355
481 356
481 357
481 359
481 365
481 372
481 373
481 375
481 379
481 386
481 387
481 392
481 398
481 406
481 410
481 413
481 428
481 429
481 430
481 431
481 435
481 438
481 440
481 444
481 448
481 453
481 456
481 457
481 462
481 463
481 468
481 473
481 488
481 492
481 493
481 498
481 507
481 510
481 527
481 531
481 532
481 539
481 541
481 545
481 548
481 551
481 555
481 558
481 560
481 574
481 576
481 578
481 585
481 589
481 592
481 605
481 606
481 616
481 617
481 619
481 621
481 622
481 624
481 627
481 632
481 634
481 636
481 644
481 645
481 647
481 649
481 650
481 669
481 670
481 674
481 676
481 680
481 694
481 699
481 703
481 706
481 708
481 711
481 713
481 714
481 720
481 726
481 728
481 747
481 763
481 764
481 771
481 774
481 775
481 779
481 780
481 783
481 788
481 790
481 795
481 798
481 803
481 809
481 812
481 816
481 821
481 831
481 832
481 841
481 845
481 854
481 857
481 860
481 866
481 895
481 902
481 921
481 926
481 927
481 928
481 929
481 930
481 936
481 942
481 950
481 968
481 973
481 974
481 975
481 980
481 985
481 990
481 994
481 996
481 1004
481 1006
481 1025
481 1030
481 1031
481 1033
481 1034
481 1037
481 1038
481 1048
481 1055
481 1056
481 1062
481 1070
481 1072
481 1073
481 1074
481 1081
481 1094
481 1097
481 1119
481 1121
481 1122
481 1123
481 1129
481 1147
481 1148
481 1150
481 1158
481 1159
481 1160
481 1161
481 1170
481 1180
481 1182
481 1183
481 1193
481 1195
481 1207
481 1213
481 1219
481 1220
481 1226
481 1227
481 1232
481 1242
481 1245
481 1252
481 1255
481 1263
481 1264
481 1266
481 1269
481 1270
481 1271
481 1276
481 1282
481 1288
481 1290
481 1297
481 1303
481 1305
481 1306
481 1310
481 1311
481 1315
481 1317
481 1322
481 1325
481 1326
481 1327
481 1330
481 1335
481 1349
481 1352
481 1354
481 1355
481 1375
481 1377
481 1380
481 1383
481 1388
481 1390
481 1392
481 1395
481 1398
18 6
18 7
18 16
18 24
18 28
18 36
18 42
18 46
18 57
18 81
18 88
18 97
18 101
18 103
18 106
18 107
18 110
18 112
18 114
18 116
18 135
18 137
18 154
18 161
18 163
18 188
18 191
18 195
18 198
18 206
18 207
18 211
18 221
18 222
18 227
18 228
18 229
18 235
18 236
18 237
18 245
18 247
18 248
18 263
18 265
18 266
18 274
18 278
18 286
18 290
18 301
18 311
18 317
18 324
18 326
18 328
18 329
18 336
18 340
18 343
18 345
18 349
18 355
18 366
18 370
18 374
18 377
18 380
18 382
18 388
18 391
18 393
18 405
18 407
18 415
18 418
18 420
18 432
18 435
18 437
18 438
18 439
18 444
18 448
18 453
18 454
18 456
18 464
18 488
18 490
18 497
18 507
18 508
18 515
18 516
18 525
18 527
18 541
18 542
18 552
18 556
18 559
18 564
18 568
18 570
18 574
18 591
18 592
18 606
18 611
18 614
18 620
18 623
18 635
18 638
18 645
18 654
18 675
18 678
18 680
18 686
18 687
18 689
18 693
18 694
18 698
18 708
18 710
18 713
18 718
18 728
18 730
18 732
18 736
18 740
18 750
18 757
18 772
18 785
18 786
18 794
18 795
18 798
18 804
18 810
18 811
18 812
18 814
18 815
18 818
18 826
18 832
18 844
18 860
18 873
18 874
18 877
18 885
18 887
18 888
18 891
18 896
18 902
18 907
18 915
18 935
18 936
18 938
18 940
18 941
18 950
18 965
18 970
18 974
18 976
18 981
18 982
18 984
18 992
18 1002
18 1003
18 1005
18 1013
18 1033
18 1041
18 1042
18 1047
18 1052
18 1055
18 1061
18 1062
18 1064
18 1075
18 1088
18 1092
18 1095
18 1104
18 1105
18 1110
18 1113
18 1115
18 1130
18 1131
18 1134
18 1145
18 1146
18 1147
18 1153
18 1158
18 1164
18 1165
18 1171
18 1174
18 1176
18 1183
18 1186
18 1200
18 1202
18 1207
18 1210
18 1215
18 1219
18 1224
18 1232
18 1235
18 1237
18 1245
18 1246
18 1254
18 1266
18 1268
18 1276
18 1282
18 1283
18 1285
18 1291
18 1296
18 1297
18 1301
18 1304
18 1309
18 1310
18 1311
18 1314
18 1322
18 1324
18 1325
18 1328
18 1329
18 1339
18 1342
18 1348
18 1350
18 1357
18 1358
18 1360
18 1368
18 1370
18 1371
18 1380
18 1391
18 1400
1391 1
1391 7
1391 8
1391 10
1391 11
1391 12
1391 19
1391 28
1391 30
1391 36
1391 49
1391 51
1391 55
1391 61
1391 65
1391 69
1391 70
1391 72
1391 77
1391 80
1391 81
1391 83
1391 101
1391 103
1391 106
1391 109
1391 110
1391 117
1391 119
1391 120
1391 121
1391 122
1391 123
1391 139
1391 141
1391 144
1391 150
1391 164
1391 170
1391 171
1391 176
1391 179
1391 181
1391 184
1391 189
1391 190
1391 192
1391 196
1391 202
1391 208
1391 217
1391 219
1391 222
1391 226
1391 230
1391 231
1391 246
1391 247
1391 255
1391 264
1391 266
1391 272
1391 273
1391 278
1391 280
1391 285
1391 292
1391 293
1391 295
1391 315
1391 321
1391 322
1391 326
1391 329
1391 330
1391 331
1391 336
1391 341
1391 355
1391 356
1391 364
1391 369
1391 370
1391 371
1391 374
1391 378
1391 382
1391 386
1391 391
1391 394
1391 395
1391 402
1391 407
1391 418
1391 419
1391 420
1391 422
1391 433
1391 434
1391 442
1391 444
1391 446
1391 450
1391 451
1391 452
1391 453
1391 458
1391 473
1391 474
1391 491
1391 499
1391 502
1391 507
1391 508
1391 509
1391 512
1391 515
1391 530
1391 533
1391 540
1391 545
1391 546
1391 552
1391 553
1391 559
1391 562
1391 564
1391 570
1391 575
1391 578
1391 594
1391 600
1391 603
1391 604
1391 614
1391 619
1391 621
1391 622
1391 628
1391 631
1391 635
1391 636
1391 640
1391 643
1391 647
1391 649
1391 653
1391 661
1391 664
1391 667
1391 676
1391 677
1391 689
1391 694
1391 698
1391 714
1391 718
1391 725
1391 726
1391 728
1391 756
1391 761
1391 775
1391 777
1391 778
1391 784
1391 786
1391 787
1391 788
1391 789
1391 796
1391 804
1391 813
1391 823
1391 828
1391 831
1391 833
1391 839
1391 848
1391 851
1391 856
1391 859
1391 860
1391 861
1391 864
1391 865
1391 866
1391 872
1391 873
1391 874
1391 875
1391 894
1391 898
1391 902
1391 906
1391 926
1391 931
1391 932
1391 942
1391 944
1391 945
1391 947
1391 955
1391 957
1391 961
1391 971
1391 976
1391 980
1391 987
1391 988
1391 994
1391 1002
1391 1003
1391 1006
1391 1019
1391 1025
1391 1027
1391 1033
1391 1038
1391 1041
1391 1045
1391 1056
1391 1058
1391 1064
1391 1072
1391 1075
1391 1077
1391 1079
1391 1089
1391 1098
1391 1099
1391 1106
1391 1116
1391 1117
1391 1118
1391 1125
1391 1128
1391 1139
1391 1140
1391 1141
1391 1150
1391 1151
1391 1152
1391 1153
1391 1162
1391 1164
1391 1169
1391 1174
1391 1179
1391 1184
1391 1186
1391 1187
1391 1189
1391 1191
1391 1198
1391 1202
1391 1211
1391 1216
1391 1218
1391 1225
1391 1233
1391 1243
1391 1244
1391 1248
1391 1254
1391 1257
1391 1260
1391 1264
1391 1272
1391 1276
1391 1299
1391 1307
1391 1309
1391 1312
1391 1316
1391 1318
1391 1319
1391 1332
1391 1338
1391 1341
1391 1346
1391 1350
1391 1355
1391 1365
1391 1374
1391 1380
1391 1385
1391 1389
1391 1390
1391 1392
1391 1394
1391 1399
277 3
277 28
277 53
277 54
277 61
277 70
277 71
277 75
277 81
277 84
277 89
277 90
277 92
277 94
277 117
277 122
277 134
277 139
277 142
277 149
277 161
277 162
277 170
277 171
277 174
277 182
277 184
277 199
277 202
277 204
277 205
277 212
277 215
277 218
277 220
277 228
277 240
277 248
277 269
277 276
277 277
277 279
277 281
277 285
277 287
277 288
277 299
277 315
277 316
277 320
277 328
277 329
277 330
277 341
277 345
277 347
277 348
277 356
277 365
277 367
277 368
277 369
277 383
277 384
277 388
277 405
277 406
277 407
277 410
277 419
277 429
277 436
277 441
277 460
277 465
277 466
277 472
277 476
277 483
277 486
277 487
277 492
277 498
277 501
277 506
277 514
277 519
277 521
277 532
277 533
277 547
277 555
277 564
277 571
277 575
277 576
277 586
277 588
277 591
277 597
277 600
277 603
277 608
277 611
277 618
277 619
277 640
277 643
277 644
277 646
277 648
277 652
277 654
277 655
277 656
277 660
277 663
277 664
277 670
277 673
277 676
277 678
277 679
277 685
277 689
277 698
277 702
277 706
277 708
277 711
277 712
277 722
277 727
277 730
277 745
277 747
277 753
277 764
277 778
277 783
277 793
277 798
277 804
277 805
277 808
277 813
277 815
277 816
277 818
277 824
277 829
277 832
277 833
277 839
277 840
277 843
277 845
277 857
277 863
277 865
277 869
277 871
277 872
277 874
277 876
277 885
277 888
277 902
277 917
277 921
277 931
277 932
277 943
277 947
277 948
277 950
277 953
277 959
277 960
277 978
277 980
277 984
277 985
277 987
277 994
277 1012
277 1017
277 1020
277 1029
277 1030
277 1032
277 1043
277 1046
277 1049
277 1057
277 1062
277 1063
277 1070
277 1074
277 1077
277 1079
277 1082
277 1086
277 1093
277 1094
277 1109
277 1112
277 1118
277 1122
277 1125
277 1126
277 1132
277 1134
277 1137
277 1148
277 1149
277 1150
277 1154
277 1157
277 1172
277 1174
277 1187
277 1191
277 1201
277 1203
277 1207
277 1217
277 1219
277 1226
277 1227
277 1229
277 1231
277 1239
277 1240
277 1242
277 1249
277 1251
277 1254
277 1256
277 1259
277 1271
277 1272
277 1274
277 1275
277 1281
277 1284
277 1286
277 1293
277 1297
277 1302
277 1319
277 1321
277 1326
277 1327
277 1329
277 1341
277 1360
277 1361
277 1368
277 1371
277 1389
277 1392
277 1396
990 3
990 11
990 22
990 39
990 54
990 55
990 58
990 59
990 63
990 68
990 70
990 72
990 73
990 74
990 78
990 79
990 87
990 91
990 93
990 99
990 101
990 104
990 114
990 117
990 119
990 122
990 127
990 129
990 141
990 142
990 147
990 151
990 153
990 157
990 158
990 161
990 174
990 175
990 183
990 184
990 187
990 190
990 191
990 194
990 195
990 201
990 202
990 203
990 206
990 207
990 227
990 232
990 235
990 236
990 238
990 241
990 245
990 261
990 270
990 277
990 281
990 287
990 296
990 307
990 308
990 315
990 322
990 324
990 334
990 336
990 343
990 344
990 345
990 347
990 350
990 352
990 359
990 367
990 369
990 382
990 383
990 394
990 401
990 405
990 410
990 418
990 421
990 424
990 431
990 434
990 436
990 440
990 449
990 452
990 455
990 458
990 459
990 465
990 474
990 476
990 478
990 481
990 483
990 484
990 487
990 496
990 497
990 498
990 504
990 509
990 511
990 515
990 517
990 530
990 531
990 542
990 548
990 555
990 562
990 573
990 579
990 583
990 587
990 630
990 631
990 636
990 644
990 647
990 656
990 657
990 658
990 660
990 671
990 677
990 678
990 682
990 684
990 692
990 698
990 701
990 714
990 717
990 725
990 731
990 736
990 756
990 763
990 764
990 766
990 767
990 773
990 776
990 779
990 786
990 792
990 794
990 797
990 806
990 825
990 828
990 829
990 831
990 833
990 834
990 836
990 837
990 842
990 849
990 851
990 856
990 862
990 866
990 867
990 870
990 874
990 889
990 893
990 902
990 904
990 920
990 922
990 932
990 935
990 939
990 945
990 947
990 948
990 959
990 962
990 964
990 968
990 977
990 984
990 989
990 993
990 1003
990 1004
990 1005
990 1017
990 1026
990 1027
990 1034
990 1036
990 1037
990 1045
990 1057
990 1059
990 1066
990 1073
990 1077
990 1082
990 1097
990 1104
990 1111
990 1120
990 1125
990 1131
990 1137
990 1143
990 1147
990 1149
990 1152
990 1153
990 1158
990 1171
990 1176
990 1179
990 1183
990 1193
990 1195
990 1203
990 1210
990 1222
990 1235
990 1241
990 1243
990 1245
990 1250
990 1257
990 1258
990 1259
990 1261
990 1266
990 1270
990 1288
990 1290
990 1292
990 1321
990 1322
990 1324
990 1327
990 1328
990 1334
990 1335
990 1342
990 1346
990 1350
990 1354
990 1363
990 1364
990 1365
990 1366
990 1369
990 1370
990 1372
990 1381
990 1383
990 1385
990 1390
990 1395
990 1399
990 1400
1382 6
1382 17
1382 18
1382 27
1382 30
1382 31
1382 35
1382 47
1382 63
1382 65
1382 66
1382 68
1382 79
1382 82
1382 87
1382 88
1382 93
1382 99
1382 108
1382 116
1382 121
1382 122
1382 123
1382 125
1382 130
1382 141
1382 143
1382 146
1382 159
1382 160
1382 181
1382 187
1382 199
1382 201
1382 202
1382 203
1382 216
1382 219
1382 222
1382 235
1382 236
1382 237
1382 242
1382 246
1382 263
1382 264
1382 265
1382 273
1382 275
1382 277
1382 281
1382 294
1382 306
1382 310
1382 312
1382 316
1382 317
1382 319
1382 321
1382 323
1382 335
1382 336
1382 338
1382 342
1382 345
1382 350
1382 353
1382 357
1382 362
1382 364
1382 365
1382 367
1382 374
1382 378
1382 394
1382 408
1382 415
1382 427
1382 443
1382 446
1382 447
1382 448
1382 453
1382 457
1382 462
1382 464
1382 471
1382 484
1382 490
1382 500
1382 501
1382 502
1382 503
1382 506
1382 510
1382 512
1382 513
1382 523
1382 526
1382 527
1382 532
1382 539
1382 546
1382 556
1382 563
1382 564
1382 573
1382 578
1382 582
1382 583
1382 594
1382 595
1382 604
1382 606
1382 610
1382 622
1382 631
1382 635
1382 637
1382 645
1382 653
1382 655
1382 669
1382 670
1382 672
1382 673
1382 681
1382 689
1382 696
1382 702
1382 703
1382 705
1382 714
1382 718
1382 726
1382 729
1382 731
1382 733
1382 735
1382 736
1382 742
1382 745
1382 746
1382 756
1382 760
1382 766
1382 767
1382 769
1382 779
1382 784
1382 792
1382 793
1382 798
1382 801
1382 804
1382 806
1382 815
1382 816
1382 825
1382 829
1382 836
1382 841
1382 844
1382 849
1382 850
1382 857
1382 874
1382 888
1382 889
1382 895
1382 897
1382 902
1382 903
1382 912
1382 923
1382 924
1382 931
1382 937
1382 938
1382 941
1382 943
1382 955
1382 956
1382 958
1382 959
1382 994
1382 1001
1382 1011
1382 1012
1382 1021
1382 1028
1382 1030
1382 1032
1382 1036
1382 1041
1382 1044
1382 1050
1382 1051
1382 1052
1382 1053
1382 1062
1382 1064
1382 1074
1382 1075
1382 1078
1382 1085
1382 1088
1382 1092
1382 1094
1382 1095
1382 1097
1382 1098
1382 1099
1382 1104
1382 1106
1382 1111
1382 1114
1382 1118
1382 1120
1382 1128
1382 1129
1382 1131
1382 1145
1382 1147
1382 1153
1382 1157
1382 1161
1382 1163
1382 1164
1382 1172
1382 1174
1382 1175
1382 1186
1382 1192
1382 1197
1382 1199
1382 1201
1382 1203
1382 1211
1382 1215
1382 1218
1382 1222
1382 1224
1382 1229
1382 1231
1382 1234
1382 1238
1382 1239
1382 1242
1382 1247
1382 1248
1382 1249
1382 1277
1382 1286
1382 1290
1382 1296
1382 1309
1382 1317
1382 1321
1382 1322
1382 1329
1382 1333
1382 1335
1382 1341
1382 1342
1382 1353
1382 1361
1382 1374
1382 1382
1382 1385
1382 1396
