p td 600 1707 
540 7
540 11
540 12
540 13
540 16
540 31
540 34
540 49
540 53
540 57
540 65
540 78
540 80
540 81
540 87
540 88
540 94
540 98
540 103
540 116
540 127
540 135
540 145
540 147
540 150
540 156
540 157
540 161
540 173
540 175
540 182
540 199
540 200
540 210
540 215
540 220
540 226
540 228
540 232
540 234
540 245
540 249
540 261
540 267
540 273
540 275
540 282
540 290
540 292
540 293
540 297
540 298
540 308
540 313
540 314
540 317
540 320
540 326
540 330
540 331
540 333
540 338
540 341
540 344
540 345
540 350
540 351
540 362
540 371
540 373
540 374
540 378
540 381
540 384
540 386
540 397
540 409
540 410
540 415
540 418
540 420
540 421
540 422
540 425
540 431
540 435
540 441
540 443
540 444
540 448
540 450
540 472
540 475
540 478
540 479
540 482
540 486
540 499
540 500
540 501
540 504
540 506
540 510
540 513
540 521
540 531
540 539
540 549
540 557
540 558
540 570
540 574
540 575
540 583
540 584
540 587
540 596
497 4
497 6
497 10
497 12
497 13
497 15
497 22
497 25
497 30
497 39
497 40
497 49
497 68
497 77
497 79
497 82
497 84
497 85
497 89
497 95
497 109
497 111
497 127
497 128
497 133
497 143
497 148
497 155
497 159
497 176
497 177
497 178
497 182
497 185
497 188
497 201
497 206
497 209
497 212
497 215
497 223
497 227
497 238
497 253
497 254
497 267
497 273
497 276
497 289
497 294
497 304
497 305
497 306
497 307
497 320
497 323
497 327
497 332
497 334
497 343
497 356
497 358
497 365
497 366
497 372
497 390
497 393
497 405
497 412
497 413
497 416
497 420
497 422
497 423
497 428
497 442
497 446
497 448
497 450
497 451
497 456
497 465
497 480
497 506
497 516
497 522
497 555
497 561
497 564
497 568
497 578
497 587
497 590
497 592
497 593
497 594
497 596
497 597
497 599
497 600
310 4
310 6
310 9
310 10
310 11
310 20
310 25
310 26
310 30
310 32
310 35
310 46
310 47
310 50
310 64
310 65
310 70
310 71
310 73
310 82
310 83
310 98
310 112
310 114
310 116
310 118
310 126
310 132
310 135
310 149
310 154
310 158
310 160
310 161
310 164
310 165
310 172
310 179
310 180
310 183
310 189
310 193
310 195
310 200
310 202
310 204
310 212
310 213
310 224
310 228
310 233
310 236
310 238
310 244
310 255
310 257
310 261
310 263
310 276
310 277
310 278
310 280
310 281
310 291
310 304
310 310
310 316
310 318
310 320
310 327
310 330
310 334
310 335
310 336
310 337
310 343
310 347
310 349
310 350
310 360
310 368
310 370
310 374
310 389
310 395
310 401
310 414
310 415
310 420
310 425
310 426
310 436
310 441
310 446
310 452
310 454
310 465
310 473
310 484
310 487
310 490
310 492
310 513
310 514
310 521
310 527
310 528
310 533
310 549
310 553
310 557
310 561
310 565
310 567
310 568
310 571
310 574
310 575
310 576
310 578
310 590
310 593
310 595
208 3
208 10
208 13
208 20
208 25
208 38
208 44
208 45
208 49
208 60
208 62
208 68
208 75
208 78
208 83
208 86
208 88
208 92
208 95
208 101
208 109
208 112
208 113
208 118
208 123
208 125
208 128
208 129
208 136
208 141
208 142
208 143
208 144
208 149
208 156
208 172
208 174
208 176
208 184
208 190
208 202
208 209
208 216
208 229
208 235
208 238
208 245
208 247
208 256
208 257
208 263
208 267
208 272
208 285
208 286
208 287
208 290
208 293
208 295
208 296
208 297
208 301
208 305
208 312
208 313
208 315
208 316
208 319
208 329
208 330
208 332
208 339
208 345
208 346
208 348
208 352
208 360
208 367
208 372
208 373
208 374
208 382
208 383
208 384
208 385
208 386
208 406
208 408
208 410
208 412
208 414
208 419
208 431
208 438
208 448
208 454
208 456
208 458
208 459
208 465
208 469
208 472
208 473
208 474
208 475
208 476
208 478
208 479
208 482
208 483
208 487
208 489
208 491
208 493
208 498
208 500
208 501
208 503
208 505
208 507
208 509
208 515
208 524
208 525
208 533
208 539
208 544
208 546
208 548
208 552
208 554
208 555
208 564
208 565
208 569
208 571
208 584
208 585
208 586
208 592
208 593
208 594
208 596
208 598
330 1
330 7
330 8
330 9
330 17
330 19
330 26
330 29
330 30
330 46
330 50
330 68
330 69
330 73
330 75
330 76
330 82
330 89
330 93
330 111
330 116
330 123
330 132
330 133
330 134
330 135
330 137
330 140
330 151
330 152
330 153
330 155
330 168
330 180
330 189
330 197
330 199
330 201
330 202
330 206
330 208
330 209
330 230
330 231
330 234
330 237
330 241
330 243
330 249
330 250
330 255
330 257
330 259
330 261
330 264
330 267
330 277
330 287
330 288
330 293
330 299
330 312
330 316
330 318
330 322
330 323
330 326
330 338
330 343
330 357
330 363
330 366
330 369
330 377
330 378
330 379
330 380
330 381
330 387
330 388
330 390
330 396
330 402
330 407
330 408
330 412
330 413
330 415
330 419
330 424
330 427
330 433
330 437
330 451
330 453
330 457
330 465
330 477
330 486
330 494
330 497
330 499
330 501
330 504
330 514
330 518
330 521
330 522
330 523
330 524
330 529
330 530
330 536
330 538
330 543
330 546
330 547
330 553
330 557
330 561
330 568
330 575
330 577
330 580
330 582
330 585
330 586
330 588
330 590
330 591
330 597
125 1
125 4
125 7
125 10
125 11
125 13
125 17
125 27
125 29
125 39
125 47
125 50
125 59
125 66
125 81
125 84
125 94
125 98
125 101
125 105
125 107
125 111
125 112
125 128
125 130
125 135
125 142
125 146
125 155
125 178
125 179
125 182
125 183
125 188
125 189
125 192
125 196
125 207
125 213
125 214
125 215
125 217
125 219
125 237
125 240
125 243
125 245
125 252
125 255
125 270
125 274
125 275
125 280
125 282
125 284
125 289
125 292
125 293
125 308
125 325
125 326
125 327
125 340
125 341
125 342
125 346
125 350
125 353
125 362
125 365
125 368
125 372
125 373
125 376
125 379
125 380
125 383
125 393
125 396
125 399
125 402
125 404
125 406
125 415
125 425
125 436
125 440
125 441
125 453
125 456
125 462
125 463
125 470
125 472
125 492
125 506
125 508
125 510
125 511
125 512
125 516
125 522
125 523
125 535
125 543
125 546
125 568
125 570
125 572
125 580
125 582
125 589
125 590
125 592
125 595
125 596
125 600
223 1
223 10
223 12
223 15
223 18
223 29
223 32
223 40
223 43
223 46
223 47
223 49
223 51
223 53
223 59
223 66
223 74
223 78
223 79
223 88
223 99
223 110
223 113
223 116
223 122
223 152
223 155
223 159
223 163
223 166
223 176
223 180
223 183
223 199
223 218
223 223
223 235
223 240
223 246
223 248
223 257
223 270
223 285
223 287
223 289
223 290
223 292
223 295
223 306
223 307
223 309
223 322
223 335
223 337
223 339
223 340
223 341
223 343
223 344
223 345
223 347
223 360
223 362
223 364
223 368
223 372
223 376
223 380
223 389
223 391
223 392
223 393
223 410
223 421
223 429
223 430
223 431
223 439
223 447
223 450
223 459
223 460
223 463
223 464
223 467
223 468
223 474
223 476
223 491
223 496
223 499
223 504
223 513
223 516
223 523
223 532
223 538
223 539
223 545
223 546
223 547
223 551
223 553
223 554
223 556
223 564
223 565
223 567
223 575
223 577
223 578
223 587
223 596
223 598
223 600
489 2
489 23
489 27
489 52
489 60
489 67
489 70
489 72
489 83
489 85
489 88
489 89
489 93
489 102
489 107
489 114
489 120
489 124
489 129
489 134
489 153
489 155
489 159
489 162
489 167
489 169
489 171
489 172
489 176
489 183
489 192
489 193
489 196
489 199
489 201
489 210
489 213
489 222
489 223
489 224
489 235
489 236
489 237
489 241
489 243
489 259
489 261
489 263
489 265
489 277
489 284
489 286
489 288
489 289
489 298
489 302
489 307
489 322
489 323
489 326
489 337
489 342
489 343
489 349
489 350
489 354
489 356
489 358
489 364
489 365
489 372
489 383
489 384
489 387
489 389
489 390
489 394
489 398
489 426
489 436
489 441
489 442
489 447
489 456
489 468
489 470
489 476
489 477
489 490
489 492
489 516
489 524
489 525
489 530
489 536
489 537
489 546
489 558
489 563
489 564
489 566
489 569
489 570
489 578
489 579
489 582
489 584
243 13
243 18
243 20
243 21
243 33
243 34
243 46
243 50
243 52
243 54
243 61
243 72
243 80
243 87
243 90
243 95
243 100
243 103
243 106
243 109
243 110
243 118
243 121
243 122
243 125
243 127
243 128
243 136
243 138
243 155
243 156
243 160
243 161
243 163
243 166
243 167
243 173
243 185
243 186
243 188
243 190
243 191
243 194
243 196
243 197
243 208
243 212
243 213
243 220
243 221
243 223
243 234
243 241
243 248
243 249
243 250
243 252
243 253
243 262
243 268
243 270
243 273
243 278
243 281
243 283
243 285
243 309
243 312
243 313
243 322
243 329
243 337
243 348
243 352
243 358
243 365
243 367
243 371
243 372
243 373
243 377
243 382
243 383
243 385
243 386
243 389
243 402
243 407
243 409
243 414
243 421
243 434
243 439
243 445
243 450
243 457
243 463
243 465
243 467
243 470
243 479
243 496
243 497
243 499
243 501
243 504
243 520
243 522
243 527
243 532
243 535
243 536
243 545
243 553
243 557
243 571
243 572
243 582
243 589
243 591
243 593
243 600
30 3
30 11
30 12
30 16
30 21
30 23
30 27
30 29
30 45
30 47
30 49
30 50
30 53
30 55
30 56
30 57
30 59
30 63
30 69
30 70
30 74
30 84
30 86
30 95
30 122
30 123
30 124
30 128
30 135
30 143
30 146
30 147
30 149
30 173
30 180
30 191
30 192
30 195
30 196
30 199
30 201
30 203
30 205
30 211
30 217
30 219
30 222
30 224
30 230
30 240
30 241
30 242
30 247
30 249
30 252
30 253
30 255
30 257
30 270
30 271
30 274
30 277
30 284
30 285
30 288
30 298
30 299
30 303
30 313
30 316
30 320
30 322
30 324
30 326
30 354
30 356
30 362
30 364
30 373
30 375
30 387
30 390
30 398
30 403
30 408
30 410
30 413
30 415
30 416
30 432
30 440
30 447
30 459
30 460
30 473
30 474
30 477
30 478
30 492
30 494
30 496
30 500
30 508
30 512
30 514
30 516
30 524
30 528
30 531
30 537
30 553
30 556
30 557
30 567
30 571
30 574
30 581
30 582
30 590
30 593
30 594
30 598
30 599
180 1
180 8
180 16
180 22
180 28
180 29
180 30
180 38
180 47
180 51
180 52
180 54
180 63
180 67
180 69
180 72
180 78
180 80
180 87
180 88
180 92
180 103
180 107
180 108
180 111
180 112
180 113
180 114
180 115
180 117
180 119
180 120
180 131
180 145
180 147
180 160
180 162
180 166
180 168
180 174
180 191
180 192
180 203
180 211
180 215
180 221
180 233
180 235
180 241
180 247
180 250
180 256
180 260
180 267
180 268
180 269
180 277
180 278
180 279
180 280
180 281
180 288
180 305
180 309
180 312
180 315
180 316
180 325
180 327
180 329
180 335
180 336
180 337
180 339
180 351
180 355
180 359
180 362
180 368
180 369
180 370
180 373
180 387
180 391
180 397
180 400
180 405
180 407
180 421
180 422
180 424
180 425
180 428
180 433
180 434
180 437
180 443
180 444
180 445
180 452
180 453
180 454
180 460
180 461
180 463
180 469
180 472
180 477
180 504
180 517
180 524
180 538
180 543
180 554
180 558
180 570
180 571
180 575
180 576
180 577
180 578
180 582
180 585
180 589
180 590
180 593
180 595
180 598
122 1
122 5
122 10
122 13
122 15
122 16
122 17
122 20
122 26
122 27
122 28
122 33
122 37
122 48
122 49
122 62
122 66
122 71
122 90
122 91
122 95
122 99
122 109
122 111
122 117
122 120
122 136
122 137
122 144
122 154
122 159
122 162
122 163
122 164
122 167
122 170
122 174
122 179
122 184
122 186
122 187
122 205
122 213
122 217
122 219
122 222
122 232
122 237
122 248
122 251
122 253
122 257
122 267
122 274
122 276
122 290
122 297
122 298
122 307
122 309
122 310
122 336
122 338
122 339
122 340
122 342
122 345
122 351
122 368
122 369
122 374
122 377
122 382
122 383
122 389
122 395
122 397
122 398
122 401
122 412
122 414
122 424
122 426
122 434
122 435
122 449
122 455
122 458
122 459
122 461
122 465
122 470
122 479
122 481
122 486
122 493
122 495
122 497
122 500
122 504
122 514
122 529
122 530
122 532
122 535
122 540
122 556
122 558
122 565
122 570
122 583
122 586
122 588
122 593
156 12
156 13
156 17
156 22
156 23
156 24
156 27
156 30
156 37
156 39
156 41
156 42
156 45
156 50
156 63
156 65
156 74
156 77
156 79
156 87
156 103
156 111
156 119
156 125
156 127
156 133
156 135
156 136
156 138
156 154
156 160
156 163
156 166
156 167
156 173
156 174
156 180
156 183
156 185
156 194
156 195
156 200
156 206
156 207
156 211
156 212
156 214
156 217
156 223
156 224
156 225
156 230
156 237
156 239
156 244
156 245
156 250
156 257
156 269
156 270
156 271
156 273
156 274
156 276
156 279
156 292
156 293
156 295
156 296
156 297
156 298
156 305
156 306
156 313
156 317
156 327
156 331
156 333
156 341
156 345
156 348
156 352
156 353
156 356
156 360
156 368
156 375
156 377
156 378
156 387
156 389
156 391
156 392
156 393
156 396
156 398
156 399
156 404
156 416
156 422
156 429
156 432
156 443
156 446
156 455
156 461
156 467
156 469
156 470
156 483
156 484
156 490
156 499
156 500
156 501
156 502
156 505
156 507
156 509
156 516
156 521
156 527
156 530
156 535
156 538
156 544
156 550
156 555
156 561
156 565
156 570
156 573
156 577
156 582
156 588
156 590
156 592
156 600
155 12
155 17
155 20
155 25
155 29
155 30
155 34
155 37
155 53
155 56
155 57
155 60
155 64
155 65
155 71
155 76
155 77
155 79
155 88
155 91
155 96
155 107
155 108
155 120
155 123
155 124
155 133
155 136
155 140
155 146
155 147
155 150
155 155
155 158
155 167
155 181
155 182
155 183
155 187
155 191
155 193
155 197
155 198
155 203
155 204
155 205
155 209
155 216
155 217
155 219
155 222
155 239
155 245
155 246
155 249
155 254
155 255
155 264
155 269
155 280
155 282
155 291
155 296
155 299
155 301
155 303
155 304
155 305
155 311
155 316
155 317
155 319
155 334
155 336
155 337
155 348
155 355
155 366
155 368
155 371
155 373
155 374
155 376
155 378
155 383
155 393
155 394
155 396
155 399
155 402
155 405
155 419
155 422
155 426
155 436
155 451
155 453
155 454
155 455
155 458
155 464
155 470
155 472
155 482
155 495
155 499
155 503
155 504
155 507
155 517
155 528
155 529
155 533
155 534
155 537
155 541
155 542
155 548
155 549
155 559
155 560
155 561
155 562
155 563
155 567
155 578
155 590
155 592
