p td 1200 2853 
409 11
409 16
409 24
409 34
409 40
409 43
409 44
409 72
409 78
409 79
409 89
409 97
409 100
409 111
409 121
409 123
409 124
409 125
409 133
409 136
409 148
409 151
409 156
409 162
409 167
409 172
409 174
409 178
409 181
409 187
409 195
409 197
409 210
409 211
409 213
409 215
409 219
409 221
409 223
409 228
409 231
409 235
409 238
409 243
409 249
409 250
409 253
409 257
409 271
409 274
409 284
409 287
409 299
409 302
409 313
409 324
409 328
409 333
409 334
409 339
409 343
409 350
409 354
409 355
409 356
409 359
409 361
409 369
409 376
409 379
409 380
409 383
409 384
409 389
409 397
409 399
409 406
409 408
409 411
409 413
409 416
409 423
409 429
409 431
409 432
409 433
409 440
409 445
409 447
409 457
409 463
409 468
409 479
409 481
409 491
409 496
409 500
409 502
409 512
409 517
409 531
409 532
409 540
409 545
409 550
409 552
409 561
409 567
409 569
409 570
409 572
409 574
409 578
409 582
409 585
409 591
409 593
409 605
409 608
409 610
409 611
409 616
409 618
409 619
409 620
409 627
409 634
409 637
409 639
409 645
409 652
409 656
409 661
409 673
409 674
409 678
409 688
409 700
409 701
409 703
409 704
409 706
409 709
409 712
409 722
409 724
409 731
409 739
409 746
409 750
409 758
409 760
409 762
409 770
409 779
409 794
409 795
409 803
409 806
409 819
409 822
409 825
409 826
409 830
409 835
409 836
409 837
409 842
409 855
409 856
409 868
409 870
409 871
409 876
409 878
409 880
409 885
409 886
409 894
409 896
409 898
409 902
409 906
409 909
409 910
409 917
409 918
409 920
409 922
409 928
409 938
409 939
409 944
409 945
409 953
409 971
409 972
409 976
409 986
409 992
409 993
409 998
409 1000
409 1007
409 1009
409 1012
409 1016
409 1019
409 1027
409 1031
409 1033
409 1037
409 1065
409 1066
409 1067
409 1077
409 1085
409 1097
409 1102
409 1103
409 1107
409 1108
409 1121
409 1123
409 1125
409 1128
409 1138
409 1143
409 1151
409 1166
409 1168
409 1174
409 1191
409 1192
409 1194
409 1196
45 7
45 8
45 14
45 16
45 24
45 32
45 35
45 40
45 41
45 42
45 45
45 54
45 55
45 63
45 65
45 75
45 78
45 110
45 113
45 115
45 121
45 123
45 130
45 135
45 150
45 154
45 168
45 177
45 179
45 181
45 188
45 192
45 196
45 201
45 211
45 218
45 221
45 223
45 224
45 227
45 239
45 242
45 246
45 249
45 258
45 271
45 278
45 285
45 289
45 293
45 294
45 300
45 307
45 313
45 316
45 325
45 329
45 333
45 336
45 358
45 360
45 362
45 366
45 377
45 380
45 384
45 388
45 390
45 392
45 395
45 397
45 398
45 402
45 418
45 420
45 422
45 431
45 432
45 433
45 440
45 444
45 449
45 453
45 455
45 468
45 480
45 488
45 491
45 494
45 497
45 502
45 506
45 511
45 512
45 516
45 520
45 521
45 539
45 550
45 554
45 555
45 557
45 559
45 560
45 561
45 574
45 579
45 582
45 583
45 587
45 591
45 596
45 600
45 602
45 604
45 605
45 607
45 608
45 609
45 612
45 617
45 622
45 623
45 627
45 630
45 634
45 636
45 638
45 640
45 650
45 653
45 659
45 666
45 667
45 681
45 685
45 693
45 698
45 700
45 701
45 706
45 714
45 720
45 722
45 726
45 731
45 746
45 748
45 761
45 764
45 769
45 774
45 779
45 781
45 782
45 798
45 816
45 821
45 822
45 824
45 826
45 833
45 834
45 836
45 838
45 852
45 864
45 867
45 871
45 877
45 882
45 885
45 889
45 893
45 899
45 905
45 909
45 924
45 927
45 932
45 934
45 943
45 944
45 947
45 954
45 959
45 961
45 963
45 979
45 992
45 993
45 995
45 997
45 999
45 1000
45 1003
45 1008
45 1019
45 1026
45 1027
45 1037
45 1039
45 1042
45 1047
45 1052
45 1055
45 1056
45 1069
45 1072
45 1088
45 1089
45 1093
45 1096
45 1109
45 1112
45 1115
45 1117
45 1120
45 1121
45 1122
45 1129
45 1130
45 1132
45 1139
45 1141
45 1142
45 1149
45 1150
45 1164
45 1165
45 1169
45 1173
45 1174
45 1180
45 1181
45 1189
45 1190
45 1193
45 1195
262 3
262 6
262 13
262 14
262 16
262 22
262 30
262 32
262 37
262 38
262 39
262 40
262 51
262 59
262 60
262 61
262 64
262 65
262 67
262 69
262 73
262 80
262 83
262 87
262 90
262 101
262 109
262 112
262 120
262 124
262 128
262 130
262 136
262 137
262 139
262 140
262 141
262 142
262 147
262 150
262 152
262 153
262 161
262 165
262 166
262 170
262 175
262 177
262 182
262 185
262 186
262 205
262 215
262 218
262 219
262 224
262 226
262 230
262 238
262 246
262 247
262 248
262 249
262 251
262 253
262 254
262 268
262 275
262 283
262 292
262 298
262 303
262 304
262 308
262 314
262 319
262 321
262 327
262 334
262 337
262 352
262 356
262 364
262 366
262 367
262 369
262 378
262 385
262 389
262 403
262 406
262 407
262 412
262 419
262 420
262 423
262 435
262 437
262 439
262 446
262 453
262 455
262 457
262 459
262 464
262 475
262 482
262 488
262 490
262 493
262 499
262 501
262 504
262 510
262 513
262 516
262 519
262 521
262 529
262 530
262 533
262 535
262 544
262 561
262 574
262 578
262 580
262 589
262 591
262 594
262 595
262 599
262 601
262 603
262 606
262 617
262 622
262 624
262 632
262 633
262 640
262 645
262 646
262 647
262 649
262 654
262 662
262 673
262 676
262 678
262 683
262 688
262 689
262 690
262 692
262 694
262 695
262 699
262 702
262 703
262 704
262 712
262 716
262 721
262 722
262 725
262 726
262 729
262 730
262 732
262 737
262 738
262 742
262 744
262 746
262 747
262 758
262 768
262 780
262 781
262 794
262 817
262 821
262 823
262 828
262 831
262 844
262 846
262 861
262 865
262 867
262 876
262 880
262 884
262 885
262 886
262 895
262 903
262 909
262 910
262 921
262 934
262 948
262 953
262 954
262 957
262 961
262 962
262 963
262 967
262 979
262 990
262 999
262 1018
262 1026
262 1029
262 1031
262 1033
262 1034
262 1037
262 1038
262 1044
262 1047
262 1068
262 1070
262 1072
262 1073
262 1075
262 1076
262 1079
262 1082
262 1086
262 1089
262 1091
262 1095
262 1109
262 1127
262 1133
262 1134
262 1135
262 1141
262 1146
262 1150
262 1155
262 1162
262 1166
262 1168
262 1170
262 1179
262 1186
262 1191
262 1195
262 1198
262 1199
262 1200
227 13
227 27
227 41
227 42
227 47
227 56
227 58
227 62
227 67
227 74
227 106
227 111
227 121
227 123
227 124
227 125
227 126
227 128
227 136
227 151
227 152
227 153
227 155
227 167
227 171
227 181
227 187
227 189
227 190
227 201
227 208
227 210
227 215
227 217
227 235
227 238
227 241
227 242
227 247
227 249
227 256
227 257
227 259
227 262
227 269
227 276
227 277
227 278
227 281
227 282
227 283
227 284
227 294
227 295
227 301
227 303
227 306
227 308
227 309
227 316
227 317
227 319
227 326
227 327
227 329
227 330
227 336
227 343
227 349
227 353
227 366
227 371
227 394
227 397
227 406
227 409
227 413
227 416
227 420
227 425
227 426
227 427
227 438
227 447
227 449
227 456
227 459
227 462
227 465
227 466
227 467
227 471
227 478
227 489
227 492
227 500
227 512
227 513
227 514
227 515
227 516
227 530
227 540
227 543
227 544
227 546
227 550
227 560
227 563
227 569
227 575
227 581
227 590
227 592
227 595
227 617
227 619
227 629
227 631
227 638
227 639
227 644
227 646
227 653
227 657
227 667
227 669
227 682
227 694
227 695
227 699
227 701
227 705
227 706
227 710
227 713
227 718
227 721
227 727
227 733
227 734
227 741
227 744
227 754
227 755
227 761
227 766
227 767
227 771
227 777
227 778
227 779
227 780
227 781
227 786
227 787
227 795
227 799
227 804
227 807
227 813
227 814
227 818
227 824
227 826
227 842
227 846
227 847
227 849
227 854
227 856
227 857
227 862
227 869
227 870
227 878
227 888
227 898
227 899
227 901
227 903
227 904
227 905
227 907
227 913
227 915
227 919
227 923
227 925
227 926
227 928
227 931
227 933
227 953
227 955
227 958
227 960
227 967
227 971
227 978
227 979
227 980
227 981
227 1002
227 1006
227 1007
227 1010
227 1014
227 1015
227 1023
227 1031
227 1035
227 1038
227 1040
227 1041
227 1044
227 1045
227 1047
227 1049
227 1061
227 1062
227 1069
227 1089
227 1098
227 1108
227 1114
227 1116
227 1117
227 1119
227 1137
227 1145
227 1158
227 1159
227 1161
227 1171
227 1173
227 1197
308 8
308 9
308 11
308 12
308 13
308 17
308 20
308 23
308 32
308 38
308 45
308 48
308 53
308 54
308 63
308 71
308 76
308 79
308 86
308 102
308 104
308 106
308 115
308 117
308 119
308 122
308 124
308 125
308 130
308 141
308 156
308 157
308 170
308 173
308 176
308 179
308 181
308 191
308 194
308 204
308 208
308 211
308 212
308 215
308 218
308 231
308 237
308 254
308 256
308 260
308 261
308 274
308 275
308 278
308 279
308 280
308 287
308 290
308 292
308 293
308 308
308 310
308 312
308 317
308 318
308 320
308 321
308 328
308 331
308 333
308 335
308 337
308 339
308 344
308 350
308 374
308 377
308 389
308 390
308 393
308 399
308 402
308 414
308 415
308 416
308 418
308 436
308 438
308 441
308 446
308 453
308 455
308 456
308 459
308 460
308 466
308 472
308 477
308 480
308 485
308 487
308 488
308 495
308 496
308 498
308 503
308 509
308 514
308 517
308 518
308 526
308 554
308 563
308 565
308 579
308 580
308 587
308 605
308 607
308 608
308 611
308 617
308 622
308 625
308 633
308 637
308 642
308 655
308 660
308 661
308 662
308 664
308 668
308 678
308 690
308 692
308 693
308 695
308 701
308 705
308 709
308 719
308 720
308 721
308 729
308 730
308 731
308 742
308 744
308 748
308 756
308 759
308 767
308 769
308 773
308 776
308 778
308 782
308 785
308 788
308 793
308 801
308 804
308 813
308 815
308 821
308 822
308 833
308 834
308 857
308 870
308 872
308 874
308 884
308 892
308 893
308 900
308 901
308 902
308 904
308 905
308 906
308 916
308 918
308 920
308 930
308 931
308 933
308 950
308 957
308 959
308 961
308 965
308 978
308 984
308 987
308 988
308 992
308 994
308 1002
308 1006
308 1007
308 1008
308 1009
308 1011
308 1014
308 1020
308 1023
308 1028
308 1029
308 1037
308 1042
308 1056
308 1059
308 1062
308 1065
308 1075
308 1080
308 1083
308 1084
308 1087
308 1089
308 1094
308 1095
308 1100
308 1109
308 1110
308 1119
308 1121
308 1133
308 1137
308 1139
308 1144
308 1155
308 1158
308 1161
308 1165
308 1170
308 1172
308 1173
308 1174
308 1178
308 1182
308 1187
308 1191
308 1199
1003 9
1003 11
1003 12
1003 16
1003 22
1003 25
1003 27
1003 28
1003 40
1003 44
1003 47
1003 50
1003 51
1003 60
1003 62
1003 74
1003 76
1003 77
1003 79
1003 80
1003 82
1003 84
1003 86
1003 92
1003 95
1003 101
1003 105
1003 107
1003 119
1003 130
1003 142
1003 158
1003 171
1003 172
1003 174
1003 180
1003 184
1003 187
1003 190
1003 199
1003 213
1003 217
1003 225
1003 234
1003 236
1003 239
1003 245
1003 251
1003 258
1003 259
1003 272
1003 273
1003 277
1003 278
1003 279
1003 280
1003 281
1003 282
1003 287
1003 295
1003 302
1003 307
1003 319
1003 320
1003 326
1003 328
1003 330
1003 339
1003 341
1003 345
1003 347
1003 355
1003 363
1003 378
1003 388
1003 389
1003 403
1003 406
1003 407
1003 414
1003 415
1003 416
1003 417
1003 418
1003 420
1003 423
1003 426
1003 428
1003 430
1003 438
1003 439
1003 445
1003 447
1003 452
1003 459
1003 476
1003 490
1003 497
1003 524
1003 532
1003 538
1003 545
1003 549
1003 564
1003 568
1003 572
1003 573
1003 585
1003 586
1003 587
1003 596
1003 597
1003 600
1003 603
1003 610
1003 611
1003 618
1003 621
1003 622
1003 626
1003 629
1003 642
1003 644
1003 646
1003 647
1003 653
1003 654
1003 655
1003 658
1003 667
1003 672
1003 673
1003 674
1003 688
1003 698
1003 707
1003 713
1003 714
1003 715
1003 716
1003 718
1003 723
1003 735
1003 743
1003 745
1003 747
1003 754
1003 762
1003 772
1003 773
1003 776
1003 778
1003 781
1003 783
1003 789
1003 790
1003 795
1003 799
1003 800
1003 806
1003 815
1003 820
1003 821
1003 824
1003 829
1003 851
1003 856
1003 858
1003 860
1003 862
1003 864
1003 869
1003 876
1003 877
1003 882
1003 890
1003 891
1003 906
1003 908
1003 909
1003 912
1003 922
1003 924
1003 938
1003 942
1003 943
1003 949
1003 955
1003 957
1003 961
1003 966
1003 968
1003 972
1003 974
1003 977
1003 982
1003 984
1003 985
1003 986
1003 994
1003 996
1003 1009
1003 1014
1003 1017
1003 1018
1003 1024
1003 1026
1003 1037
1003 1045
1003 1051
1003 1053
1003 1058
1003 1062
1003 1077
1003 1079
1003 1083
1003 1085
1003 1094
1003 1110
1003 1117
1003 1131
1003 1132
1003 1136
1003 1138
1003 1140
1003 1144
1003 1151
1003 1159
1003 1160
1003 1177
1003 1180
1003 1183
1003 1191
1003 1196
1003 1199
153 9
153 11
153 21
153 23
153 24
153 28
153 30
153 33
153 42
153 45
153 50
153 58
153 59
153 63
153 67
153 71
153 72
153 73
153 80
153 89
153 91
153 95
153 100
153 101
153 103
153 107
153 108
153 113
153 114
153 120
153 124
153 130
153 135
153 142
153 146
153 150
153 152
153 155
153 156
153 162
153 163
153 166
153 170
153 171
153 172
153 177
153 180
153 181
153 184
153 188
153 200
153 210
153 220
153 226
153 229
153 230
153 234
153 240
153 247
153 251
153 253
153 260
153 262
153 265
153 266
153 270
153 271
153 275
153 281
153 307
153 310
153 313
153 315
153 319
153 320
153 330
153 333
153 335
153 337
153 348
153 351
153 360
153 367
153 372
153 377
153 382
153 392
153 394
153 397
153 398
153 403
153 426
153 433
153 435
153 436
153 442
153 443
153 451
153 457
153 459
153 465
153 473
153 477
153 481
153 486
153 487
153 495
153 505
153 513
153 516
153 523
153 533
153 556
153 557
153 560
153 563
153 564
153 595
153 596
153 598
153 599
153 605
153 607
153 611
153 612
153 614
153 627
153 636
153 641
153 646
153 658
153 660
153 663
153 667
153 671
153 673
153 674
153 675
153 684
153 694
153 701
153 704
153 705
153 713
153 716
153 732
153 735
153 737
153 738
153 742
153 747
153 753
153 754
153 756
153 757
153 775
153 777
153 782
153 784
153 791
153 794
153 796
153 799
153 804
153 816
153 820
153 828
153 830
153 832
153 838
153 841
153 849
153 851
153 853
153 854
153 856
153 857
153 861
153 864
153 870
153 874
153 889
153 891
153 892
153 895
153 897
153 900
153 906
153 914
153 917
153 926
153 927
153 931
153 933
153 941
153 944
153 945
153 947
153 951
153 954
153 964
153 967
153 968
153 971
153 972
153 978
153 983
153 988
153 992
153 993
153 998
153 1001
153 1006
153 1015
153 1020
153 1021
153 1024
153 1026
153 1033
153 1041
153 1042
153 1054
153 1058
153 1060
153 1067
153 1068
153 1069
153 1073
153 1079
153 1084
153 1092
153 1095
153 1099
153 1100
153 1102
153 1108
153 1109
153 1110
153 1111
153 1114
153 1120
153 1121
153 1132
153 1134
153 1135
153 1141
153 1149
153 1154
153 1172
153 1177
153 1181
153 1186
236 28
236 36
236 38
236 45
236 47
236 50
236 51
236 56
236 58
236 62
236 70
236 72
236 100
236 101
236 106
236 109
236 113
236 118
236 119
236 129
236 134
236 138
236 145
236 148
236 150
236 154
236 175
236 184
236 185
236 187
236 188
236 207
236 214
236 218
236 219
236 228
236 231
236 254
236 258
236 266
236 278
236 280
236 282
236 283
236 288
236 301
236 302
236 306
236 308
236 310
236 318
236 319
236 320
236 327
236 330
236 331
236 332
236 335
236 352
236 368
236 369
236 381
236 382
236 385
236 391
236 394
236 395
236 397
236 420
236 427
236 432
236 434
236 437
236 445
236 446
236 457
236 467
236 471
236 472
236 474
236 512
236 525
236 527
236 530
236 542
236 544
236 547
236 548
236 549
236 562
236 567
236 572
236 575
236 579
236 582
236 585
236 586
236 593
236 596
236 626
236 630
236 632
236 639
236 640
236 649
236 650
236 653
236 654
236 655
236 660
236 669
236 678
236 679
236 682
236 688
236 703
236 710
236 715
236 716
236 721
236 730
236 735
236 737
236 742
236 750
236 755
236 758
236 765
236 770
236 773
236 790
236 802
236 804
236 806
236 814
236 815
236 817
236 820
236 821
236 822
236 824
236 834
236 835
236 841
236 844
236 852
236 854
236 861
236 865
236 874
236 876
236 878
236 902
236 903
236 909
236 910
236 912
236 915
236 925
236 926
236 927
236 929
236 931
236 935
236 944
236 946
236 949
236 952
236 956
236 961
236 962
236 963
236 965
236 968
236 989
236 991
236 1000
236 1004
236 1005
236 1007
236 1012
236 1013
236 1015
236 1017
236 1021
236 1024
236 1026
236 1033
236 1035
236 1040
236 1042
236 1044
236 1058
236 1062
236 1067
236 1068
236 1069
236 1076
236 1077
236 1079
236 1088
236 1095
236 1108
236 1115
236 1116
236 1117
236 1123
236 1125
236 1134
236 1141
236 1147
236 1149
236 1160
236 1163
236 1167
236 1168
236 1173
236 1174
236 1178
236 1194
313 11
313 12
313 13
313 14
313 15
313 25
313 37
313 39
313 42
313 55
313 57
313 63
313 68
313 69
313 84
313 91
313 93
313 96
313 99
313 100
313 103
313 107
313 113
313 115
313 116
313 137
313 145
313 152
313 158
313 162
313 169
313 176
313 178
313 180
313 186
313 191
313 197
313 198
313 201
313 207
313 213
313 215
313 218
313 219
313 228
313 229
313 230
313 238
313 240
313 242
313 258
313 260
313 262
313 266
313 269
313 270
313 272
313 276
313 277
313 279
313 280
313 281
313 284
313 291
313 300
313 301
313 315
313 321
313 330
313 334
313 342
313 343
313 344
313 348
313 349
313 350
313 356
313 357
313 364
313 365
313 371
313 372
313 373
313 396
313 398
313 399
313 402
313 410
313 417
313 419
313 424
313 427
313 432
313 438
313 441
313 444
313 448
313 456
313 459
313 461
313 468
313 481
313 485
313 487
313 497
313 500
313 503
313 523
313 524
313 526
313 528
313 530
313 536
313 537
313 540
313 541
313 542
313 543
313 545
313 549
313 555
313 558
313 562
313 571
313 573
313 577
313 581
313 596
313 602
313 609
313 620
313 632
313 634
313 643
313 648
313 651
313 652
313 653
313 655
313 659
313 663
313 664
313 665
313 674
313 690
313 694
313 713
313 715
313 724
313 731
313 733
313 735
313 753
313 764
313 765
313 767
313 770
313 777
313 788
313 791
313 803
313 811
313 812
313 816
313 818
313 820
313 823
313 825
313 833
313 834
313 837
313 840
313 842
313 843
313 846
313 850
313 862
313 863
313 867
313 878
313 883
313 901
313 905
313 906
313 912
313 914
313 916
313 919
313 924
313 928
313 933
313 935
313 945
313 946
313 948
313 962
313 972
313 974
313 984
313 989
313 998
313 1005
313 1010
313 1017
313 1022
313 1028
313 1033
313 1034
313 1040
313 1042
313 1054
313 1055
313 1061
313 1069
313 1071
313 1072
313 1076
313 1078
313 1082
313 1090
313 1095
313 1096
313 1103
313 1104
313 1114
313 1126
313 1127
313 1128
313 1130
313 1131
313 1132
313 1137
313 1138
313 1146
313 1153
313 1156
313 1170
313 1180
313 1194
650 13
650 16
650 29
650 32
650 46
650 48
650 51
650 55
650 60
650 61
650 66
650 69
650 70
650 72
650 83
650 86
650 91
650 110
650 117
650 120
650 122
650 125
650 130
650 135
650 139
650 141
650 142
650 143
650 147
650 153
650 164
650 165
650 168
650 169
650 173
650 174
650 175
650 176
650 178
650 179
650 182
650 186
650 193
650 198
650 202
650 207
650 208
650 212
650 213
650 220
650 225
650 228
650 229
650 233
650 235
650 238
650 240
650 247
650 249
650 257
650 261
650 267
650 269
650 278
650 281
650 283
650 287
650 288
650 302
650 305
650 306
650 307
650 324
650 336
650 341
650 345
650 349
650 352
650 358
650 364
650 374
650 376
650 377
650 378
650 383
650 387
650 391
650 393
650 395
650 397
650 411
650 412
650 413
650 417
650 418
650 430
650 431
650 434
650 435
650 440
650 445
650 451
650 454
650 455
650 458
650 459
650 462
650 463
650 465
650 467
650 475
650 480
650 481
650 482
650 485
650 487
650 491
650 499
650 504
650 505
650 506
650 515
650 531
650 550
650 560
650 564
650 574
650 577
650 578
650 580
650 583
650 587
650 598
650 603
650 618
650 620
650 621
650 623
650 626
650 628
650 634
650 643
650 659
650 661
650 670
650 672
650 676
650 677
650 678
650 680
650 683
650 691
650 698
650 699
650 702
650 706
650 707
650 709
650 712
650 714
650 720
650 725
650 738
650 740
650 746
650 767
650 769
650 775
650 782
650 784
650 786
650 800
650 807
650 809
650 813
650 821
650 828
650 832
650 836
650 842
650 843
650 848
650 849
650 850
650 852
650 855
650 860
650 866
650 869
650 872
650 875
650 885
650 889
650 890
650 892
650 897
650 898
650 910
650 911
650 912
650 913
650 914
650 918
650 919
650 923
650 925
650 926
650 931
650 936
650 954
650 955
650 957
650 962
650 965
650 967
650 971
650 975
650 977
650 978
650 984
650 989
650 997
650 1004
650 1007
650 1008
650 1009
650 1024
650 1027
650 1030
650 1033
650 1034
650 1038
650 1039
650 1044
650 1048
650 1049
650 1052
650 1057
650 1062
650 1065
650 1066
650 1067
650 1068
650 1078
650 1086
650 1096
650 1101
650 1102
650 1104
650 1105
650 1112
650 1113
650 1117
650 1127
650 1134
650 1136
650 1137
650 1139
650 1146
650 1149
650 1153
650 1160
650 1164
650 1176
650 1180
650 1183
650 1192
650 1198
650 1200
388 11
388 18
388 19
388 21
388 30
388 45
388 47
388 48
388 50
388 54
388 55
388 60
388 63
388 67
388 70
388 77
388 83
388 85
388 88
388 91
388 98
388 103
388 106
388 111
388 112
388 117
388 119
388 125
388 130
388 132
388 134
388 136
388 140
388 145
388 148
388 154
388 159
388 173
388 175
388 176
388 184
388 185
388 192
388 194
388 198
388 214
388 216
388 235
388 237
388 239
388 240
388 241
388 242
388 246
388 248
388 266
388 267
388 282
388 286
388 287
388 289
388 291
388 292
388 297
388 299
388 305
388 311
388 323
388 350
388 355
388 363
388 369
388 373
388 374
388 379
388 380
388 385
388 387
388 389
388 399
388 412
388 425
388 428
388 430
388 432
388 437
388 439
388 440
388 457
388 458
388 464
388 470
388 475
388 487
388 488
388 489
388 492
388 494
388 501
388 504
388 505
388 512
388 520
388 522
388 532
388 537
388 545
388 556
388 576
388 582
388 585
388 586
388 587
388 588
388 592
388 601
388 608
388 625
388 636
388 644
388 646
388 650
388 651
388 654
388 656
388 659
388 660
388 666
388 671
388 681
388 697
388 703
388 705
388 710
388 711
388 713
388 720
388 721
388 723
388 724
388 726
388 729
388 731
388 739
388 752
388 759
388 773
388 778
388 780
388 787
388 791
388 795
388 805
388 810
388 817
388 820
388 822
388 823
388 825
388 832
388 835
388 837
388 843
388 847
388 850
388 853
388 855
388 882
388 883
388 897
388 898
388 899
388 900
388 908
388 915
388 917
388 921
388 929
388 938
388 939
388 943
388 947
388 948
388 950
388 955
388 961
388 964
388 968
388 969
388 971
388 980
388 981
388 987
388 988
388 992
388 995
388 997
388 999
388 1006
388 1008
388 1012
388 1016
388 1021
388 1031
388 1037
388 1040
388 1042
388 1046
388 1050
388 1054
388 1057
388 1061
388 1074
388 1088
388 1094
388 1100
388 1121
388 1126
388 1143
388 1151
388 1153
388 1157
388 1158
388 1164
388 1178
388 1181
388 1189
388 1195
745 12
745 25
745 26
745 31
745 32
745 35
745 36
745 38
745 39
745 44
745 45
745 51
745 54
745 57
745 71
745 74
745 78
745 82
745 88
745 96
745 101
745 105
745 112
745 113
745 116
745 118
745 124
745 125
745 126
745 127
745 138
745 143
745 149
745 155
745 158
745 160
745 173
745 187
745 189
745 197
745 209
745 213
745 218
745 219
745 221
745 224
745 225
745 236
745 244
745 249
745 255
745 264
745 271
745 275
745 279
745 281
745 282
745 299
745 302
745 305
745 306
745 307
745 320
745 331
745 334
745 337
745 338
745 341
745 343
745 347
745 362
745 369
745 387
745 391
745 400
745 404
745 410
745 415
745 435
745 437
745 440
745 443
745 444
745 445
745 448
745 454
745 460
745 474
745 483
745 498
745 504
745 507
745 518
745 520
745 522
745 530
745 536
745 541
745 542
745 550
745 572
745 579
745 585
745 594
745 607
745 611
745 616
745 634
745 635
745 636
745 637
745 648
745 656
745 658
745 670
745 671
745 672
745 674
745 677
745 678
745 687
745 703
745 717
745 730
745 746
745 758
745 760
745 769
745 787
745 789
745 805
745 806
745 826
745 831
745 835
745 844
745 845
745 848
745 849
745 852
745 855
745 859
745 864
745 871
745 880
745 885
745 897
745 900
745 901
745 904
745 914
745 917
745 920
745 923
745 929
745 931
745 934
745 941
745 944
745 954
745 967
745 970
745 976
745 983
745 989
745 1009
745 1012
745 1015
745 1019
745 1023
745 1025
745 1026
745 1032
745 1052
745 1068
745 1072
745 1091
745 1099
745 1102
745 1108
745 1116
745 1119
745 1124
745 1125
745 1128
745 1142
745 1144
745 1145
745 1152
745 1159
745 1179
745 1180
745 1182
745 1188
745 1189
745 1191
745 1199
