p td 3400 8188 
188 19
188 22
188 27
188 29
188 33
188 36
188 43
188 44
188 45
188 49
188 53
188 55
188 57
188 59
188 60
188 61
188 66
188 78
188 84
188 88
188 94
188 107
188 116
188 118
188 121
188 127
188 128
188 136
188 137
188 138
188 151
188 158
188 159
188 165
188 168
188 170
188 179
188 182
188 190
188 194
188 195
188 203
188 207
188 210
188 218
188 222
188 223
188 225
188 243
188 247
188 251
188 256
188 262
188 263
188 265
188 269
188 275
188 277
188 281
188 310
188 311
188 315
188 318
188 329
188 337
188 345
188 351
188 366
188 371
188 373
188 374
188 385
188 386
188 390
188 399
188 404
188 408
188 410
188 415
188 417
188 425
188 434
188 447
188 455
188 462
188 464
188 466
188 468
188 473
188 476
188 482
188 484
188 488
188 491
188 500
188 504
188 505
188 508
188 510
188 514
188 517
188 526
188 530
188 532
188 533
188 534
188 536
188 557
188 562
188 566
188 580
188 585
188 586
188 587
188 589
188 599
188 600
188 601
188 606
188 609
188 610
188 614
188 619
188 628
188 645
188 647
188 650
188 654
188 658
188 672
188 675
188 676
188 677
188 683
188 685
188 689
188 690
188 695
188 702
188 722
188 729
188 753
188 762
188 766
188 770
188 784
188 798
188 801
188 804
188 807
188 810
188 815
188 816
188 828
188 835
188 838
188 844
188 846
188 847
188 868
188 875
188 880
188 884
188 887
188 890
188 900
188 907
188 909
188 910
188 914
188 929
188 935
188 936
188 940
188 942
188 943
188 944
188 952
188 955
188 961
188 962
188 966
188 972
188 978
188 979
188 983
188 987
188 995
188 997
188 999
188 1020
188 1022
188 1025
188 1035
188 1036
188 1037
188 1040
188 1043
188 1045
188 1048
188 1050
188 1052
188 1055
188 1056
188 1058
188 1062
188 1064
188 1084
188 1087
188 1089
188 1100
188 1103
188 1104
188 1106
188 1111
188 1147
188 1150
188 1156
188 1179
188 1192
188 1202
188 1203
188 1208
188 1211
188 1218
188 1219
188 1221
188 1227
188 1228
188 1234
188 1239
188 1247
188 1256
188 1257
188 1258
188 1261
188 1264
188 1271
188 1285
188 1287
188 1291
188 1292
188 1298
188 1299
188 1313
188 1323
188 1336
188 1337
188 1340
188 1345
188 1349
188 1351
188 1364
188 1365
188 1377
188 1378
188 1380
188 1390
188 1391
188 1396
188 1399
188 1404
188 1408
188 1427
188 1428
188 1429
188 1434
188 1448
188 1449
188 1458
188 1460
188 1462
188 1463
188 1464
188 1468
188 1480
188 1484
188 1493
188 1501
188 1511
188 1517
188 1523
188 1525
188 1530
188 1534
188 1535
188 1547
188 1564
188 1566
188 1570
188 1573
188 1575
188 1580
188 1587
188 1605
188 1608
188 1614
188 1619
188 1620
188 1622
188 1623
188 1626
188 1628
188 1630
188 1633
188 1634
188 1649
188 1654
188 1659
188 1663
188 1674
188 1681
188 1688
188 1696
188 1698
188 1707
188 1708
188 1709
188 1710
188 1714
188 1715
188 1719
188 1721
188 1723
188 1727
188 1729
188 1741
188 1744
188 1752
188 1754
188 1759
188 1768
188 1770
188 1775
188 1781
188 1782
188 1786
188 1789
188 1790
188 1801
188 1817
188 1822
188 1826
188 1827
188 1830
188 1831
188 1832
188 1838
188 1847
188 1855
188 1857
188 1858
188 1859
188 1870
188 1871
188 1876
188 1879
188 1883
188 1885
188 1910
188 1914
188 1925
188 1926
188 1927
188 1933
188 1935
188 1936
188 1939
188 1948
188 1949
188 1958
188 1976
188 1980
188 1982
188 1989
188 1993
188 1997
188 1999
188 2002
188 2003
188 2005
188 2006
188 2009
188 2022
188 2029
188 2035
188 2036
188 2037
188 2040
188 2042
188 2048
188 2052
188 2054
188 2061
188 2063
188 2071
188 2073
188 2082
188 2085
188 2090
188 2092
188 2094
188 2096
188 2097
188 2105
188 2106
188 2107
188 2115
188 2116
188 2121
188 2130
188 2145
188 2156
188 2157
188 2158
188 2159
188 2166
188 2167
188 2180
188 2182
188 2190
188 2192
188 2193
188 2207
188 2221
188 2227
188 2230
188 2236
188 2238
188 2262
188 2263
188 2264
188 2282
188 2284
188 2290
188 2295
188 2302
188 2305
188 2306
188 2313
188 2317
188 2319
188 2322
188 2326
188 2329
188 2332
188 2334
188 2336
188 2342
188 2345
188 2356
188 2357
188 2360
188 2365
188 2369
188 2375
188 2379
188 2382
188 2386
188 2393
188 2395
188 2403
188 2405
188 2408
188 2423
188 2426
188 2428
188 2432
188 2435
188 2447
188 2449
188 2453
188 2456
188 2457
188 2463
188 2464
188 2466
188 2469
188 2471
188 2476
188 2483
188 2488
188 2496
188 2499
188 2501
188 2507
188 2509
188 2511
188 2516
188 2517
188 2518
188 2523
188 2524
188 2529
188 2537
188 2541
188 2542
188 2546
188 2547
188 2548
188 2550
188 2552
188 2557
188 2559
188 2575
188 2576
188 2586
188 2593
188 2596
188 2600
188 2610
188 2615
188 2617
188 2619
188 2622
188 2627
188 2634
188 2643
188 2646
188 2648
188 2649
188 2652
188 2655
188 2656
188 2663
188 2669
188 2674
188 2682
188 2690
188 2692
188 2697
188 2698
188 2699
188 2707
188 2708
188 2709
188 2712
188 2715
188 2717
188 2725
188 2730
188 2738
188 2745
188 2747
188 2753
188 2754
188 2762
188 2763
188 2766
188 2770
188 2784
188 2785
188 2790
188 2796
188 2801
188 2809
188 2815
188 2824
188 2825
188 2826
188 2836
188 2852
188 2858
188 2861
188 2863
188 2866
188 2871
188 2879
188 2882
188 2893
188 2912
188 2917
188 2922
188 2923
188 2929
188 2937
188 2943
188 2944
188 2960
188 2962
188 2965
188 2966
188 2972
188 2974
188 2979
188 2980
188 2994
188 2997
188 3000
188 3002
188 3005
188 3008
188 3013
188 3022
188 3024
188 3030
188 3034
188 3040
188 3050
188 3060
188 3071
188 3081
188 3085
188 3092
188 3094
188 3103
188 3111
188 3112
188 3118
188 3126
188 3132
188 3139
188 3147
188 3148
188 3151
188 3153
188 3154
188 3171
188 3173
188 3175
188 3178
188 3188
188 3189
188 3190
188 3195
188 3197
188 3200
188 3206
188 3208
188 3210
188 3212
188 3213
188 3218
188 3220
188 3222
188 3225
188 3229
188 3239
188 3240
188 3243
188 3249
188 3252
188 3255
188 3257
188 3262
188 3277
188 3279
188 3280
188 3287
188 3288
188 3289
188 3294
188 3296
188 3299
188 3302
188 3308
188 3316
188 3322
188 3327
188 3330
188 3333
188 3337
188 3350
188 3351
188 3352
188 3355
188 3366
188 3371
188 3375
188 3381
188 3389
188 3390
188 3393
2483 3
2483 7
2483 8
2483 9
2483 15
2483 17
2483 18
2483 20
2483 22
2483 23
2483 32
2483 34
2483 37
2483 40
2483 56
2483 59
2483 67
2483 87
2483 99
2483 113
2483 123
2483 124
2483 126
2483 128
2483 136
2483 138
2483 139
2483 144
2483 148
2483 151
2483 152
2483 157
2483 159
2483 163
2483 164
2483 165
2483 167
2483 173
2483 176
2483 178
2483 183
2483 188
2483 189
2483 198
2483 203
2483 210
2483 219
2483 223
2483 228
2483 230
2483 234
2483 237
2483 240
2483 242
2483 250
2483 264
2483 267
2483 270
2483 273
2483 288
2483 293
2483 299
2483 306
2483 309
2483 312
2483 313
2483 316
2483 317
2483 321
2483 324
2483 334
2483 335
2483 337
2483 339
2483 341
2483 342
2483 347
2483 350
2483 352
2483 359
2483 370
2483 371
2483 376
2483 380
2483 387
2483 391
2483 398
2483 413
2483 435
2483 436
2483 442
2483 447
2483 458
2483 467
2483 481
2483 483
2483 486
2483 488
2483 489
2483 493
2483 497
2483 499
2483 508
2483 514
2483 516
2483 518
2483 526
2483 530
2483 533
2483 535
2483 536
2483 541
2483 542
2483 546
2483 551
2483 553
2483 560
2483 569
2483 572
2483 583
2483 585
2483 592
2483 594
2483 599
2483 600
2483 616
2483 622
2483 635
2483 642
2483 643
2483 644
2483 656
2483 659
2483 660
2483 664
2483 665
2483 672
2483 677
2483 680
2483 692
2483 693
2483 699
2483 701
2483 703
2483 706
2483 708
2483 714
2483 716
2483 720
2483 724
2483 738
2483 749
2483 758
2483 769
2483 771
2483 785
2483 789
2483 791
2483 793
2483 795
2483 804
2483 824
2483 825
2483 827
2483 840
2483 844
2483 846
2483 848
2483 850
2483 852
2483 853
2483 856
2483 860
2483 864
2483 868
2483 870
2483 874
2483 879
2483 884
2483 889
2483 899
2483 903
2483 908
2483 909
2483 915
2483 933
2483 934
2483 936
2483 938
2483 939
2483 944
2483 949
2483 953
2483 956
2483 958
2483 964
2483 972
2483 976
2483 983
2483 988
2483 990
2483 996
2483 999
2483 1000
2483 1002
2483 1003
2483 1005
2483 1021
2483 1023
2483 1041
2483 1044
2483 1046
2483 1050
2483 1054
2483 1056
2483 1063
2483 1067
2483 1073
2483 1076
2483 1080
2483 1086
2483 1118
2483 1119
2483 1123
2483 1125
2483 1134
2483 1141
2483 1143
2483 1144
2483 1156
2483 1160
2483 1167
2483 1173
2483 1179
2483 1184
2483 1193
2483 1206
2483 1207
2483 1211
2483 1214
2483 1218
2483 1219
2483 1224
2483 1225
2483 1229
2483 1230
2483 1232
2483 1238
2483 1240
2483 1246
2483 1250
2483 1251
2483 1252
2483 1266
2483 1269
2483 1271
2483 1275
2483 1276
2483 1277
2483 1280
2483 1283
2483 1285
2483 1292
2483 1294
2483 1304
2483 1305
2483 1310
2483 1318
2483 1327
2483 1334
2483 1342
2483 1344
2483 1345
2483 1348
2483 1355
2483 1360
2483 1362
2483 1370
2483 1371
2483 1378
2483 1380
2483 1383
2483 1384
2483 1390
2483 1395
2483 1406
2483 1419
2483 1424
2483 1429
2483 1430
2483 1434
2483 1439
2483 1460
2483 1470
2483 1471
2483 1473
2483 1476
2483 1498
2483 1502
2483 1505
2483 1506
2483 1514
2483 1526
2483 1527
2483 1536
2483 1544
2483 1545
2483 1551
2483 1565
2483 1569
2483 1578
2483 1588
2483 1590
2483 1595
2483 1603
2483 1605
2483 1609
2483 1618
2483 1625
2483 1627
2483 1632
2483 1636
2483 1637
2483 1639
2483 1647
2483 1651
2483 1653
2483 1664
2483 1666
2483 1668
2483 1669
2483 1672
2483 1675
2483 1685
2483 1691
2483 1702
2483 1708
2483 1710
2483 1712
2483 1714
2483 1715
2483 1716
2483 1717
2483 1722
2483 1725
2483 1726
2483 1734
2483 1738
2483 1748
2483 1752
2483 1755
2483 1758
2483 1760
2483 1761
2483 1764
2483 1768
2483 1773
2483 1775
2483 1781
2483 1782
2483 1784
2483 1786
2483 1787
2483 1795
2483 1797
2483 1799
2483 1812
2483 1818
2483 1826
2483 1834
2483 1845
2483 1848
2483 1851
2483 1856
2483 1859
2483 1863
2483 1864
2483 1866
2483 1878
2483 1899
2483 1912
2483 1915
2483 1918
2483 1924
2483 1930
2483 1932
2483 1934
2483 1942
2483 1951
2483 1964
2483 1972
2483 1989
2483 2006
2483 2010
2483 2012
2483 2016
2483 2022
2483 2023
2483 2030
2483 2033
2483 2038
2483 2040
2483 2044
2483 2045
2483 2050
2483 2055
2483 2056
2483 2066
2483 2071
2483 2086
2483 2088
2483 2094
2483 2096
2483 2102
2483 2111
2483 2122
2483 2125
2483 2127
2483 2133
2483 2135
2483 2136
2483 2140
2483 2143
2483 2150
2483 2157
2483 2158
2483 2168
2483 2170
2483 2172
2483 2176
2483 2178
2483 2183
2483 2188
2483 2191
2483 2194
2483 2195
2483 2196
2483 2199
2483 2204
2483 2207
2483 2209
2483 2210
2483 2212
2483 2213
2483 2215
2483 2219
2483 2221
2483 2225
2483 2226
2483 2227
2483 2228
2483 2229
2483 2230
2483 2231
2483 2240
2483 2244
2483 2249
2483 2262
2483 2265
2483 2268
2483 2269
2483 2286
2483 2290
2483 2295
2483 2296
2483 2297
2483 2302
2483 2303
2483 2304
2483 2318
2483 2321
2483 2324
2483 2330
2483 2335
2483 2342
2483 2344
2483 2366
2483 2367
2483 2377
2483 2381
2483 2382
2483 2383
2483 2385
2483 2389
2483 2414
2483 2421
2483 2424
2483 2425
2483 2427
2483 2442
2483 2446
2483 2447
2483 2450
2483 2460
2483 2465
2483 2473
2483 2475
2483 2481
2483 2482
2483 2489
2483 2493
2483 2494
2483 2499
2483 2503
2483 2512
2483 2514
2483 2522
2483 2528
2483 2531
2483 2533
2483 2536
2483 2542
2483 2545
2483 2550
2483 2558
2483 2559
2483 2560
2483 2563
2483 2566
2483 2570
2483 2571
2483 2576
2483 2582
2483 2583
2483 2587
2483 2590
2483 2601
2483 2612
2483 2615
2483 2620
2483 2626
2483 2630
2483 2639
2483 2642
2483 2643
2483 2644
2483 2650
2483 2654
2483 2656
2483 2663
2483 2669
2483 2671
2483 2674
2483 2685
2483 2693
2483 2698
2483 2705
2483 2708
2483 2714
2483 2716
2483 2717
2483 2719
2483 2723
2483 2725
2483 2728
2483 2730
2483 2734
2483 2742
2483 2749
2483 2780
2483 2784
2483 2786
2483 2790
2483 2794
2483 2799
2483 2800
2483 2801
2483 2802
2483 2803
2483 2804
2483 2810
2483 2828
2483 2833
2483 2838
2483 2840
2483 2851
2483 2854
2483 2857
2483 2861
2483 2873
2483 2883
2483 2884
2483 2890
2483 2892
2483 2899
2483 2904
2483 2906
2483 2907
2483 2909
2483 2911
2483 2912
2483 2913
2483 2933
2483 2952
2483 2958
2483 2959
2483 2968
2483 2971
2483 2975
2483 2976
2483 2981
2483 2982
2483 2985
2483 2988
2483 2996
2483 2998
2483 3005
2483 3018
2483 3019
2483 3032
2483 3033
2483 3038
2483 3050
2483 3060
2483 3062
2483 3064
2483 3065
2483 3069
2483 3080
2483 3087
2483 3095
2483 3098
2483 3100
2483 3104
2483 3109
2483 3127
2483 3136
2483 3141
2483 3144
2483 3150
2483 3160
2483 3162
2483 3173
2483 3174
2483 3188
2483 3197
2483 3199
2483 3205
2483 3206
2483 3212
2483 3221
2483 3225
2483 3240
2483 3241
2483 3242
2483 3252
2483 3256
2483 3266
2483 3267
2483 3269
2483 3272
2483 3275
2483 3276
2483 3277
2483 3279
2483 3280
2483 3289
2483 3293
2483 3296
2483 3303
2483 3308
2483 3311
2483 3313
2483 3324
2483 3325
2483 3335
2483 3344
2483 3349
2483 3357
2483 3361
2483 3363
2483 3371
2483 3372
2483 3375
2483 3376
2483 3381
2483 3382
2483 3384
2483 3391
2483 3399
2483 3400
1549 3
1549 5
1549 18
1549 27
1549 32
1549 33
1549 34
1549 35
1549 39
1549 42
1549 44
1549 50
1549 52
1549 56
1549 58
1549 63
1549 66
1549 67
1549 69
1549 71
1549 74
1549 101
1549 102
1549 111
1549 115
1549 121
1549 123
1549 142
1549 144
1549 158
1549 161
1549 165
1549 171
1549 177
1549 179
1549 189
1549 200
1549 201
1549 203
1549 205
1549 207
1549 212
1549 222
1549 226
1549 241
1549 246
1549 248
1549 249
1549 250
1549 260
1549 274
1549 277
1549 279
1549 286
1549 314
1549 315
1549 326
1549 330
1549 332
1549 333
1549 335
1549 346
1549 351
1549 353
1549 354
1549 358
1549 360
1549 361
1549 366
1549 367
1549 368
1549 369
1549 378
1549 379
1549 380
1549 388
1549 405
1549 409
1549 415
1549 424
1549 425
1549 427
1549 440
1549 447
1549 451
1549 456
1549 457
1549 458
1549 459
1549 463
1549 467
1549 468
1549 472
1549 475
1549 483
1549 487
1549 489
1549 492
1549 494
1549 496
1549 504
1549 514
1549 520
1549 523
1549 526
1549 531
1549 532
1549 537
1549 540
1549 547
1549 553
1549 555
1549 560
1549 562
1549 563
1549 565
1549 566
1549 568
1549 587
1549 589
1549 590
1549 592
1549 600
1549 606
1549 608
1549 614
1549 619
1549 624
1549 629
1549 631
1549 645
1549 661
1549 677
1549 680
1549 686
1549 689
1549 690
1549 691
1549 692
1549 693
1549 694
1549 698
1549 699
1549 704
1549 708
1549 712
1549 718
1549 719
1549 723
1549 727
1549 736
1549 739
1549 741
1549 742
1549 747
1549 752
1549 754
1549 759
1549 762
1549 772
1549 776
1549 780
1549 781
1549 798
1549 805
1549 807
1549 824
1549 825
1549 826
1549 832
1549 840
1549 841
1549 843
1549 844
1549 849
1549 858
1549 859
1549 862
1549 867
1549 872
1549 879
1549 881
1549 883
1549 887
1549 894
1549 895
1549 896
1549 899
1549 903
1549 904
1549 905
1549 909
1549 920
1549 922
1549 928
1549 932
1549 941
1549 945
1549 947
1549 949
1549 952
1549 954
1549 955
1549 956
1549 966
1549 973
1549 974
1549 989
1549 994
1549 997
1549 999
1549 1012
1549 1016
1549 1018
1549 1023
1549 1026
1549 1029
1549 1034
1549 1045
1549 1052
1549 1055
1549 1058
1549 1063
1549 1074
1549 1078
1549 1079
1549 1086
1549 1091
1549 1097
1549 1099
1549 1104
1549 1111
1549 1112
1549 1114
1549 1116
1549 1120
1549 1126
1549 1128
1549 1139
1549 1143
1549 1152
1549 1161
1549 1163
1549 1176
1549 1183
1549 1184
1549 1190
1549 1196
1549 1201
1549 1202
1549 1208
1549 1211
1549 1212
1549 1221
1549 1227
1549 1238
1549 1241
1549 1242
1549 1250
1549 1260
1549 1261
1549 1262
1549 1264
1549 1270
1549 1286
1549 1295
1549 1299
1549 1303
1549 1310
1549 1317
1549 1318
1549 1323
1549 1326
1549 1328
1549 1333
1549 1334
1549 1337
1549 1338
1549 1344
1549 1369
1549 1373
1549 1375
1549 1377
1549 1389
1549 1406
1549 1408
1549 1414
1549 1423
1549 1426
1549 1430
1549 1434
1549 1436
1549 1437
1549 1449
1549 1451
1549 1452
1549 1465
1549 1469
1549 1474
1549 1475
1549 1477
1549 1479
1549 1480
1549 1487
1549 1489
1549 1499
1549 1503
1549 1505
1549 1513
1549 1514
1549 1520
1549 1530
1549 1548
1549 1558
1549 1561
1549 1564
1549 1565
1549 1571
1549 1575
1549 1580
1549 1581
1549 1584
1549 1585
1549 1588
1549 1589
1549 1595
1549 1600
1549 1602
1549 1605
1549 1617
1549 1618
1549 1624
1549 1628
1549 1643
1549 1648
1549 1654
1549 1655
1549 1661
1549 1666
1549 1673
1549 1674
1549 1675
1549 1677
1549 1685
1549 1687
1549 1691
1549 1693
1549 1698
1549 1700
1549 1701
1549 1705
1549 1717
1549 1719
1549 1722
1549 1741
1549 1750
1549 1755
1549 1759
1549 1762
1549 1763
1549 1771
1549 1772
1549 1773
1549 1792
1549 1799
1549 1801
1549 1812
1549 1814
1549 1817
1549 1830
1549 1836
1549 1837
1549 1842
1549 1851
1549 1858
1549 1860
1549 1864
1549 1866
1549 1875
1549 1897
1549 1932
1549 1939
1549 1943
1549 1956
1549 1958
1549 1966
1549 1969
1549 1971
1549 1972
1549 1982
1549 1984
1549 1986
1549 1988
1549 1991
1549 1994
1549 1998
1549 2001
1549 2005
1549 2008
1549 2009
1549 2018
1549 2019
1549 2020
1549 2021
1549 2026
1549 2028
1549 2029
1549 2033
1549 2042
1549 2052
1549 2053
1549 2068
1549 2069
1549 2072
1549 2074
1549 2078
1549 2079
1549 2080
1549 2081
1549 2088
1549 2089
1549 2096
1549 2097
1549 2105
1549 2127
1549 2129
1549 2130
1549 2131
1549 2132
1549 2133
1549 2134
1549 2141
1549 2146
1549 2147
1549 2151
1549 2154
1549 2164
1549 2165
1549 2167
1549 2173
1549 2175
1549 2180
1549 2185
1549 2188
1549 2192
1549 2196
1549 2199
1549 2204
1549 2206
1549 2211
1549 2222
1549 2227
1549 2229
1549 2230
1549 2231
1549 2233
1549 2237
1549 2238
1549 2240
1549 2241
1549 2244
1549 2245
1549 2255
1549 2258
1549 2260
1549 2261
1549 2264
1549 2274
1549 2275
1549 2277
1549 2278
1549 2280
1549 2283
1549 2284
1549 2285
1549 2286
1549 2290
1549 2291
1549 2299
1549 2304
1549 2309
1549 2311
1549 2317
1549 2321
1549 2322
1549 2324
1549 2338
1549 2339
1549 2349
1549 2359
1549 2360
1549 2364
1549 2379
1549 2382
1549 2383
1549 2393
1549 2396
1549 2408
1549 2409
1549 2411
1549 2413
1549 2414
1549 2415
1549 2422
1549 2428
1549 2429
1549 2436
1549 2444
1549 2449
1549 2452
1549 2453
1549 2458
1549 2459
1549 2461
1549 2471
1549 2472
1549 2477
1549 2478
1549 2516
1549 2528
1549 2530
1549 2538
1549 2539
1549 2540
1549 2552
1549 2555
1549 2560
1549 2562
1549 2583
1549 2590
1549 2593
1549 2599
1549 2600
1549 2606
1549 2610
1549 2612
1549 2614
1549 2618
1549 2621
1549 2630
1549 2635
1549 2640
1549 2652
1549 2657
1549 2658
1549 2667
1549 2673
1549 2677
1549 2678
1549 2691
1549 2696
1549 2703
1549 2712
1549 2714
1549 2715
1549 2720
1549 2721
1549 2730
1549 2732
1549 2738
1549 2741
1549 2750
1549 2753
1549 2762
1549 2786
1549 2788
1549 2790
1549 2796
1549 2810
1549 2811
1549 2812
1549 2820
1549 2825
1549 2827
1549 2831
1549 2843
1549 2844
1549 2847
1549 2852
1549 2854
1549 2857
1549 2858
1549 2862
1549 2865
1549 2866
1549 2872
1549 2877
1549 2885
1549 2897
1549 2898
1549 2909
1549 2917
1549 2919
1549 2933
1549 2935
1549 2936
1549 2939
1549 2941
1549 2942
1549 2955
1549 2960
1549 2961
1549 2965
1549 2971
1549 2977
1549 2980
1549 2982
1549 3002
1549 3010
1549 3012
1549 3032
1549 3036
1549 3047
1549 3053
1549 3054
1549 3062
1549 3074
1549 3075
1549 3084
1549 3090
1549 3095
1549 3107
1549 3113
1549 3115
1549 3116
1549 3127
1549 3132
1549 3142
1549 3151
1549 3153
1549 3156
1549 3167
1549 3168
1549 3170
1549 3177
1549 3183
1549 3187
1549 3190
1549 3200
1549 3201
1549 3206
1549 3217
1549 3218
1549 3219
1549 3234
1549 3236
1549 3240
1549 3241
1549 3242
1549 3262
1549 3280
1549 3281
1549 3287
1549 3288
1549 3302
1549 3303
1549 3305
1549 3306
1549 3312
1549 3316
1549 3328
1549 3330
1549 3331
1549 3332
1549 3333
1549 3340
1549 3350
1549 3354
1549 3357
1549 3362
1549 3366
1549 3371
1549 3374
1549 3381
1549 3387
2139 5
2139 7
2139 11
2139 25
2139 27
2139 32
2139 44
2139 49
2139 51
2139 58
2139 62
2139 67
2139 73
2139 78
2139 90
2139 91
2139 94
2139 98
2139 101
2139 104
2139 111
2139 114
2139 118
2139 119
2139 124
2139 126
2139 128
2139 130
2139 134
2139 135
2139 136
2139 140
2139 152
2139 153
2139 155
2139 157
2139 160
2139 166
2139 171
2139 177
2139 178
2139 183
2139 184
2139 190
2139 193
2139 198
2139 206
2139 214
2139 217
2139 218
2139 219
2139 220
2139 222
2139 223
2139 224
2139 237
2139 240
2139 243
2139 260
2139 263
2139 267
2139 271
2139 274
2139 282
2139 283
2139 286
2139 290
2139 292
2139 297
2139 300
2139 301
2139 303
2139 305
2139 307
2139 314
2139 318
2139 321
2139 322
2139 323
2139 327
2139 329
2139 333
2139 334
2139 335
2139 338
2139 343
2139 364
2139 366
2139 379
2139 387
2139 393
2139 415
2139 417
2139 419
2139 424
2139 427
2139 431
2139 432
2139 436
2139 441
2139 442
2139 446
2139 450
2139 453
2139 455
2139 465
2139 468
2139 482
2139 493
2139 504
2139 511
2139 514
2139 517
2139 519
2139 521
2139 528
2139 529
2139 536
2139 540
2139 553
2139 562
2139 564
2139 565
2139 568
2139 570
2139 574
2139 576
2139 580
2139 583
2139 588
2139 593
2139 597
2139 598
2139 604
2139 605
2139 609
2139 614
2139 625
2139 626
2139 628
2139 629
2139 640
2139 641
2139 652
2139 660
2139 663
2139 671
2139 676
2139 677
2139 678
2139 680
2139 686
2139 691
2139 692
2139 696
2139 699
2139 701
2139 706
2139 721
2139 725
2139 729
2139 730
2139 733
2139 742
2139 744
2139 746
2139 748
2139 751
2139 758
2139 759
2139 762
2139 770
2139 779
2139 784
2139 790
2139 791
2139 796
2139 802
2139 803
2139 805
2139 806
2139 810
2139 813
2139 819
2139 820
2139 824
2139 828
2139 829
2139 830
2139 831
2139 832
2139 837
2139 846
2139 848
2139 849
2139 850
2139 856
2139 859
2139 874
2139 878
2139 881
2139 889
2139 903
2139 909
2139 914
2139 923
2139 927
2139 930
2139 932
2139 934
2139 944
2139 950
2139 953
2139 957
2139 967
2139 977
2139 982
2139 984
2139 988
2139 993
2139 995
2139 997
2139 1002
2139 1010
2139 1015
2139 1022
2139 1030
2139 1038
2139 1039
2139 1042
2139 1050
2139 1051
2139 1059
2139 1061
2139 1064
2139 1076
2139 1077
2139 1080
2139 1082
2139 1090
2139 1103
2139 1104
2139 1105
2139 1106
2139 1114
2139 1116
2139 1122
2139 1123
2139 1126
2139 1127
2139 1128
2139 1133
2139 1134
2139 1141
2139 1142
2139 1143
2139 1146
2139 1152
2139 1171
2139 1174
2139 1177
2139 1183
2139 1193
2139 1195
2139 1205
2139 1210
2139 1218
2139 1231
2139 1233
2139 1241
2139 1248
2139 1249
2139 1250
2139 1255
2139 1258
2139 1265
2139 1267
2139 1270
2139 1273
2139 1282
2139 1290
2139 1306
2139 1308
2139 1314
2139 1318
2139 1338
2139 1351
2139 1357
2139 1359
2139 1361
2139 1362
2139 1363
2139 1366
2139 1369
2139 1370
2139 1372
2139 1373
2139 1374
2139 1378
2139 1380
2139 1382
2139 1384
2139 1389
2139 1395
2139 1401
2139 1406
2139 1409
2139 1415
2139 1424
2139 1425
2139 1443
2139 1450
2139 1452
2139 1454
2139 1460
2139 1464
2139 1465
2139 1468
2139 1476
2139 1480
2139 1484
2139 1485
2139 1493
2139 1502
2139 1512
2139 1524
2139 1535
2139 1536
2139 1546
2139 1561
2139 1564
2139 1565
2139 1572
2139 1583
2139 1590
2139 1601
2139 1606
2139 1607
2139 1613
2139 1617
2139 1619
2139 1620
2139 1625
2139 1628
2139 1632
2139 1633
2139 1636
2139 1640
2139 1651
2139 1652
2139 1653
2139 1660
2139 1661
2139 1670
2139 1671
2139 1677
2139 1684
2139 1699
2139 1702
2139 1704
2139 1706
2139 1709
2139 1722
2139 1724
2139 1725
2139 1727
2139 1728
2139 1729
2139 1733
2139 1738
2139 1747
2139 1749
2139 1754
2139 1759
2139 1761
2139 1762
2139 1771
2139 1773
2139 1775
2139 1776
2139 1779
2139 1783
2139 1787
2139 1789
2139 1804
2139 1809
2139 1810
2139 1812
2139 1813
2139 1815
2139 1822
2139 1827
2139 1829
2139 1844
2139 1854
2139 1858
2139 1862
2139 1863
2139 1866
2139 1868
2139 1872
2139 1874
2139 1876
2139 1877
2139 1878
2139 1884
2139 1897
2139 1903
2139 1916
2139 1924
2139 1940
2139 1944
2139 1945
2139 1946
2139 1947
2139 1951
2139 1957
2139 1967
2139 1974
2139 1975
2139 1980
2139 1995
2139 2001
2139 2013
2139 2028
2139 2035
2139 2044
2139 2046
2139 2053
2139 2064
2139 2071
2139 2084
2139 2089
2139 2094
2139 2095
2139 2103
2139 2105
2139 2119
2139 2120
2139 2123
2139 2126
2139 2131
2139 2138
2139 2139
2139 2145
2139 2146
2139 2148
2139 2149
2139 2151
2139 2158
2139 2162
2139 2172
2139 2173
2139 2174
2139 2195
2139 2197
2139 2202
2139 2203
2139 2206
2139 2213
2139 2216
2139 2221
2139 2228
2139 2238
2139 2239
2139 2241
2139 2243
2139 2254
2139 2260
2139 2263
2139 2267
2139 2276
2139 2279
2139 2280
2139 2283
2139 2284
2139 2289
2139 2292
2139 2293
2139 2303
2139 2306
2139 2307
2139 2309
2139 2323
2139 2330
2139 2331
2139 2341
2139 2350
2139 2357
2139 2359
2139 2361
2139 2365
2139 2370
2139 2371
2139 2373
2139 2388
2139 2397
2139 2399
2139 2403
2139 2410
2139 2412
2139 2415
2139 2420
2139 2424
2139 2425
2139 2426
2139 2434
2139 2435
2139 2437
2139 2447
2139 2448
2139 2454
2139 2457
2139 2470
2139 2471
2139 2484
2139 2503
2139 2510
2139 2511
2139 2516
2139 2520
2139 2530
2139 2548
2139 2567
2139 2580
2139 2584
2139 2613
2139 2615
2139 2616
2139 2623
2139 2624
2139 2631
2139 2633
2139 2643
2139 2659
2139 2661
2139 2666
2139 2670
2139 2672
2139 2675
2139 2679
2139 2681
2139 2683
2139 2686
2139 2702
2139 2705
2139 2707
2139 2720
2139 2728
2139 2729
2139 2733
2139 2734
2139 2750
2139 2756
2139 2760
2139 2763
2139 2783
2139 2788
2139 2801
2139 2809
2139 2811
2139 2825
2139 2831
2139 2832
2139 2838
2139 2839
2139 2845
2139 2846
2139 2851
2139 2852
2139 2857
2139 2858
2139 2869
2139 2870
2139 2871
2139 2874
2139 2884
2139 2888
2139 2889
2139 2896
2139 2898
2139 2906
2139 2918
2139 2919
2139 2921
2139 2922
2139 2924
2139 2926
2139 2932
2139 2945
2139 2949
2139 2952
2139 2954
2139 2963
2139 2964
2139 2971
2139 2972
2139 2973
2139 2985
2139 2992
2139 3004
2139 3006
2139 3008
2139 3018
2139 3020
2139 3022
2139 3026
2139 3027
2139 3030
2139 3031
2139 3032
2139 3039
2139 3040
2139 3043
2139 3049
2139 3050
2139 3051
2139 3052
2139 3057
2139 3058
2139 3069
2139 3072
2139 3078
2139 3079
2139 3082
2139 3084
2139 3088
2139 3094
2139 3109
2139 3128
2139 3129
2139 3130
2139 3132
2139 3133
2139 3136
2139 3146
2139 3148
2139 3152
2139 3153
2139 3155
2139 3167
2139 3168
2139 3169
2139 3177
2139 3179
2139 3180
2139 3181
2139 3186
2139 3189
2139 3192
2139 3194
2139 3195
2139 3201
2139 3202
2139 3203
2139 3207
2139 3212
2139 3213
2139 3216
2139 3218
2139 3223
2139 3225
2139 3233
2139 3240
2139 3247
2139 3251
2139 3255
2139 3257
2139 3264
2139 3271
2139 3273
2139 3274
2139 3276
2139 3279
2139 3281
2139 3282
2139 3284
2139 3285
2139 3286
2139 3291
2139 3294
2139 3308
2139 3309
2139 3310
2139 3320
2139 3322
2139 3324
2139 3329
2139 3332
2139 3340
2139 3341
2139 3346
2139 3348
2139 3349
2139 3350
2139 3352
2139 3356
2139 3358
2139 3369
2139 3375
2139 3387
2139 3391
2139 3395
2022 6
2022 8
2022 10
2022 11
2022 23
2022 40
2022 55
2022 58
2022 62
2022 66
2022 68
2022 73
2022 83
2022 88
2022 90
2022 91
2022 92
2022 93
2022 107
2022 110
2022 114
2022 117
2022 121
2022 125
2022 127
2022 130
2022 132
2022 138
2022 139
2022 141
2022 142
2022 146
2022 154
2022 163
2022 175
2022 194
2022 199
2022 201
2022 203
2022 204
2022 224
2022 230
2022 238
2022 240
2022 247
2022 248
2022 255
2022 258
2022 260
2022 267
2022 278
2022 282
2022 285
2022 288
2022 298
2022 301
2022 304
2022 305
2022 307
2022 309
2022 321
2022 322
2022 329
2022 339
2022 341
2022 352
2022 355
2022 357
2022 358
2022 361
2022 369
2022 372
2022 373
2022 382
2022 385
2022 390
2022 396
2022 413
2022 416
2022 419
2022 432
2022 433
2022 434
2022 436
2022 437
2022 441
2022 445
2022 446
2022 449
2022 454
2022 455
2022 464
2022 470
2022 472
2022 474
2022 477
2022 486
2022 492
2022 495
2022 496
2022 497
2022 502
2022 505
2022 507
2022 512
2022 524
2022 536
2022 537
2022 538
2022 542
2022 549
2022 560
2022 562
2022 573
2022 576
2022 584
2022 586
2022 589
2022 592
2022 600
2022 604
2022 615
2022 618
2022 621
2022 622
2022 636
2022 641
2022 642
2022 648
2022 651
2022 656
2022 660
2022 664
2022 665
2022 668
2022 669
2022 671
2022 680
2022 682
2022 693
2022 695
2022 704
2022 705
2022 730
2022 742
2022 743
2022 749
2022 750
2022 753
2022 754
2022 759
2022 762
2022 764
2022 793
2022 794
2022 796
2022 798
2022 801
2022 803
2022 804
2022 824
2022 825
2022 830
2022 831
2022 841
2022 843
2022 857
2022 862
2022 878
2022 881
2022 882
2022 883
2022 884
2022 893
2022 895
2022 896
2022 913
2022 917
2022 923
2022 932
2022 938
2022 940
2022 941
2022 947
2022 948
2022 957
2022 959
2022 973
2022 977
2022 981
2022 987
2022 988
2022 993
2022 997
2022 1003
2022 1011
2022 1020
2022 1022
2022 1026
2022 1033
2022 1034
2022 1036
2022 1045
2022 1056
2022 1062
2022 1064
2022 1075
2022 1082
2022 1084
2022 1087
2022 1093
2022 1094
2022 1102
2022 1104
2022 1107
2022 1108
2022 1112
2022 1115
2022 1124
2022 1128
2022 1138
2022 1142
2022 1143
2022 1151
2022 1153
2022 1165
2022 1167
2022 1168
2022 1178
2022 1180
2022 1182
2022 1190
2022 1198
2022 1203
2022 1207
2022 1216
2022 1221
2022 1224
2022 1233
2022 1241
2022 1242
2022 1248
2022 1250
2022 1252
2022 1255
2022 1257
2022 1262
2022 1263
2022 1267
2022 1269
2022 1274
2022 1291
2022 1292
2022 1295
2022 1301
2022 1319
2022 1332
2022 1333
2022 1345
2022 1356
2022 1362
2022 1363
2022 1367
2022 1372
2022 1373
2022 1380
2022 1399
2022 1406
2022 1409
2022 1413
2022 1415
2022 1416
2022 1417
2022 1418
2022 1427
2022 1432
2022 1442
2022 1447
2022 1449
2022 1464
2022 1468
2022 1473
2022 1476
2022 1484
2022 1487
2022 1498
2022 1499
2022 1507
2022 1515
2022 1519
2022 1525
2022 1536
2022 1548
2022 1550
2022 1558
2022 1561
2022 1564
2022 1566
2022 1571
2022 1573
2022 1574
2022 1578
2022 1609
2022 1610
2022 1611
2022 1618
2022 1632
2022 1633
2022 1638
2022 1639
2022 1640
2022 1641
2022 1646
2022 1651
2022 1652
2022 1660
2022 1665
2022 1675
2022 1684
2022 1685
2022 1686
2022 1691
2022 1698
2022 1711
2022 1724
2022 1725
2022 1729
2022 1743
2022 1745
2022 1748
2022 1756
2022 1757
2022 1760
2022 1773
2022 1778
2022 1783
2022 1785
2022 1786
2022 1794
2022 1797
2022 1798
2022 1803
2022 1820
2022 1823
2022 1827
2022 1838
2022 1842
2022 1844
2022 1846
2022 1847
2022 1856
2022 1857
2022 1862
2022 1865
2022 1874
2022 1879
2022 1890
2022 1899
2022 1915
2022 1920
2022 1941
2022 1942
2022 1947
2022 1955
2022 1976
2022 1978
2022 1980
2022 1981
2022 1988
2022 1990
2022 2004
2022 2008
2022 2017
2022 2023
2022 2024
2022 2029
2022 2030
2022 2040
2022 2044
2022 2048
2022 2049
2022 2059
2022 2066
2022 2069
2022 2070
2022 2071
2022 2077
2022 2079
2022 2085
2022 2092
2022 2094
2022 2095
2022 2099
2022 2107
2022 2110
2022 2117
2022 2122
2022 2123
2022 2129
2022 2132
2022 2133
2022 2141
2022 2145
2022 2148
2022 2176
2022 2179
2022 2189
2022 2195
2022 2202
2022 2209
2022 2211
2022 2230
2022 2233
2022 2234
2022 2236
2022 2240
2022 2247
2022 2252
2022 2262
2022 2280
2022 2281
2022 2295
2022 2299
2022 2300
2022 2305
2022 2307
2022 2308
2022 2318
2022 2322
2022 2324
2022 2338
2022 2342
2022 2347
2022 2348
2022 2351
2022 2358
2022 2368
2022 2371
2022 2374
2022 2380
2022 2383
2022 2391
2022 2396
2022 2400
2022 2404
2022 2406
2022 2407
2022 2411
2022 2421
2022 2434
2022 2447
2022 2474
2022 2480
2022 2492
2022 2497
2022 2498
2022 2503
2022 2507
2022 2508
2022 2513
2022 2519
2022 2521
2022 2524
2022 2526
2022 2527
2022 2533
2022 2536
2022 2540
2022 2543
2022 2545
2022 2546
2022 2570
2022 2571
2022 2572
2022 2578
2022 2579
2022 2581
2022 2582
2022 2592
2022 2593
2022 2597
2022 2610
2022 2612
2022 2614
2022 2628
2022 2629
2022 2630
2022 2633
2022 2636
2022 2641
2022 2649
2022 2656
2022 2666
2022 2673
2022 2677
2022 2679
2022 2684
2022 2693
2022 2696
2022 2700
2022 2701
2022 2711
2022 2715
2022 2722
2022 2724
2022 2725
2022 2726
2022 2727
2022 2739
2022 2751
2022 2762
2022 2764
2022 2773
2022 2780
2022 2782
2022 2794
2022 2797
2022 2801
2022 2802
2022 2805
2022 2812
2022 2819
2022 2821
2022 2824
2022 2831
2022 2840
2022 2849
2022 2850
2022 2853
2022 2864
2022 2876
2022 2880
2022 2881
2022 2886
2022 2896
2022 2898
2022 2900
2022 2903
2022 2909
2022 2910
2022 2918
2022 2929
2022 2932
2022 2937
2022 2947
2022 2952
2022 2955
2022 2959
2022 2966
2022 2968
2022 2970
2022 2975
2022 2988
2022 2991
2022 3002
2022 3005
2022 3011
2022 3031
2022 3038
2022 3047
2022 3048
2022 3050
2022 3056
2022 3062
2022 3071
2022 3072
2022 3085
2022 3100
2022 3102
2022 3106
2022 3111
2022 3120
2022 3123
2022 3124
2022 3125
2022 3126
2022 3128
2022 3137
2022 3140
2022 3145
2022 3149
2022 3152
2022 3154
2022 3155
2022 3165
2022 3178
2022 3183
2022 3187
2022 3191
2022 3196
2022 3199
2022 3200
2022 3201
2022 3204
2022 3207
2022 3209
2022 3211
2022 3220
2022 3222
2022 3224
2022 3225
2022 3228
2022 3230
2022 3235
2022 3236
2022 3240
2022 3242
2022 3252
2022 3253
2022 3254
2022 3261
2022 3263
2022 3267
2022 3274
2022 3275
2022 3278
2022 3279
2022 3282
2022 3291
2022 3297
2022 3301
2022 3303
2022 3304
2022 3312
2022 3322
2022 3326
2022 3333
2022 3334
2022 3335
2022 3338
2022 3340
2022 3344
2022 3348
2022 3352
2022 3356
2022 3363
2022 3366
2022 3368
2022 3373
2022 3375
2022 3379
2022 3380
2022 3384
2022 3389
2022 3394
2022 3397
3362 8
3362 12
3362 14
3362 27
3362 47
3362 48
3362 50
3362 63
3362 70
3362 72
3362 73
3362 77
3362 81
3362 85
3362 86
3362 97
3362 99
3362 101
3362 108
3362 113
3362 119
3362 135
3362 139
3362 147
3362 152
3362 157
3362 160
3362 165
3362 166
3362 167
3362 169
3362 173
3362 176
3362 177
3362 181
3362 193
3362 196
3362 207
3362 215
3362 218
3362 233
3362 235
3362 242
3362 249
3362 253
3362 254
3362 255
3362 258
3362 261
3362 268
3362 274
3362 275
3362 278
3362 279
3362 283
3362 291
3362 296
3362 301
3362 302
3362 309
3362 313
3362 314
3362 316
3362 323
3362 339
3362 341
3362 344
3362 347
3362 351
3362 373
3362 376
3362 382
3362 387
3362 390
3362 393
3362 407
3362 422
3362 431
3362 437
3362 442
3362 443
3362 446
3362 452
3362 459
3362 462
3362 463
3362 468
3362 473
3362 479
3362 481
3362 484
3362 489
3362 490
3362 492
3362 494
3362 496
3362 497
3362 498
3362 500
3362 508
3362 515
3362 517
3362 522
3362 531
3362 536
3362 538
3362 541
3362 542
3362 543
3362 555
3362 568
3362 577
3362 580
3362 584
3362 586
3362 587
3362 593
3362 612
3362 613
3362 614
3362 615
3362 621
3362 622
3362 626
3362 629
3362 634
3362 643
3362 649
3362 650
3362 654
3362 663
3362 670
3362 673
3362 677
3362 680
3362 691
3362 701
3362 706
3362 712
3362 716
3362 718
3362 727
3362 732
3362 744
3362 745
3362 748
3362 751
3362 755
3362 759
3362 764
3362 765
3362 767
3362 769
3362 772
3362 773
3362 776
3362 778
3362 781
3362 782
3362 792
3362 794
3362 806
3362 809
3362 812
3362 818
3362 823
3362 828
3362 829
3362 830
3362 833
3362 835
3362 838
3362 844
3362 845
3362 850
3362 854
3362 859
3362 862
3362 866
3362 873
3362 874
3362 875
3362 879
3362 881
3362 885
3362 891
3362 895
3362 906
3362 917
3362 920
3362 928
3362 945
3362 948
3362 950
3362 955
3362 957
3362 968
3362 975
3362 976
3362 978
3362 979
3362 983
3362 984
3362 988
3362 996
3362 997
3362 1012
3362 1023
3362 1026
3362 1035
3362 1038
3362 1044
3362 1055
3362 1056
3362 1057
3362 1065
3362 1073
3362 1076
3362 1082
3362 1084
3362 1085
3362 1091
3362 1096
3362 1097
3362 1099
3362 1100
3362 1105
3362 1107
3362 1110
3362 1111
3362 1121
3362 1123
3362 1125
3362 1126
3362 1133
3362 1138
3362 1146
3362 1148
3362 1151
3362 1152
3362 1160
3362 1165
3362 1179
3362 1182
3362 1187
3362 1196
3362 1197
3362 1206
3362 1207
3362 1212
3362 1218
3362 1221
3362 1229
3362 1231
3362 1235
3362 1236
3362 1237
3362 1239
3362 1244
3362 1245
3362 1248
3362 1251
3362 1255
3362 1262
3362 1263
3362 1264
3362 1286
3362 1289
3362 1291
3362 1298
3362 1301
3362 1302
3362 1303
3362 1304
3362 1305
3362 1312
3362 1319
3362 1320
3362 1323
3362 1329
3362 1340
3362 1341
3362 1342
3362 1343
3362 1345
3362 1348
3362 1349
3362 1350
3362 1352
3362 1359
3362 1360
3362 1372
3362 1380
3362 1383
3362 1390
3362 1401
3362 1418
3362 1421
3362 1424
3362 1425
3362 1429
3362 1435
3362 1436
3362 1442
3362 1458
3362 1460
3362 1461
3362 1467
3362 1469
3362 1476
3362 1479
3362 1481
3362 1483
3362 1488
3362 1491
3362 1497
3362 1500
3362 1501
3362 1508
3362 1522
3362 1528
3362 1530
3362 1531
3362 1536
3362 1538
3362 1539
3362 1541
3362 1546
3362 1548
3362 1556
3362 1557
3362 1574
3362 1582
3362 1584
3362 1591
3362 1603
3362 1604
3362 1605
3362 1611
3362 1622
3362 1625
3362 1626
3362 1632
3362 1633
3362 1641
3362 1643
3362 1645
3362 1649
3362 1650
3362 1652
3362 1653
3362 1658
3362 1662
3362 1674
3362 1677
3362 1678
3362 1679
3362 1685
3362 1687
3362 1691
3362 1692
3362 1695
3362 1699
3362 1707
3362 1708
3362 1709
3362 1714
3362 1722
3362 1729
3362 1730
3362 1731
3362 1732
3362 1733
3362 1736
3362 1742
3362 1745
3362 1747
3362 1750
3362 1753
3362 1759
3362 1762
3362 1764
3362 1766
3362 1770
3362 1772
3362 1773
3362 1775
3362 1778
3362 1785
3362 1787
3362 1796
3362 1798
3362 1805
3362 1809
3362 1811
3362 1825
3362 1834
3362 1848
3362 1851
3362 1860
3362 1861
3362 1862
3362 1866
3362 1880
3362 1881
3362 1883
3362 1884
3362 1885
3362 1887
3362 1898
3362 1900
3362 1901
3362 1907
3362 1911
3362 1916
3362 1920
3362 1927
3362 1930
3362 1931
3362 1935
3362 1941
3362 1950
3362 1952
3362 1955
3362 1963
3362 1964
3362 1967
3362 1971
3362 1974
3362 1976
3362 1978
3362 1982
3362 1984
3362 1995
3362 1999
3362 2008
3362 2009
3362 2010
3362 2011
3362 2014
3362 2017
3362 2024
3362 2030
3362 2031
3362 2032
3362 2038
3362 2040
3362 2041
3362 2052
3362 2054
3362 2071
3362 2077
3362 2079
3362 2087
3362 2114
3362 2115
3362 2118
3362 2124
3362 2126
3362 2128
3362 2135
3362 2138
3362 2142
3362 2165
3362 2166
3362 2172
3362 2178
3362 2184
3362 2194
3362 2199
3362 2213
3362 2217
3362 2228
3362 2233
3362 2236
3362 2240
3362 2245
3362 2258
3362 2263
3362 2267
3362 2274
3362 2278
3362 2284
3362 2293
3362 2297
3362 2304
3362 2307
3362 2308
3362 2309
3362 2313
3362 2315
3362 2323
3362 2329
3362 2330
3362 2332
3362 2341
3362 2351
3362 2359
3362 2360
3362 2362
3362 2364
3362 2374
3362 2375
3362 2377
3362 2382
3362 2387
3362 2393
3362 2397
3362 2400
3362 2403
3362 2413
3362 2414
3362 2418
3362 2419
3362 2422
3362 2427
3362 2428
3362 2434
3362 2443
3362 2456
3362 2458
3362 2461
3362 2463
3362 2466
3362 2469
3362 2473
3362 2479
3362 2480
3362 2483
3362 2487
3362 2493
3362 2499
3362 2505
3362 2507
3362 2508
3362 2509
3362 2512
3362 2516
3362 2517
3362 2525
3362 2528
3362 2546
3362 2554
3362 2560
3362 2564
3362 2571
3362 2587
3362 2593
3362 2598
3362 2599
3362 2605
3362 2609
3362 2612
3362 2616
3362 2619
3362 2620
3362 2622
3362 2623
3362 2627
3362 2629
3362 2631
3362 2637
3362 2638
3362 2646
3362 2647
3362 2651
3362 2653
3362 2655
3362 2657
3362 2666
3362 2670
3362 2680
3362 2681
3362 2694
3362 2696
3362 2697
3362 2702
3362 2708
3362 2709
3362 2710
3362 2724
3362 2728
3362 2732
3362 2734
3362 2736
3362 2737
3362 2739
3362 2741
3362 2747
3362 2751
3362 2753
3362 2768
3362 2775
3362 2780
3362 2787
3362 2788
3362 2796
3362 2798
3362 2803
3362 2809
3362 2823
3362 2825
3362 2841
3362 2843
3362 2846
3362 2847
3362 2860
3362 2861
3362 2863
3362 2873
3362 2875
3362 2885
3362 2891
3362 2896
3362 2900
3362 2904
3362 2906
3362 2913
3362 2918
3362 2922
3362 2943
3362 2946
3362 2947
3362 2957
3362 2960
3362 2963
3362 2967
3362 2969
3362 2974
3362 2976
3362 2977
3362 2982
3362 2985
3362 2987
3362 2988
3362 2995
3362 3002
3362 3008
3362 3014
3362 3016
3362 3018
3362 3021
3362 3027
3362 3029
3362 3031
3362 3036
3362 3049
3362 3052
3362 3057
3362 3058
3362 3059
3362 3063
3362 3066
3362 3067
3362 3069
3362 3071
3362 3078
3362 3079
3362 3081
3362 3083
3362 3090
3362 3093
3362 3095
3362 3106
3362 3114
3362 3117
3362 3127
3362 3130
3362 3136
3362 3137
3362 3147
3362 3149
3362 3154
3362 3155
3362 3159
3362 3169
3362 3171
3362 3182
3362 3185
3362 3187
3362 3188
3362 3218
3362 3232
3362 3233
3362 3235
3362 3239
3362 3254
3362 3258
3362 3262
3362 3266
3362 3267
3362 3272
3362 3288
3362 3293
3362 3298
3362 3327
3362 3335
3362 3337
3362 3342
3362 3359
3362 3360
3362 3361
3362 3373
3362 3387
3362 3391
3362 3395
3362 3397
3362 3398
3362 3400
486 12
486 18
486 20
486 22
486 34
486 44
486 47
486 56
486 62
486 65
486 69
486 77
486 81
486 83
486 88
486 91
486 94
486 97
486 102
486 107
486 113
486 131
486 134
486 137
486 141
486 153
486 155
486 163
486 165
486 176
486 177
486 178
486 179
486 180
486 182
486 201
486 223
486 225
486 248
486 257
486 263
486 267
486 268
486 272
486 276
486 286
486 290
486 296
486 297
486 299
486 301
486 304
486 305
486 308
486 309
486 317
486 325
486 337
486 339
486 342
486 346
486 365
486 368
486 377
486 384
486 387
486 390
486 391
486 395
486 406
486 419
486 423
486 426
486 427
486 440
486 447
486 449
486 452
486 457
486 461
486 464
486 465
486 466
486 468
486 469
486 477
486 482
486 487
486 498
486 501
486 507
486 525
486 527
486 532
486 540
486 543
486 547
486 550
486 552
486 553
486 558
486 559
486 562
486 566
486 570
486 581
486 586
486 594
486 596
486 604
486 609
486 618
486 621
486 640
486 647
486 649
486 655
486 656
486 658
486 666
486 671
486 672
486 675
486 676
486 693
486 695
486 696
486 697
486 698
486 699
486 700
486 703
486 711
486 712
486 719
486 724
486 727
486 731
486 741
486 744
486 750
486 753
486 757
486 760
486 762
486 764
486 766
486 767
486 777
486 786
486 787
486 788
486 796
486 800
486 809
486 815
486 820
486 830
486 832
486 836
486 849
486 850
486 858
486 860
486 865
486 872
486 884
486 887
486 895
486 908
486 909
486 917
486 922
486 927
486 928
486 932
486 939
486 941
486 943
486 944
486 956
486 973
486 977
486 978
486 989
486 999
486 1016
486 1017
486 1021
486 1025
486 1026
486 1029
486 1032
486 1035
486 1039
486 1041
486 1043
486 1048
486 1049
486 1054
486 1057
486 1060
486 1078
486 1082
486 1086
486 1099
486 1108
486 1109
486 1110
486 1113
486 1120
486 1121
486 1123
486 1127
486 1128
486 1129
486 1130
486 1138
486 1139
486 1151
486 1153
486 1156
486 1157
486 1164
486 1168
486 1191
486 1194
486 1196
486 1199
486 1201
486 1203
486 1211
486 1212
486 1229
486 1234
486 1247
486 1252
486 1267
486 1269
486 1270
486 1273
486 1275
486 1276
486 1278
486 1291
486 1296
486 1299
486 1301
486 1314
486 1322
486 1325
486 1340
486 1341
486 1348
486 1349
486 1350
486 1354
486 1355
486 1362
486 1365
486 1374
486 1379
486 1380
486 1388
486 1392
486 1397
486 1402
486 1407
486 1409
486 1410
486 1420
486 1431
486 1432
486 1442
486 1445
486 1451
486 1455
486 1457
486 1458
486 1461
486 1465
486 1467
486 1468
486 1474
486 1483
486 1487
486 1489
486 1494
486 1499
486 1509
486 1512
486 1513
486 1516
486 1517
486 1518
486 1524
486 1528
486 1532
486 1537
486 1538
486 1541
486 1543
486 1544
486 1550
486 1551
486 1552
486 1559
486 1572
486 1576
486 1579
486 1584
486 1586
486 1592
486 1607
486 1622
486 1635
486 1646
486 1651
486 1665
486 1668
486 1673
486 1676
486 1681
486 1682
486 1684
486 1689
486 1708
486 1710
486 1717
486 1719
486 1721
486 1722
486 1723
486 1726
486 1733
486 1735
486 1738
486 1744
486 1745
486 1758
486 1760
486 1761
486 1771
486 1774
486 1777
486 1795
486 1799
486 1800
486 1802
486 1805
486 1823
486 1825
486 1842
486 1849
486 1857
486 1864
486 1868
486 1871
486 1880
486 1883
486 1887
486 1895
486 1901
486 1918
486 1925
486 1930
486 1932
486 1933
486 1938
486 1940
486 1941
486 1947
486 1952
486 1959
486 1961
486 1970
486 1977
486 1979
486 1988
486 2001
486 2002
486 2004
486 2013
486 2026
486 2033
486 2039
486 2043
486 2046
486 2047
486 2052
486 2055
486 2080
486 2082
486 2085
486 2095
486 2096
486 2099
486 2100
486 2104
486 2105
486 2112
486 2114
486 2116
486 2122
486 2125
486 2131
486 2134
486 2135
486 2139
486 2141
486 2146
486 2151
486 2152
486 2157
486 2159
486 2163
486 2170
486 2171
486 2184
486 2185
486 2198
486 2201
486 2206
486 2213
486 2217
486 2219
486 2226
486 2239
486 2240
486 2257
486 2258
486 2264
486 2265
486 2267
486 2272
486 2281
486 2286
486 2288
486 2289
486 2292
486 2295
486 2298
486 2303
486 2305
486 2308
486 2310
486 2319
486 2320
486 2325
486 2327
486 2330
486 2336
486 2342
486 2344
486 2347
486 2357
486 2364
486 2365
486 2367
486 2368
486 2375
486 2378
486 2394
486 2395
486 2397
486 2404
486 2406
486 2411
486 2415
486 2418
486 2420
486 2421
486 2425
486 2429
486 2430
486 2439
486 2445
486 2450
486 2457
486 2472
486 2483
486 2485
486 2489
486 2490
486 2499
486 2500
486 2506
486 2507
486 2510
486 2513
486 2514
486 2526
486 2534
486 2540
486 2545
486 2546
486 2547
486 2550
486 2557
486 2580
486 2581
486 2587
486 2589
486 2595
486 2597
486 2601
486 2608
486 2622
486 2624
486 2626
486 2634
486 2642
486 2658
486 2661
486 2668
486 2672
486 2674
486 2683
486 2686
486 2691
486 2695
486 2703
486 2704
486 2708
486 2709
486 2727
486 2731
486 2734
486 2736
486 2739
486 2741
486 2742
486 2744
486 2749
486 2758
486 2762
486 2766
486 2776
486 2779
486 2788
486 2797
486 2810
486 2817
486 2830
486 2833
486 2841
486 2845
486 2851
486 2855
486 2859
486 2860
486 2881
486 2891
486 2897
486 2899
486 2902
486 2909
486 2910
486 2912
486 2918
486 2920
486 2922
486 2924
486 2925
486 2928
486 2931
486 2932
486 2938
486 2959
486 2963
486 2967
486 2968
486 2977
486 2982
486 2994
486 3002
486 3017
486 3022
486 3023
486 3034
486 3040
486 3041
486 3049
486 3054
486 3055
486 3056
486 3057
486 3064
486 3068
486 3071
486 3080
486 3082
486 3084
486 3086
486 3090
486 3092
486 3095
486 3096
486 3102
486 3109
486 3113
486 3115
486 3118
486 3131
486 3133
486 3136
486 3139
486 3143
486 3145
486 3168
486 3170
486 3174
486 3192
486 3196
486 3198
486 3199
486 3202
486 3208
486 3209
486 3210
486 3213
486 3218
486 3232
486 3233
486 3237
486 3247
486 3251
486 3252
486 3253
486 3254
486 3260
486 3264
486 3266
486 3268
486 3269
486 3270
486 3271
486 3279
486 3284
486 3291
486 3294
486 3298
486 3301
486 3310
486 3312
486 3313
486 3314
486 3318
486 3319
486 3321
486 3323
486 3335
486 3347
486 3371
486 3375
486 3378
486 3385
486 3387
486 3388
486 3392
486 3393
486 3394
486 3400
1705 10
1705 17
1705 31
1705 35
1705 36
1705 40
1705 45
1705 51
1705 54
1705 60
1705 62
1705 64
1705 66
1705 74
1705 83
1705 91
1705 93
1705 100
1705 104
1705 109
1705 111
1705 119
1705 120
1705 123
1705 125
1705 131
1705 138
1705 145
1705 148
1705 150
1705 153
1705 156
1705 157
1705 164
1705 179
1705 187
1705 195
1705 196
1705 204
1705 206
1705 210
1705 217
1705 218
1705 226
1705 228
1705 231
1705 236
1705 237
1705 245
1705 246
1705 248
1705 251
1705 259
1705 268
1705 270
1705 277
1705 288
1705 292
1705 293
1705 301
1705 326
1705 330
1705 332
1705 335
1705 341
1705 343
1705 349
1705 353
1705 359
1705 360
1705 366
1705 373
1705 384
1705 385
1705 393
1705 394
1705 397
1705 399
1705 402
1705 405
1705 410
1705 411
1705 420
1705 422
1705 432
1705 434
1705 445
1705 455
1705 456
1705 459
1705 460
1705 462
1705 470
1705 474
1705 479
1705 485
1705 491
1705 493
1705 503
1705 512
1705 519
1705 531
1705 533
1705 538
1705 543
1705 547
1705 550
1705 554
1705 574
1705 578
1705 591
1705 599
1705 600
1705 604
1705 616
1705 621
1705 622
1705 624
1705 625
1705 628
1705 642
1705 659
1705 660
1705 662
1705 663
1705 665
1705 668
1705 674
1705 676
1705 684
1705 687
1705 694
1705 700
1705 702
1705 704
1705 708
1705 710
1705 711
1705 718
1705 722
1705 730
1705 736
1705 738
1705 740
1705 744
1705 755
1705 764
1705 770
1705 778
1705 786
1705 788
1705 790
1705 805
1705 806
1705 813
1705 822
1705 823
1705 827
1705 831
1705 844
1705 845
1705 849
1705 851
1705 854
1705 857
1705 861
1705 862
1705 863
1705 865
1705 868
1705 872
1705 877
1705 879
1705 880
1705 881
1705 882
1705 884
1705 889
1705 895
1705 898
1705 906
1705 907
1705 922
1705 923
1705 924
1705 928
1705 930
1705 931
1705 935
1705 938
1705 954
1705 963
1705 966
1705 973
1705 974
1705 985
1705 988
1705 989
1705 990
1705 992
1705 993
1705 999
1705 1013
1705 1016
1705 1022
1705 1025
1705 1030
1705 1036
1705 1040
1705 1041
1705 1043
1705 1046
1705 1051
1705 1052
1705 1055
1705 1056
1705 1065
1705 1068
1705 1075
1705 1076
1705 1084
1705 1085
1705 1087
1705 1090
1705 1102
1705 1107
1705 1109
1705 1112
1705 1117
1705 1132
1705 1138
1705 1139
1705 1142
1705 1154
1705 1156
1705 1164
1705 1166
1705 1168
1705 1170
1705 1172
1705 1181
1705 1187
1705 1191
1705 1193
1705 1200
1705 1213
1705 1218
1705 1220
1705 1233
1705 1234
1705 1236
1705 1239
1705 1246
1705 1256
1705 1264
1705 1270
1705 1274
1705 1275
1705 1276
1705 1280
1705 1285
1705 1293
1705 1296
1705 1300
1705 1303
1705 1304
1705 1311
1705 1313
1705 1319
1705 1330
1705 1333
1705 1335
1705 1336
1705 1337
1705 1345
1705 1346
1705 1358
1705 1363
1705 1375
1705 1376
1705 1378
1705 1379
1705 1381
1705 1390
1705 1403
1705 1413
1705 1416
1705 1418
1705 1420
1705 1422
1705 1426
1705 1438
1705 1444
1705 1450
1705 1451
1705 1454
1705 1458
1705 1461
1705 1470
1705 1479
1705 1486
1705 1488
1705 1498
1705 1504
1705 1505
1705 1506
1705 1509
1705 1514
1705 1519
1705 1520
1705 1523
1705 1524
1705 1530
1705 1542
1705 1556
1705 1558
1705 1567
1705 1568
1705 1572
1705 1581
1705 1584
1705 1585
1705 1586
1705 1596
1705 1597
1705 1602
1705 1603
1705 1608
1705 1609
1705 1613
1705 1618
1705 1619
1705 1620
1705 1627
1705 1636
1705 1644
1705 1645
1705 1646
1705 1647
1705 1652
1705 1663
1705 1670
1705 1675
1705 1680
1705 1684
1705 1685
1705 1686
1705 1688
1705 1708
1705 1709
1705 1710
1705 1712
1705 1713
1705 1730
1705 1734
1705 1736
1705 1737
1705 1740
1705 1743
1705 1745
1705 1746
1705 1747
1705 1752
1705 1755
1705 1761
1705 1774
1705 1785
1705 1787
1705 1789
1705 1822
1705 1833
1705 1837
1705 1840
1705 1843
1705 1848
1705 1853
1705 1860
1705 1865
1705 1870
1705 1873
1705 1876
1705 1880
1705 1882
1705 1888
1705 1889
1705 1896
1705 1899
1705 1901
1705 1911
1705 1914
1705 1916
1705 1919
1705 1921
1705 1924
1705 1928
1705 1937
1705 1948
1705 1950
1705 1951
1705 1952
1705 1953
1705 1968
1705 1970
1705 1973
1705 1978
1705 1980
1705 2003
1705 2017
1705 2039
1705 2050
1705 2057
1705 2059
1705 2060
1705 2063
1705 2064
1705 2067
1705 2073
1705 2074
1705 2076
1705 2077
1705 2082
1705 2085
1705 2087
1705 2088
1705 2096
1705 2097
1705 2100
1705 2102
1705 2103
1705 2105
1705 2116
1705 2118
1705 2119
1705 2134
1705 2138
1705 2143
1705 2151
1705 2152
1705 2155
1705 2158
1705 2159
1705 2162
1705 2182
1705 2197
1705 2201
1705 2206
1705 2211
1705 2214
1705 2220
1705 2223
1705 2226
1705 2231
1705 2234
1705 2240
1705 2243
1705 2245
1705 2247
1705 2253
1705 2258
1705 2260
1705 2265
1705 2267
1705 2268
1705 2271
1705 2272
1705 2279
1705 2294
1705 2297
1705 2301
1705 2304
1705 2305
1705 2309
1705 2325
1705 2327
1705 2329
1705 2332
1705 2337
1705 2339
1705 2341
1705 2350
1705 2351
1705 2352
1705 2356
1705 2358
1705 2361
1705 2366
1705 2370
1705 2372
1705 2379
1705 2381
1705 2390
1705 2398
1705 2403
1705 2404
1705 2413
1705 2421
1705 2425
1705 2434
1705 2438
1705 2442
1705 2446
1705 2447
1705 2449
1705 2450
1705 2462
1705 2464
1705 2466
1705 2468
1705 2470
1705 2475
1705 2479
1705 2484
1705 2495
1705 2500
1705 2505
1705 2508
1705 2520
1705 2524
1705 2536
1705 2539
1705 2541
1705 2543
1705 2546
1705 2548
1705 2552
1705 2553
1705 2554
1705 2555
1705 2557
1705 2559
1705 2570
1705 2582
1705 2587
1705 2598
1705 2603
1705 2609
1705 2613
1705 2618
1705 2629
1705 2638
1705 2639
1705 2640
1705 2642
1705 2650
1705 2653
1705 2658
1705 2660
1705 2669
1705 2672
1705 2682
1705 2683
1705 2686
1705 2695
1705 2696
1705 2700
1705 2703
1705 2706
1705 2707
1705 2715
1705 2722
1705 2724
1705 2729
1705 2731
1705 2738
1705 2743
1705 2748
1705 2752
1705 2767
1705 2768
1705 2769
1705 2770
1705 2774
1705 2783
1705 2791
1705 2792
1705 2803
1705 2807
1705 2808
1705 2817
1705 2819
1705 2825
1705 2831
1705 2838
1705 2847
1705 2853
1705 2857
1705 2858
1705 2863
1705 2881
1705 2886
1705 2896
1705 2897
1705 2907
1705 2912
1705 2914
1705 2917
1705 2922
1705 2923
1705 2925
1705 2931
1705 2943
1705 2952
1705 2957
1705 2965
1705 2970
1705 2980
1705 2987
1705 2988
1705 3000
1705 3002
1705 3007
1705 3016
1705 3022
1705 3036
1705 3040
1705 3047
1705 3054
1705 3057
1705 3064
1705 3067
1705 3074
1705 3085
1705 3090
1705 3092
1705 3094
1705 3102
1705 3105
1705 3124
1705 3130
1705 3134
1705 3145
1705 3149
1705 3159
1705 3161
1705 3162
1705 3164
1705 3166
1705 3168
1705 3171
1705 3177
1705 3178
1705 3182
1705 3200
1705 3201
1705 3203
1705 3208
1705 3218
1705 3220
1705 3229
1705 3232
1705 3235
1705 3239
1705 3241
1705 3243
1705 3245
1705 3246
1705 3254
1705 3255
1705 3262
1705 3269
1705 3273
1705 3274
1705 3276
1705 3282
1705 3284
1705 3291
1705 3301
1705 3305
1705 3307
1705 3308
1705 3310
1705 3312
1705 3313
1705 3314
1705 3316
1705 3328
1705 3331
1705 3334
1705 3339
1705 3345
1705 3354
1705 3356
1705 3368
1705 3369
1705 3372
1705 3376
1705 3379
1705 3380
1705 3388
2193 10
2193 14
2193 28
2193 38
2193 39
2193 45
2193 49
2193 55
2193 56
2193 59
2193 61
2193 62
2193 63
2193 66
2193 69
2193 80
2193 81
2193 85
2193 86
2193 89
2193 90
2193 95
2193 97
2193 98
2193 102
2193 104
2193 105
2193 117
2193 124
2193 126
2193 133
2193 137
2193 138
2193 139
2193 141
2193 148
2193 150
2193 151
2193 157
2193 164
2193 166
2193 168
2193 178
2193 179
2193 185
2193 187
2193 192
2193 195
2193 212
2193 213
2193 214
2193 218
2193 219
2193 222
2193 223
2193 224
2193 228
2193 229
2193 231
2193 233
2193 239
2193 241
2193 256
2193 257
2193 258
2193 260
2193 262
2193 264
2193 272
2193 277
2193 284
2193 285
2193 300
2193 314
2193 318
2193 327
2193 334
2193 335
2193 344
2193 347
2193 352
2193 359
2193 360
2193 362
2193 363
2193 373
2193 383
2193 388
2193 391
2193 396
2193 400
2193 405
2193 429
2193 433
2193 436
2193 451
2193 454
2193 455
2193 461
2193 465
2193 466
2193 467
2193 473
2193 475
2193 488
2193 490
2193 497
2193 498
2193 499
2193 503
2193 509
2193 511
2193 513
2193 518
2193 523
2193 528
2193 531
2193 537
2193 540
2193 545
2193 546
2193 557
2193 566
2193 568
2193 577
2193 580
2193 582
2193 583
2193 591
2193 592
2193 597
2193 599
2193 606
2193 612
2193 615
2193 618
2193 621
2193 625
2193 629
2193 630
2193 631
2193 632
2193 634
2193 636
2193 640
2193 644
2193 645
2193 648
2193 649
2193 650
2193 651
2193 654
2193 667
2193 668
2193 688
2193 693
2193 706
2193 707
2193 713
2193 714
2193 715
2193 717
2193 718
2193 724
2193 728
2193 735
2193 754
2193 758
2193 759
2193 762
2193 764
2193 770
2193 773
2193 779
2193 801
2193 804
2193 807
2193 808
2193 811
2193 812
2193 818
2193 822
2193 823
2193 828
2193 830
2193 840
2193 841
2193 845
2193 853
2193 854
2193 858
2193 859
2193 860
2193 861
2193 862
2193 863
2193 864
2193 875
2193 876
2193 882
2193 887
2193 893
2193 897
2193 910
2193 921
2193 924
2193 928
2193 930
2193 937
2193 946
2193 955
2193 956
2193 969
2193 973
2193 976
2193 980
2193 981
2193 983
2193 1000
2193 1009
2193 1018
2193 1028
2193 1030
2193 1033
2193 1045
2193 1049
2193 1054
2193 1055
2193 1063
2193 1064
2193 1075
2193 1082
2193 1084
2193 1085
2193 1091
2193 1097
2193 1099
2193 1104
2193 1106
2193 1107
2193 1108
2193 1110
2193 1114
2193 1120
2193 1122
2193 1127
2193 1129
2193 1134
2193 1150
2193 1152
2193 1153
2193 1158
2193 1174
2193 1178
2193 1184
2193 1195
2193 1199
2193 1209
2193 1211
2193 1216
2193 1225
2193 1227
2193 1242
2193 1243
2193 1247
2193 1248
2193 1262
2193 1268
2193 1272
2193 1279
2193 1285
2193 1286
2193 1300
2193 1302
2193 1307
2193 1309
2193 1310
2193 1314
2193 1328
2193 1330
2193 1335
2193 1344
2193 1349
2193 1358
2193 1371
2193 1379
2193 1401
2193 1403
2193 1411
2193 1413
2193 1428
2193 1431
2193 1449
2193 1453
2193 1456
2193 1457
2193 1469
2193 1474
2193 1479
2193 1482
2193 1488
2193 1495
2193 1500
2193 1505
2193 1513
2193 1515
2193 1526
2193 1527
2193 1531
2193 1533
2193 1536
2193 1541
2193 1546
2193 1547
2193 1556
2193 1562
2193 1564
2193 1567
2193 1575
2193 1580
2193 1583
2193 1584
2193 1586
2193 1599
2193 1601
2193 1610
2193 1612
2193 1635
2193 1642
2193 1648
2193 1658
2193 1671
2193 1685
2193 1688
2193 1690
2193 1693
2193 1700
2193 1701
2193 1704
2193 1705
2193 1707
2193 1726
2193 1743
2193 1744
2193 1749
2193 1753
2193 1759
2193 1762
2193 1770
2193 1775
2193 1783
2193 1784
2193 1785
2193 1787
2193 1788
2193 1789
2193 1796
2193 1803
2193 1807
2193 1811
2193 1813
2193 1814
2193 1819
2193 1821
2193 1825
2193 1826
2193 1828
2193 1833
2193 1836
2193 1838
2193 1845
2193 1847
2193 1849
2193 1850
2193 1851
2193 1866
2193 1871
2193 1872
2193 1873
2193 1892
2193 1894
2193 1899
2193 1910
2193 1912
2193 1921
2193 1935
2193 1936
2193 1937
2193 1940
2193 1950
2193 1965
2193 1966
2193 1973
2193 1978
2193 1988
2193 1994
2193 1999
2193 2004
2193 2016
2193 2028
2193 2031
2193 2039
2193 2044
2193 2051
2193 2054
2193 2064
2193 2067
2193 2069
2193 2072
2193 2075
2193 2085
2193 2086
2193 2088
2193 2093
2193 2100
2193 2103
2193 2105
2193 2106
2193 2108
2193 2109
2193 2114
2193 2115
2193 2127
2193 2136
2193 2140
2193 2143
2193 2148
2193 2151
2193 2152
2193 2153
2193 2159
2193 2161
2193 2169
2193 2172
2193 2177
2193 2182
2193 2186
2193 2190
2193 2195
2193 2200
2193 2203
2193 2219
2193 2245
2193 2259
2193 2262
2193 2264
2193 2265
2193 2267
2193 2269
2193 2271
2193 2277
2193 2292
2193 2294
2193 2304
2193 2308
2193 2311
2193 2316
2193 2319
2193 2328
2193 2333
2193 2344
2193 2346
2193 2348
2193 2354
2193 2359
2193 2362
2193 2363
2193 2370
2193 2380
2193 2385
2193 2391
2193 2395
2193 2399
2193 2401
2193 2404
2193 2406
2193 2408
2193 2409
2193 2413
2193 2415
2193 2416
2193 2427
2193 2431
2193 2433
2193 2436
2193 2445
2193 2454
2193 2456
2193 2460
2193 2468
2193 2469
2193 2470
2193 2477
2193 2478
2193 2488
2193 2491
2193 2495
2193 2496
2193 2502
2193 2503
2193 2511
2193 2518
2193 2530
2193 2531
2193 2539
2193 2540
2193 2545
2193 2546
2193 2549
2193 2556
2193 2561
2193 2563
2193 2565
2193 2566
2193 2573
2193 2574
2193 2578
2193 2579
2193 2592
2193 2605
2193 2606
2193 2607
2193 2610
2193 2614
2193 2617
2193 2618
2193 2622
2193 2625
2193 2626
2193 2630
2193 2631
2193 2640
2193 2647
2193 2653
2193 2654
2193 2661
2193 2664
2193 2667
2193 2677
2193 2684
2193 2694
2193 2697
2193 2707
2193 2708
2193 2710
2193 2714
2193 2723
2193 2736
2193 2739
2193 2741
2193 2749
2193 2756
2193 2768
2193 2772
2193 2776
2193 2785
2193 2795
2193 2797
2193 2798
2193 2800
2193 2803
2193 2805
2193 2808
2193 2809
2193 2815
2193 2820
2193 2822
2193 2829
2193 2838
2193 2845
2193 2848
2193 2849
2193 2853
2193 2859
2193 2860
2193 2862
2193 2877
2193 2880
2193 2884
2193 2888
2193 2891
2193 2897
2193 2899
2193 2905
2193 2916
2193 2920
2193 2925
2193 2926
2193 2931
2193 2939
2193 2945
2193 2949
2193 2959
2193 2964
2193 2965
2193 2966
2193 2967
2193 2974
2193 2975
2193 2976
2193 2978
2193 2984
2193 2986
2193 2989
2193 2994
2193 2997
2193 3009
2193 3016
2193 3017
2193 3018
2193 3019
2193 3024
2193 3029
2193 3032
2193 3046
2193 3053
2193 3056
2193 3057
2193 3061
2193 3063
2193 3064
2193 3066
2193 3072
2193 3073
2193 3076
2193 3078
2193 3104
2193 3108
2193 3111
2193 3115
2193 3122
2193 3131
2193 3134
2193 3135
2193 3144
2193 3161
2193 3164
2193 3168
2193 3172
2193 3173
2193 3175
2193 3178
2193 3187
2193 3199
2193 3203
2193 3205
2193 3219
2193 3220
2193 3221
2193 3222
2193 3225
2193 3227
2193 3234
2193 3238
2193 3239
2193 3248
2193 3255
2193 3260
2193 3266
2193 3268
2193 3274
2193 3278
2193 3282
2193 3289
2193 3307
2193 3311
2193 3320
2193 3332
2193 3333
2193 3336
2193 3340
2193 3342
2193 3345
2193 3351
2193 3352
2193 3365
2193 3367
2193 3368
2193 3369
2193 3371
2193 3382
2193 3383
2193 3384
2193 3385
2193 3391
2193 3399
1193 14
1193 28
1193 34
1193 39
1193 46
1193 58
1193 61
1193 62
1193 66
1193 72
1193 78
1193 86
1193 90
1193 91
1193 93
1193 97
1193 101
1193 102
1193 111
1193 116
1193 117
1193 126
1193 130
1193 140
1193 144
1193 146
1193 162
1193 173
1193 177
1193 179
1193 181
1193 182
1193 183
1193 188
1193 199
1193 200
1193 207
1193 210
1193 214
1193 215
1193 217
1193 222
1193 224
1193 226
1193 232
1193 241
1193 244
1193 247
1193 252
1193 260
1193 265
1193 276
1193 280
1193 282
1193 286
1193 288
1193 289
1193 292
1193 294
1193 299
1193 307
1193 315
1193 330
1193 331
1193 344
1193 360
1193 362
1193 368
1193 369
1193 373
1193 382
1193 384
1193 391
1193 396
1193 409
1193 412
1193 418
1193 426
1193 428
1193 443
1193 444
1193 447
1193 464
1193 467
1193 473
1193 474
1193 476
1193 478
1193 483
1193 485
1193 492
1193 511
1193 514
1193 520
1193 522
1193 532
1193 535
1193 536
1193 537
1193 539
1193 542
1193 545
1193 547
1193 550
1193 552
1193 556
1193 571
1193 576
1193 582
1193 584
1193 588
1193 589
1193 591
1193 598
1193 604
1193 614
1193 615
1193 617
1193 629
1193 633
1193 636
1193 637
1193 640
1193 649
1193 657
1193 659
1193 662
1193 679
1193 684
1193 687
1193 692
1193 693
1193 695
1193 705
1193 719
1193 721
1193 722
1193 726
1193 727
1193 730
1193 733
1193 736
1193 749
1193 753
1193 756
1193 758
1193 759
1193 762
1193 768
1193 770
1193 795
1193 799
1193 801
1193 807
1193 813
1193 814
1193 815
1193 819
1193 823
1193 838
1193 840
1193 843
1193 850
1193 854
1193 859
1193 861
1193 869
1193 882
1193 883
1193 889
1193 890
1193 895
1193 896
1193 899
1193 904
1193 909
1193 911
1193 919
1193 927
1193 928
1193 929
1193 930
1193 933
1193 936
1193 938
1193 940
1193 945
1193 946
1193 947
1193 948
1193 949
1193 950
1193 954
1193 956
1193 960
1193 968
1193 974
1193 980
1193 991
1193 993
1193 1004
1193 1007
1193 1022
1193 1023
1193 1026
1193 1037
1193 1041
1193 1054
1193 1060
1193 1061
1193 1070
1193 1072
1193 1080
1193 1083
1193 1086
1193 1089
1193 1092
1193 1094
1193 1106
1193 1111
1193 1118
1193 1121
1193 1122
1193 1125
1193 1127
1193 1137
1193 1138
1193 1142
1193 1151
1193 1155
1193 1159
1193 1189
1193 1191
1193 1196
1193 1199
1193 1200
1193 1203
1193 1211
1193 1216
1193 1221
1193 1226
1193 1227
1193 1231
1193 1233
1193 1238
1193 1240
1193 1252
1193 1254
1193 1255
1193 1257
1193 1264
1193 1267
1193 1273
1193 1281
1193 1287
1193 1288
1193 1295
1193 1308
1193 1312
1193 1335
1193 1336
1193 1345
1193 1355
1193 1356
1193 1372
1193 1376
1193 1379
1193 1381
1193 1382
1193 1383
1193 1384
1193 1386
1193 1388
1193 1400
1193 1402
1193 1414
1193 1418
1193 1424
1193 1426
1193 1431
1193 1437
1193 1438
1193 1445
1193 1447
1193 1450
1193 1451
1193 1454
1193 1466
1193 1468
1193 1484
1193 1486
1193 1488
1193 1491
1193 1499
1193 1505
1193 1511
1193 1514
1193 1517
1193 1519
1193 1520
1193 1521
1193 1530
1193 1533
1193 1542
1193 1548
1193 1555
1193 1557
1193 1571
1193 1574
1193 1576
1193 1578
1193 1585
1193 1590
1193 1594
1193 1595
1193 1598
1193 1601
1193 1617
1193 1627
1193 1630
1193 1631
1193 1643
1193 1650
1193 1662
1193 1666
1193 1673
1193 1684
1193 1688
1193 1691
1193 1700
1193 1704
1193 1712
1193 1720
1193 1721
1193 1722
1193 1723
1193 1729
1193 1730
1193 1731
1193 1737
1193 1751
1193 1758
1193 1759
1193 1767
1193 1770
1193 1776
1193 1798
1193 1808
1193 1810
1193 1812
1193 1824
1193 1829
1193 1832
1193 1847
1193 1852
1193 1859
1193 1862
1193 1866
1193 1872
1193 1874
1193 1877
1193 1883
1193 1884
1193 1911
1193 1913
1193 1914
1193 1916
1193 1918
1193 1920
1193 1929
1193 1940
1193 1942
1193 1947
1193 1960
1193 1964
1193 1981
1193 1992
1193 1995
1193 1999
1193 2005
1193 2008
1193 2011
1193 2012
1193 2021
1193 2022
1193 2024
1193 2028
1193 2029
1193 2034
1193 2043
1193 2045
1193 2052
1193 2056
1193 2061
1193 2062
1193 2064
1193 2066
1193 2074
1193 2076
1193 2077
1193 2080
1193 2084
1193 2085
1193 2087
1193 2089
1193 2090
1193 2092
1193 2093
1193 2099
1193 2101
1193 2106
1193 2107
1193 2111
1193 2114
1193 2116
1193 2120
1193 2124
1193 2128
1193 2129
1193 2131
1193 2132
1193 2134
1193 2136
1193 2164
1193 2167
1193 2176
1193 2181
1193 2191
1193 2192
1193 2193
1193 2203
1193 2204
1193 2209
1193 2213
1193 2215
1193 2231
1193 2234
1193 2236
1193 2241
1193 2245
1193 2247
1193 2255
1193 2264
1193 2265
1193 2267
1193 2268
1193 2284
1193 2285
1193 2295
1193 2297
1193 2298
1193 2301
1193 2312
1193 2315
1193 2322
1193 2324
1193 2326
1193 2327
1193 2331
1193 2355
1193 2360
1193 2370
1193 2373
1193 2379
1193 2385
1193 2393
1193 2395
1193 2398
1193 2401
1193 2406
1193 2409
1193 2412
1193 2420
1193 2421
1193 2441
1193 2449
1193 2451
1193 2453
1193 2459
1193 2468
1193 2472
1193 2474
1193 2475
1193 2487
1193 2488
1193 2490
1193 2493
1193 2504
1193 2506
1193 2511
1193 2515
1193 2522
1193 2526
1193 2531
1193 2534
1193 2538
1193 2540
1193 2542
1193 2547
1193 2549
1193 2551
1193 2553
1193 2556
1193 2560
1193 2573
1193 2576
1193 2586
1193 2592
1193 2597
1193 2599
1193 2602
1193 2611
1193 2616
1193 2623
1193 2625
1193 2626
1193 2629
1193 2634
1193 2636
1193 2649
1193 2650
1193 2653
1193 2660
1193 2677
1193 2690
1193 2691
1193 2694
1193 2696
1193 2705
1193 2709
1193 2713
1193 2716
1193 2718
1193 2722
1193 2734
1193 2736
1193 2745
1193 2749
1193 2750
1193 2758
1193 2761
1193 2766
1193 2767
1193 2772
1193 2773
1193 2775
1193 2778
1193 2789
1193 2793
1193 2794
1193 2800
1193 2809
1193 2814
1193 2815
1193 2820
1193 2822
1193 2824
1193 2826
1193 2828
1193 2839
1193 2841
1193 2845
1193 2859
1193 2861
1193 2863
1193 2867
1193 2869
1193 2879
1193 2882
1193 2883
1193 2886
1193 2892
1193 2894
1193 2895
1193 2898
1193 2899
1193 2906
1193 2907
1193 2918
1193 2920
1193 2930
1193 2935
1193 2937
1193 2940
1193 2946
1193 2952
1193 2957
1193 2958
1193 2962
1193 2964
1193 2976
1193 2986
1193 2989
1193 2990
1193 2994
1193 3009
1193 3010
1193 3012
1193 3018
1193 3019
1193 3037
1193 3039
1193 3047
1193 3053
1193 3061
1193 3062
1193 3065
1193 3067
1193 3075
1193 3078
1193 3084
1193 3100
1193 3106
1193 3109
1193 3114
1193 3116
1193 3120
1193 3123
1193 3128
1193 3130
1193 3131
1193 3139
1193 3140
1193 3141
1193 3144
1193 3147
1193 3148
1193 3153
1193 3154
1193 3157
1193 3158
1193 3159
1193 3162
1193 3163
1193 3166
1193 3167
1193 3173
1193 3179
1193 3181
1193 3183
1193 3184
1193 3194
1193 3198
1193 3199
1193 3201
1193 3211
1193 3221
1193 3223
1193 3239
1193 3253
1193 3258
1193 3263
1193 3274
1193 3279
1193 3290
1193 3291
1193 3299
1193 3302
1193 3317
1193 3319
1193 3322
1193 3326
1193 3328
1193 3338
1193 3340
1193 3344
1193 3358
1193 3375
1193 3379
1193 3380
1193 3387
1193 3388
1193 3389
427 14
427 25
427 28
427 36
427 37
427 45
427 46
427 47
427 48
427 61
427 62
427 73
427 80
427 82
427 86
427 88
427 94
427 99
427 100
427 102
427 119
427 120
427 129
427 154
427 156
427 157
427 160
427 162
427 166
427 167
427 169
427 173
427 174
427 175
427 181
427 193
427 196
427 197
427 221
427 226
427 228
427 232
427 245
427 255
427 257
427 264
427 270
427 282
427 283
427 289
427 293
427 294
427 295
427 299
427 310
427 315
427 317
427 318
427 322
427 332
427 337
427 339
427 342
427 344
427 355
427 356
427 360
427 362
427 367
427 371
427 373
427 374
427 376
427 381
427 383
427 384
427 395
427 398
427 401
427 426
427 427
427 429
427 450
427 462
427 463
427 467
427 475
427 477
427 487
427 492
427 495
427 498
427 505
427 509
427 514
427 524
427 528
427 530
427 538
427 555
427 557
427 564
427 570
427 574
427 577
427 578
427 581
427 582
427 584
427 591
427 599
427 605
427 606
427 608
427 613
427 618
427 624
427 625
427 628
427 633
427 635
427 641
427 645
427 655
427 656
427 662
427 666
427 667
427 673
427 677
427 681
427 683
427 687
427 689
427 699
427 701
427 705
427 713
427 720
427 721
427 723
427 725
427 731
427 732
427 739
427 744
427 749
427 750
427 751
427 754
427 760
427 761
427 772
427 775
427 781
427 782
427 791
427 798
427 799
427 812
427 816
427 820
427 823
427 849
427 853
427 859
427 864
427 874
427 882
427 883
427 888
427 893
427 897
427 903
427 908
427 917
427 922
427 928
427 931
427 936
427 939
427 950
427 957
427 967
427 985
427 988
427 991
427 992
427 993
427 995
427 1007
427 1016
427 1018
427 1021
427 1026
427 1027
427 1030
427 1035
427 1041
427 1048
427 1049
427 1050
427 1053
427 1054
427 1056
427 1061
427 1065
427 1071
427 1074
427 1077
427 1084
427 1085
427 1086
427 1089
427 1092
427 1099
427 1111
427 1112
427 1118
427 1120
427 1127
427 1144
427 1145
427 1146
427 1147
427 1149
427 1167
427 1168
427 1172
427 1177
427 1182
427 1188
427 1192
427 1193
427 1196
427 1198
427 1201
427 1206
427 1210
427 1215
427 1230
427 1232
427 1239
427 1242
427 1248
427 1253
427 1259
427 1266
427 1268
427 1280
427 1284
427 1285
427 1291
427 1294
427 1306
427 1311
427 1320
427 1325
427 1327
427 1328
427 1329
427 1338
427 1353
427 1357
427 1366
427 1369
427 1370
427 1375
427 1379
427 1389
427 1393
427 1396
427 1400
427 1407
427 1410
427 1414
427 1421
427 1425
427 1431
427 1438
427 1439
427 1442
427 1447
427 1450
427 1455
427 1456
427 1461
427 1467
427 1468
427 1470
427 1477
427 1480
427 1482
427 1483
427 1494
427 1497
427 1504
427 1512
427 1524
427 1529
427 1530
427 1531
427 1534
427 1537
427 1542
427 1544
427 1551
427 1552
427 1555
427 1566
427 1575
427 1577
427 1588
427 1590
427 1595
427 1596
427 1603
427 1609
427 1618
427 1619
427 1623
427 1631
427 1632
427 1639
427 1640
427 1646
427 1649
427 1656
427 1662
427 1696
427 1699
427 1700
427 1705
427 1715
427 1717
427 1722
427 1724
427 1728
427 1738
427 1742
427 1743
427 1744
427 1745
427 1750
427 1751
427 1752
427 1759
427 1773
427 1775
427 1776
427 1779
427 1784
427 1788
427 1791
427 1792
427 1805
427 1808
427 1809
427 1812
427 1816
427 1819
427 1826
427 1833
427 1840
427 1842
427 1845
427 1846
427 1849
427 1853
427 1856
427 1858
427 1863
427 1878
427 1879
427 1889
427 1892
427 1894
427 1899
427 1904
427 1909
427 1918
427 1923
427 1927
427 1932
427 1940
427 1941
427 1943
427 1953
427 1960
427 1963
427 1964
427 1970
427 1976
427 1983
427 1989
427 1990
427 1992
427 1993
427 1994
427 1995
427 1996
427 1998
427 2014
427 2015
427 2018
427 2022
427 2027
427 2029
427 2033
427 2034
427 2037
427 2043
427 2054
427 2056
427 2061
427 2065
427 2066
427 2074
427 2078
427 2083
427 2087
427 2088
427 2089
427 2095
427 2101
427 2112
427 2113
427 2115
427 2116
427 2117
427 2121
427 2126
427 2137
427 2140
427 2163
427 2166
427 2176
427 2179
427 2185
427 2186
427 2190
427 2200
427 2201
427 2206
427 2215
427 2221
427 2224
427 2229
427 2230
427 2232
427 2235
427 2236
427 2239
427 2245
427 2246
427 2247
427 2256
427 2262
427 2264
427 2266
427 2269
427 2282
427 2287
427 2290
427 2309
427 2310
427 2315
427 2316
427 2322
427 2324
427 2325
427 2328
427 2333
427 2343
427 2353
427 2354
427 2360
427 2363
427 2367
427 2369
427 2370
427 2395
427 2400
427 2407
427 2421
427 2422
427 2427
427 2430
427 2432
427 2441
427 2442
427 2443
427 2444
427 2447
427 2451
427 2452
427 2455
427 2456
427 2463
427 2472
427 2474
427 2477
427 2480
427 2483
427 2484
427 2486
427 2496
427 2499
427 2507
427 2522
427 2523
427 2524
427 2529
427 2538
427 2541
427 2550
427 2561
427 2564
427 2567
427 2570
427 2572
427 2575
427 2576
427 2577
427 2581
427 2586
427 2593
427 2595
427 2598
427 2602
427 2603
427 2606
427 2607
427 2612
427 2613
427 2623
427 2626
427 2628
427 2634
427 2635
427 2636
427 2640
427 2643
427 2647
427 2652
427 2657
427 2659
427 2661
427 2662
427 2669
427 2677
427 2678
427 2679
427 2681
427 2692
427 2694
427 2696
427 2698
427 2703
427 2705
427 2714
427 2716
427 2718
427 2719
427 2721
427 2733
427 2739
427 2742
427 2743
427 2753
427 2756
427 2760
427 2763
427 2765
427 2784
427 2786
427 2793
427 2796
427 2800
427 2808
427 2812
427 2818
427 2823
427 2831
427 2839
427 2844
427 2849
427 2850
427 2851
427 2855
427 2866
427 2867
427 2869
427 2885
427 2886
427 2887
427 2891
427 2895
427 2897
427 2903
427 2913
427 2915
427 2919
427 2927
427 2931
427 2932
427 2939
427 2942
427 2948
427 2950
427 2953
427 2955
427 2964
427 2966
427 2971
427 2973
427 2986
427 2988
427 2990
427 2995
427 3014
427 3017
427 3020
427 3024
427 3027
427 3030
427 3037
427 3038
427 3051
427 3061
427 3067
427 3074
427 3081
427 3083
427 3084
427 3094
427 3104
427 3114
427 3121
427 3135
427 3143
427 3148
427 3166
427 3167
427 3168
427 3171
427 3182
427 3184
427 3196
427 3199
427 3200
427 3202
427 3220
427 3224
427 3225
427 3231
427 3239
427 3244
427 3256
427 3284
427 3291
427 3297
427 3300
427 3310
427 3325
427 3326
427 3332
427 3341
427 3344
427 3352
427 3360
427 3362
427 3368
427 3370
427 3372
427 3373
427 3375
427 3377
427 3392
427 3400
323 15
323 17
323 18
323 24
323 37
323 39
323 42
323 54
323 57
323 67
323 68
323 74
323 75
323 76
323 78
323 86
323 89
323 112
323 114
323 119
323 128
323 142
323 143
323 151
323 153
323 160
323 169
323 177
323 178
323 181
323 189
323 191
323 192
323 193
323 197
323 198
323 207
323 213
323 218
323 220
323 223
323 224
323 226
323 229
323 230
323 235
323 241
323 242
323 243
323 246
323 247
323 250
323 259
323 260
323 261
323 264
323 265
323 267
323 275
323 278
323 283
323 287
323 294
323 310
323 311
323 314
323 317
323 318
323 321
323 325
323 336
323 347
323 349
323 364
323 372
323 373
323 375
323 379
323 383
323 396
323 397
323 401
323 409
323 421
323 423
323 427
323 434
323 438
323 444
323 445
323 447
323 451
323 452
323 453
323 456
323 457
323 464
323 479
323 481
323 482
323 486
323 492
323 494
323 495
323 496
323 501
323 505
323 506
323 508
323 517
323 520
323 525
323 532
323 533
323 537
323 538
323 545
323 547
323 548
323 550
323 553
323 555
323 581
323 582
323 583
323 584
323 594
323 609
323 612
323 620
323 623
323 624
323 642
323 654
323 656
323 673
323 686
323 689
323 690
323 693
323 696
323 697
323 701
323 703
323 704
323 707
323 709
323 713
323 720
323 722
323 727
323 739
323 743
323 746
323 751
323 760
323 768
323 774
323 786
323 797
323 800
323 802
323 803
323 805
323 808
323 810
323 817
323 827
323 830
323 836
323 840
323 841
323 848
323 851
323 854
323 856
323 857
323 865
323 866
323 881
323 888
323 889
323 891
323 897
323 906
323 910
323 915
323 918
323 927
323 933
323 934
323 935
323 937
323 952
323 964
323 970
323 973
323 981
323 982
323 990
323 991
323 997
323 998
323 1004
323 1009
323 1010
323 1014
323 1023
323 1025
323 1028
323 1039
323 1041
323 1042
323 1043
323 1077
323 1080
323 1082
323 1093
323 1097
323 1099
323 1106
323 1113
323 1119
323 1122
323 1124
323 1125
323 1133
323 1144
323 1146
323 1149
323 1156
323 1160
323 1162
323 1167
323 1176
323 1185
323 1186
323 1187
323 1188
323 1189
323 1195
323 1204
323 1213
323 1225
323 1230
323 1237
323 1243
323 1244
323 1255
323 1265
323 1279
323 1281
323 1282
323 1283
323 1286
323 1291
323 1295
323 1299
323 1304
323 1308
323 1315
323 1321
323 1322
323 1327
323 1334
323 1338
323 1345
323 1354
323 1360
323 1366
323 1374
323 1381
323 1383
323 1387
323 1392
323 1404
323 1407
323 1408
323 1409
323 1416
323 1426
323 1438
323 1447
323 1451
323 1457
323 1458
323 1459
323 1468
323 1471
323 1479
323 1494
323 1498
323 1502
323 1509
323 1515
323 1517
323 1518
323 1519
323 1542
323 1545
323 1547
323 1548
323 1549
323 1551
323 1553
323 1559
323 1563
323 1564
323 1565
323 1566
323 1569
323 1570
323 1571
323 1572
323 1576
323 1579
323 1589
323 1590
323 1594
323 1595
323 1597
323 1606
323 1609
323 1617
323 1619
323 1624
323 1626
323 1629
323 1631
323 1637
323 1639
323 1642
323 1646
323 1649
323 1651
323 1659
323 1669
323 1671
323 1674
323 1679
323 1680
323 1684
323 1698
323 1699
323 1715
323 1716
323 1728
323 1730
323 1735
323 1737
323 1740
323 1744
323 1745
323 1762
323 1764
323 1769
323 1772
323 1774
323 1776
323 1778
323 1779
323 1786
323 1787
323 1793
323 1798
323 1799
323 1801
323 1806
323 1824
323 1827
323 1829
323 1830
323 1834
323 1839
323 1841
323 1848
323 1850
323 1852
323 1868
323 1870
323 1872
323 1873
323 1880
323 1882
323 1907
323 1913
323 1916
323 1921
323 1926
323 1931
323 1933
323 1950
323 1954
323 1956
323 1967
323 1969
323 1974
323 1979
323 1981
323 1982
323 1983
323 1985
323 1987
323 1995
323 2003
323 2006
323 2010
323 2039
323 2044
323 2046
323 2047
323 2052
323 2057
323 2065
323 2067
323 2069
323 2071
323 2077
323 2083
323 2093
323 2094
323 2096
323 2117
323 2118
323 2133
323 2142
323 2148
323 2153
323 2156
323 2173
323 2174
323 2176
323 2179
323 2182
323 2186
323 2188
323 2189
323 2193
323 2195
323 2210
323 2211
323 2215
323 2222
323 2224
323 2225
323 2228
323 2236
323 2237
323 2239
323 2243
323 2245
323 2248
323 2251
323 2252
323 2261
323 2262
323 2268
323 2269
323 2284
323 2288
323 2290
323 2295
323 2296
323 2298
323 2303
323 2306
323 2307
323 2315
323 2319
323 2321
323 2330
323 2338
323 2348
323 2354
323 2360
323 2363
323 2370
323 2373
323 2374
323 2378
323 2381
323 2382
323 2383
323 2384
323 2385
323 2389
323 2393
323 2408
323 2410
323 2411
323 2422
323 2428
323 2433
323 2434
323 2435
323 2438
323 2444
323 2446
323 2448
323 2455
323 2456
323 2462
323 2463
323 2466
323 2468
323 2470
323 2477
323 2480
323 2487
323 2496
323 2501
323 2505
323 2508
323 2509
323 2521
323 2533
323 2537
323 2543
323 2552
323 2559
323 2561
323 2564
323 2572
323 2574
323 2578
323 2580
323 2583
323 2584
323 2592
323 2601
323 2604
323 2607
323 2610
323 2613
323 2614
323 2616
323 2624
323 2626
323 2628
323 2629
323 2635
323 2637
323 2639
323 2640
323 2647
323 2655
323 2659
323 2673
323 2674
323 2679
323 2684
323 2692
323 2695
323 2699
323 2701
323 2703
323 2706
323 2707
323 2708
323 2713
323 2718
323 2719
323 2742
323 2746
323 2758
323 2768
323 2770
323 2773
323 2774
323 2776
323 2780
323 2783
323 2789
323 2794
323 2796
323 2805
323 2809
323 2817
323 2822
323 2825
323 2827
323 2829
323 2830
323 2831
323 2835
323 2837
323 2838
323 2839
323 2849
323 2853
323 2857
323 2858
323 2864
323 2873
323 2877
323 2878
323 2879
323 2881
323 2882
323 2888
323 2890
323 2895
323 2897
323 2899
323 2905
323 2908
323 2910
323 2913
323 2922
323 2932
323 2936
323 2944
323 2945
323 2947
323 2948
323 2952
323 2962
323 2963
323 2967
323 2968
323 2969
323 2970
323 2975
323 2977
323 2979
323 2980
323 2990
323 2995
323 3001
323 3005
323 3009
323 3015
323 3020
323 3038
323 3039
323 3046
323 3049
323 3054
323 3056
323 3061
323 3065
323 3068
323 3073
323 3075
323 3078
323 3084
323 3085
323 3087
323 3093
323 3095
323 3100
323 3103
323 3106
323 3110
323 3115
323 3116
323 3121
323 3122
323 3125
323 3137
323 3138
323 3149
323 3150
323 3153
323 3157
323 3158
323 3160
323 3169
323 3172
323 3174
323 3177
323 3179
323 3181
323 3186
323 3188
323 3190
323 3191
323 3203
323 3207
323 3214
323 3218
323 3219
323 3224
323 3231
323 3234
323 3249
323 3257
323 3258
323 3267
323 3271
323 3288
323 3290
323 3309
323 3314
323 3318
323 3320
323 3327
323 3334
323 3339
323 3340
323 3342
323 3347
323 3354
323 3359
323 3372
323 3375
323 3379
323 3385
323 3388
323 3397
