p td 3000 8471 
2537 5
2537 9
2537 13
2537 23
2537 24
2537 26
2537 46
2537 49
2537 53
2537 54
2537 61
2537 72
2537 81
2537 85
2537 87
2537 94
2537 96
2537 97
2537 102
2537 103
2537 135
2537 137
2537 138
2537 152
2537 153
2537 161
2537 164
2537 176
2537 179
2537 182
2537 186
2537 192
2537 196
2537 201
2537 203
2537 204
2537 209
2537 224
2537 227
2537 232
2537 236
2537 238
2537 239
2537 247
2537 250
2537 261
2537 266
2537 269
2537 272
2537 282
2537 287
2537 288
2537 293
2537 299
2537 302
2537 306
2537 309
2537 316
2537 317
2537 322
2537 334
2537 336
2537 349
2537 353
2537 354
2537 361
2537 364
2537 371
2537 376
2537 380
2537 386
2537 392
2537 394
2537 404
2537 407
2537 412
2537 439
2537 453
2537 454
2537 455
2537 457
2537 460
2537 462
2537 473
2537 474
2537 479
2537 488
2537 490
2537 491
2537 492
2537 499
2537 500
2537 501
2537 502
2537 503
2537 511
2537 528
2537 529
2537 532
2537 536
2537 537
2537 541
2537 542
2537 545
2537 546
2537 557
2537 561
2537 565
2537 574
2537 578
2537 581
2537 584
2537 592
2537 600
2537 601
2537 613
2537 619
2537 631
2537 635
2537 640
2537 650
2537 654
2537 656
2537 665
2537 671
2537 686
2537 687
2537 688
2537 689
2537 691
2537 695
2537 704
2537 705
2537 729
2537 733
2537 738
2537 741
2537 744
2537 745
2537 755
2537 760
2537 763
2537 769
2537 772
2537 773
2537 781
2537 782
2537 788
2537 789
2537 798
2537 805
2537 807
2537 810
2537 811
2537 812
2537 818
2537 829
2537 830
2537 836
2537 843
2537 845
2537 846
2537 847
2537 853
2537 857
2537 859
2537 861
2537 864
2537 870
2537 871
2537 873
2537 874
2537 877
2537 878
2537 880
2537 881
2537 882
2537 886
2537 889
2537 892
2537 895
2537 896
2537 898
2537 900
2537 902
2537 915
2537 925
2537 928
2537 938
2537 943
2537 946
2537 957
2537 960
2537 968
2537 974
2537 975
2537 979
2537 981
2537 982
2537 983
2537 984
2537 986
2537 992
2537 993
2537 1005
2537 1006
2537 1009
2537 1018
2537 1019
2537 1023
2537 1030
2537 1031
2537 1035
2537 1054
2537 1056
2537 1066
2537 1077
2537 1084
2537 1085
2537 1090
2537 1095
2537 1097
2537 1111
2537 1124
2537 1135
2537 1137
2537 1139
2537 1143
2537 1146
2537 1157
2537 1161
2537 1167
2537 1173
2537 1176
2537 1182
2537 1183
2537 1184
2537 1186
2537 1197
2537 1203
2537 1205
2537 1207
2537 1208
2537 1209
2537 1212
2537 1213
2537 1214
2537 1218
2537 1222
2537 1229
2537 1233
2537 1241
2537 1246
2537 1252
2537 1254
2537 1259
2537 1262
2537 1264
2537 1274
2537 1276
2537 1277
2537 1283
2537 1291
2537 1294
2537 1296
2537 1300
2537 1301
2537 1303
2537 1304
2537 1305
2537 1309
2537 1310
2537 1313
2537 1330
2537 1346
2537 1350
2537 1363
2537 1365
2537 1371
2537 1383
2537 1403
2537 1407
2537 1408
2537 1409
2537 1415
2537 1418
2537 1422
2537 1434
2537 1456
2537 1461
2537 1462
2537 1464
2537 1472
2537 1478
2537 1484
2537 1486
2537 1487
2537 1492
2537 1493
2537 1497
2537 1498
2537 1512
2537 1517
2537 1521
2537 1525
2537 1526
2537 1528
2537 1532
2537 1533
2537 1534
2537 1536
2537 1541
2537 1547
2537 1548
2537 1549
2537 1559
2537 1562
2537 1574
2537 1576
2537 1577
2537 1579
2537 1589
2537 1591
2537 1596
2537 1602
2537 1605
2537 1607
2537 1609
2537 1617
2537 1619
2537 1627
2537 1629
2537 1641
2537 1644
2537 1650
2537 1656
2537 1668
2537 1669
2537 1670
2537 1673
2537 1681
2537 1687
2537 1689
2537 1690
2537 1692
2537 1703
2537 1721
2537 1735
2537 1744
2537 1751
2537 1755
2537 1767
2537 1775
2537 1777
2537 1779
2537 1782
2537 1784
2537 1791
2537 1792
2537 1809
2537 1815
2537 1821
2537 1823
2537 1829
2537 1832
2537 1835
2537 1853
2537 1855
2537 1869
2537 1872
2537 1877
2537 1878
2537 1893
2537 1906
2537 1918
2537 1919
2537 1920
2537 1921
2537 1922
2537 1928
2537 1929
2537 1934
2537 1937
2537 1939
2537 1948
2537 1955
2537 1963
2537 1964
2537 1973
2537 1974
2537 1985
2537 1994
2537 2002
2537 2007
2537 2014
2537 2018
2537 2021
2537 2024
2537 2031
2537 2032
2537 2033
2537 2038
2537 2044
2537 2054
2537 2059
2537 2063
2537 2069
2537 2071
2537 2072
2537 2074
2537 2079
2537 2080
2537 2091
2537 2098
2537 2099
2537 2110
2537 2119
2537 2120
2537 2123
2537 2127
2537 2130
2537 2136
2537 2137
2537 2142
2537 2144
2537 2147
2537 2160
2537 2173
2537 2175
2537 2180
2537 2185
2537 2186
2537 2198
2537 2204
2537 2209
2537 2211
2537 2218
2537 2220
2537 2222
2537 2229
2537 2233
2537 2234
2537 2237
2537 2257
2537 2271
2537 2276
2537 2278
2537 2280
2537 2291
2537 2292
2537 2293
2537 2301
2537 2306
2537 2309
2537 2315
2537 2322
2537 2326
2537 2329
2537 2335
2537 2336
2537 2342
2537 2347
2537 2350
2537 2362
2537 2366
2537 2376
2537 2403
2537 2404
2537 2406
2537 2418
2537 2423
2537 2424
2537 2428
2537 2438
2537 2444
2537 2446
2537 2448
2537 2464
2537 2470
2537 2474
2537 2481
2537 2486
2537 2493
2537 2498
2537 2505
2537 2506
2537 2508
2537 2511
2537 2520
2537 2521
2537 2529
2537 2535
2537 2539
2537 2540
2537 2544
2537 2548
2537 2555
2537 2558
2537 2568
2537 2570
2537 2571
2537 2581
2537 2584
2537 2586
2537 2588
2537 2590
2537 2593
2537 2596
2537 2598
2537 2600
2537 2603
2537 2605
2537 2611
2537 2612
2537 2616
2537 2617
2537 2624
2537 2627
2537 2632
2537 2635
2537 2639
2537 2640
2537 2649
2537 2652
2537 2672
2537 2682
2537 2688
2537 2690
2537 2694
2537 2698
2537 2702
2537 2710
2537 2711
2537 2714
2537 2715
2537 2723
2537 2724
2537 2732
2537 2736
2537 2737
2537 2751
2537 2758
2537 2764
2537 2770
2537 2781
2537 2787
2537 2792
2537 2793
2537 2794
2537 2796
2537 2798
2537 2801
2537 2808
2537 2811
2537 2815
2537 2832
2537 2833
2537 2839
2537 2842
2537 2843
2537 2851
2537 2858
2537 2859
2537 2861
2537 2872
2537 2873
2537 2899
2537 2902
2537 2926
2537 2930
2537 2931
2537 2934
2537 2936
2537 2950
2537 2953
2537 2954
2537 2961
2537 2971
2537 2979
2537 2980
2537 2982
2537 2983
2537 2985
2537 2994
925 2
925 13
925 26
925 36
925 38
925 47
925 48
925 57
925 59
925 63
925 67
925 71
925 77
925 85
925 87
925 88
925 92
925 93
925 95
925 113
925 120
925 121
925 123
925 126
925 135
925 140
925 141
925 143
925 147
925 153
925 158
925 159
925 163
925 168
925 169
925 170
925 173
925 183
925 184
925 186
925 190
925 194
925 198
925 204
925 208
925 210
925 215
925 216
925 221
925 227
925 240
925 252
925 253
925 256
925 266
925 268
925 272
925 274
925 275
925 285
925 286
925 294
925 303
925 305
925 306
925 311
925 322
925 326
925 329
925 335
925 337
925 338
925 349
925 351
925 352
925 357
925 361
925 372
925 375
925 387
925 395
925 397
925 400
925 403
925 406
925 407
925 413
925 415
925 422
925 425
925 441
925 450
925 465
925 473
925 480
925 481
925 482
925 484
925 487
925 492
925 499
925 501
925 508
925 510
925 520
925 526
925 529
925 540
925 541
925 545
925 548
925 555
925 570
925 571
925 580
925 588
925 590
925 595
925 601
925 602
925 604
925 613
925 620
925 623
925 624
925 632
925 638
925 657
925 662
925 663
925 664
925 665
925 666
925 668
925 669
925 673
925 677
925 685
925 686
925 688
925 689
925 691
925 692
925 694
925 711
925 714
925 717
925 721
925 722
925 725
925 727
925 736
925 737
925 738
925 740
925 742
925 745
925 747
925 748
925 750
925 752
925 766
925 768
925 769
925 774
925 778
925 782
925 790
925 795
925 799
925 806
925 810
925 817
925 823
925 824
925 825
925 830
925 839
925 851
925 853
925 854
925 855
925 856
925 860
925 865
925 869
925 870
925 872
925 881
925 889
925 891
925 898
925 901
925 902
925 904
925 915
925 916
925 924
925 926
925 930
925 939
925 942
925 947
925 951
925 953
925 962
925 972
925 973
925 977
925 984
925 989
925 1002
925 1006
925 1014
925 1015
925 1021
925 1030
925 1031
925 1032
925 1040
925 1041
925 1053
925 1058
925 1060
925 1063
925 1066
925 1075
925 1076
925 1078
925 1080
925 1091
925 1092
925 1096
925 1101
925 1102
925 1103
925 1104
925 1107
925 1108
925 1109
925 1125
925 1129
925 1130
925 1134
925 1139
925 1145
925 1151
925 1153
925 1171
925 1172
925 1182
925 1183
925 1192
925 1194
925 1196
925 1213
925 1221
925 1222
925 1224
925 1225
925 1227
925 1230
925 1234
925 1241
925 1244
925 1245
925 1248
925 1260
925 1261
925 1271
925 1274
925 1287
925 1289
925 1291
925 1292
925 1310
925 1312
925 1314
925 1315
925 1316
925 1320
925 1323
925 1330
925 1331
925 1334
925 1336
925 1339
925 1341
925 1344
925 1349
925 1351
925 1353
925 1366
925 1367
925 1381
925 1383
925 1385
925 1390
925 1397
925 1403
925 1405
925 1408
925 1424
925 1429
925 1431
925 1443
925 1444
925 1446
925 1451
925 1466
925 1468
925 1469
925 1473
925 1476
925 1477
925 1479
925 1481
925 1485
925 1488
925 1491
925 1497
925 1507
925 1508
925 1510
925 1514
925 1517
925 1522
925 1529
925 1530
925 1541
925 1543
925 1545
925 1551
925 1563
925 1581
925 1588
925 1597
925 1600
925 1602
925 1603
925 1610
925 1611
925 1622
925 1623
925 1629
925 1634
925 1637
925 1641
925 1647
925 1648
925 1654
925 1659
925 1661
925 1670
925 1675
925 1685
925 1701
925 1702
925 1703
925 1704
925 1710
925 1713
925 1718
925 1724
925 1725
925 1728
925 1736
925 1741
925 1743
925 1747
925 1753
925 1757
925 1759
925 1763
925 1777
925 1784
925 1789
925 1791
925 1792
925 1804
925 1809
925 1810
925 1812
925 1814
925 1820
925 1821
925 1823
925 1825
925 1838
925 1847
925 1854
925 1873
925 1879
925 1882
925 1883
925 1885
925 1899
925 1901
925 1906
925 1923
925 1947
925 1949
925 1956
925 1957
925 1981
925 1984
925 1985
925 1991
925 1998
925 2007
925 2011
925 2016
925 2018
925 2019
925 2026
925 2032
925 2041
925 2042
925 2045
925 2046
925 2048
925 2052
925 2055
925 2059
925 2070
925 2075
925 2081
925 2083
925 2087
925 2089
925 2090
925 2092
925 2095
925 2097
925 2102
925 2113
925 2118
925 2129
925 2130
925 2149
925 2153
925 2173
925 2176
925 2181
925 2183
925 2188
925 2194
925 2198
925 2201
925 2208
925 2209
925 2214
925 2220
925 2224
925 2229
925 2230
925 2249
925 2257
925 2263
925 2272
925 2278
925 2282
925 2295
925 2298
925 2300
925 2304
925 2309
925 2313
925 2314
925 2315
925 2327
925 2328
925 2333
925 2338
925 2347
925 2366
925 2369
925 2373
925 2385
925 2394
925 2402
925 2403
925 2406
925 2412
925 2414
925 2427
925 2431
925 2434
925 2440
925 2443
925 2452
925 2453
925 2456
925 2461
925 2466
925 2468
925 2469
925 2471
925 2474
925 2476
925 2477
925 2484
925 2488
925 2496
925 2497
925 2504
925 2510
925 2516
925 2524
925 2525
925 2534
925 2535
925 2538
925 2540
925 2543
925 2557
925 2560
925 2567
925 2568
925 2569
925 2571
925 2573
925 2579
925 2580
925 2582
925 2584
925 2592
925 2605
925 2607
925 2608
925 2610
925 2613
925 2618
925 2621
925 2623
925 2632
925 2641
925 2648
925 2651
925 2655
925 2665
925 2667
925 2677
925 2685
925 2693
925 2701
925 2704
925 2718
925 2719
925 2728
925 2732
925 2736
925 2742
925 2743
925 2762
925 2768
925 2783
925 2789
925 2791
925 2792
925 2796
925 2801
925 2806
925 2808
925 2815
925 2819
925 2823
925 2847
925 2848
925 2850
925 2856
925 2869
925 2873
925 2876
925 2885
925 2888
925 2890
925 2893
925 2907
925 2909
925 2910
925 2913
925 2918
925 2921
925 2923
925 2926
925 2941
925 2946
925 2950
925 2951
925 2967
925 2968
925 2974
925 2976
925 2985
925 2990
925 2994
925 2998
504 1
504 10
504 16
504 19
504 20
504 25
504 26
504 27
504 28
504 38
504 42
504 52
504 67
504 82
504 90
504 91
504 92
504 97
504 99
504 101
504 104
504 111
504 113
504 121
504 125
504 126
504 138
504 139
504 146
504 147
504 148
504 152
504 154
504 160
504 162
504 165
504 166
504 170
504 177
504 178
504 185
504 187
504 190
504 203
504 204
504 207
504 211
504 214
504 215
504 218
504 223
504 226
504 227
504 232
504 233
504 234
504 238
504 247
504 251
504 257
504 267
504 274
504 278
504 280
504 281
504 285
504 286
504 294
504 301
504 306
504 307
504 308
504 316
504 321
504 326
504 332
504 334
504 340
504 341
504 348
504 350
504 352
504 353
504 354
504 357
504 358
504 360
504 363
504 365
504 366
504 380
504 381
504 387
504 389
504 400
504 404
504 407
504 421
504 423
504 427
504 430
504 431
504 441
504 443
504 445
504 446
504 453
504 459
504 460
504 463
504 466
504 468
504 472
504 478
504 479
504 480
504 486
504 487
504 490
504 498
504 505
504 508
504 509
504 511
504 514
504 517
504 523
504 526
504 536
504 543
504 549
504 554
504 556
504 558
504 563
504 575
504 577
504 579
504 580
504 586
504 587
504 591
504 594
504 600
504 602
504 604
504 605
504 609
504 615
504 619
504 621
504 627
504 629
504 631
504 636
504 638
504 646
504 647
504 648
504 661
504 672
504 678
504 684
504 685
504 688
504 698
504 699
504 705
504 719
504 720
504 722
504 723
504 725
504 726
504 730
504 736
504 737
504 741
504 742
504 744
504 764
504 765
504 767
504 778
504 781
504 787
504 797
504 799
504 802
504 803
504 804
504 816
504 818
504 831
504 838
504 851
504 856
504 864
504 866
504 872
504 882
504 888
504 895
504 905
504 925
504 935
504 937
504 940
504 949
504 953
504 961
504 966
504 967
504 970
504 974
504 977
504 978
504 983
504 984
504 998
504 999
504 1004
504 1005
504 1009
504 1012
504 1018
504 1024
504 1026
504 1029
504 1030
504 1061
504 1064
504 1070
504 1076
504 1085
504 1086
504 1095
504 1096
504 1099
504 1101
504 1102
504 1105
504 1109
504 1124
504 1133
504 1135
504 1136
504 1137
504 1138
504 1139
504 1149
504 1155
504 1156
504 1157
504 1161
504 1171
504 1172
504 1174
504 1183
504 1188
504 1190
504 1210
504 1212
504 1218
504 1226
504 1231
504 1233
504 1244
504 1245
504 1247
504 1248
504 1255
504 1257
504 1262
504 1263
504 1267
504 1273
504 1285
504 1296
504 1297
504 1303
504 1317
504 1326
504 1335
504 1336
504 1341
504 1343
504 1346
504 1350
504 1354
504 1363
504 1373
504 1378
504 1380
504 1381
504 1386
504 1391
504 1392
504 1399
504 1412
504 1417
504 1424
504 1428
504 1430
504 1434
504 1438
504 1439
504 1442
504 1455
504 1459
504 1463
504 1466
504 1467
504 1478
504 1490
504 1491
504 1499
504 1500
504 1502
504 1506
504 1520
504 1535
504 1555
504 1562
504 1564
504 1567
504 1570
504 1586
504 1590
504 1592
504 1607
504 1612
504 1616
504 1619
504 1621
504 1622
504 1623
504 1625
504 1627
504 1629
504 1631
504 1638
504 1640
504 1641
504 1642
504 1647
504 1656
504 1658
504 1659
504 1663
504 1665
504 1669
504 1672
504 1673
504 1675
504 1678
504 1682
504 1685
504 1707
504 1711
504 1714
504 1719
504 1722
504 1723
504 1741
504 1750
504 1751
504 1758
504 1759
504 1764
504 1768
504 1769
504 1770
504 1771
504 1774
504 1775
504 1778
504 1780
504 1782
504 1789
504 1796
504 1798
504 1804
504 1822
504 1835
504 1838
504 1850
504 1853
504 1856
504 1858
504 1861
504 1862
504 1867
504 1868
504 1872
504 1873
504 1876
504 1887
504 1889
504 1890
504 1907
504 1910
504 1917
504 1924
504 1925
504 1928
504 1930
504 1931
504 1933
504 1936
504 1941
504 1943
504 1947
504 1956
504 1957
504 1966
504 1972
504 1974
504 1979
504 1983
504 1984
504 1986
504 1987
504 1989
504 1995
504 2000
504 2006
504 2009
504 2013
504 2016
504 2019
504 2023
504 2027
504 2028
504 2048
504 2051
504 2057
504 2058
504 2065
504 2079
504 2082
504 2087
504 2097
504 2102
504 2110
504 2115
504 2121
504 2127
504 2128
504 2134
504 2137
504 2138
504 2140
504 2144
504 2148
504 2156
504 2157
504 2165
504 2171
504 2184
504 2187
504 2193
504 2194
504 2198
504 2203
504 2209
504 2210
504 2222
504 2229
504 2232
504 2236
504 2238
504 2241
504 2246
504 2265
504 2278
504 2279
504 2281
504 2286
504 2288
504 2293
504 2296
504 2303
504 2304
504 2305
504 2327
504 2338
504 2340
504 2343
504 2350
504 2358
504 2361
504 2368
504 2378
504 2379
504 2384
504 2389
504 2399
504 2402
504 2406
504 2416
504 2417
504 2420
504 2422
504 2425
504 2430
504 2436
504 2440
504 2441
504 2443
504 2447
504 2456
504 2460
504 2462
504 2467
504 2468
504 2479
504 2480
504 2481
504 2484
504 2491
504 2492
504 2494
504 2499
504 2502
504 2516
504 2517
504 2519
504 2521
504 2524
504 2529
504 2537
504 2550
504 2554
504 2562
504 2587
504 2588
504 2589
504 2595
504 2600
504 2601
504 2610
504 2613
504 2614
504 2618
504 2621
504 2625
504 2627
504 2628
504 2634
504 2657
504 2658
504 2659
504 2662
504 2670
504 2672
504 2675
504 2679
504 2680
504 2686
504 2689
504 2693
504 2712
504 2715
504 2717
504 2728
504 2730
504 2743
504 2751
504 2752
504 2753
504 2755
504 2757
504 2761
504 2763
504 2765
504 2766
504 2773
504 2784
504 2786
504 2787
504 2788
504 2804
504 2807
504 2809
504 2813
504 2821
504 2833
504 2837
504 2840
504 2841
504 2842
504 2843
504 2846
504 2855
504 2862
504 2865
504 2870
504 2877
504 2878
504 2881
504 2885
504 2887
504 2893
504 2904
504 2907
504 2913
504 2914
504 2919
504 2921
504 2926
504 2928
504 2931
504 2937
504 2940
504 2948
504 2951
504 2960
504 2966
504 2967
504 2968
504 2969
504 2976
504 2984
504 2987
504 2995
504 2996
1156 5
1156 8
1156 10
1156 15
1156 18
1156 23
1156 28
1156 32
1156 34
1156 36
1156 38
1156 40
1156 42
1156 45
1156 57
1156 61
1156 63
1156 65
1156 69
1156 83
1156 88
1156 89
1156 90
1156 91
1156 94
1156 97
1156 99
1156 106
1156 108
1156 109
1156 115
1156 121
1156 122
1156 123
1156 125
1156 128
1156 130
1156 140
1156 143
1156 144
1156 155
1156 161
1156 164
1156 167
1156 169
1156 171
1156 176
1156 186
1156 188
1156 190
1156 191
1156 192
1156 197
1156 198
1156 202
1156 215
1156 216
1156 220
1156 235
1156 244
1156 249
1156 258
1156 259
1156 273
1156 274
1156 280
1156 281
1156 312
1156 317
1156 320
1156 321
1156 327
1156 329
1156 337
1156 339
1156 340
1156 348
1156 351
1156 352
1156 355
1156 362
1156 369
1156 371
1156 373
1156 383
1156 386
1156 389
1156 390
1156 394
1156 404
1156 408
1156 409
1156 412
1156 413
1156 420
1156 434
1156 438
1156 443
1156 447
1156 455
1156 463
1156 464
1156 465
1156 473
1156 476
1156 482
1156 489
1156 500
1156 502
1156 503
1156 504
1156 513
1156 515
1156 519
1156 524
1156 526
1156 530
1156 533
1156 542
1156 549
1156 550
1156 553
1156 556
1156 559
1156 566
1156 567
1156 568
1156 578
1156 579
1156 606
1156 612
1156 614
1156 615
1156 633
1156 640
1156 641
1156 650
1156 652
1156 655
1156 660
1156 669
1156 671
1156 683
1156 685
1156 686
1156 688
1156 689
1156 691
1156 698
1156 699
1156 703
1156 704
1156 711
1156 712
1156 718
1156 723
1156 732
1156 735
1156 749
1156 753
1156 758
1156 759
1156 764
1156 770
1156 780
1156 783
1156 788
1156 789
1156 791
1156 795
1156 801
1156 803
1156 805
1156 806
1156 810
1156 813
1156 827
1156 828
1156 845
1156 846
1156 849
1156 855
1156 856
1156 858
1156 868
1156 869
1156 871
1156 885
1156 892
1156 895
1156 897
1156 920
1156 936
1156 939
1156 941
1156 950
1156 952
1156 965
1156 968
1156 970
1156 971
1156 972
1156 1036
1156 1044
1156 1045
1156 1047
1156 1058
1156 1069
1156 1073
1156 1084
1156 1088
1156 1092
1156 1105
1156 1112
1156 1122
1156 1130
1156 1135
1156 1136
1156 1139
1156 1148
1156 1150
1156 1151
1156 1154
1156 1158
1156 1161
1156 1165
1156 1168
1156 1170
1156 1175
1156 1181
1156 1191
1156 1192
1156 1195
1156 1210
1156 1211
1156 1217
1156 1221
1156 1223
1156 1226
1156 1227
1156 1232
1156 1235
1156 1243
1156 1244
1156 1246
1156 1250
1156 1257
1156 1261
1156 1265
1156 1272
1156 1277
1156 1280
1156 1286
1156 1301
1156 1303
1156 1312
1156 1316
1156 1318
1156 1331
1156 1334
1156 1336
1156 1341
1156 1351
1156 1352
1156 1358
1156 1360
1156 1362
1156 1363
1156 1378
1156 1381
1156 1385
1156 1387
1156 1405
1156 1408
1156 1409
1156 1410
1156 1411
1156 1413
1156 1419
1156 1422
1156 1425
1156 1439
1156 1441
1156 1445
1156 1447
1156 1450
1156 1456
1156 1458
1156 1466
1156 1474
1156 1477
1156 1489
1156 1494
1156 1496
1156 1498
1156 1500
1156 1501
1156 1504
1156 1505
1156 1506
1156 1507
1156 1519
1156 1520
1156 1525
1156 1526
1156 1528
1156 1529
1156 1536
1156 1539
1156 1540
1156 1542
1156 1545
1156 1549
1156 1550
1156 1556
1156 1558
1156 1565
1156 1572
1156 1581
1156 1592
1156 1593
1156 1599
1156 1607
1156 1609
1156 1610
1156 1615
1156 1628
1156 1658
1156 1668
1156 1682
1156 1690
1156 1697
1156 1701
1156 1707
1156 1712
1156 1714
1156 1723
1156 1724
1156 1725
1156 1737
1156 1738
1156 1746
1156 1757
1156 1758
1156 1764
1156 1770
1156 1772
1156 1787
1156 1788
1156 1805
1156 1806
1156 1809
1156 1812
1156 1833
1156 1838
1156 1847
1156 1850
1156 1859
1156 1869
1156 1872
1156 1875
1156 1878
1156 1880
1156 1882
1156 1888
1156 1892
1156 1899
1156 1906
1156 1928
1156 1933
1156 1935
1156 1939
1156 1952
1156 1954
1156 1962
1156 1965
1156 1976
1156 1987
1156 1991
1156 2003
1156 2009
1156 2010
1156 2012
1156 2013
1156 2017
1156 2024
1156 2027
1156 2028
1156 2043
1156 2044
1156 2051
1156 2061
1156 2065
1156 2071
1156 2086
1156 2089
1156 2090
1156 2091
1156 2095
1156 2100
1156 2103
1156 2105
1156 2117
1156 2124
1156 2125
1156 2126
1156 2130
1156 2136
1156 2143
1156 2149
1156 2150
1156 2154
1156 2158
1156 2161
1156 2170
1156 2173
1156 2176
1156 2189
1156 2195
1156 2199
1156 2210
1156 2216
1156 2217
1156 2221
1156 2223
1156 2233
1156 2234
1156 2244
1156 2245
1156 2246
1156 2249
1156 2268
1156 2273
1156 2275
1156 2280
1156 2294
1156 2299
1156 2304
1156 2305
1156 2307
1156 2313
1156 2315
1156 2325
1156 2329
1156 2331
1156 2339
1156 2347
1156 2355
1156 2369
1156 2371
1156 2377
1156 2388
1156 2389
1156 2401
1156 2403
1156 2406
1156 2418
1156 2419
1156 2421
1156 2423
1156 2429
1156 2430
1156 2431
1156 2437
1156 2439
1156 2441
1156 2442
1156 2443
1156 2452
1156 2457
1156 2459
1156 2461
1156 2463
1156 2468
1156 2469
1156 2485
1156 2498
1156 2499
1156 2501
1156 2502
1156 2503
1156 2509
1156 2510
1156 2528
1156 2535
1156 2536
1156 2546
1156 2550
1156 2555
1156 2558
1156 2565
1156 2568
1156 2569
1156 2573
1156 2574
1156 2589
1156 2592
1156 2607
1156 2620
1156 2624
1156 2635
1156 2642
1156 2644
1156 2651
1156 2653
1156 2657
1156 2661
1156 2664
1156 2673
1156 2679
1156 2680
1156 2683
1156 2685
1156 2687
1156 2689
1156 2700
1156 2702
1156 2703
1156 2711
1156 2713
1156 2720
1156 2730
1156 2737
1156 2738
1156 2745
1156 2746
1156 2748
1156 2749
1156 2754
1156 2762
1156 2767
1156 2771
1156 2775
1156 2778
1156 2779
1156 2782
1156 2787
1156 2790
1156 2791
1156 2795
1156 2800
1156 2802
1156 2803
1156 2807
1156 2809
1156 2816
1156 2818
1156 2834
1156 2836
1156 2839
1156 2841
1156 2848
1156 2856
1156 2859
1156 2861
1156 2864
1156 2872
1156 2886
1156 2888
1156 2905
1156 2909
1156 2911
1156 2912
1156 2916
1156 2917
1156 2923
1156 2924
1156 2925
1156 2934
1156 2945
1156 2954
1156 2970
1156 2972
1156 2980
1156 2985
1156 2992
1156 3000
2086 1
2086 8
2086 21
2086 27
2086 32
2086 44
2086 49
2086 54
2086 58
2086 61
2086 66
2086 73
2086 74
2086 79
2086 83
2086 93
2086 104
2086 105
2086 112
2086 115
2086 117
2086 120
2086 123
2086 124
2086 135
2086 145
2086 149
2086 151
2086 155
2086 159
2086 172
2086 174
2086 180
2086 183
2086 184
2086 188
2086 195
2086 206
2086 207
2086 212
2086 229
2086 232
2086 236
2086 238
2086 240
2086 246
2086 252
2086 255
2086 265
2086 267
2086 271
2086 272
2086 274
2086 282
2086 290
2086 293
2086 298
2086 306
2086 312
2086 316
2086 325
2086 329
2086 337
2086 350
2086 360
2086 367
2086 369
2086 374
2086 375
2086 376
2086 387
2086 393
2086 396
2086 398
2086 402
2086 403
2086 408
2086 413
2086 419
2086 420
2086 422
2086 429
2086 431
2086 432
2086 433
2086 442
2086 445
2086 451
2086 456
2086 463
2086 465
2086 466
2086 467
2086 469
2086 478
2086 483
2086 486
2086 489
2086 503
2086 506
2086 508
2086 511
2086 518
2086 528
2086 529
2086 531
2086 535
2086 537
2086 539
2086 542
2086 544
2086 554
2086 557
2086 564
2086 569
2086 571
2086 577
2086 585
2086 589
2086 600
2086 601
2086 605
2086 612
2086 618
2086 619
2086 620
2086 630
2086 635
2086 636
2086 637
2086 642
2086 643
2086 645
2086 647
2086 653
2086 659
2086 662
2086 669
2086 673
2086 681
2086 692
2086 704
2086 706
2086 708
2086 717
2086 728
2086 729
2086 732
2086 735
2086 757
2086 759
2086 762
2086 763
2086 770
2086 771
2086 777
2086 783
2086 785
2086 786
2086 790
2086 797
2086 803
2086 810
2086 812
2086 813
2086 829
2086 832
2086 835
2086 844
2086 850
2086 853
2086 856
2086 861
2086 863
2086 872
2086 873
2086 874
2086 878
2086 886
2086 888
2086 889
2086 897
2086 900
2086 906
2086 908
2086 913
2086 919
2086 921
2086 922
2086 924
2086 926
2086 934
2086 949
2086 954
2086 955
2086 967
2086 971
2086 983
2086 988
2086 998
2086 1003
2086 1008
2086 1010
2086 1011
2086 1013
2086 1020
2086 1025
2086 1030
2086 1031
2086 1035
2086 1036
2086 1039
2086 1049
2086 1050
2086 1056
2086 1062
2086 1064
2086 1065
2086 1074
2086 1081
2086 1094
2086 1096
2086 1107
2086 1116
2086 1119
2086 1120
2086 1124
2086 1129
2086 1136
2086 1140
2086 1142
2086 1146
2086 1154
2086 1157
2086 1161
2086 1163
2086 1166
2086 1177
2086 1186
2086 1192
2086 1196
2086 1197
2086 1199
2086 1209
2086 1211
2086 1212
2086 1214
2086 1217
2086 1222
2086 1223
2086 1226
2086 1235
2086 1238
2086 1241
2086 1246
2086 1250
2086 1251
2086 1252
2086 1258
2086 1264
2086 1267
2086 1272
2086 1275
2086 1287
2086 1297
2086 1298
2086 1302
2086 1305
2086 1309
2086 1322
2086 1330
2086 1338
2086 1342
2086 1354
2086 1360
2086 1362
2086 1365
2086 1367
2086 1378
2086 1381
2086 1390
2086 1394
2086 1403
2086 1409
2086 1412
2086 1420
2086 1422
2086 1425
2086 1431
2086 1432
2086 1443
2086 1449
2086 1451
2086 1453
2086 1460
2086 1462
2086 1466
2086 1467
2086 1473
2086 1474
2086 1482
2086 1483
2086 1496
2086 1502
2086 1507
2086 1538
2086 1542
2086 1545
2086 1552
2086 1553
2086 1554
2086 1561
2086 1563
2086 1564
2086 1571
2086 1581
2086 1586
2086 1591
2086 1593
2086 1603
2086 1614
2086 1620
2086 1625
2086 1635
2086 1636
2086 1637
2086 1638
2086 1639
2086 1650
2086 1658
2086 1665
2086 1668
2086 1671
2086 1672
2086 1673
2086 1674
2086 1676
2086 1678
2086 1679
2086 1681
2086 1688
2086 1714
2086 1717
2086 1730
2086 1735
2086 1736
2086 1740
2086 1742
2086 1746
2086 1753
2086 1762
2086 1777
2086 1780
2086 1792
2086 1796
2086 1798
2086 1802
2086 1813
2086 1819
2086 1824
2086 1831
2086 1849
2086 1853
2086 1855
2086 1861
2086 1862
2086 1867
2086 1878
2086 1888
2086 1889
2086 1893
2086 1899
2086 1900
2086 1912
2086 1917
2086 1921
2086 1927
2086 1929
2086 1934
2086 1938
2086 1941
2086 1946
2086 1948
2086 1951
2086 1954
2086 1964
2086 1978
2086 1980
2086 1984
2086 1991
2086 1993
2086 1995
2086 1996
2086 2000
2086 2010
2086 2014
2086 2015
2086 2018
2086 2019
2086 2022
2086 2028
2086 2034
2086 2037
2086 2045
2086 2048
2086 2056
2086 2064
2086 2065
2086 2068
2086 2074
2086 2075
2086 2076
2086 2086
2086 2089
2086 2094
2086 2101
2086 2104
2086 2108
2086 2109
2086 2112
2086 2121
2086 2122
2086 2126
2086 2128
2086 2132
2086 2133
2086 2135
2086 2148
2086 2149
2086 2152
2086 2155
2086 2158
2086 2165
2086 2173
2086 2174
2086 2179
2086 2181
2086 2182
2086 2186
2086 2193
2086 2194
2086 2199
2086 2202
2086 2213
2086 2214
2086 2218
2086 2219
2086 2225
2086 2231
2086 2242
2086 2249
2086 2251
2086 2252
2086 2264
2086 2266
2086 2275
2086 2286
2086 2291
2086 2307
2086 2308
2086 2309
2086 2311
2086 2313
2086 2316
2086 2320
2086 2324
2086 2333
2086 2344
2086 2347
2086 2358
2086 2362
2086 2366
2086 2369
2086 2371
2086 2372
2086 2374
2086 2376
2086 2377
2086 2378
2086 2384
2086 2385
2086 2391
2086 2392
2086 2395
2086 2409
2086 2415
2086 2419
2086 2430
2086 2431
2086 2433
2086 2438
2086 2440
2086 2449
2086 2456
2086 2467
2086 2468
2086 2476
2086 2479
2086 2483
2086 2488
2086 2493
2086 2499
2086 2508
2086 2522
2086 2524
2086 2530
2086 2535
2086 2539
2086 2543
2086 2545
2086 2546
2086 2548
2086 2553
2086 2563
2086 2571
2086 2572
2086 2577
2086 2580
2086 2582
2086 2585
2086 2590
2086 2591
2086 2604
2086 2610
2086 2612
2086 2615
2086 2619
2086 2636
2086 2638
2086 2642
2086 2657
2086 2664
2086 2665
2086 2671
2086 2672
2086 2673
2086 2678
2086 2680
2086 2683
2086 2687
2086 2692
2086 2700
2086 2702
2086 2703
2086 2709
2086 2715
2086 2716
2086 2717
2086 2726
2086 2728
2086 2735
2086 2743
2086 2744
2086 2747
2086 2748
2086 2756
2086 2757
2086 2759
2086 2769
2086 2771
2086 2778
2086 2779
2086 2783
2086 2806
2086 2812
2086 2819
2086 2822
2086 2831
2086 2832
2086 2833
2086 2842
2086 2856
2086 2858
2086 2865
2086 2869
2086 2872
2086 2882
2086 2900
2086 2910
2086 2915
2086 2918
2086 2921
2086 2929
2086 2930
2086 2931
2086 2937
2086 2939
2086 2941
2086 2957
2086 2962
2086 2976
2086 2989
2086 2992
2086 2994
2086 2995
2086 2999
863 1
863 3
863 5
863 10
863 16
863 18
863 19
863 20
863 24
863 28
863 30
863 36
863 46
863 49
863 51
863 54
863 59
863 62
863 63
863 64
863 72
863 83
863 85
863 97
863 101
863 104
863 120
863 121
863 122
863 125
863 127
863 128
863 150
863 155
863 156
863 157
863 162
863 177
863 179
863 185
863 188
863 195
863 204
863 205
863 211
863 213
863 216
863 225
863 226
863 227
863 228
863 233
863 239
863 250
863 256
863 258
863 263
863 269
863 273
863 275
863 283
863 289
863 307
863 311
863 320
863 332
863 333
863 347
863 349
863 352
863 356
863 360
863 363
863 366
863 369
863 374
863 377
863 381
863 385
863 386
863 390
863 395
863 408
863 415
863 417
863 420
863 430
863 435
863 437
863 443
863 445
863 450
863 451
863 454
863 459
863 464
863 468
863 473
863 481
863 483
863 485
863 490
863 491
863 497
863 504
863 506
863 514
863 520
863 524
863 525
863 536
863 540
863 551
863 553
863 555
863 559
863 566
863 570
863 576
863 583
863 585
863 588
863 591
863 592
863 596
863 597
863 605
863 615
863 619
863 620
863 627
863 647
863 652
863 657
863 662
863 680
863 682
863 690
863 694
863 696
863 697
863 708
863 713
863 716
863 720
863 728
863 730
863 739
863 741
863 748
863 751
863 753
863 755
863 758
863 768
863 771
863 773
863 776
863 777
863 782
863 783
863 786
863 791
863 793
863 794
863 817
863 818
863 822
863 825
863 840
863 850
863 860
863 862
863 866
863 869
863 879
863 887
863 897
863 898
863 914
863 920
863 924
863 925
863 929
863 931
863 947
863 958
863 959
863 963
863 972
863 975
863 978
863 987
863 991
863 995
863 1010
863 1020
863 1024
863 1035
863 1036
863 1050
863 1055
863 1056
863 1058
863 1073
863 1075
863 1077
863 1085
863 1088
863 1092
863 1099
863 1101
863 1106
863 1113
863 1114
863 1116
863 1120
863 1126
863 1129
863 1134
863 1141
863 1146
863 1148
863 1149
863 1150
863 1168
863 1170
863 1174
863 1178
863 1195
863 1199
863 1200
863 1212
863 1215
863 1217
863 1221
863 1230
863 1232
863 1244
863 1253
863 1254
863 1255
863 1257
863 1259
863 1270
863 1280
863 1281
863 1301
863 1304
863 1305
863 1306
863 1307
863 1313
863 1314
863 1318
863 1325
863 1328
863 1331
863 1336
863 1347
863 1349
863 1351
863 1361
863 1364
863 1374
863 1375
863 1386
863 1387
863 1392
863 1394
863 1399
863 1402
863 1416
863 1421
863 1424
863 1425
863 1430
863 1431
863 1432
863 1439
863 1440
863 1441
863 1442
863 1444
863 1445
863 1452
863 1458
863 1462
863 1464
863 1470
863 1473
863 1476
863 1481
863 1482
863 1485
863 1490
863 1491
863 1497
863 1500
863 1506
863 1510
863 1518
863 1522
863 1530
863 1536
863 1537
863 1540
863 1541
863 1542
863 1547
863 1551
863 1555
863 1565
863 1568
863 1573
863 1576
863 1577
863 1583
863 1585
863 1588
863 1589
863 1594
863 1600
863 1605
863 1614
863 1619
863 1620
863 1649
863 1662
863 1676
863 1682
863 1684
863 1690
863 1697
863 1698
863 1701
863 1703
863 1706
863 1708
863 1711
863 1712
863 1713
863 1723
863 1727
863 1740
863 1743
863 1746
863 1750
863 1755
863 1757
863 1758
863 1762
863 1766
863 1768
863 1774
863 1780
863 1781
863 1794
863 1803
863 1804
863 1807
863 1808
863 1811
863 1813
863 1826
863 1827
863 1828
863 1838
863 1841
863 1842
863 1844
863 1845
863 1849
863 1851
863 1853
863 1862
863 1868
863 1870
863 1872
863 1892
863 1899
863 1908
863 1910
863 1918
863 1923
863 1926
863 1928
863 1937
863 1940
863 1943
863 1944
863 1945
863 1950
863 1955
863 1958
863 1964
863 1965
863 1968
863 1972
863 1977
863 1978
863 1988
863 1994
863 2000
863 2004
863 2010
863 2013
863 2018
863 2020
863 2024
863 2025
863 2045
863 2049
863 2053
863 2056
863 2058
863 2068
863 2076
863 2079
863 2081
863 2085
863 2086
863 2088
863 2093
863 2096
863 2099
863 2100
863 2101
863 2111
863 2121
863 2124
863 2125
863 2126
863 2132
863 2141
863 2147
863 2148
863 2151
863 2154
863 2157
863 2161
863 2174
863 2176
863 2177
863 2178
863 2181
863 2204
863 2206
863 2213
863 2217
863 2218
863 2222
863 2226
863 2228
863 2231
863 2233
863 2235
863 2236
863 2246
863 2255
863 2258
863 2263
863 2272
863 2283
863 2288
863 2292
863 2296
863 2303
863 2308
863 2309
863 2315
863 2317
863 2336
863 2346
863 2347
863 2351
863 2357
863 2377
863 2379
863 2383
863 2384
863 2387
863 2399
863 2400
863 2419
863 2430
863 2436
863 2437
863 2439
863 2440
863 2449
863 2455
863 2463
863 2466
863 2478
863 2481
863 2482
863 2491
863 2495
863 2500
863 2517
863 2534
863 2542
863 2545
863 2560
863 2567
863 2575
863 2577
863 2578
863 2580
863 2581
863 2595
863 2600
863 2616
863 2617
863 2618
863 2621
863 2623
863 2629
863 2630
863 2634
863 2635
863 2637
863 2638
863 2643
863 2644
863 2663
863 2668
863 2671
863 2673
863 2677
863 2688
863 2690
863 2691
863 2692
863 2695
863 2701
863 2707
863 2714
863 2733
863 2736
863 2745
863 2750
863 2760
863 2761
863 2784
863 2791
863 2793
863 2797
863 2800
863 2804
863 2807
863 2811
863 2815
863 2820
863 2822
863 2830
863 2832
863 2836
863 2837
863 2843
863 2847
863 2850
863 2856
863 2857
863 2859
863 2871
863 2876
863 2877
863 2884
863 2887
863 2888
863 2890
863 2892
863 2897
863 2900
863 2902
863 2907
863 2917
863 2921
863 2923
863 2929
863 2934
863 2937
863 2938
863 2945
863 2947
863 2948
863 2952
863 2957
863 2961
863 2962
863 2964
863 2966
863 2969
863 2975
863 2976
863 2980
863 2983
863 2992
863 2994
863 2996
2828 2
2828 5
2828 22
2828 28
2828 30
2828 31
2828 43
2828 44
2828 46
2828 49
2828 50
2828 51
2828 58
2828 61
2828 62
2828 69
2828 71
2828 75
2828 79
2828 105
2828 112
2828 118
2828 122
2828 128
2828 141
2828 146
2828 148
2828 157
2828 159
2828 161
2828 165
2828 167
2828 168
2828 170
2828 172
2828 181
2828 197
2828 201
2828 206
2828 207
2828 210
2828 213
2828 216
2828 218
2828 222
2828 233
2828 239
2828 243
2828 245
2828 249
2828 253
2828 256
2828 267
2828 269
2828 274
2828 275
2828 278
2828 289
2828 293
2828 295
2828 305
2828 307
2828 315
2828 325
2828 341
2828 344
2828 347
2828 349
2828 353
2828 357
2828 365
2828 371
2828 374
2828 381
2828 385
2828 387
2828 397
2828 401
2828 404
2828 411
2828 421
2828 423
2828 430
2828 436
2828 438
2828 450
2828 454
2828 462
2828 473
2828 480
2828 482
2828 493
2828 494
2828 495
2828 510
2828 513
2828 514
2828 515
2828 516
2828 518
2828 522
2828 526
2828 529
2828 531
2828 537
2828 543
2828 569
2828 581
2828 584
2828 589
2828 595
2828 603
2828 606
2828 609
2828 610
2828 612
2828 620
2828 622
2828 624
2828 626
2828 636
2828 640
2828 641
2828 643
2828 645
2828 647
2828 655
2828 659
2828 660
2828 664
2828 674
2828 681
2828 697
2828 698
2828 699
2828 701
2828 705
2828 708
2828 733
2828 740
2828 744
2828 750
2828 752
2828 756
2828 758
2828 759
2828 768
2828 770
2828 772
2828 775
2828 780
2828 781
2828 794
2828 803
2828 805
2828 808
2828 814
2828 823
2828 825
2828 837
2828 838
2828 843
2828 851
2828 854
2828 857
2828 862
2828 863
2828 867
2828 872
2828 878
2828 880
2828 881
2828 887
2828 891
2828 894
2828 897
2828 898
2828 899
2828 910
2828 919
2828 924
2828 942
2828 954
2828 955
2828 966
2828 968
2828 971
2828 974
2828 992
2828 993
2828 996
2828 1003
2828 1004
2828 1008
2828 1014
2828 1019
2828 1029
2828 1041
2828 1043
2828 1044
2828 1046
2828 1049
2828 1051
2828 1053
2828 1064
2828 1067
2828 1069
2828 1073
2828 1075
2828 1080
2828 1084
2828 1085
2828 1087
2828 1094
2828 1096
2828 1103
2828 1104
2828 1111
2828 1113
2828 1118
2828 1120
2828 1121
2828 1124
2828 1126
2828 1132
2828 1135
2828 1136
2828 1138
2828 1148
2828 1151
2828 1173
2828 1176
2828 1179
2828 1182
2828 1183
2828 1184
2828 1199
2828 1218
2828 1220
2828 1224
2828 1225
2828 1228
2828 1230
2828 1233
2828 1237
2828 1243
2828 1246
2828 1249
2828 1250
2828 1259
2828 1262
2828 1266
2828 1271
2828 1274
2828 1276
2828 1286
2828 1291
2828 1301
2828 1304
2828 1309
2828 1311
2828 1319
2828 1320
2828 1328
2828 1332
2828 1340
2828 1343
2828 1344
2828 1349
2828 1353
2828 1355
2828 1356
2828 1361
2828 1366
2828 1374
2828 1379
2828 1383
2828 1385
2828 1393
2828 1409
2828 1410
2828 1416
2828 1424
2828 1431
2828 1433
2828 1442
2828 1448
2828 1449
2828 1452
2828 1453
2828 1458
2828 1463
2828 1470
2828 1473
2828 1476
2828 1479
2828 1487
2828 1493
2828 1495
2828 1498
2828 1500
2828 1501
2828 1506
2828 1511
2828 1515
2828 1517
2828 1527
2828 1529
2828 1539
2828 1541
2828 1542
2828 1547
2828 1549
2828 1555
2828 1556
2828 1557
2828 1558
2828 1561
2828 1567
2828 1571
2828 1573
2828 1579
2828 1591
2828 1593
2828 1596
2828 1598
2828 1608
2828 1609
2828 1620
2828 1624
2828 1628
2828 1632
2828 1640
2828 1658
2828 1660
2828 1670
2828 1671
2828 1672
2828 1674
2828 1689
2828 1696
2828 1702
2828 1703
2828 1704
2828 1714
2828 1715
2828 1720
2828 1725
2828 1728
2828 1732
2828 1742
2828 1745
2828 1755
2828 1760
2828 1761
2828 1766
2828 1775
2828 1776
2828 1782
2828 1784
2828 1791
2828 1800
2828 1801
2828 1802
2828 1809
2828 1810
2828 1814
2828 1815
2828 1816
2828 1818
2828 1821
2828 1823
2828 1825
2828 1826
2828 1827
2828 1834
2828 1848
2828 1849
2828 1854
2828 1859
2828 1864
2828 1866
2828 1869
2828 1874
2828 1880
2828 1891
2828 1893
2828 1894
2828 1897
2828 1898
2828 1900
2828 1902
2828 1907
2828 1908
2828 1913
2828 1915
2828 1919
2828 1924
2828 1925
2828 1927
2828 1928
2828 1929
2828 1937
2828 1947
2828 1953
2828 1958
2828 1964
2828 1966
2828 1978
2828 1981
2828 1984
2828 1995
2828 2012
2828 2015
2828 2019
2828 2028
2828 2033
2828 2043
2828 2045
2828 2056
2828 2068
2828 2080
2828 2086
2828 2091
2828 2101
2828 2105
2828 2110
2828 2111
2828 2115
2828 2116
2828 2118
2828 2121
2828 2130
2828 2133
2828 2136
2828 2144
2828 2147
2828 2152
2828 2158
2828 2160
2828 2163
2828 2166
2828 2167
2828 2172
2828 2173
2828 2177
2828 2189
2828 2194
2828 2195
2828 2201
2828 2204
2828 2217
2828 2229
2828 2232
2828 2233
2828 2234
2828 2236
2828 2239
2828 2243
2828 2248
2828 2249
2828 2257
2828 2265
2828 2267
2828 2269
2828 2271
2828 2275
2828 2277
2828 2283
2828 2289
2828 2295
2828 2300
2828 2304
2828 2307
2828 2313
2828 2328
2828 2335
2828 2337
2828 2340
2828 2348
2828 2354
2828 2364
2828 2366
2828 2367
2828 2370
2828 2373
2828 2380
2828 2383
2828 2398
2828 2401
2828 2402
2828 2406
2828 2424
2828 2431
2828 2444
2828 2450
2828 2453
2828 2460
2828 2462
2828 2469
2828 2474
2828 2479
2828 2484
2828 2491
2828 2497
2828 2498
2828 2499
2828 2503
2828 2505
2828 2508
2828 2514
2828 2517
2828 2529
2828 2534
2828 2537
2828 2538
2828 2542
2828 2546
2828 2554
2828 2561
2828 2564
2828 2567
2828 2568
2828 2571
2828 2574
2828 2578
2828 2579
2828 2586
2828 2587
2828 2589
2828 2592
2828 2604
2828 2612
2828 2615
2828 2630
2828 2634
2828 2636
2828 2648
2828 2667
2828 2668
2828 2686
2828 2695
2828 2697
2828 2713
2828 2724
2828 2735
2828 2741
2828 2744
2828 2747
2828 2756
2828 2757
2828 2766
2828 2767
2828 2776
2828 2777
2828 2778
2828 2780
2828 2787
2828 2790
2828 2792
2828 2793
2828 2795
2828 2796
2828 2798
2828 2799
2828 2800
2828 2808
2828 2809
2828 2810
2828 2813
2828 2814
2828 2825
2828 2829
2828 2833
2828 2838
2828 2845
2828 2852
2828 2874
2828 2876
2828 2877
2828 2879
2828 2882
2828 2903
2828 2905
2828 2912
2828 2918
2828 2922
2828 2925
2828 2927
2828 2934
2828 2936
2828 2948
2828 2952
2828 2953
2828 2957
2828 2963
2828 2964
2828 2969
2828 2971
2828 2977
2828 2985
2828 2986
2828 2992
2828 2994
2828 2999
10 2
10 4
10 7
10 10
10 12
10 14
10 25
10 29
10 32
10 33
10 36
10 39
10 44
10 45
10 47
10 50
10 56
10 57
10 60
10 61
10 67
10 74
10 85
10 101
10 102
10 110
10 115
10 120
10 130
10 131
10 134
10 145
10 147
10 156
10 169
10 171
10 172
10 173
10 177
10 178
10 180
10 185
10 192
10 193
10 194
10 199
10 201
10 205
10 207
10 209
10 216
10 218
10 222
10 226
10 234
10 246
10 251
10 253
10 254
10 259
10 265
10 269
10 271
10 272
10 274
10 275
10 276
10 279
10 282
10 285
10 286
10 291
10 292
10 294
10 295
10 305
10 312
10 317
10 318
10 321
10 322
10 324
10 327
10 333
10 334
10 336
10 349
10 351
10 355
10 363
10 370
10 379
10 380
10 384
10 388
10 390
10 391
10 403
10 412
10 418
10 419
10 422
10 423
10 429
10 431
10 437
10 442
10 444
10 449
10 457
10 466
10 473
10 482
10 483
10 503
10 506
10 508
10 510
10 511
10 515
10 517
10 522
10 526
10 530
10 537
10 541
10 542
10 552
10 554
10 561
10 565
10 568
10 576
10 579
10 582
10 583
10 588
10 590
10 591
10 603
10 607
10 613
10 614
10 624
10 626
10 629
10 633
10 637
10 642
10 646
10 648
10 653
10 657
10 660
10 663
10 665
10 668
10 674
10 677
10 679
10 680
10 684
10 685
10 686
10 689
10 690
10 692
10 694
10 697
10 698
10 704
10 710
10 733
10 737
10 752
10 759
10 772
10 782
10 783
10 790
10 792
10 795
10 799
10 801
10 803
10 804
10 809
10 818
10 820
10 833
10 834
10 836
10 838
10 849
10 860
10 865
10 867
10 877
10 888
10 893
10 894
10 895
10 903
10 905
10 907
10 911
10 915
10 922
10 931
10 935
10 936
10 953
10 955
10 958
10 959
10 961
10 976
10 985
10 986
10 992
10 999
10 1002
10 1003
10 1007
10 1011
10 1016
10 1023
10 1027
10 1030
10 1048
10 1050
10 1056
10 1059
10 1060
10 1062
10 1074
10 1088
10 1095
10 1113
10 1114
10 1127
10 1130
10 1140
10 1159
10 1160
10 1162
10 1164
10 1207
10 1211
10 1214
10 1217
10 1222
10 1223
10 1232
10 1238
10 1246
10 1250
10 1255
10 1259
10 1262
10 1263
10 1270
10 1271
10 1275
10 1278
10 1279
10 1284
10 1286
10 1302
10 1306
10 1308
10 1310
10 1313
10 1314
10 1317
10 1324
10 1328
10 1331
10 1334
10 1336
10 1338
10 1340
10 1341
10 1352
10 1356
10 1357
10 1366
10 1371
10 1372
10 1377
10 1378
10 1382
10 1387
10 1388
10 1404
10 1409
10 1411
10 1423
10 1425
10 1429
10 1433
10 1435
10 1437
10 1445
10 1448
10 1450
10 1455
10 1456
10 1461
10 1465
10 1466
10 1467
10 1469
10 1472
10 1483
10 1492
10 1502
10 1508
10 1512
10 1518
10 1519
10 1520
10 1521
10 1522
10 1523
10 1524
10 1541
10 1545
10 1546
10 1548
10 1549
10 1550
10 1561
10 1566
10 1574
10 1577
10 1578
10 1579
10 1581
10 1591
10 1592
10 1597
10 1602
10 1611
10 1617
10 1618
10 1623
10 1626
10 1627
10 1629
10 1630
10 1631
10 1633
10 1634
10 1637
10 1639
10 1641
10 1644
10 1648
10 1661
10 1671
10 1672
10 1678
10 1679
10 1685
10 1687
10 1690
10 1695
10 1705
10 1709
10 1710
10 1717
10 1721
10 1723
10 1726
10 1729
10 1730
10 1738
10 1742
10 1745
10 1758
10 1760
10 1762
10 1763
10 1768
10 1770
10 1772
10 1788
10 1790
10 1795
10 1796
10 1801
10 1816
10 1817
10 1821
10 1825
10 1832
10 1837
10 1838
10 1840
10 1842
10 1847
10 1850
10 1855
10 1857
10 1864
10 1866
10 1869
10 1871
10 1877
10 1886
10 1887
10 1889
10 1898
10 1902
10 1914
10 1915
10 1926
10 1930
10 1932
10 1937
10 1956
10 1963
10 1967
10 1968
10 1975
10 1979
10 1988
10 1991
10 1992
10 1999
10 2000
10 2010
10 2011
10 2012
10 2015
10 2043
10 2048
10 2052
10 2056
10 2060
10 2061
10 2078
10 2082
10 2083
10 2084
10 2089
10 2091
10 2095
10 2099
10 2100
10 2101
10 2110
10 2115
10 2116
10 2121
10 2123
10 2126
10 2127
10 2138
10 2140
10 2142
10 2145
10 2151
10 2158
10 2161
10 2162
10 2167
10 2174
10 2175
10 2181
10 2186
10 2189
10 2194
10 2197
10 2198
10 2200
10 2201
10 2208
10 2209
10 2211
10 2215
10 2222
10 2225
10 2227
10 2238
10 2248
10 2249
10 2250
10 2257
10 2266
10 2278
10 2280
10 2282
10 2287
10 2292
10 2298
10 2307
10 2308
10 2309
10 2313
10 2321
10 2329
10 2330
10 2333
10 2335
10 2339
10 2348
10 2350
10 2351
10 2357
10 2358
10 2369
10 2373
10 2380
10 2381
10 2387
10 2391
10 2394
10 2395
10 2398
10 2411
10 2414
10 2419
10 2424
10 2430
10 2433
10 2440
10 2446
10 2447
10 2451
10 2453
10 2457
10 2466
10 2471
10 2473
10 2477
10 2490
10 2498
10 2502
10 2511
10 2519
10 2520
10 2530
10 2531
10 2532
10 2535
10 2538
10 2545
10 2551
10 2553
10 2558
10 2560
10 2561
10 2564
10 2572
10 2573
10 2575
10 2586
10 2591
10 2604
10 2605
10 2607
10 2612
10 2620
10 2628
10 2629
10 2635
10 2644
10 2648
10 2651
10 2657
10 2660
10 2662
10 2664
10 2674
10 2676
10 2689
10 2692
10 2703
10 2707
10 2721
10 2723
10 2727
10 2729
10 2734
10 2735
10 2736
10 2738
10 2745
10 2748
10 2751
10 2755
10 2757
10 2775
10 2776
10 2777
10 2781
10 2792
10 2796
10 2797
10 2798
10 2809
10 2812
10 2820
10 2824
10 2832
10 2841
10 2845
10 2850
10 2864
10 2875
10 2882
10 2888
10 2889
10 2896
10 2899
10 2901
10 2906
10 2912
10 2913
10 2918
10 2922
10 2926
10 2927
10 2932
10 2933
10 2935
10 2938
10 2942
10 2944
10 2947
10 2948
10 2958
10 2973
10 2979
10 2981
10 2983
10 2997
10 3000
874 1
874 2
874 7
874 10
874 17
874 23
874 33
874 38
874 47
874 51
874 52
874 53
874 57
874 60
874 61
874 66
874 70
874 85
874 96
874 98
874 101
874 104
874 107
874 108
874 117
874 119
874 125
874 127
874 128
874 134
874 140
874 157
874 167
874 174
874 175
874 178
874 179
874 189
874 205
874 209
874 214
874 219
874 221
874 235
874 236
874 237
874 239
874 243
874 246
874 251
874 256
874 261
874 262
874 271
874 279
874 281
874 288
874 297
874 301
874 302
874 305
874 308
874 312
874 316
874 327
874 329
874 333
874 335
874 339
874 340
874 344
874 351
874 356
874 357
874 369
874 372
874 376
874 382
874 385
874 386
874 387
874 390
874 391
874 395
874 402
874 404
874 405
874 408
874 423
874 424
874 428
874 430
874 434
874 468
874 470
874 473
874 477
874 483
874 484
874 497
874 499
874 508
874 514
874 523
874 526
874 545
874 552
874 556
874 560
874 562
874 569
874 572
874 573
874 581
874 584
874 587
874 602
874 612
874 614
874 620
874 622
874 625
874 630
874 633
874 637
874 639
874 644
874 646
874 649
874 656
874 657
874 659
874 662
874 667
874 672
874 674
874 675
874 676
874 677
874 683
874 685
874 686
874 690
874 691
874 694
874 695
874 706
874 712
874 715
874 718
874 723
874 729
874 731
874 736
874 740
874 742
874 744
874 761
874 764
874 771
874 775
874 778
874 782
874 791
874 795
874 798
874 799
874 801
874 810
874 818
874 822
874 824
874 834
874 840
874 841
874 843
874 844
874 853
874 856
874 857
874 859
874 863
874 870
874 880
874 885
874 886
874 887
874 891
874 911
874 915
874 916
874 917
874 920
874 922
874 935
874 955
874 958
874 975
874 980
874 982
874 991
874 993
874 1004
874 1007
874 1008
874 1013
874 1015
874 1016
874 1020
874 1022
874 1023
874 1025
874 1029
874 1030
874 1033
874 1037
874 1038
874 1041
874 1046
874 1048
874 1052
874 1053
874 1057
874 1059
874 1060
874 1062
874 1065
874 1067
874 1088
874 1099
874 1104
874 1106
874 1108
874 1117
874 1120
874 1130
874 1132
874 1135
874 1145
874 1152
874 1157
874 1166
874 1174
874 1178
874 1182
874 1184
874 1191
874 1194
874 1198
874 1199
874 1207
874 1208
874 1212
874 1222
874 1230
874 1234
874 1235
874 1243
874 1247
874 1249
874 1250
874 1253
874 1254
874 1255
874 1268
874 1272
874 1278
874 1288
874 1290
874 1295
874 1300
874 1303
874 1304
874 1305
874 1307
874 1313
874 1326
874 1336
874 1339
874 1346
874 1352
874 1354
874 1355
874 1359
874 1366
874 1371
874 1374
874 1376
874 1398
874 1400
874 1401
874 1402
874 1412
874 1419
874 1422
874 1423
874 1441
874 1453
874 1459
874 1472
874 1475
874 1484
874 1485
874 1488
874 1493
874 1499
874 1504
874 1517
874 1524
874 1527
874 1538
874 1540
874 1544
874 1551
874 1553
874 1556
874 1564
874 1570
874 1576
874 1577
874 1578
874 1584
874 1594
874 1597
874 1601
874 1602
874 1605
874 1607
874 1610
874 1619
874 1625
874 1626
874 1631
874 1633
874 1648
874 1652
874 1660
874 1661
874 1662
874 1666
874 1667
874 1677
874 1693
874 1699
874 1701
874 1702
874 1712
874 1715
874 1717
874 1724
874 1730
874 1736
874 1742
874 1749
874 1755
874 1757
874 1760
874 1761
874 1763
874 1767
874 1784
874 1794
874 1795
874 1796
874 1803
874 1808
874 1813
874 1817
874 1818
874 1819
874 1820
874 1830
874 1838
874 1843
874 1847
874 1852
874 1859
874 1862
874 1867
874 1869
874 1875
874 1886
874 1890
874 1893
874 1895
874 1897
874 1899
874 1904
874 1909
874 1918
874 1920
874 1933
874 1936
874 1940
874 1951
874 1957
874 1966
874 1976
874 1984
874 1992
874 1996
874 1998
874 1999
874 2005
874 2007
874 2009
874 2011
874 2019
874 2023
874 2032
874 2047
874 2062
874 2065
874 2071
874 2074
874 2085
874 2087
874 2091
874 2096
874 2099
874 2101
874 2106
874 2119
874 2123
874 2127
874 2131
874 2135
874 2138
874 2139
874 2141
874 2142
874 2144
874 2150
874 2162
874 2164
874 2166
874 2170
874 2171
874 2172
874 2184
874 2187
874 2188
874 2189
874 2192
874 2197
874 2200
874 2203
874 2206
874 2209
874 2211
874 2219
874 2230
874 2237
874 2241
874 2243
874 2244
874 2247
874 2251
874 2258
874 2259
874 2261
874 2274
874 2292
874 2309
874 2321
874 2331
874 2335
874 2355
874 2357
874 2360
874 2361
874 2365
874 2372
874 2375
874 2376
874 2385
874 2386
874 2390
874 2395
874 2406
874 2423
874 2427
874 2429
874 2436
874 2442
874 2443
874 2446
874 2452
874 2468
874 2472
874 2474
874 2479
874 2481
874 2484
874 2488
874 2495
874 2499
874 2502
874 2503
874 2504
874 2505
874 2508
874 2519
874 2523
874 2528
874 2529
874 2535
874 2539
874 2542
874 2547
874 2550
874 2554
874 2555
874 2560
874 2564
874 2568
874 2570
874 2572
874 2574
874 2596
874 2599
874 2601
874 2607
874 2617
874 2619
874 2624
874 2635
874 2646
874 2648
874 2668
874 2672
874 2676
874 2677
874 2678
874 2683
874 2684
874 2688
874 2690
874 2693
874 2694
874 2702
874 2707
874 2708
874 2711
874 2719
874 2729
874 2732
874 2741
874 2745
874 2749
874 2751
874 2759
874 2760
874 2767
874 2769
874 2772
874 2776
874 2796
874 2797
874 2805
874 2824
874 2827
874 2829
874 2831
874 2842
874 2844
874 2850
874 2851
874 2854
874 2858
874 2859
874 2861
874 2865
874 2867
874 2868
874 2869
874 2878
874 2883
874 2885
874 2886
874 2891
874 2896
874 2897
874 2912
874 2914
874 2921
874 2924
874 2933
874 2937
874 2941
874 2946
874 2950
874 2952
874 2953
874 2957
874 2961
874 2963
874 2964
874 2968
874 2979
874 2981
874 2983
874 2990
874 2993
874 3000
274 7
274 15
274 20
274 22
274 33
274 50
274 58
274 67
274 68
274 73
274 77
274 81
274 82
274 84
274 90
274 98
274 99
274 122
274 130
274 133
274 136
274 138
274 139
274 151
274 154
274 156
274 158
274 161
274 163
274 164
274 166
274 167
274 169
274 171
274 173
274 176
274 177
274 184
274 186
274 189
274 190
274 194
274 200
274 201
274 205
274 207
274 209
274 211
274 221
274 224
274 228
274 229
274 232
274 233
274 238
274 240
274 242
274 254
274 255
274 258
274 263
274 273
274 278
274 283
274 303
274 314
274 315
274 317
274 318
274 330
274 334
274 338
274 339
274 341
274 349
274 358
274 363
274 378
274 379
274 381
274 389
274 396
274 397
274 398
274 404
274 407
274 410
274 413
274 416
274 420
274 422
274 423
274 434
274 436
274 440
274 442
274 446
274 449
274 450
274 457
274 487
274 490
274 506
274 517
274 527
274 528
274 534
274 535
274 536
274 538
274 539
274 540
274 543
274 546
274 547
274 548
274 551
274 553
274 554
274 565
274 567
274 569
274 574
274 586
274 588
274 590
274 599
274 604
274 607
274 618
274 619
274 620
274 627
274 628
274 657
274 661
274 669
274 671
274 678
274 686
274 690
274 691
274 701
274 708
274 709
274 711
274 715
274 716
274 718
274 723
274 725
274 727
274 729
274 736
274 738
274 742
274 749
274 750
274 753
274 762
274 779
274 790
274 794
274 798
274 800
274 806
274 810
274 817
274 819
274 820
274 823
274 825
274 833
274 835
274 836
274 839
274 843
274 861
274 863
274 875
274 878
274 880
274 889
274 899
274 900
274 906
274 910
274 925
274 933
274 936
274 946
274 947
274 956
274 960
274 962
274 964
274 966
274 972
274 990
274 992
274 995
274 1000
274 1006
274 1015
274 1020
274 1024
274 1026
274 1033
274 1036
274 1039
274 1041
274 1042
274 1043
274 1046
274 1048
274 1054
274 1061
274 1065
274 1066
274 1067
274 1070
274 1073
274 1076
274 1079
274 1080
274 1095
274 1096
274 1101
274 1103
274 1105
274 1108
274 1109
274 1121
274 1124
274 1126
274 1130
274 1131
274 1134
274 1136
274 1148
274 1153
274 1154
274 1157
274 1165
274 1178
274 1183
274 1187
274 1204
274 1205
274 1206
274 1207
274 1209
274 1211
274 1213
274 1222
274 1227
274 1231
274 1244
274 1251
274 1252
274 1255
274 1261
274 1263
274 1264
274 1271
274 1275
274 1284
274 1287
274 1291
274 1296
274 1298
274 1310
274 1311
274 1312
274 1320
274 1325
274 1339
274 1340
274 1345
274 1347
274 1349
274 1351
274 1352
274 1358
274 1369
274 1371
274 1377
274 1379
274 1380
274 1386
274 1390
274 1401
274 1402
274 1403
274 1407
274 1410
274 1411
274 1412
274 1415
274 1416
274 1417
274 1418
274 1420
274 1424
274 1425
274 1428
274 1430
274 1436
274 1442
274 1445
274 1449
274 1452
274 1463
274 1464
274 1465
274 1472
274 1474
274 1477
274 1478
274 1479
274 1480
274 1482
274 1485
274 1488
274 1489
274 1491
274 1493
274 1497
274 1501
274 1502
274 1508
274 1513
274 1523
274 1529
274 1530
274 1532
274 1536
274 1541
274 1542
274 1551
274 1564
274 1566
274 1575
274 1576
274 1580
274 1584
274 1592
274 1596
274 1608
274 1615
274 1621
274 1624
274 1625
274 1628
274 1630
274 1636
274 1642
274 1649
274 1652
274 1659
274 1667
274 1672
274 1677
274 1683
274 1684
274 1685
274 1701
274 1703
274 1705
274 1711
274 1712
274 1715
274 1717
274 1739
274 1740
274 1767
274 1771
274 1781
274 1791
274 1814
274 1815
274 1818
274 1820
274 1839
274 1840
274 1841
274 1847
274 1851
274 1859
274 1864
274 1865
274 1877
274 1886
274 1888
274 1894
274 1898
274 1903
274 1905
274 1906
274 1910
274 1914
274 1923
274 1924
274 1930
274 1933
274 1935
274 1940
274 1942
274 1943
274 1947
274 1952
274 1965
274 1968
274 1970
274 1975
274 1981
274 1985
274 1991
274 1996
274 2006
274 2007
274 2012
274 2013
274 2017
274 2021
274 2026
274 2047
274 2051
274 2054
274 2063
274 2065
274 2067
274 2084
274 2087
274 2089
274 2091
274 2099
274 2100
274 2101
274 2105
274 2107
274 2111
274 2112
274 2115
274 2128
274 2129
274 2143
274 2163
274 2167
274 2169
274 2173
274 2183
274 2187
274 2197
274 2209
274 2214
274 2216
274 2217
274 2225
274 2228
274 2238
274 2239
274 2241
274 2243
274 2249
274 2253
274 2256
274 2264
274 2267
274 2274
274 2276
274 2289
274 2296
274 2303
274 2313
274 2322
274 2325
274 2329
274 2331
274 2337
274 2339
274 2340
274 2341
274 2342
274 2343
274 2344
274 2345
274 2351
274 2352
274 2359
274 2360
274 2361
274 2372
274 2378
274 2383
274 2384
274 2385
274 2391
274 2397
274 2399
274 2401
274 2410
274 2421
274 2424
274 2429
274 2430
274 2437
274 2444
274 2454
274 2457
274 2476
274 2480
274 2481
274 2484
274 2487
274 2492
274 2493
274 2501
274 2503
274 2518
274 2520
274 2522
274 2523
274 2530
274 2538
274 2539
274 2552
274 2558
274 2559
274 2561
274 2565
274 2568
274 2572
274 2573
274 2581
274 2590
274 2593
274 2599
274 2600
274 2601
274 2614
274 2618
274 2620
274 2625
274 2637
274 2640
274 2659
274 2661
274 2662
274 2666
274 2669
274 2675
274 2688
274 2689
274 2695
274 2697
274 2698
274 2700
274 2702
274 2733
274 2735
274 2736
274 2738
274 2749
274 2769
274 2774
274 2775
274 2786
274 2804
274 2824
274 2825
274 2826
274 2829
274 2834
274 2836
274 2837
274 2842
274 2845
274 2849
274 2863
274 2868
274 2869
274 2870
274 2871
274 2876
274 2883
274 2886
274 2894
274 2896
274 2910
274 2913
274 2916
274 2917
274 2918
274 2920
274 2925
274 2926
274 2928
274 2929
274 2933
274 2936
274 2942
274 2943
274 2948
274 2952
274 2954
274 2955
274 2956
274 2957
274 2960
274 2966
274 2972
274 2975
274 2981
274 2989
274 2991
274 2996
615 6
615 7
615 17
615 20
615 30
615 31
615 36
615 37
615 69
615 73
615 74
615 83
615 88
615 89
615 100
615 112
615 114
615 115
615 120
615 122
615 126
615 134
615 138
615 146
615 156
615 171
615 180
615 192
615 202
615 203
615 208
615 219
615 220
615 223
615 224
615 225
615 229
615 248
615 254
615 256
615 266
615 285
615 286
615 296
615 298
615 307
615 308
615 310
615 312
615 313
615 315
615 316
615 322
615 330
615 332
615 339
615 344
615 346
615 347
615 348
615 358
615 367
615 374
615 377
615 378
615 380
615 381
615 384
615 386
615 392
615 393
615 394
615 395
615 399
615 401
615 403
615 410
615 414
615 419
615 421
615 424
615 432
615 447
615 449
615 451
615 452
615 454
615 472
615 475
615 477
615 492
615 496
615 501
615 505
615 515
615 518
615 522
615 523
615 524
615 527
615 532
615 540
615 547
615 558
615 568
615 577
615 584
615 585
615 591
615 594
615 599
615 602
615 604
615 606
615 607
615 608
615 609
615 610
615 612
615 615
615 616
615 617
615 620
615 629
615 633
615 635
615 660
615 661
615 665
615 667
615 671
615 676
615 685
615 691
615 696
615 698
615 704
615 705
615 726
615 730
615 731
615 737
615 748
615 753
615 756
615 758
615 760
615 768
615 772
615 774
615 777
615 781
615 783
615 784
615 786
615 800
615 805
615 811
615 814
615 815
615 828
615 831
615 832
615 833
615 841
615 845
615 848
615 849
615 852
615 860
615 866
615 875
615 891
615 893
615 895
615 899
615 905
615 911
615 914
615 922
615 930
615 931
615 955
615 958
615 968
615 973
615 986
615 990
615 996
615 1000
615 1001
615 1010
615 1015
615 1019
615 1022
615 1024
615 1025
615 1028
615 1032
615 1033
615 1042
615 1049
615 1050
615 1057
615 1065
615 1071
615 1073
615 1084
615 1090
615 1092
615 1094
615 1097
615 1101
615 1104
615 1106
615 1107
615 1109
615 1114
615 1118
615 1120
615 1124
615 1128
615 1132
615 1138
615 1146
615 1147
615 1154
615 1157
615 1158
615 1160
615 1173
615 1177
615 1187
615 1190
615 1194
615 1197
615 1198
615 1203
615 1207
615 1209
615 1211
615 1222
615 1232
615 1239
615 1240
615 1250
615 1253
615 1257
615 1266
615 1267
615 1275
615 1277
615 1281
615 1283
615 1291
615 1305
615 1307
615 1311
615 1312
615 1316
615 1319
615 1333
615 1336
615 1343
615 1345
615 1353
615 1361
615 1365
615 1369
615 1375
615 1387
615 1393
615 1403
615 1404
615 1409
615 1412
615 1418
615 1427
615 1428
615 1430
615 1431
615 1436
615 1441
615 1448
615 1452
615 1455
615 1456
615 1463
615 1464
615 1470
615 1477
615 1488
615 1494
615 1496
615 1498
615 1502
615 1504
615 1506
615 1511
615 1513
615 1517
615 1518
615 1521
615 1524
615 1526
615 1529
615 1544
615 1547
615 1553
615 1554
615 1558
615 1560
615 1562
615 1566
615 1570
615 1573
615 1579
615 1582
615 1586
615 1600
615 1606
615 1611
615 1616
615 1617
615 1622
615 1627
615 1629
615 1635
615 1636
615 1641
615 1645
615 1660
615 1662
615 1667
615 1670
615 1673
615 1696
615 1697
615 1708
615 1713
615 1722
615 1723
615 1730
615 1731
615 1736
615 1737
615 1742
615 1747
615 1749
615 1754
615 1757
615 1764
615 1769
615 1771
615 1772
615 1776
615 1781
615 1791
615 1805
615 1814
615 1818
615 1822
615 1825
615 1828
615 1838
615 1839
615 1849
615 1857
615 1875
615 1880
615 1881
615 1886
615 1889
615 1894
615 1905
615 1913
615 1914
615 1915
615 1916
615 1921
615 1924
615 1929
615 1930
615 1933
615 1941
615 1943
615 1948
615 1950
615 1952
615 1959
615 1961
615 1970
615 1976
615 1979
615 1989
615 1991
615 1995
615 1996
615 1999
615 2002
615 2003
615 2004
615 2014
615 2015
615 2016
615 2021
615 2025
615 2032
615 2036
615 2039
615 2040
615 2043
615 2050
615 2062
615 2065
615 2066
615 2093
615 2097
615 2101
615 2103
615 2107
615 2108
615 2109
615 2118
615 2120
615 2123
615 2124
615 2133
615 2140
615 2147
615 2152
615 2157
615 2158
615 2159
615 2162
615 2163
615 2165
615 2169
615 2176
615 2178
615 2179
615 2180
615 2183
615 2184
615 2187
615 2189
615 2190
615 2192
615 2197
615 2203
615 2214
615 2219
615 2220
615 2222
615 2224
615 2226
615 2230
615 2237
615 2243
615 2250
615 2257
615 2271
615 2272
615 2273
615 2275
615 2279
615 2280
615 2285
615 2290
615 2300
615 2301
615 2311
615 2312
615 2316
615 2320
615 2324
615 2328
615 2329
615 2336
615 2345
615 2346
615 2349
615 2361
615 2365
615 2366
615 2376
615 2384
615 2390
615 2394
615 2396
615 2406
615 2408
615 2409
615 2413
615 2414
615 2416
615 2423
615 2425
615 2426
615 2435
615 2441
615 2444
615 2452
615 2465
615 2475
615 2476
615 2486
615 2493
615 2496
615 2498
615 2500
615 2501
615 2504
615 2507
615 2509
615 2510
615 2527
615 2529
615 2535
615 2546
615 2551
615 2553
615 2555
615 2558
615 2564
615 2567
615 2569
615 2573
615 2576
615 2577
615 2578
615 2580
615 2585
615 2611
615 2613
615 2617
615 2618
615 2619
615 2620
615 2632
615 2641
615 2648
615 2662
615 2666
615 2669
615 2672
615 2675
615 2676
615 2684
615 2687
615 2688
615 2697
615 2699
615 2700
615 2704
615 2706
615 2709
615 2721
615 2722
615 2724
615 2726
615 2730
615 2732
615 2733
615 2740
615 2741
615 2747
615 2756
615 2757
615 2759
615 2760
615 2761
615 2764
615 2766
615 2771
615 2772
615 2775
615 2780
615 2781
615 2785
615 2790
615 2796
615 2801
615 2805
615 2811
615 2814
615 2818
615 2819
615 2822
615 2823
615 2824
615 2832
615 2843
615 2847
615 2856
615 2858
615 2863
615 2864
615 2865
615 2868
615 2881
615 2889
615 2894
615 2897
615 2900
615 2906
615 2915
615 2923
615 2934
615 2948
615 2951
615 2953
615 2955
615 2958
615 2974
615 2977
615 2986
615 2993
615 2998
2387 7
2387 23
2387 32
2387 33
2387 35
2387 36
2387 46
2387 47
2387 50
2387 62
2387 63
2387 76
2387 79
2387 81
2387 97
2387 102
2387 116
2387 117
2387 125
2387 127
2387 135
2387 137
2387 143
2387 144
2387 147
2387 148
2387 149
2387 150
2387 158
2387 164
2387 168
2387 171
2387 183
2387 186
2387 194
2387 203
2387 207
2387 208
2387 211
2387 213
2387 214
2387 215
2387 217
2387 218
2387 219
2387 221
2387 223
2387 225
2387 227
2387 231
2387 233
2387 234
2387 235
2387 240
2387 241
2387 246
2387 250
2387 253
2387 257
2387 262
2387 266
2387 268
2387 282
2387 289
2387 290
2387 291
2387 294
2387 297
2387 299
2387 307
2387 314
2387 316
2387 326
2387 333
2387 339
2387 340
2387 341
2387 346
2387 348
2387 350
2387 354
2387 371
2387 374
2387 378
2387 380
2387 386
2387 389
2387 390
2387 393
2387 401
2387 406
2387 409
2387 422
2387 427
2387 439
2387 445
2387 448
2387 453
2387 457
2387 460
2387 467
2387 480
2387 488
2387 490
2387 492
2387 495
2387 518
2387 520
2387 532
2387 533
2387 537
2387 540
2387 543
2387 545
2387 546
2387 554
2387 557
2387 561
2387 565
2387 567
2387 574
2387 577
2387 587
2387 594
2387 599
2387 601
2387 605
2387 610
2387 621
2387 627
2387 629
2387 631
2387 640
2387 643
2387 644
2387 647
2387 653
2387 654
2387 657
2387 658
2387 659
2387 661
2387 687
2387 694
2387 699
2387 711
2387 717
2387 718
2387 720
2387 729
2387 732
2387 738
2387 741
2387 746
2387 748
2387 750
2387 754
2387 756
2387 760
2387 768
2387 771
2387 778
2387 792
2387 793
2387 794
2387 797
2387 801
2387 803
2387 805
2387 806
2387 812
2387 813
2387 814
2387 822
2387 826
2387 833
2387 840
2387 843
2387 844
2387 845
2387 847
2387 861
2387 862
2387 874
2387 879
2387 896
2387 899
2387 904
2387 905
2387 907
2387 912
2387 915
2387 918
2387 926
2387 929
2387 931
2387 932
2387 937
2387 941
2387 942
2387 947
2387 968
2387 989
2387 996
2387 1003
2387 1005
2387 1006
2387 1015
2387 1020
2387 1023
2387 1026
2387 1032
2387 1035
2387 1036
2387 1041
2387 1048
2387 1050
2387 1051
2387 1054
2387 1058
2387 1065
2387 1069
2387 1071
2387 1073
2387 1077
2387 1083
2387 1093
2387 1108
2387 1110
2387 1116
2387 1118
2387 1130
2387 1138
2387 1141
2387 1153
2387 1159
2387 1161
2387 1170
2387 1171
2387 1180
2387 1182
2387 1198
2387 1212
2387 1218
2387 1219
2387 1222
2387 1225
2387 1237
2387 1238
2387 1242
2387 1244
2387 1249
2387 1260
2387 1264
2387 1268
2387 1275
2387 1278
2387 1280
2387 1305
2387 1314
2387 1319
2387 1325
2387 1326
2387 1327
2387 1328
2387 1365
2387 1369
2387 1370
2387 1373
2387 1374
2387 1375
2387 1383
2387 1393
2387 1396
2387 1404
2387 1419
2387 1420
2387 1421
2387 1428
2387 1431
2387 1440
2387 1441
2387 1444
2387 1454
2387 1459
2387 1461
2387 1477
2387 1480
2387 1482
2387 1486
2387 1496
2387 1504
2387 1538
2387 1543
2387 1544
2387 1547
2387 1550
2387 1555
2387 1558
2387 1564
2387 1567
2387 1572
2387 1581
2387 1585
2387 1587
2387 1588
2387 1590
2387 1591
2387 1598
2387 1600
2387 1618
2387 1619
2387 1621
2387 1624
2387 1627
2387 1630
2387 1632
2387 1639
2387 1642
2387 1661
2387 1662
2387 1668
2387 1673
2387 1683
2387 1693
2387 1700
2387 1703
2387 1705
2387 1707
2387 1709
2387 1712
2387 1716
2387 1727
2387 1728
2387 1729
2387 1733
2387 1737
2387 1738
2387 1742
2387 1750
2387 1752
2387 1756
2387 1758
2387 1759
2387 1773
2387 1777
2387 1786
2387 1794
2387 1800
2387 1803
2387 1806
2387 1810
2387 1811
2387 1816
2387 1820
2387 1830
2387 1833
2387 1852
2387 1853
2387 1855
2387 1858
2387 1863
2387 1866
2387 1868
2387 1873
2387 1875
2387 1876
2387 1877
2387 1878
2387 1883
2387 1886
2387 1894
2387 1897
2387 1898
2387 1899
2387 1918
2387 1928
2387 1933
2387 1935
2387 1937
2387 1944
2387 1952
2387 1955
2387 1980
2387 1981
2387 1982
2387 1983
2387 1992
2387 2001
2387 2005
2387 2012
2387 2013
2387 2028
2387 2030
2387 2046
2387 2048
2387 2050
2387 2053
2387 2068
2387 2074
2387 2088
2387 2090
2387 2092
2387 2099
2387 2100
2387 2108
2387 2123
2387 2130
2387 2141
2387 2143
2387 2144
2387 2145
2387 2149
2387 2157
2387 2163
2387 2167
2387 2173
2387 2175
2387 2176
2387 2177
2387 2181
2387 2182
2387 2191
2387 2199
2387 2200
2387 2204
2387 2214
2387 2216
2387 2217
2387 2221
2387 2231
2387 2237
2387 2240
2387 2249
2387 2252
2387 2259
2387 2263
2387 2269
2387 2272
2387 2277
2387 2282
2387 2300
2387 2301
2387 2308
2387 2315
2387 2316
2387 2317
2387 2331
2387 2340
2387 2346
2387 2351
2387 2355
2387 2358
2387 2360
2387 2368
2387 2371
2387 2389
2387 2405
2387 2406
2387 2413
2387 2415
2387 2418
2387 2424
2387 2436
2387 2438
2387 2442
2387 2443
2387 2446
2387 2457
2387 2458
2387 2462
2387 2469
2387 2471
2387 2474
2387 2478
2387 2480
2387 2481
2387 2505
2387 2510
2387 2511
2387 2521
2387 2524
2387 2525
2387 2536
2387 2537
2387 2547
2387 2554
2387 2556
2387 2562
2387 2567
2387 2579
2387 2580
2387 2597
2387 2599
2387 2601
2387 2604
2387 2609
2387 2623
2387 2628
2387 2632
2387 2636
2387 2638
2387 2645
2387 2646
2387 2657
2387 2658
2387 2669
2387 2670
2387 2673
2387 2678
2387 2680
2387 2687
2387 2697
2387 2710
2387 2712
2387 2715
2387 2718
2387 2723
2387 2727
2387 2737
2387 2738
2387 2742
2387 2753
2387 2757
2387 2765
2387 2771
2387 2776
2387 2778
2387 2781
2387 2783
2387 2784
2387 2792
2387 2805
2387 2806
2387 2817
2387 2821
2387 2827
2387 2833
2387 2836
2387 2837
2387 2852
2387 2854
2387 2856
2387 2857
2387 2859
2387 2860
2387 2869
2387 2871
2387 2880
2387 2885
2387 2894
2387 2896
2387 2902
2387 2904
2387 2911
2387 2915
2387 2923
2387 2925
2387 2930
2387 2937
2387 2943
2387 2945
2387 2950
2387 2951
2387 2955
2387 2958
2387 2960
2387 2967
2387 2973
2387 2974
2387 2976
2387 2980
2387 2998
492 8
492 13
492 16
492 17
492 24
492 27
492 28
492 29
492 31
492 32
492 33
492 37
492 46
492 47
492 48
492 57
492 59
492 63
492 71
492 91
492 98
492 100
492 101
492 103
492 106
492 116
492 118
492 119
492 120
492 136
492 141
492 143
492 154
492 155
492 156
492 158
492 160
492 164
492 165
492 167
492 168
492 171
492 177
492 187
492 188
492 192
492 198
492 210
492 220
492 222
492 227
492 228
492 231
492 232
492 252
492 280
492 286
492 291
492 292
492 295
492 304
492 309
492 311
492 321
492 322
492 328
492 331
492 334
492 346
492 353
492 356
492 358
492 366
492 369
492 377
492 378
492 379
492 382
492 386
492 391
492 393
492 396
492 398
492 401
492 412
492 415
492 417
492 418
492 420
492 427
492 431
492 446
492 456
492 464
492 469
492 478
492 483
492 486
492 487
492 491
492 498
492 505
492 506
492 509
492 515
492 522
492 543
492 545
492 548
492 549
492 550
492 561
492 564
492 570
492 571
492 588
492 592
492 593
492 594
492 596
492 599
492 601
492 604
492 622
492 626
492 630
492 638
492 644
492 645
492 648
492 667
492 672
492 683
492 688
492 691
492 694
492 695
492 698
492 703
492 709
492 713
492 714
492 715
492 717
492 727
492 729
492 732
492 737
492 742
492 753
492 762
492 764
492 770
492 771
492 776
492 781
492 782
492 786
492 790
492 798
492 804
492 812
492 815
492 817
492 820
492 839
492 841
492 846
492 852
492 860
492 870
492 879
492 880
492 892
492 893
492 894
492 898
492 906
492 908
492 918
492 919
492 921
492 924
492 925
492 927
492 933
492 937
492 938
492 940
492 943
492 955
492 956
492 977
492 978
492 979
492 983
492 985
492 988
492 992
492 1006
492 1008
492 1009
492 1013
492 1018
492 1023
492 1025
492 1031
492 1033
492 1034
492 1036
492 1047
492 1050
492 1065
492 1073
492 1074
492 1082
492 1091
492 1093
492 1096
492 1097
492 1103
492 1111
492 1113
492 1115
492 1133
492 1134
492 1137
492 1140
492 1141
492 1145
492 1146
492 1147
492 1149
492 1151
492 1161
492 1169
492 1176
492 1181
492 1184
492 1185
492 1193
492 1196
492 1200
492 1203
492 1208
492 1213
492 1214
492 1215
492 1219
492 1220
492 1223
492 1226
492 1227
492 1229
492 1235
492 1251
492 1257
492 1259
492 1262
492 1267
492 1271
492 1273
492 1277
492 1281
492 1286
492 1293
492 1299
492 1306
492 1313
492 1315
492 1319
492 1321
492 1324
492 1327
492 1329
492 1332
492 1339
492 1341
492 1342
492 1350
492 1351
492 1352
492 1356
492 1360
492 1362
492 1364
492 1366
492 1368
492 1373
492 1376
492 1378
492 1382
492 1405
492 1409
492 1410
492 1413
492 1415
492 1418
492 1421
492 1422
492 1423
492 1425
492 1435
492 1440
492 1446
492 1459
492 1463
492 1464
492 1469
492 1471
492 1478
492 1480
492 1481
492 1483
492 1488
492 1498
492 1501
492 1503
492 1509
492 1510
492 1523
492 1532
492 1539
492 1542
492 1545
492 1549
492 1572
492 1574
492 1577
492 1589
492 1590
492 1593
492 1599
492 1603
492 1609
492 1613
492 1614
492 1616
492 1625
492 1636
492 1639
492 1650
492 1656
492 1661
492 1664
492 1666
492 1671
492 1674
492 1677
492 1682
492 1700
492 1704
492 1712
492 1713
492 1729
492 1736
492 1742
492 1744
492 1745
492 1750
492 1751
492 1755
492 1756
492 1761
492 1779
492 1782
492 1784
492 1790
492 1793
492 1794
492 1798
492 1802
492 1803
492 1811
492 1815
492 1824
492 1831
492 1832
492 1834
492 1838
492 1840
492 1841
492 1842
492 1852
492 1855
492 1860
492 1861
492 1864
492 1869
492 1870
492 1872
492 1892
492 1894
492 1906
492 1912
492 1917
492 1922
492 1923
492 1936
492 1942
492 1948
492 1952
492 1955
492 1956
492 1960
492 1963
492 1964
492 1969
492 1971
492 1976
492 1978
492 1986
492 1988
492 1990
492 1991
492 1993
492 1999
492 2002
492 2008
492 2009
492 2012
492 2024
492 2025
492 2028
492 2031
492 2032
492 2038
492 2044
492 2046
492 2048
492 2054
492 2055
492 2060
492 2061
492 2062
492 2063
492 2066
492 2084
492 2086
492 2087
492 2093
492 2098
492 2101
492 2105
492 2112
492 2117
492 2122
492 2128
492 2139
492 2144
492 2147
492 2151
492 2152
492 2154
492 2162
492 2164
492 2167
492 2169
492 2174
492 2176
492 2177
492 2178
492 2180
492 2181
492 2182
492 2187
492 2188
492 2190
492 2193
492 2196
492 2204
492 2207
492 2208
492 2209
492 2211
492 2213
492 2219
492 2225
492 2235
492 2241
492 2246
492 2247
492 2265
492 2267
492 2273
492 2280
492 2285
492 2286
492 2292
492 2293
492 2295
492 2296
492 2297
492 2299
492 2322
492 2323
492 2324
492 2326
492 2334
492 2335
492 2339
492 2356
492 2357
492 2367
492 2385
492 2395
492 2406
492 2411
492 2418
492 2425
492 2427
492 2431
492 2438
492 2445
492 2450
492 2452
492 2454
492 2458
492 2463
492 2466
492 2467
492 2468
492 2477
492 2478
492 2483
492 2491
492 2495
492 2496
492 2500
492 2505
492 2517
492 2524
492 2531
492 2532
492 2533
492 2535
492 2541
492 2545
492 2556
492 2567
492 2578
492 2582
492 2583
492 2586
492 2595
492 2608
492 2614
492 2616
492 2618
492 2638
492 2667
492 2679
492 2697
492 2715
492 2720
492 2741
492 2742
492 2746
492 2748
492 2750
492 2754
492 2758
492 2762
492 2763
492 2765
492 2773
492 2787
492 2788
492 2789
492 2792
492 2793
492 2795
492 2796
492 2801
492 2807
492 2816
492 2817
492 2818
492 2827
492 2832
492 2836
492 2838
492 2848
492 2849
492 2850
492 2856
492 2870
492 2872
492 2877
492 2878
492 2886
492 2890
492 2898
492 2901
492 2910
492 2912
492 2918
492 2920
492 2926
492 2928
492 2939
492 2956
492 2958
492 2964
492 2969
492 2973
492 2977
492 2984
492 2991
492 2999
1370 2
1370 4
1370 6
1370 10
1370 12
1370 13
1370 19
1370 26
1370 28
1370 31
1370 38
1370 46
1370 52
1370 59
1370 62
1370 66
1370 70
1370 72
1370 74
1370 80
1370 91
1370 92
1370 93
1370 97
1370 105
1370 109
1370 110
1370 111
1370 114
1370 137
1370 142
1370 158
1370 164
1370 170
1370 178
1370 188
1370 195
1370 197
1370 202
1370 203
1370 205
1370 207
1370 214
1370 216
1370 221
1370 225
1370 227
1370 232
1370 234
1370 241
1370 243
1370 244
1370 247
1370 259
1370 260
1370 268
1370 273
1370 276
1370 290
1370 292
1370 300
1370 304
1370 315
1370 317
1370 319
1370 322
1370 324
1370 333
1370 338
1370 339
1370 343
1370 352
1370 364
1370 368
1370 369
1370 371
1370 373
1370 374
1370 377
1370 379
1370 381
1370 388
1370 389
1370 393
1370 396
1370 401
1370 404
1370 409
1370 411
1370 412
1370 424
1370 434
1370 444
1370 448
1370 449
1370 456
1370 460
1370 465
1370 469
1370 471
1370 473
1370 474
1370 478
1370 484
1370 490
1370 504
1370 511
1370 514
1370 516
1370 537
1370 550
1370 551
1370 554
1370 556
1370 566
1370 578
1370 589
1370 602
1370 612
1370 613
1370 621
1370 624
1370 625
1370 628
1370 633
1370 634
1370 637
1370 638
1370 639
1370 640
1370 642
1370 643
1370 645
1370 646
1370 647
1370 648
1370 651
1370 653
1370 655
1370 656
1370 658
1370 678
1370 680
1370 682
1370 686
1370 688
1370 689
1370 691
1370 692
1370 697
1370 707
1370 710
1370 711
1370 714
1370 737
1370 744
1370 745
1370 758
1370 774
1370 780
1370 786
1370 793
1370 795
1370 798
1370 800
1370 802
1370 809
1370 810
1370 814
1370 824
1370 831
1370 835
1370 839
1370 842
1370 844
1370 850
1370 853
1370 866
1370 869
1370 873
1370 874
1370 877
1370 878
1370 881
1370 884
1370 900
1370 915
1370 924
1370 936
1370 944
1370 945
1370 959
1370 961
1370 964
1370 965
1370 971
1370 977
1370 980
1370 998
1370 999
1370 1004
1370 1007
1370 1008
1370 1010
1370 1011
1370 1013
1370 1019
1370 1042
1370 1044
1370 1046
1370 1051
1370 1052
1370 1055
1370 1056
1370 1059
1370 1061
1370 1062
1370 1064
1370 1065
1370 1068
1370 1071
1370 1073
1370 1078
1370 1079
1370 1087
1370 1092
1370 1097
1370 1104
1370 1112
1370 1114
1370 1141
1370 1151
1370 1153
1370 1155
1370 1156
1370 1159
1370 1174
1370 1181
1370 1189
1370 1192
1370 1193
1370 1196
1370 1211
1370 1212
1370 1214
1370 1215
1370 1218
1370 1219
1370 1226
1370 1227
1370 1234
1370 1244
1370 1251
1370 1254
1370 1255
1370 1257
1370 1265
1370 1276
1370 1279
1370 1280
1370 1283
1370 1284
1370 1290
1370 1298
1370 1301
1370 1314
1370 1322
1370 1327
1370 1328
1370 1330
1370 1342
1370 1345
1370 1348
1370 1371
1370 1385
1370 1388
1370 1397
1370 1401
1370 1402
1370 1414
1370 1417
1370 1423
1370 1425
1370 1428
1370 1432
1370 1433
1370 1438
1370 1444
1370 1445
1370 1446
1370 1447
1370 1450
1370 1451
1370 1456
1370 1459
1370 1460
1370 1467
1370 1470
1370 1474
1370 1477
1370 1478
1370 1483
1370 1484
1370 1489
1370 1510
1370 1513
1370 1517
1370 1524
1370 1529
1370 1533
1370 1539
1370 1542
1370 1544
1370 1549
1370 1552
1370 1554
1370 1562
1370 1563
1370 1575
1370 1579
1370 1582
1370 1583
1370 1590
1370 1591
1370 1597
1370 1599
1370 1603
1370 1604
1370 1614
1370 1619
1370 1623
1370 1629
1370 1642
1370 1646
1370 1649
1370 1653
1370 1658
1370 1663
1370 1678
1370 1681
1370 1685
1370 1686
1370 1693
1370 1696
1370 1698
1370 1702
1370 1709
1370 1713
1370 1714
1370 1718
1370 1743
1370 1744
1370 1746
1370 1755
1370 1758
1370 1763
1370 1764
1370 1766
1370 1768
1370 1771
1370 1773
1370 1777
1370 1798
1370 1802
1370 1808
1370 1811
1370 1814
1370 1822
1370 1824
1370 1825
1370 1828
1370 1831
1370 1845
1370 1847
1370 1854
1370 1858
1370 1861
1370 1863
1370 1875
1370 1878
1370 1880
1370 1881
1370 1882
1370 1895
1370 1899
1370 1901
1370 1904
1370 1918
1370 1920
1370 1925
1370 1928
1370 1933
1370 1934
1370 1935
1370 1937
1370 1944
1370 1945
1370 1946
1370 1949
1370 1951
1370 1952
1370 1966
1370 1976
1370 1981
1370 1982
1370 1985
1370 1986
1370 1988
1370 1990
1370 1993
1370 1994
1370 1996
1370 2003
1370 2004
1370 2005
1370 2006
1370 2017
1370 2029
1370 2030
1370 2034
1370 2035
1370 2036
1370 2038
1370 2040
1370 2042
1370 2045
1370 2057
1370 2059
1370 2063
1370 2066
1370 2071
1370 2072
1370 2074
1370 2075
1370 2082
1370 2085
1370 2088
1370 2090
1370 2092
1370 2102
1370 2107
1370 2110
1370 2125
1370 2127
1370 2130
1370 2154
1370 2172
1370 2177
1370 2180
1370 2182
1370 2184
1370 2186
1370 2192
1370 2197
1370 2198
1370 2200
1370 2205
1370 2206
1370 2210
1370 2212
1370 2214
1370 2217
1370 2237
1370 2254
1370 2258
1370 2260
1370 2264
1370 2265
1370 2280
1370 2281
1370 2284
1370 2293
1370 2309
1370 2312
1370 2313
1370 2315
1370 2321
1370 2322
1370 2328
1370 2333
1370 2343
1370 2347
1370 2348
1370 2349
1370 2350
1370 2355
1370 2362
1370 2364
1370 2371
1370 2377
1370 2381
1370 2383
1370 2386
1370 2392
1370 2395
1370 2398
1370 2401
1370 2404
1370 2406
1370 2411
1370 2412
1370 2415
1370 2422
1370 2427
1370 2435
1370 2439
1370 2442
1370 2443
1370 2444
1370 2445
1370 2453
1370 2457
1370 2461
1370 2462
1370 2463
1370 2467
1370 2470
1370 2472
1370 2494
1370 2498
1370 2506
1370 2507
1370 2512
1370 2514
1370 2519
1370 2522
1370 2530
1370 2531
1370 2536
1370 2544
1370 2548
1370 2552
1370 2553
1370 2561
1370 2568
1370 2582
1370 2587
1370 2588
1370 2598
1370 2600
1370 2603
1370 2607
1370 2615
1370 2620
1370 2626
1370 2627
1370 2629
1370 2637
1370 2642
1370 2647
1370 2650
1370 2652
1370 2658
1370 2660
1370 2665
1370 2668
1370 2673
1370 2674
1370 2679
1370 2687
1370 2692
1370 2703
1370 2708
1370 2711
1370 2715
1370 2719
1370 2720
1370 2727
1370 2733
1370 2747
1370 2755
1370 2760
1370 2771
1370 2772
1370 2775
1370 2780
1370 2783
1370 2785
1370 2786
1370 2789
1370 2790
1370 2797
1370 2803
1370 2813
1370 2815
1370 2821
1370 2822
1370 2829
1370 2841
1370 2845
1370 2846
1370 2856
1370 2862
1370 2890
1370 2892
1370 2893
1370 2894
1370 2900
1370 2907
1370 2908
1370 2910
1370 2913
1370 2915
1370 2921
1370 2923
1370 2940
1370 2949
1370 2960
1370 2966
1370 2968
1370 2973
1370 2975
1370 2978
1370 2980
1370 2983
1370 2984
1370 2990
1370 2994
