p td 1200 3443 
316 9
316 21
316 26
316 30
316 34
316 40
316 52
316 53
316 54
316 57
316 61
316 72
316 80
316 83
316 87
316 89
316 91
316 92
316 98
316 99
316 104
316 107
316 113
316 114
316 119
316 123
316 129
316 140
316 147
316 150
316 153
316 154
316 162
316 166
316 167
316 168
316 171
316 177
316 179
316 182
316 186
316 188
316 189
316 194
316 197
316 200
316 201
316 203
316 212
316 214
316 218
316 221
316 222
316 227
316 229
316 231
316 232
316 242
316 246
316 251
316 256
316 258
316 261
316 262
316 266
316 267
316 273
316 274
316 288
316 296
316 297
316 300
316 307
316 309
316 321
316 340
316 343
316 347
316 350
316 364
316 379
316 383
316 384
316 395
316 399
316 410
316 421
316 434
316 441
316 443
316 445
316 447
316 462
316 468
316 470
316 471
316 472
316 478
316 489
316 490
316 491
316 503
316 507
316 514
316 520
316 522
316 525
316 551
316 552
316 555
316 559
316 566
316 572
316 574
316 577
316 583
316 588
316 607
316 608
316 612
316 616
316 618
316 622
316 624
316 625
316 627
316 640
316 651
316 653
316 655
316 667
316 669
316 673
316 679
316 682
316 693
316 722
316 723
316 724
316 725
316 730
316 731
316 732
316 737
316 739
316 741
316 743
316 747
316 748
316 756
316 759
316 768
316 776
316 780
316 792
316 795
316 800
316 807
316 814
316 815
316 818
316 830
316 839
316 845
316 849
316 850
316 854
316 856
316 857
316 863
316 864
316 866
316 869
316 870
316 871
316 877
316 881
316 882
316 885
316 888
316 897
316 898
316 902
316 906
316 912
316 913
316 914
316 917
316 928
316 933
316 934
316 947
316 949
316 951
316 954
316 955
316 964
316 968
316 971
316 975
316 979
316 982
316 984
316 985
316 989
316 994
316 999
316 1002
316 1018
316 1019
316 1023
316 1048
316 1055
316 1056
316 1062
316 1063
316 1069
316 1082
316 1085
316 1090
316 1094
316 1102
316 1104
316 1107
316 1114
316 1126
316 1128
316 1130
316 1134
316 1135
316 1138
316 1145
316 1153
316 1161
316 1163
316 1166
316 1167
316 1170
316 1177
316 1178
316 1187
316 1189
316 1195
316 1197
712 1
712 9
712 24
712 27
712 29
712 33
712 35
712 37
712 52
712 53
712 57
712 63
712 66
712 71
712 73
712 76
712 85
712 87
712 93
712 99
712 106
712 114
712 117
712 123
712 130
712 132
712 133
712 134
712 147
712 149
712 156
712 160
712 167
712 169
712 172
712 177
712 186
712 188
712 192
712 193
712 196
712 197
712 202
712 208
712 213
712 224
712 225
712 226
712 236
712 239
712 242
712 243
712 245
712 252
712 255
712 260
712 273
712 278
712 282
712 290
712 301
712 306
712 317
712 321
712 326
712 330
712 334
712 336
712 338
712 345
712 349
712 353
712 361
712 378
712 387
712 388
712 390
712 392
712 396
712 400
712 403
712 404
712 407
712 408
712 418
712 421
712 427
712 430
712 431
712 437
712 440
712 442
712 444
712 445
712 446
712 447
712 451
712 455
712 456
712 474
712 477
712 478
712 483
712 486
712 487
712 495
712 501
712 507
712 508
712 514
712 516
712 532
712 536
712 537
712 538
712 543
712 545
712 548
712 549
712 558
712 559
712 561
712 565
712 569
712 582
712 587
712 588
712 591
712 602
712 604
712 612
712 616
712 617
712 621
712 625
712 629
712 648
712 655
712 660
712 664
712 665
712 670
712 672
712 675
712 685
712 694
712 695
712 698
712 700
712 712
712 713
712 723
712 725
712 730
712 734
712 745
712 749
712 753
712 758
712 773
712 777
712 780
712 783
712 798
712 806
712 814
712 815
712 822
712 827
712 828
712 833
712 837
712 838
712 847
712 848
712 854
712 857
712 862
712 866
712 872
712 875
712 889
712 893
712 902
712 907
712 915
712 919
712 925
712 939
712 940
712 941
712 948
712 950
712 956
712 960
712 962
712 965
712 967
712 968
712 971
712 983
712 1003
712 1013
712 1018
712 1020
712 1022
712 1025
712 1033
712 1041
712 1042
712 1045
712 1046
712 1055
712 1060
712 1061
712 1063
712 1066
712 1067
712 1068
712 1069
712 1070
712 1071
712 1073
712 1074
712 1079
712 1083
712 1087
712 1094
712 1096
712 1105
712 1107
712 1122
712 1123
712 1128
712 1132
712 1137
712 1142
712 1144
712 1146
712 1153
712 1158
712 1164
712 1183
712 1185
712 1186
712 1188
712 1192
356 16
356 22
356 23
356 28
356 30
356 35
356 39
356 40
356 42
356 43
356 50
356 53
356 61
356 65
356 69
356 70
356 71
356 74
356 77
356 80
356 83
356 88
356 89
356 97
356 99
356 100
356 108
356 112
356 114
356 118
356 120
356 121
356 124
356 128
356 129
356 130
356 135
356 146
356 150
356 161
356 174
356 182
356 186
356 191
356 194
356 204
356 205
356 208
356 211
356 215
356 218
356 223
356 227
356 235
356 240
356 247
356 260
356 263
356 264
356 268
356 269
356 273
356 276
356 278
356 279
356 285
356 287
356 288
356 289
356 303
356 306
356 307
356 315
356 330
356 334
356 339
356 350
356 353
356 358
356 359
356 362
356 368
356 372
356 373
356 374
356 382
356 385
356 386
356 389
356 390
356 401
356 403
356 404
356 411
356 413
356 417
356 421
356 422
356 425
356 432
356 443
356 451
356 452
356 455
356 458
356 465
356 467
356 468
356 471
356 476
356 479
356 480
356 481
356 486
356 489
356 502
356 503
356 505
356 507
356 514
356 515
356 517
356 520
356 522
356 526
356 529
356 531
356 535
356 536
356 540
356 542
356 544
356 547
356 551
356 557
356 558
356 560
356 570
356 581
356 590
356 592
356 595
356 598
356 603
356 610
356 614
356 621
356 628
356 630
356 631
356 634
356 635
356 644
356 646
356 647
356 649
356 650
356 654
356 667
356 676
356 678
356 680
356 689
356 691
356 696
356 700
356 701
356 710
356 719
356 727
356 738
356 744
356 746
356 753
356 755
356 759
356 769
356 770
356 772
356 801
356 804
356 807
356 809
356 817
356 820
356 823
356 830
356 831
356 837
356 840
356 842
356 844
356 848
356 852
356 858
356 859
356 866
356 869
356 870
356 871
356 873
356 874
356 885
356 895
356 904
356 907
356 908
356 909
356 919
356 920
356 924
356 932
356 937
356 938
356 939
356 940
356 949
356 957
356 963
356 967
356 975
356 981
356 994
356 998
356 1001
356 1038
356 1040
356 1046
356 1047
356 1059
356 1060
356 1067
356 1070
356 1075
356 1081
356 1086
356 1089
356 1094
356 1095
356 1097
356 1113
356 1122
356 1128
356 1131
356 1132
356 1133
356 1135
356 1141
356 1144
356 1146
356 1160
356 1167
356 1169
356 1170
356 1174
356 1178
356 1183
356 1185
356 1186
356 1187
356 1197
356 1198
356 1199
634 8
634 16
634 28
634 29
634 41
634 42
634 44
634 48
634 50
634 58
634 59
634 60
634 62
634 63
634 69
634 85
634 107
634 111
634 114
634 124
634 127
634 129
634 136
634 137
634 138
634 141
634 148
634 153
634 155
634 156
634 165
634 173
634 177
634 190
634 199
634 209
634 210
634 212
634 217
634 218
634 224
634 225
634 227
634 228
634 231
634 243
634 245
634 249
634 258
634 274
634 283
634 285
634 290
634 292
634 296
634 298
634 299
634 304
634 310
634 312
634 314
634 330
634 331
634 336
634 358
634 360
634 363
634 365
634 370
634 371
634 380
634 384
634 386
634 394
634 402
634 403
634 409
634 411
634 413
634 417
634 451
634 458
634 463
634 470
634 474
634 488
634 489
634 510
634 519
634 520
634 521
634 529
634 530
634 537
634 538
634 539
634 546
634 549
634 551
634 553
634 556
634 573
634 576
634 577
634 579
634 580
634 582
634 583
634 597
634 606
634 614
634 616
634 617
634 619
634 624
634 627
634 632
634 636
634 639
634 641
634 642
634 645
634 648
634 656
634 657
634 658
634 660
634 661
634 665
634 674
634 677
634 693
634 698
634 714
634 716
634 720
634 725
634 726
634 730
634 737
634 746
634 755
634 759
634 761
634 765
634 771
634 772
634 783
634 790
634 794
634 795
634 796
634 798
634 802
634 806
634 819
634 823
634 828
634 829
634 837
634 838
634 840
634 847
634 849
634 854
634 864
634 865
634 866
634 868
634 871
634 872
634 885
634 887
634 889
634 891
634 893
634 903
634 904
634 906
634 913
634 919
634 927
634 932
634 935
634 941
634 950
634 959
634 966
634 967
634 968
634 977
634 978
634 981
634 987
634 991
634 992
634 998
634 1001
634 1008
634 1012
634 1015
634 1017
634 1026
634 1032
634 1040
634 1051
634 1056
634 1066
634 1070
634 1082
634 1096
634 1099
634 1100
634 1108
634 1110
634 1117
634 1120
634 1122
634 1128
634 1130
634 1150
634 1154
634 1163
634 1167
634 1170
634 1179
634 1182
634 1185
634 1186
634 1199
634 1200
777 25
777 28
777 33
777 34
777 38
777 41
777 47
777 56
777 57
777 59
777 60
777 61
777 66
777 69
777 70
777 79
777 82
777 83
777 94
777 102
777 103
777 109
777 117
777 118
777 128
777 130
777 132
777 139
777 145
777 153
777 166
777 175
777 178
777 203
777 216
777 219
777 229
777 230
777 239
777 249
777 251
777 253
777 257
777 261
777 262
777 269
777 283
777 285
777 290
777 293
777 294
777 308
777 324
777 330
777 344
777 346
777 357
777 364
777 365
777 367
777 372
777 375
777 379
777 380
777 383
777 386
777 389
777 390
777 395
777 412
777 418
777 425
777 429
777 440
777 443
777 451
777 454
777 457
777 461
777 474
777 480
777 481
777 485
777 486
777 487
777 488
777 504
777 507
777 514
777 515
777 518
777 527
777 531
777 533
777 535
777 545
777 550
777 551
777 557
777 561
777 565
777 571
777 589
777 590
777 599
777 601
777 604
777 613
777 619
777 623
777 626
777 629
777 644
777 646
777 653
777 657
777 664
777 670
777 672
777 683
777 692
777 698
777 705
777 706
777 738
777 740
777 741
777 742
777 747
777 748
777 753
777 769
777 790
777 793
777 794
777 800
777 801
777 811
777 828
777 830
777 838
777 848
777 850
777 863
777 867
777 868
777 881
777 883
777 886
777 892
777 900
777 901
777 905
777 906
777 910
777 914
777 925
777 936
777 943
777 950
777 956
777 957
777 970
777 974
777 975
777 992
777 996
777 997
777 1004
777 1005
777 1010
777 1012
777 1019
777 1020
777 1023
777 1025
777 1027
777 1028
777 1029
777 1035
777 1038
777 1046
777 1053
777 1059
777 1061
777 1066
777 1070
777 1083
777 1084
777 1101
777 1102
777 1117
777 1121
777 1132
777 1134
777 1138
777 1142
777 1143
777 1144
777 1145
777 1152
777 1167
777 1171
777 1172
777 1175
777 1178
777 1179
777 1182
777 1185
777 1188
777 1193
777 1196
714 10
714 19
714 20
714 22
714 27
714 39
714 42
714 44
714 60
714 64
714 71
714 85
714 87
714 89
714 90
714 93
714 98
714 99
714 105
714 106
714 110
714 117
714 119
714 125
714 129
714 150
714 153
714 165
714 174
714 183
714 184
714 187
714 188
714 192
714 195
714 204
714 205
714 210
714 211
714 212
714 213
714 215
714 219
714 225
714 231
714 234
714 236
714 239
714 240
714 242
714 253
714 278
714 280
714 289
714 294
714 295
714 296
714 298
714 302
714 307
714 308
714 312
714 313
714 316
714 318
714 319
714 329
714 330
714 335
714 341
714 344
714 346
714 351
714 356
714 365
714 369
714 371
714 389
714 390
714 391
714 395
714 406
714 410
714 413
714 415
714 417
714 421
714 423
714 428
714 430
714 431
714 435
714 437
714 439
714 445
714 446
714 453
714 463
714 466
714 467
714 472
714 484
714 486
714 488
714 496
714 497
714 498
714 500
714 507
714 518
714 519
714 521
714 525
714 527
714 534
714 539
714 550
714 567
714 569
714 579
714 585
714 602
714 606
714 607
714 608
714 620
714 623
714 626
714 636
714 645
714 657
714 658
714 663
714 665
714 673
714 683
714 688
714 694
714 702
714 711
714 722
714 731
714 732
714 752
714 755
714 756
714 762
714 767
714 770
714 783
714 787
714 803
714 805
714 808
714 810
714 813
714 817
714 833
714 841
714 842
714 844
714 847
714 850
714 851
714 855
714 861
714 864
714 874
714 875
714 876
714 879
714 881
714 882
714 890
714 893
714 895
714 899
714 909
714 911
714 913
714 914
714 917
714 920
714 925
714 929
714 932
714 935
714 940
714 946
714 950
714 953
714 960
714 965
714 969
714 977
714 986
714 994
714 995
714 997
714 998
714 999
714 1002
714 1004
714 1014
714 1026
714 1029
714 1031
714 1041
714 1045
714 1048
714 1054
714 1061
714 1063
714 1067
714 1077
714 1079
714 1081
714 1085
714 1097
714 1103
714 1118
714 1129
714 1130
714 1137
714 1142
714 1143
714 1150
714 1152
714 1156
714 1160
714 1161
714 1165
714 1176
714 1184
714 1187
714 1191
714 1192
714 1193
714 1199
1117 11
1117 22
1117 26
1117 27
1117 37
1117 42
1117 43
1117 47
1117 64
1117 66
1117 71
1117 79
1117 80
1117 87
1117 94
1117 99
1117 102
1117 114
1117 117
1117 137
1117 139
1117 140
1117 148
1117 155
1117 156
1117 157
1117 159
1117 166
1117 168
1117 172
1117 183
1117 184
1117 190
1117 202
1117 204
1117 223
1117 229
1117 231
1117 234
1117 238
1117 246
1117 254
1117 264
1117 266
1117 268
1117 272
1117 274
1117 289
1117 291
1117 299
1117 300
1117 302
1117 303
1117 305
1117 312
1117 314
1117 316
1117 321
1117 322
1117 324
1117 330
1117 335
1117 351
1117 355
1117 356
1117 357
1117 363
1117 368
1117 374
1117 375
1117 383
1117 384
1117 393
1117 398
1117 400
1117 402
1117 411
1117 415
1117 423
1117 431
1117 438
1117 441
1117 449
1117 450
1117 451
1117 454
1117 460
1117 461
1117 465
1117 469
1117 471
1117 472
1117 479
1117 487
1117 490
1117 504
1117 508
1117 509
1117 511
1117 515
1117 519
1117 520
1117 522
1117 527
1117 534
1117 537
1117 539
1117 542
1117 543
1117 550
1117 553
1117 565
1117 570
1117 571
1117 574
1117 586
1117 588
1117 600
1117 622
1117 637
1117 643
1117 646
1117 648
1117 650
1117 655
1117 657
1117 660
1117 664
1117 666
1117 672
1117 674
1117 675
1117 677
1117 681
1117 683
1117 689
1117 694
1117 695
1117 717
1117 722
1117 725
1117 746
1117 750
1117 777
1117 778
1117 781
1117 789
1117 794
1117 797
1117 799
1117 803
1117 807
1117 810
1117 825
1117 836
1117 843
1117 858
1117 859
1117 860
1117 880
1117 881
1117 887
1117 890
1117 891
1117 898
1117 901
1117 903
1117 923
1117 936
1117 945
1117 954
1117 958
1117 964
1117 965
1117 967
1117 969
1117 977
1117 981
1117 984
1117 990
1117 994
1117 1004
1117 1009
1117 1014
1117 1015
1117 1016
1117 1017
1117 1018
1117 1026
1117 1028
1117 1032
1117 1034
1117 1037
1117 1039
1117 1040
1117 1061
1117 1066
1117 1075
1117 1086
1117 1091
1117 1101
1117 1137
1117 1146
1117 1147
1117 1156
1117 1158
1117 1164
1117 1166
1117 1169
1117 1174
1117 1176
1117 1179
1117 1191
1117 1198
211 6
211 8
211 27
211 37
211 40
211 41
211 48
211 53
211 63
211 67
211 72
211 73
211 80
211 82
211 85
211 86
211 94
211 95
211 96
211 98
211 105
211 113
211 114
211 119
211 120
211 129
211 130
211 143
211 145
211 148
211 159
211 164
211 169
211 178
211 185
211 189
211 190
211 191
211 201
211 206
211 207
211 214
211 219
211 222
211 231
211 232
211 239
211 254
211 256
211 257
211 260
211 262
211 266
211 273
211 274
211 275
211 280
211 287
211 289
211 302
211 305
211 307
211 313
211 328
211 330
211 340
211 345
211 348
211 353
211 358
211 361
211 374
211 378
211 381
211 385
211 389
211 390
211 394
211 396
211 404
211 405
211 407
211 409
211 414
211 420
211 422
211 428
211 446
211 450
211 452
211 453
211 476
211 480
211 485
211 487
211 494
211 502
211 515
211 516
211 518
211 525
211 537
211 540
211 542
211 548
211 555
211 556
211 566
211 568
211 569
211 572
211 578
211 579
211 580
211 583
211 584
211 586
211 587
211 588
211 592
211 595
211 605
211 606
211 607
211 608
211 610
211 611
211 612
211 613
211 614
211 626
211 632
211 634
211 635
211 639
211 642
211 647
211 651
211 652
211 657
211 658
211 660
211 665
211 668
211 669
211 675
211 681
211 685
211 689
211 690
211 692
211 695
211 697
211 703
211 707
211 716
211 719
211 726
211 731
211 733
211 735
211 742
211 746
211 749
211 752
211 753
211 756
211 761
211 763
211 775
211 783
211 792
211 795
211 797
211 799
211 804
211 812
211 820
211 829
211 832
211 834
211 838
211 846
211 847
211 851
211 854
211 855
211 856
211 860
211 861
211 866
211 867
211 874
211 885
211 888
211 893
211 896
211 898
211 909
211 916
211 918
211 921
211 931
211 940
211 966
211 972
211 981
211 983
211 989
211 992
211 993
211 1001
211 1004
211 1005
211 1010
211 1015
211 1018
211 1022
211 1026
211 1027
211 1038
211 1042
211 1046
211 1050
211 1064
211 1069
211 1074
211 1076
211 1091
211 1095
211 1097
211 1102
211 1106
211 1110
211 1118
211 1129
211 1132
211 1136
211 1143
211 1150
211 1152
211 1153
211 1154
211 1156
211 1160
211 1163
211 1164
211 1170
211 1172
211 1176
211 1177
211 1180
211 1186
211 1194
211 1197
211 1199
273 5
273 8
273 10
273 12
273 13
273 15
273 23
273 27
273 28
273 37
273 39
273 49
273 60
273 65
273 70
273 74
273 77
273 80
273 84
273 88
273 94
273 98
273 102
273 105
273 106
273 107
273 108
273 118
273 120
273 121
273 122
273 125
273 127
273 129
273 131
273 135
273 143
273 148
273 150
273 152
273 153
273 154
273 155
273 156
273 159
273 162
273 166
273 169
273 172
273 173
273 175
273 176
273 177
273 178
273 179
273 189
273 191
273 201
273 203
273 205
273 210
273 220
273 225
273 230
273 237
273 241
273 245
273 247
273 250
273 255
273 260
273 267
273 269
273 270
273 272
273 273
273 280
273 286
273 290
273 295
273 309
273 315
273 316
273 334
273 346
273 347
273 348
273 358
273 360
273 370
273 378
273 390
273 391
273 395
273 399
273 403
273 405
273 406
273 410
273 413
273 414
273 420
273 421
273 423
273 427
273 431
273 434
273 438
273 441
273 442
273 444
273 445
273 450
273 453
273 456
273 460
273 465
273 472
273 477
273 494
273 497
273 501
273 505
273 509
273 510
273 526
273 542
273 543
273 547
273 548
273 555
273 557
273 566
273 576
273 577
273 581
273 582
273 591
273 594
273 600
273 605
273 606
273 612
273 620
273 621
273 622
273 625
273 630
273 637
273 638
273 642
273 652
273 653
273 657
273 662
273 675
273 679
273 690
273 697
273 699
273 700
273 701
273 714
273 720
273 731
273 733
273 736
273 743
273 746
273 749
273 755
273 758
273 763
273 765
273 768
273 770
273 771
273 774
273 778
273 780
273 784
273 786
273 792
273 797
273 799
273 800
273 805
273 807
273 808
273 810
273 820
273 824
273 827
273 839
273 844
273 846
273 856
273 862
273 864
273 870
273 872
273 874
273 879
273 888
273 889
273 891
273 894
273 906
273 908
273 909
273 928
273 932
273 933
273 947
273 952
273 953
273 955
273 957
273 959
273 968
273 969
273 972
273 982
273 983
273 989
273 995
273 1000
273 1009
273 1022
273 1024
273 1027
273 1028
273 1029
273 1038
273 1041
273 1042
273 1049
273 1050
273 1054
273 1059
273 1065
273 1069
273 1070
273 1078
273 1082
273 1086
273 1087
273 1091
273 1102
273 1105
273 1107
273 1109
273 1112
273 1117
273 1131
273 1134
273 1137
273 1147
273 1148
273 1157
273 1160
273 1171
273 1172
273 1182
273 1183
273 1185
273 1191
273 1196
879 6
879 10
879 17
879 20
879 26
879 27
879 28
879 35
879 43
879 44
879 48
879 53
879 56
879 57
879 59
879 66
879 68
879 76
879 77
879 82
879 85
879 98
879 102
879 105
879 115
879 128
879 129
879 132
879 133
879 136
879 148
879 150
879 156
879 165
879 171
879 174
879 175
879 181
879 207
879 209
879 216
879 218
879 220
879 221
879 225
879 244
879 246
879 247
879 248
879 258
879 262
879 266
879 272
879 273
879 274
879 281
879 283
879 284
879 286
879 293
879 302
879 303
879 311
879 322
879 324
879 326
879 330
879 331
879 333
879 334
879 337
879 338
879 347
879 351
879 352
879 365
879 368
879 379
879 384
879 397
879 415
879 420
879 421
879 424
879 437
879 438
879 439
879 441
879 446
879 451
879 456
879 467
879 468
879 469
879 490
879 491
879 507
879 509
879 514
879 515
879 516
879 524
879 527
879 543
879 549
879 555
879 557
879 565
879 567
879 585
879 589
879 590
879 606
879 614
879 623
879 627
879 638
879 642
879 651
879 663
879 666
879 668
879 670
879 671
879 674
879 680
879 693
879 694
879 696
879 697
879 703
879 712
879 716
879 720
879 722
879 726
879 729
879 730
879 732
879 735
879 738
879 742
879 750
879 752
879 755
879 760
879 763
879 779
879 780
879 781
879 782
879 790
879 794
879 795
879 806
879 812
879 816
879 818
879 825
879 826
879 837
879 841
879 848
879 849
879 850
879 851
879 861
879 866
879 872
879 875
879 876
879 879
879 881
879 885
879 889
879 896
879 901
879 903
879 908
879 911
879 912
879 913
879 914
879 919
879 930
879 932
879 935
879 936
879 937
879 941
879 942
879 944
879 946
879 958
879 968
879 971
879 972
879 980
879 983
879 989
879 990
879 993
879 994
879 997
879 1001
879 1003
879 1004
879 1009
879 1019
879 1031
879 1042
879 1043
879 1052
879 1057
879 1065
879 1066
879 1071
879 1076
879 1083
879 1086
879 1096
879 1101
879 1103
879 1104
879 1105
879 1122
879 1131
879 1132
879 1133
879 1138
879 1139
879 1144
879 1149
879 1165
879 1167
879 1178
879 1180
879 1183
879 1184
879 1191
879 1192
879 1194
885 3
885 6
885 9
885 11
885 13
885 19
885 21
885 23
885 29
885 31
885 33
885 34
885 38
885 40
885 42
885 48
885 54
885 62
885 64
885 65
885 69
885 73
885 81
885 85
885 86
885 93
885 98
885 99
885 101
885 110
885 114
885 119
885 127
885 132
885 136
885 145
885 150
885 152
885 155
885 156
885 157
885 158
885 168
885 174
885 177
885 182
885 184
885 197
885 202
885 204
885 205
885 206
885 209
885 210
885 219
885 222
885 226
885 227
885 233
885 238
885 242
885 262
885 269
885 271
885 291
885 306
885 307
885 319
885 326
885 330
885 337
885 339
885 342
885 343
885 347
885 355
885 356
885 357
885 358
885 368
885 369
885 370
885 373
885 375
885 383
885 384
885 386
885 387
885 393
885 409
885 416
885 419
885 420
885 424
885 426
885 427
885 429
885 434
885 440
885 442
885 447
885 453
885 469
885 473
885 478
885 483
885 486
885 491
885 497
885 498
885 505
885 508
885 514
885 519
885 521
885 523
885 527
885 530
885 533
885 540
885 544
885 550
885 552
885 556
885 562
885 578
885 579
885 590
885 593
885 595
885 600
885 615
885 617
885 618
885 619
885 620
885 621
885 626
885 629
885 630
885 633
885 635
885 637
885 639
885 645
885 662
885 673
885 679
885 681
885 683
885 688
885 690
885 691
885 697
885 704
885 709
885 718
885 730
885 735
885 736
885 739
885 741
885 743
885 745
885 746
885 751
885 771
885 775
885 777
885 779
885 780
885 792
885 795
885 800
885 814
885 824
885 831
885 835
885 840
885 841
885 846
885 850
885 854
885 856
885 862
885 864
885 871
885 879
885 883
885 888
885 889
885 897
885 904
885 907
885 909
885 911
885 914
885 916
885 921
885 923
885 925
885 929
885 930
885 932
885 934
885 943
885 947
885 948
885 952
885 960
885 961
885 962
885 972
885 975
885 977
885 984
885 989
885 998
885 999
885 1003
885 1015
885 1017
885 1019
885 1029
885 1034
885 1036
885 1038
885 1040
885 1043
885 1045
885 1047
885 1053
885 1061
885 1064
885 1068
885 1075
885 1078
885 1080
885 1088
885 1094
885 1101
885 1102
885 1104
885 1106
885 1113
885 1117
885 1124
885 1126
885 1130
885 1132
885 1144
885 1147
885 1150
885 1153
885 1154
885 1155
885 1157
885 1159
885 1164
885 1168
885 1171
885 1177
885 1180
885 1189
885 1198
557 16
557 18
557 19
557 21
557 25
557 29
557 30
557 32
557 35
557 46
557 47
557 50
557 59
557 60
557 62
557 68
557 70
557 72
557 78
557 90
557 109
557 113
557 123
557 127
557 130
557 134
557 137
557 149
557 162
557 166
557 167
557 177
557 188
557 192
557 195
557 196
557 204
557 211
557 213
557 214
557 216
557 221
557 223
557 224
557 234
557 241
557 244
557 254
557 256
557 257
557 258
557 259
557 270
557 276
557 278
557 279
557 287
557 302
557 306
557 319
557 323
557 325
557 326
557 335
557 336
557 340
557 341
557 347
557 355
557 356
557 359
557 362
557 366
557 370
557 373
557 374
557 381
557 387
557 393
557 396
557 398
557 401
557 402
557 407
557 410
557 421
557 427
557 429
557 430
557 436
557 437
557 440
557 444
557 448
557 449
557 451
557 452
557 453
557 467
557 468
557 478
557 484
557 485
557 486
557 496
557 505
557 506
557 509
557 511
557 513
557 518
557 521
557 525
557 529
557 532
557 534
557 535
557 544
557 548
557 555
557 557
557 567
557 568
557 575
557 581
557 584
557 588
557 595
557 596
557 599
557 600
557 614
557 617
557 634
557 637
557 645
557 647
557 649
557 650
557 652
557 654
557 656
557 663
557 665
557 667
557 670
557 673
557 674
557 681
557 687
557 691
557 697
557 698
557 699
557 712
557 715
557 717
557 719
557 720
557 724
557 727
557 738
557 742
557 746
557 764
557 769
557 772
557 785
557 786
557 794
557 800
557 809
557 813
557 814
557 815
557 816
557 817
557 819
557 822
557 826
557 827
557 829
557 831
557 837
557 838
557 845
557 848
557 852
557 856
557 862
557 870
557 880
557 881
557 883
557 885
557 886
557 891
557 893
557 897
557 899
557 905
557 909
557 913
557 921
557 923
557 930
557 933
557 935
557 936
557 938
557 939
557 942
557 944
557 947
557 949
557 957
557 960
557 961
557 966
557 993
557 999
557 1000
557 1002
557 1003
557 1004
557 1005
557 1009
557 1014
557 1019
557 1028
557 1034
557 1037
557 1043
557 1047
557 1050
557 1056
557 1058
557 1071
557 1073
557 1075
557 1087
557 1088
557 1091
557 1092
557 1095
557 1110
557 1111
557 1112
557 1122
557 1129
557 1133
557 1137
557 1140
557 1141
557 1147
557 1148
557 1156
557 1157
557 1160
557 1167
557 1171
557 1175
557 1186
557 1188
557 1190
557 1191
557 1192
557 1195
557 1196
557 1199
111 2
111 8
111 21
111 23
111 24
111 31
111 37
111 45
111 46
111 49
111 56
111 63
111 68
111 72
111 76
111 77
111 79
111 83
111 85
111 86
111 91
111 94
111 96
111 104
111 108
111 110
111 122
111 124
111 128
111 134
111 140
111 147
111 151
111 157
111 168
111 170
111 172
111 177
111 180
111 181
111 182
111 195
111 202
111 205
111 207
111 209
111 210
111 218
111 219
111 222
111 230
111 235
111 241
111 246
111 258
111 260
111 269
111 273
111 283
111 285
111 287
111 297
111 298
111 301
111 307
111 310
111 311
111 312
111 314
111 320
111 325
111 327
111 337
111 339
111 346
111 353
111 357
111 362
111 365
111 368
111 373
111 377
111 378
111 384
111 388
111 389
111 395
111 398
111 400
111 402
111 411
111 419
111 428
111 432
111 435
111 443
111 448
111 451
111 452
111 454
111 455
111 459
111 465
111 481
111 484
111 488
111 490
111 504
111 510
111 511
111 513
111 515
111 520
111 529
111 552
111 557
111 566
111 567
111 570
111 577
111 579
111 580
111 582
111 588
111 592
111 598
111 603
111 604
111 605
111 608
111 609
111 610
111 612
111 613
111 614
111 620
111 624
111 631
111 637
111 643
111 645
111 647
111 650
111 656
111 663
111 670
111 681
111 691
111 697
111 707
111 713
111 716
111 717
111 725
111 732
111 733
111 737
111 741
111 744
111 745
111 746
111 754
111 756
111 757
111 759
111 767
111 778
111 781
111 785
111 794
111 795
111 798
111 801
111 807
111 818
111 822
111 832
111 833
111 838
111 840
111 845
111 847
111 848
111 849
111 854
111 867
111 870
111 875
111 876
111 877
111 879
111 883
111 895
111 896
111 901
111 906
111 909
111 915
111 924
111 927
111 934
111 943
111 949
111 951
111 957
111 962
111 973
111 983
111 990
111 991
111 992
111 999
111 1002
111 1010
111 1015
111 1016
111 1023
111 1025
111 1027
111 1028
111 1032
111 1041
111 1042
111 1043
111 1044
111 1047
111 1054
111 1057
111 1064
111 1065
111 1069
111 1074
111 1076
111 1077
111 1081
111 1084
111 1100
111 1103
111 1107
111 1116
111 1120
111 1122
111 1124
111 1129
111 1130
111 1135
111 1144
111 1146
111 1150
111 1159
111 1162
111 1164
111 1167
111 1170
111 1173
111 1181
111 1184
111 1196
111 1198
694 1
694 8
694 18
694 29
694 30
694 33
694 44
694 48
694 49
694 58
694 77
694 84
694 86
694 87
694 90
694 91
694 92
694 94
694 95
694 102
694 104
694 106
694 109
694 112
694 120
694 126
694 130
694 131
694 132
694 136
694 137
694 138
694 142
694 143
694 147
694 157
694 161
694 167
694 173
694 180
694 182
694 184
694 185
694 189
694 190
694 195
694 196
694 208
694 213
694 214
694 218
694 228
694 232
694 253
694 254
694 259
694 267
694 268
694 271
694 273
694 274
694 284
694 287
694 293
694 295
694 302
694 304
694 305
694 308
694 310
694 333
694 334
694 355
694 356
694 357
694 359
694 360
694 362
694 369
694 380
694 390
694 392
694 394
694 401
694 406
694 419
694 428
694 443
694 445
694 458
694 460
694 462
694 474
694 476
694 479
694 484
694 485
694 502
694 503
694 504
694 510
694 512
694 513
694 515
694 523
694 531
694 532
694 533
694 538
694 540
694 543
694 544
694 549
694 563
694 575
694 576
694 577
694 578
694 587
694 590
694 593
694 598
694 602
694 604
694 610
694 616
694 627
694 647
694 653
694 654
694 656
694 660
694 663
694 674
694 675
694 680
694 688
694 689
694 699
694 701
694 704
694 706
694 710
694 731
694 734
694 743
694 744
694 746
694 752
694 761
694 765
694 766
694 771
694 773
694 780
694 785
694 792
694 801
694 810
694 832
694 835
694 838
694 843
694 848
694 851
694 857
694 863
694 871
694 878
694 885
694 886
694 890
694 891
694 902
694 904
694 906
694 916
694 923
694 925
694 926
694 936
694 944
694 948
694 966
694 968
694 977
694 983
694 991
694 994
694 1001
694 1002
694 1009
694 1016
694 1017
694 1021
694 1023
694 1028
694 1031
694 1040
694 1044
694 1048
694 1053
694 1055
694 1058
694 1061
694 1065
694 1076
694 1077
694 1078
694 1079
694 1080
694 1081
694 1091
694 1093
694 1095
694 1109
694 1110
694 1113
694 1115
694 1136
694 1142
694 1144
694 1151
694 1153
694 1155
694 1167
694 1171
694 1176
694 1177
694 1182
694 1186
694 1188
694 1195
