p td 2400 5706 
1878 1
1878 2
1878 13
1878 21
1878 24
1878 41
1878 43
1878 46
1878 51
1878 56
1878 57
1878 62
1878 69
1878 76
1878 80
1878 98
1878 101
1878 105
1878 111
1878 113
1878 118
1878 130
1878 131
1878 140
1878 148
1878 153
1878 166
1878 199
1878 205
1878 207
1878 209
1878 211
1878 213
1878 215
1878 220
1878 223
1878 225
1878 234
1878 236
1878 238
1878 253
1878 254
1878 260
1878 263
1878 268
1878 269
1878 273
1878 286
1878 289
1878 291
1878 296
1878 297
1878 300
1878 309
1878 314
1878 315
1878 318
1878 325
1878 331
1878 338
1878 350
1878 356
1878 360
1878 362
1878 372
1878 376
1878 379
1878 389
1878 407
1878 417
1878 418
1878 423
1878 424
1878 428
1878 437
1878 447
1878 453
1878 454
1878 474
1878 483
1878 494
1878 500
1878 501
1878 512
1878 519
1878 526
1878 529
1878 540
1878 541
1878 542
1878 545
1878 547
1878 549
1878 555
1878 563
1878 566
1878 567
1878 568
1878 569
1878 570
1878 571
1878 573
1878 580
1878 581
1878 597
1878 602
1878 608
1878 611
1878 614
1878 625
1878 635
1878 658
1878 662
1878 666
1878 676
1878 682
1878 683
1878 690
1878 701
1878 706
1878 711
1878 716
1878 717
1878 719
1878 729
1878 735
1878 739
1878 749
1878 751
1878 755
1878 756
1878 757
1878 758
1878 763
1878 765
1878 771
1878 774
1878 775
1878 782
1878 797
1878 804
1878 819
1878 820
1878 822
1878 830
1878 832
1878 844
1878 855
1878 862
1878 866
1878 869
1878 870
1878 874
1878 884
1878 885
1878 900
1878 903
1878 906
1878 910
1878 914
1878 915
1878 917
1878 923
1878 927
1878 930
1878 931
1878 940
1878 942
1878 945
1878 947
1878 950
1878 953
1878 956
1878 958
1878 971
1878 975
1878 977
1878 981
1878 983
1878 984
1878 997
1878 999
1878 1011
1878 1015
1878 1018
1878 1022
1878 1024
1878 1025
1878 1029
1878 1037
1878 1038
1878 1041
1878 1044
1878 1051
1878 1057
1878 1058
1878 1063
1878 1072
1878 1075
1878 1077
1878 1084
1878 1093
1878 1097
1878 1098
1878 1108
1878 1110
1878 1121
1878 1123
1878 1128
1878 1138
1878 1140
1878 1142
1878 1146
1878 1150
1878 1159
1878 1160
1878 1161
1878 1164
1878 1167
1878 1179
1878 1180
1878 1184
1878 1188
1878 1193
1878 1197
1878 1200
1878 1202
1878 1203
1878 1208
1878 1210
1878 1215
1878 1219
1878 1221
1878 1235
1878 1237
1878 1238
1878 1240
1878 1245
1878 1246
1878 1255
1878 1256
1878 1257
1878 1261
1878 1264
1878 1267
1878 1269
1878 1272
1878 1277
1878 1282
1878 1289
1878 1291
1878 1308
1878 1315
1878 1319
1878 1334
1878 1335
1878 1337
1878 1340
1878 1342
1878 1345
1878 1350
1878 1357
1878 1366
1878 1375
1878 1392
1878 1395
1878 1418
1878 1431
1878 1436
1878 1440
1878 1446
1878 1447
1878 1452
1878 1457
1878 1463
1878 1474
1878 1476
1878 1490
1878 1492
1878 1495
1878 1499
1878 1511
1878 1512
1878 1517
1878 1528
1878 1532
1878 1541
1878 1546
1878 1548
1878 1552
1878 1554
1878 1557
1878 1558
1878 1563
1878 1574
1878 1581
1878 1585
1878 1589
1878 1590
1878 1591
1878 1595
1878 1598
1878 1601
1878 1602
1878 1605
1878 1606
1878 1613
1878 1617
1878 1628
1878 1638
1878 1639
1878 1643
1878 1648
1878 1656
1878 1658
1878 1659
1878 1662
1878 1664
1878 1666
1878 1670
1878 1673
1878 1676
1878 1677
1878 1678
1878 1681
1878 1684
1878 1686
1878 1695
1878 1702
1878 1712
1878 1713
1878 1716
1878 1719
1878 1731
1878 1734
1878 1738
1878 1740
1878 1746
1878 1747
1878 1749
1878 1754
1878 1761
1878 1764
1878 1769
1878 1770
1878 1772
1878 1775
1878 1779
1878 1786
1878 1789
1878 1793
1878 1795
1878 1796
1878 1801
1878 1802
1878 1810
1878 1811
1878 1813
1878 1817
1878 1825
1878 1826
1878 1827
1878 1830
1878 1831
1878 1839
1878 1849
1878 1859
1878 1860
1878 1869
1878 1870
1878 1873
1878 1874
1878 1881
1878 1888
1878 1890
1878 1895
1878 1901
1878 1902
1878 1914
1878 1919
1878 1921
1878 1924
1878 1933
1878 1935
1878 1946
1878 1947
1878 1951
1878 1960
1878 1961
1878 1964
1878 1966
1878 1974
1878 1976
1878 1979
1878 1984
1878 1986
1878 1994
1878 2002
1878 2013
1878 2018
1878 2020
1878 2021
1878 2028
1878 2031
1878 2037
1878 2044
1878 2049
1878 2055
1878 2071
1878 2073
1878 2082
1878 2085
1878 2088
1878 2100
1878 2108
1878 2109
1878 2115
1878 2124
1878 2125
1878 2127
1878 2133
1878 2149
1878 2161
1878 2165
1878 2166
1878 2168
1878 2169
1878 2170
1878 2171
1878 2174
1878 2179
1878 2181
1878 2189
1878 2195
1878 2199
1878 2205
1878 2207
1878 2227
1878 2228
1878 2237
1878 2238
1878 2243
1878 2245
1878 2248
1878 2259
1878 2267
1878 2269
1878 2270
1878 2277
1878 2283
1878 2285
1878 2290
1878 2291
1878 2306
1878 2311
1878 2313
1878 2315
1878 2321
1878 2323
1878 2329
1878 2330
1878 2333
1878 2335
1878 2347
1878 2365
1878 2366
1878 2380
1878 2381
1878 2382
1878 2386
1878 2387
1878 2391
1878 2392
666 8
666 9
666 10
666 12
666 17
666 32
666 52
666 72
666 76
666 95
666 114
666 115
666 117
666 126
666 133
666 136
666 148
666 152
666 157
666 166
666 170
666 175
666 180
666 181
666 182
666 184
666 185
666 197
666 198
666 201
666 202
666 203
666 204
666 214
666 217
666 218
666 220
666 222
666 226
666 230
666 237
666 238
666 243
666 250
666 254
666 256
666 265
666 267
666 279
666 282
666 286
666 295
666 297
666 301
666 305
666 318
666 329
666 337
666 343
666 345
666 346
666 351
666 352
666 356
666 359
666 364
666 369
666 373
666 376
666 385
666 390
666 392
666 397
666 403
666 411
666 412
666 416
666 419
666 420
666 421
666 423
666 426
666 429
666 436
666 444
666 445
666 451
666 455
666 456
666 463
666 464
666 467
666 475
666 477
666 482
666 488
666 491
666 494
666 503
666 505
666 506
666 515
666 521
666 522
666 526
666 530
666 533
666 543
666 544
666 547
666 554
666 555
666 561
666 564
666 569
666 570
666 572
666 573
666 577
666 578
666 592
666 594
666 595
666 599
666 601
666 602
666 603
666 609
666 612
666 620
666 624
666 637
666 644
666 648
666 655
666 658
666 662
666 663
666 675
666 677
666 685
666 698
666 714
666 716
666 718
666 720
666 723
666 724
666 725
666 739
666 740
666 753
666 754
666 755
666 757
666 760
666 768
666 772
666 774
666 777
666 780
666 784
666 788
666 793
666 799
666 801
666 802
666 805
666 806
666 810
666 813
666 816
666 822
666 824
666 828
666 835
666 836
666 843
666 846
666 849
666 859
666 876
666 877
666 881
666 898
666 899
666 919
666 923
666 925
666 929
666 943
666 954
666 956
666 957
666 963
666 969
666 975
666 977
666 978
666 980
666 981
666 992
666 1011
666 1022
666 1023
666 1024
666 1026
666 1035
666 1038
666 1040
666 1043
666 1045
666 1046
666 1052
666 1056
666 1066
666 1067
666 1068
666 1069
666 1073
666 1074
666 1079
666 1082
666 1085
666 1086
666 1104
666 1105
666 1106
666 1108
666 1112
666 1113
666 1114
666 1120
666 1121
666 1122
666 1142
666 1154
666 1163
666 1164
666 1166
666 1170
666 1178
666 1181
666 1183
666 1196
666 1198
666 1199
666 1200
666 1201
666 1214
666 1218
666 1228
666 1233
666 1234
666 1258
666 1280
666 1285
666 1287
666 1291
666 1297
666 1300
666 1302
666 1305
666 1311
666 1323
666 1325
666 1340
666 1344
666 1349
666 1353
666 1355
666 1356
666 1357
666 1377
666 1383
666 1393
666 1399
666 1402
666 1404
666 1413
666 1417
666 1423
666 1428
666 1433
666 1435
666 1441
666 1444
666 1453
666 1456
666 1463
666 1466
666 1469
666 1474
666 1481
666 1483
666 1486
666 1488
666 1491
666 1495
666 1505
666 1508
666 1512
666 1515
666 1520
666 1523
666 1525
666 1531
666 1533
666 1535
666 1539
666 1545
666 1547
666 1563
666 1564
666 1568
666 1569
666 1574
666 1578
666 1583
666 1586
666 1587
666 1589
666 1591
666 1592
666 1594
666 1596
666 1606
666 1607
666 1629
666 1634
666 1638
666 1670
666 1684
666 1685
666 1704
666 1705
666 1706
666 1740
666 1747
666 1755
666 1757
666 1767
666 1783
666 1785
666 1786
666 1796
666 1806
666 1811
666 1812
666 1815
666 1823
666 1830
666 1834
666 1837
666 1838
666 1839
666 1844
666 1847
666 1852
666 1858
666 1860
666 1870
666 1882
666 1890
666 1900
666 1902
666 1904
666 1905
666 1913
666 1915
666 1931
666 1934
666 1937
666 1941
666 1947
666 1948
666 1949
666 1951
666 1954
666 1965
666 1969
666 1975
666 1982
666 2002
666 2007
666 2013
666 2015
666 2027
666 2036
666 2039
666 2042
666 2049
666 2053
666 2055
666 2059
666 2061
666 2064
666 2067
666 2068
666 2070
666 2078
666 2086
666 2095
666 2104
666 2105
666 2116
666 2117
666 2120
666 2121
666 2130
666 2151
666 2157
666 2158
666 2165
666 2168
666 2171
666 2185
666 2192
666 2195
666 2197
666 2198
666 2214
666 2217
666 2219
666 2222
666 2224
666 2230
666 2233
666 2236
666 2242
666 2245
666 2262
666 2263
666 2274
666 2277
666 2279
666 2285
666 2291
666 2294
666 2296
666 2302
666 2318
666 2324
666 2325
666 2330
666 2334
666 2337
666 2338
666 2340
666 2341
666 2344
666 2346
666 2347
666 2349
666 2350
666 2354
666 2356
666 2361
666 2362
666 2373
666 2374
666 2383
666 2394
666 2399
524 19
524 21
524 26
524 32
524 35
524 36
524 42
524 45
524 48
524 58
524 62
524 64
524 72
524 73
524 75
524 86
524 87
524 90
524 98
524 126
524 130
524 131
524 134
524 135
524 146
524 147
524 152
524 155
524 156
524 161
524 180
524 185
524 187
524 191
524 197
524 200
524 203
524 215
524 223
524 229
524 233
524 244
524 249
524 252
524 253
524 256
524 258
524 263
524 271
524 279
524 282
524 291
524 295
524 301
524 303
524 306
524 318
524 319
524 321
524 324
524 326
524 330
524 345
524 347
524 354
524 358
524 363
524 369
524 382
524 384
524 390
524 394
524 404
524 408
524 412
524 413
524 414
524 415
524 426
524 428
524 429
524 430
524 432
524 433
524 437
524 439
524 441
524 443
524 454
524 471
524 472
524 473
524 475
524 483
524 484
524 485
524 486
524 500
524 503
524 504
524 507
524 511
524 525
524 529
524 533
524 547
524 557
524 574
524 576
524 578
524 580
524 581
524 582
524 605
524 606
524 610
524 615
524 620
524 622
524 623
524 634
524 635
524 642
524 649
524 656
524 658
524 664
524 668
524 674
524 678
524 680
524 683
524 692
524 693
524 704
524 712
524 716
524 723
524 726
524 733
524 736
524 737
524 739
524 745
524 747
524 753
524 759
524 765
524 772
524 774
524 785
524 789
524 791
524 792
524 801
524 804
524 810
524 814
524 817
524 823
524 825
524 826
524 834
524 835
524 838
524 839
524 840
524 843
524 845
524 849
524 852
524 853
524 856
524 858
524 867
524 873
524 877
524 879
524 887
524 892
524 901
524 902
524 915
524 924
524 925
524 928
524 929
524 940
524 942
524 945
524 973
524 974
524 975
524 976
524 978
524 993
524 1014
524 1017
524 1019
524 1020
524 1021
524 1037
524 1044
524 1050
524 1068
524 1071
524 1072
524 1077
524 1089
524 1092
524 1093
524 1100
524 1103
524 1116
524 1118
524 1133
524 1135
524 1143
524 1151
524 1152
524 1153
524 1157
524 1158
524 1178
524 1180
524 1188
524 1191
524 1193
524 1197
524 1199
524 1204
524 1209
524 1214
524 1218
524 1224
524 1226
524 1230
524 1233
524 1236
524 1239
524 1241
524 1253
524 1258
524 1263
524 1266
524 1269
524 1271
524 1276
524 1279
524 1282
524 1284
524 1287
524 1292
524 1295
524 1296
524 1297
524 1299
524 1307
524 1309
524 1310
524 1312
524 1316
524 1325
524 1326
524 1328
524 1332
524 1336
524 1342
524 1344
524 1347
524 1350
524 1356
524 1357
524 1359
524 1366
524 1373
524 1375
524 1376
524 1385
524 1387
524 1399
524 1400
524 1402
524 1405
524 1409
524 1418
524 1420
524 1422
524 1430
524 1432
524 1435
524 1438
524 1439
524 1446
524 1451
524 1459
524 1464
524 1467
524 1475
524 1476
524 1480
524 1491
524 1495
524 1497
524 1500
524 1504
524 1507
524 1514
524 1517
524 1522
524 1534
524 1547
524 1557
524 1562
524 1575
524 1578
524 1589
524 1592
524 1596
524 1608
524 1613
524 1621
524 1623
524 1627
524 1633
524 1637
524 1639
524 1645
524 1646
524 1649
524 1663
524 1672
524 1673
524 1678
524 1682
524 1683
524 1687
524 1692
524 1703
524 1704
524 1714
524 1718
524 1720
524 1728
524 1736
524 1737
524 1739
524 1743
524 1754
524 1756
524 1758
524 1771
524 1779
524 1788
524 1806
524 1811
524 1814
524 1821
524 1824
524 1830
524 1840
524 1844
524 1859
524 1863
524 1865
524 1866
524 1867
524 1874
524 1878
524 1879
524 1886
524 1914
524 1915
524 1917
524 1924
524 1926
524 1931
524 1936
524 1943
524 1948
524 1950
524 1957
524 1961
524 1968
524 1969
524 1970
524 1978
524 1989
524 1994
524 1999
524 2003
524 2016
524 2017
524 2020
524 2021
524 2023
524 2024
524 2026
524 2029
524 2032
524 2033
524 2035
524 2042
524 2044
524 2048
524 2052
524 2054
524 2063
524 2068
524 2070
524 2077
524 2079
524 2080
524 2088
524 2094
524 2097
524 2100
524 2105
524 2112
524 2113
524 2118
524 2124
524 2131
524 2135
524 2139
524 2146
524 2149
524 2151
524 2153
524 2157
524 2165
524 2167
524 2168
524 2169
524 2170
524 2174
524 2176
524 2182
524 2186
524 2190
524 2192
524 2195
524 2202
524 2207
524 2211
524 2213
524 2217
524 2223
524 2224
524 2225
524 2230
524 2231
524 2239
524 2248
524 2249
524 2252
524 2270
524 2277
524 2278
524 2281
524 2285
524 2287
524 2294
524 2296
524 2299
524 2304
524 2320
524 2323
524 2329
524 2339
524 2352
524 2357
524 2362
524 2365
524 2369
524 2370
524 2373
524 2380
524 2381
2191 5
2191 6
2191 11
2191 18
2191 20
2191 24
2191 30
2191 33
2191 35
2191 54
2191 58
2191 61
2191 67
2191 73
2191 76
2191 82
2191 83
2191 88
2191 90
2191 94
2191 95
2191 96
2191 97
2191 99
2191 100
2191 103
2191 110
2191 117
2191 118
2191 120
2191 121
2191 122
2191 125
2191 126
2191 135
2191 139
2191 148
2191 150
2191 154
2191 156
2191 159
2191 160
2191 161
2191 166
2191 169
2191 174
2191 183
2191 186
2191 190
2191 193
2191 200
2191 201
2191 202
2191 207
2191 214
2191 224
2191 226
2191 229
2191 230
2191 234
2191 236
2191 240
2191 242
2191 254
2191 258
2191 264
2191 265
2191 266
2191 268
2191 278
2191 288
2191 289
2191 297
2191 312
2191 328
2191 330
2191 331
2191 333
2191 334
2191 335
2191 339
2191 343
2191 351
2191 357
2191 362
2191 365
2191 372
2191 380
2191 381
2191 382
2191 386
2191 387
2191 388
2191 397
2191 398
2191 402
2191 405
2191 413
2191 414
2191 415
2191 419
2191 422
2191 433
2191 435
2191 437
2191 446
2191 448
2191 450
2191 452
2191 454
2191 463
2191 465
2191 469
2191 474
2191 475
2191 480
2191 482
2191 516
2191 517
2191 519
2191 524
2191 533
2191 534
2191 536
2191 538
2191 539
2191 542
2191 551
2191 552
2191 554
2191 556
2191 567
2191 569
2191 571
2191 581
2191 594
2191 596
2191 600
2191 605
2191 609
2191 610
2191 614
2191 617
2191 623
2191 634
2191 639
2191 643
2191 644
2191 646
2191 658
2191 662
2191 663
2191 666
2191 676
2191 687
2191 693
2191 694
2191 704
2191 708
2191 710
2191 712
2191 723
2191 724
2191 725
2191 726
2191 730
2191 736
2191 737
2191 760
2191 782
2191 785
2191 793
2191 798
2191 802
2191 806
2191 807
2191 809
2191 813
2191 821
2191 827
2191 829
2191 837
2191 841
2191 842
2191 848
2191 854
2191 861
2191 862
2191 871
2191 879
2191 880
2191 882
2191 883
2191 884
2191 891
2191 893
2191 895
2191 896
2191 897
2191 909
2191 925
2191 932
2191 933
2191 941
2191 942
2191 950
2191 958
2191 962
2191 963
2191 964
2191 969
2191 971
2191 974
2191 982
2191 990
2191 991
2191 992
2191 999
2191 1000
2191 1005
2191 1011
2191 1013
2191 1016
2191 1019
2191 1020
2191 1025
2191 1037
2191 1039
2191 1050
2191 1058
2191 1064
2191 1069
2191 1076
2191 1083
2191 1089
2191 1101
2191 1102
2191 1118
2191 1124
2191 1127
2191 1134
2191 1137
2191 1142
2191 1147
2191 1148
2191 1153
2191 1154
2191 1157
2191 1162
2191 1174
2191 1178
2191 1183
2191 1186
2191 1194
2191 1202
2191 1210
2191 1224
2191 1228
2191 1229
2191 1237
2191 1241
2191 1244
2191 1256
2191 1258
2191 1261
2191 1266
2191 1271
2191 1277
2191 1294
2191 1301
2191 1318
2191 1325
2191 1332
2191 1338
2191 1359
2191 1363
2191 1368
2191 1371
2191 1375
2191 1379
2191 1389
2191 1393
2191 1395
2191 1397
2191 1398
2191 1400
2191 1404
2191 1405
2191 1409
2191 1413
2191 1429
2191 1430
2191 1436
2191 1442
2191 1447
2191 1459
2191 1463
2191 1473
2191 1475
2191 1478
2191 1479
2191 1481
2191 1482
2191 1484
2191 1486
2191 1497
2191 1502
2191 1503
2191 1507
2191 1515
2191 1516
2191 1526
2191 1532
2191 1542
2191 1543
2191 1549
2191 1558
2191 1563
2191 1569
2191 1570
2191 1578
2191 1579
2191 1585
2191 1586
2191 1594
2191 1596
2191 1610
2191 1622
2191 1624
2191 1625
2191 1630
2191 1637
2191 1639
2191 1641
2191 1651
2191 1655
2191 1656
2191 1662
2191 1663
2191 1666
2191 1670
2191 1678
2191 1707
2191 1708
2191 1709
2191 1714
2191 1716
2191 1723
2191 1724
2191 1727
2191 1735
2191 1744
2191 1751
2191 1753
2191 1755
2191 1764
2191 1772
2191 1784
2191 1786
2191 1790
2191 1791
2191 1795
2191 1808
2191 1813
2191 1821
2191 1822
2191 1838
2191 1839
2191 1849
2191 1850
2191 1863
2191 1864
2191 1870
2191 1871
2191 1888
2191 1889
2191 1892
2191 1898
2191 1906
2191 1907
2191 1913
2191 1921
2191 1922
2191 1934
2191 1935
2191 1941
2191 1945
2191 1946
2191 1949
2191 1953
2191 1962
2191 1967
2191 1968
2191 1973
2191 1980
2191 1985
2191 1990
2191 1991
2191 2005
2191 2007
2191 2010
2191 2013
2191 2018
2191 2029
2191 2032
2191 2033
2191 2037
2191 2041
2191 2053
2191 2054
2191 2056
2191 2059
2191 2060
2191 2066
2191 2068
2191 2073
2191 2075
2191 2076
2191 2077
2191 2078
2191 2083
2191 2093
2191 2098
2191 2101
2191 2105
2191 2107
2191 2112
2191 2115
2191 2118
2191 2131
2191 2141
2191 2142
2191 2145
2191 2149
2191 2162
2191 2166
2191 2170
2191 2186
2191 2191
2191 2201
2191 2204
2191 2217
2191 2223
2191 2225
2191 2235
2191 2239
2191 2255
2191 2265
2191 2273
2191 2284
2191 2288
2191 2293
2191 2305
2191 2310
2191 2320
2191 2322
2191 2324
2191 2328
2191 2337
2191 2348
2191 2351
2191 2357
2191 2358
2191 2366
2191 2369
2191 2379
2191 2380
2191 2384
2191 2393
2191 2395
2191 2396
2250 5
2250 9
2250 12
2250 16
2250 24
2250 27
2250 37
2250 40
2250 47
2250 52
2250 53
2250 57
2250 58
2250 71
2250 74
2250 75
2250 78
2250 80
2250 81
2250 82
2250 103
2250 106
2250 107
2250 108
2250 114
2250 115
2250 136
2250 141
2250 142
2250 152
2250 160
2250 163
2250 181
2250 183
2250 187
2250 194
2250 202
2250 203
2250 205
2250 211
2250 214
2250 216
2250 217
2250 226
2250 232
2250 237
2250 240
2250 245
2250 247
2250 251
2250 258
2250 260
2250 262
2250 266
2250 268
2250 269
2250 275
2250 279
2250 288
2250 289
2250 292
2250 298
2250 302
2250 303
2250 306
2250 307
2250 313
2250 319
2250 321
2250 327
2250 328
2250 332
2250 335
2250 345
2250 346
2250 349
2250 351
2250 353
2250 357
2250 362
2250 367
2250 370
2250 372
2250 373
2250 377
2250 387
2250 389
2250 403
2250 407
2250 418
2250 425
2250 427
2250 436
2250 448
2250 456
2250 463
2250 465
2250 474
2250 479
2250 492
2250 498
2250 502
2250 507
2250 514
2250 515
2250 519
2250 520
2250 524
2250 525
2250 526
2250 529
2250 565
2250 575
2250 585
2250 586
2250 587
2250 593
2250 608
2250 609
2250 611
2250 618
2250 622
2250 628
2250 632
2250 635
2250 639
2250 642
2250 648
2250 649
2250 653
2250 655
2250 660
2250 663
2250 670
2250 676
2250 677
2250 685
2250 698
2250 700
2250 701
2250 704
2250 715
2250 720
2250 721
2250 722
2250 727
2250 737
2250 739
2250 759
2250 762
2250 771
2250 773
2250 775
2250 778
2250 793
2250 797
2250 801
2250 802
2250 804
2250 805
2250 808
2250 812
2250 817
2250 822
2250 829
2250 833
2250 834
2250 840
2250 845
2250 852
2250 857
2250 860
2250 864
2250 880
2250 884
2250 889
2250 891
2250 892
2250 896
2250 899
2250 903
2250 904
2250 906
2250 909
2250 910
2250 938
2250 946
2250 948
2250 956
2250 961
2250 964
2250 969
2250 972
2250 977
2250 983
2250 984
2250 992
2250 993
2250 998
2250 1004
2250 1006
2250 1016
2250 1018
2250 1033
2250 1035
2250 1042
2250 1043
2250 1052
2250 1057
2250 1061
2250 1069
2250 1072
2250 1073
2250 1075
2250 1077
2250 1081
2250 1086
2250 1089
2250 1092
2250 1095
2250 1100
2250 1105
2250 1108
2250 1115
2250 1117
2250 1119
2250 1122
2250 1132
2250 1139
2250 1147
2250 1148
2250 1153
2250 1156
2250 1159
2250 1165
2250 1167
2250 1178
2250 1184
2250 1188
2250 1190
2250 1191
2250 1202
2250 1207
2250 1210
2250 1213
2250 1215
2250 1218
2250 1219
2250 1222
2250 1223
2250 1224
2250 1239
2250 1244
2250 1245
2250 1257
2250 1261
2250 1264
2250 1276
2250 1280
2250 1281
2250 1292
2250 1304
2250 1308
2250 1312
2250 1317
2250 1320
2250 1335
2250 1341
2250 1353
2250 1357
2250 1359
2250 1366
2250 1367
2250 1373
2250 1375
2250 1384
2250 1386
2250 1389
2250 1405
2250 1406
2250 1409
2250 1415
2250 1436
2250 1441
2250 1444
2250 1453
2250 1462
2250 1464
2250 1471
2250 1473
2250 1474
2250 1478
2250 1490
2250 1494
2250 1502
2250 1503
2250 1513
2250 1514
2250 1520
2250 1525
2250 1528
2250 1530
2250 1534
2250 1535
2250 1537
2250 1540
2250 1544
2250 1549
2250 1556
2250 1580
2250 1582
2250 1594
2250 1596
2250 1602
2250 1603
2250 1610
2250 1611
2250 1612
2250 1619
2250 1621
2250 1623
2250 1626
2250 1640
2250 1651
2250 1657
2250 1671
2250 1674
2250 1683
2250 1684
2250 1685
2250 1686
2250 1690
2250 1692
2250 1695
2250 1703
2250 1709
2250 1713
2250 1717
2250 1719
2250 1722
2250 1726
2250 1728
2250 1733
2250 1736
2250 1752
2250 1755
2250 1775
2250 1777
2250 1780
2250 1795
2250 1799
2250 1802
2250 1811
2250 1813
2250 1815
2250 1817
2250 1825
2250 1826
2250 1829
2250 1834
2250 1845
2250 1858
2250 1859
2250 1866
2250 1867
2250 1872
2250 1876
2250 1880
2250 1884
2250 1888
2250 1891
2250 1896
2250 1901
2250 1909
2250 1912
2250 1917
2250 1918
2250 1919
2250 1927
2250 1931
2250 1935
2250 1951
2250 1955
2250 1969
2250 1977
2250 1979
2250 1984
2250 1985
2250 1993
2250 1997
2250 2000
2250 2001
2250 2017
2250 2030
2250 2035
2250 2038
2250 2051
2250 2061
2250 2062
2250 2064
2250 2072
2250 2073
2250 2075
2250 2077
2250 2080
2250 2085
2250 2086
2250 2089
2250 2100
2250 2109
2250 2110
2250 2119
2250 2121
2250 2123
2250 2124
2250 2127
2250 2128
2250 2147
2250 2149
2250 2150
2250 2152
2250 2153
2250 2160
2250 2178
2250 2184
2250 2188
2250 2191
2250 2194
2250 2195
2250 2201
2250 2203
2250 2210
2250 2212
2250 2223
2250 2226
2250 2244
2250 2245
2250 2246
2250 2252
2250 2257
2250 2263
2250 2264
2250 2269
2250 2273
2250 2274
2250 2285
2250 2287
2250 2297
2250 2301
2250 2308
2250 2313
2250 2317
2250 2325
2250 2326
2250 2327
2250 2332
2250 2337
2250 2339
2250 2340
2250 2343
2250 2346
2250 2349
2250 2356
2250 2362
2250 2366
2250 2369
2250 2375
2250 2380
2250 2391
2250 2392
2250 2396
1275 17
1275 19
1275 32
1275 38
1275 39
1275 44
1275 49
1275 50
1275 51
1275 63
1275 64
1275 68
1275 75
1275 81
1275 85
1275 86
1275 91
1275 107
1275 108
1275 110
1275 111
1275 115
1275 116
1275 117
1275 119
1275 126
1275 127
1275 131
1275 139
1275 147
1275 152
1275 163
1275 167
1275 168
1275 171
1275 186
1275 189
1275 197
1275 198
1275 201
1275 208
1275 220
1275 221
1275 225
1275 227
1275 236
1275 258
1275 261
1275 267
1275 294
1275 295
1275 296
1275 300
1275 307
1275 308
1275 319
1275 334
1275 337
1275 339
1275 342
1275 346
1275 347
1275 357
1275 360
1275 371
1275 373
1275 384
1275 386
1275 393
1275 396
1275 403
1275 415
1275 418
1275 427
1275 432
1275 437
1275 449
1275 458
1275 459
1275 460
1275 463
1275 466
1275 468
1275 479
1275 480
1275 482
1275 484
1275 485
1275 486
1275 488
1275 504
1275 506
1275 507
1275 519
1275 524
1275 528
1275 531
1275 533
1275 536
1275 545
1275 552
1275 557
1275 565
1275 577
1275 586
1275 588
1275 589
1275 591
1275 599
1275 602
1275 605
1275 615
1275 618
1275 620
1275 629
1275 630
1275 638
1275 643
1275 644
1275 645
1275 647
1275 654
1275 664
1275 667
1275 672
1275 675
1275 677
1275 684
1275 687
1275 688
1275 699
1275 709
1275 714
1275 715
1275 721
1275 731
1275 737
1275 740
1275 741
1275 751
1275 754
1275 763
1275 765
1275 777
1275 780
1275 790
1275 804
1275 807
1275 811
1275 818
1275 826
1275 828
1275 829
1275 832
1275 834
1275 836
1275 841
1275 847
1275 862
1275 863
1275 864
1275 873
1275 876
1275 879
1275 883
1275 895
1275 896
1275 898
1275 905
1275 913
1275 914
1275 917
1275 925
1275 929
1275 941
1275 942
1275 957
1275 966
1275 968
1275 971
1275 976
1275 977
1275 987
1275 988
1275 990
1275 994
1275 997
1275 1008
1275 1012
1275 1024
1275 1027
1275 1031
1275 1034
1275 1040
1275 1046
1275 1055
1275 1056
1275 1063
1275 1076
1275 1079
1275 1087
1275 1093
1275 1094
1275 1105
1275 1115
1275 1120
1275 1125
1275 1127
1275 1135
1275 1137
1275 1139
1275 1156
1275 1166
1275 1173
1275 1174
1275 1175
1275 1177
1275 1178
1275 1197
1275 1203
1275 1205
1275 1209
1275 1210
1275 1217
1275 1235
1275 1237
1275 1246
1275 1247
1275 1249
1275 1252
1275 1254
1275 1266
1275 1283
1275 1288
1275 1291
1275 1292
1275 1295
1275 1296
1275 1312
1275 1314
1275 1319
1275 1320
1275 1323
1275 1325
1275 1328
1275 1330
1275 1331
1275 1341
1275 1347
1275 1350
1275 1351
1275 1352
1275 1354
1275 1357
1275 1358
1275 1360
1275 1366
1275 1370
1275 1374
1275 1376
1275 1379
1275 1380
1275 1385
1275 1397
1275 1406
1275 1409
1275 1412
1275 1414
1275 1421
1275 1425
1275 1426
1275 1427
1275 1428
1275 1429
1275 1442
1275 1443
1275 1445
1275 1450
1275 1453
1275 1471
1275 1473
1275 1474
1275 1476
1275 1481
1275 1490
1275 1509
1275 1513
1275 1514
1275 1516
1275 1522
1275 1525
1275 1530
1275 1531
1275 1532
1275 1535
1275 1537
1275 1544
1275 1547
1275 1549
1275 1551
1275 1558
1275 1560
1275 1561
1275 1585
1275 1586
1275 1588
1275 1589
1275 1591
1275 1600
1275 1602
1275 1604
1275 1607
1275 1608
1275 1609
1275 1615
1275 1618
1275 1619
1275 1625
1275 1630
1275 1634
1275 1635
1275 1637
1275 1642
1275 1651
1275 1656
1275 1661
1275 1665
1275 1666
1275 1674
1275 1677
1275 1696
1275 1702
1275 1706
1275 1708
1275 1713
1275 1719
1275 1728
1275 1729
1275 1733
1275 1747
1275 1752
1275 1756
1275 1759
1275 1765
1275 1766
1275 1767
1275 1769
1275 1773
1275 1779
1275 1783
1275 1787
1275 1790
1275 1796
1275 1797
1275 1799
1275 1803
1275 1805
1275 1808
1275 1814
1275 1819
1275 1824
1275 1826
1275 1831
1275 1834
1275 1836
1275 1841
1275 1855
1275 1868
1275 1874
1275 1877
1275 1879
1275 1888
1275 1891
1275 1893
1275 1896
1275 1900
1275 1908
1275 1914
1275 1915
1275 1918
1275 1921
1275 1922
1275 1926
1275 1936
1275 1945
1275 1949
1275 1950
1275 1952
1275 1954
1275 1957
1275 1960
1275 1961
1275 1962
1275 1963
1275 1966
1275 1967
1275 1968
1275 1980
1275 1983
1275 1986
1275 1990
1275 2006
1275 2007
1275 2008
1275 2010
1275 2015
1275 2018
1275 2025
1275 2029
1275 2036
1275 2039
1275 2042
1275 2043
1275 2044
1275 2045
1275 2053
1275 2054
1275 2059
1275 2061
1275 2070
1275 2072
1275 2073
1275 2077
1275 2086
1275 2089
1275 2091
1275 2095
1275 2101
1275 2102
1275 2111
1275 2128
1275 2138
1275 2148
1275 2156
1275 2161
1275 2166
1275 2173
1275 2176
1275 2182
1275 2183
1275 2186
1275 2203
1275 2208
1275 2209
1275 2219
1275 2224
1275 2230
1275 2236
1275 2237
1275 2239
1275 2240
1275 2244
1275 2250
1275 2254
1275 2256
1275 2259
1275 2267
1275 2269
1275 2271
1275 2284
1275 2286
1275 2292
1275 2300
1275 2303
1275 2308
1275 2311
1275 2313
1275 2318
1275 2325
1275 2326
1275 2327
1275 2332
1275 2334
1275 2353
1275 2354
1275 2360
1275 2361
1275 2364
1275 2379
1275 2387
1275 2392
1275 2396
1605 7
1605 15
1605 38
1605 44
1605 45
1605 46
1605 50
1605 51
1605 61
1605 66
1605 94
1605 96
1605 99
1605 100
1605 105
1605 106
1605 107
1605 118
1605 122
1605 124
1605 127
1605 128
1605 131
1605 133
1605 142
1605 143
1605 148
1605 149
1605 160
1605 181
1605 184
1605 209
1605 224
1605 228
1605 229
1605 230
1605 240
1605 251
1605 252
1605 255
1605 261
1605 267
1605 271
1605 274
1605 283
1605 284
1605 286
1605 288
1605 297
1605 333
1605 340
1605 342
1605 347
1605 361
1605 363
1605 364
1605 368
1605 369
1605 371
1605 378
1605 380
1605 381
1605 389
1605 395
1605 400
1605 401
1605 412
1605 414
1605 416
1605 417
1605 427
1605 428
1605 432
1605 434
1605 439
1605 442
1605 444
1605 446
1605 447
1605 451
1605 464
1605 466
1605 468
1605 480
1605 482
1605 488
1605 491
1605 493
1605 494
1605 495
1605 498
1605 504
1605 506
1605 507
1605 512
1605 514
1605 520
1605 524
1605 530
1605 535
1605 552
1605 572
1605 578
1605 586
1605 587
1605 591
1605 599
1605 603
1605 605
1605 608
1605 616
1605 617
1605 621
1605 622
1605 627
1605 630
1605 631
1605 635
1605 640
1605 642
1605 648
1605 649
1605 653
1605 655
1605 657
1605 672
1605 690
1605 693
1605 697
1605 701
1605 709
1605 714
1605 721
1605 723
1605 728
1605 732
1605 735
1605 741
1605 744
1605 746
1605 749
1605 753
1605 756
1605 758
1605 759
1605 770
1605 774
1605 777
1605 781
1605 784
1605 786
1605 800
1605 805
1605 806
1605 809
1605 815
1605 817
1605 824
1605 830
1605 832
1605 845
1605 847
1605 849
1605 850
1605 851
1605 855
1605 860
1605 879
1605 899
1605 902
1605 906
1605 912
1605 921
1605 926
1605 930
1605 931
1605 932
1605 940
1605 942
1605 945
1605 949
1605 954
1605 957
1605 960
1605 967
1605 972
1605 978
1605 982
1605 988
1605 995
1605 996
1605 1014
1605 1015
1605 1023
1605 1034
1605 1037
1605 1041
1605 1042
1605 1044
1605 1047
1605 1053
1605 1059
1605 1064
1605 1075
1605 1080
1605 1082
1605 1088
1605 1090
1605 1094
1605 1112
1605 1113
1605 1115
1605 1118
1605 1122
1605 1126
1605 1128
1605 1130
1605 1132
1605 1134
1605 1135
1605 1145
1605 1147
1605 1151
1605 1157
1605 1167
1605 1180
1605 1181
1605 1192
1605 1195
1605 1197
1605 1202
1605 1204
1605 1213
1605 1234
1605 1239
1605 1262
1605 1270
1605 1271
1605 1275
1605 1282
1605 1286
1605 1302
1605 1307
1605 1318
1605 1322
1605 1336
1605 1351
1605 1352
1605 1353
1605 1360
1605 1377
1605 1378
1605 1389
1605 1391
1605 1394
1605 1397
1605 1403
1605 1411
1605 1414
1605 1443
1605 1446
1605 1460
1605 1471
1605 1474
1605 1479
1605 1483
1605 1493
1605 1502
1605 1511
1605 1512
1605 1514
1605 1522
1605 1531
1605 1534
1605 1535
1605 1554
1605 1556
1605 1560
1605 1562
1605 1570
1605 1572
1605 1573
1605 1576
1605 1578
1605 1588
1605 1591
1605 1595
1605 1604
1605 1610
1605 1615
1605 1620
1605 1627
1605 1631
1605 1634
1605 1642
1605 1655
1605 1656
1605 1661
1605 1666
1605 1669
1605 1681
1605 1690
1605 1698
1605 1699
1605 1701
1605 1709
1605 1711
1605 1726
1605 1728
1605 1731
1605 1736
1605 1740
1605 1745
1605 1752
1605 1755
1605 1759
1605 1771
1605 1773
1605 1783
1605 1793
1605 1795
1605 1800
1605 1802
1605 1824
1605 1826
1605 1838
1605 1844
1605 1848
1605 1857
1605 1861
1605 1872
1605 1888
1605 1891
1605 1892
1605 1897
1605 1902
1605 1903
1605 1916
1605 1923
1605 1927
1605 1935
1605 1940
1605 1946
1605 1947
1605 1950
1605 1955
1605 1958
1605 1965
1605 1968
1605 1979
1605 1989
1605 1991
1605 2002
1605 2006
1605 2008
1605 2010
1605 2011
1605 2012
1605 2015
1605 2040
1605 2042
1605 2046
1605 2049
1605 2054
1605 2058
1605 2060
1605 2063
1605 2074
1605 2078
1605 2087
1605 2091
1605 2100
1605 2105
1605 2117
1605 2118
1605 2128
1605 2132
1605 2136
1605 2141
1605 2146
1605 2153
1605 2159
1605 2161
1605 2175
1605 2176
1605 2178
1605 2190
1605 2193
1605 2198
1605 2204
1605 2211
1605 2214
1605 2215
1605 2216
1605 2217
1605 2224
1605 2231
1605 2235
1605 2237
1605 2250
1605 2252
1605 2257
1605 2263
1605 2268
1605 2281
1605 2287
1605 2289
1605 2291
1605 2299
1605 2308
1605 2312
1605 2318
1605 2329
1605 2332
1605 2338
1605 2339
1605 2350
1605 2358
1605 2359
1605 2362
1605 2375
1605 2376
1605 2377
1605 2378
1605 2379
1605 2381
1605 2382
1605 2385
1605 2388
1605 2395
1605 2398
1918 14
1918 16
1918 25
1918 26
1918 32
1918 35
1918 37
1918 39
1918 40
1918 41
1918 42
1918 46
1918 48
1918 56
1918 58
1918 61
1918 66
1918 72
1918 73
1918 79
1918 81
1918 88
1918 89
1918 116
1918 128
1918 130
1918 137
1918 141
1918 153
1918 183
1918 191
1918 193
1918 194
1918 198
1918 202
1918 205
1918 206
1918 211
1918 214
1918 231
1918 233
1918 234
1918 235
1918 238
1918 249
1918 256
1918 260
1918 261
1918 265
1918 270
1918 272
1918 277
1918 288
1918 299
1918 302
1918 304
1918 305
1918 306
1918 310
1918 312
1918 315
1918 317
1918 319
1918 331
1918 334
1918 335
1918 345
1918 348
1918 349
1918 354
1918 357
1918 362
1918 363
1918 367
1918 371
1918 376
1918 384
1918 386
1918 387
1918 389
1918 393
1918 396
1918 402
1918 403
1918 404
1918 407
1918 408
1918 410
1918 412
1918 417
1918 418
1918 419
1918 420
1918 422
1918 426
1918 428
1918 432
1918 435
1918 441
1918 447
1918 448
1918 453
1918 454
1918 455
1918 461
1918 465
1918 480
1918 481
1918 482
1918 488
1918 489
1918 497
1918 500
1918 506
1918 507
1918 509
1918 512
1918 515
1918 519
1918 525
1918 530
1918 531
1918 532
1918 534
1918 538
1918 541
1918 546
1918 550
1918 555
1918 564
1918 582
1918 583
1918 584
1918 587
1918 588
1918 594
1918 597
1918 599
1918 603
1918 605
1918 609
1918 610
1918 615
1918 634
1918 636
1918 637
1918 648
1918 649
1918 655
1918 664
1918 665
1918 677
1918 693
1918 694
1918 711
1918 715
1918 717
1918 720
1918 728
1918 746
1918 748
1918 751
1918 756
1918 757
1918 764
1918 771
1918 782
1918 787
1918 795
1918 796
1918 797
1918 798
1918 799
1918 805
1918 806
1918 808
1918 810
1918 816
1918 824
1918 825
1918 827
1918 828
1918 842
1918 848
1918 850
1918 854
1918 855
1918 859
1918 863
1918 867
1918 873
1918 876
1918 882
1918 892
1918 896
1918 898
1918 903
1918 906
1918 913
1918 918
1918 919
1918 921
1918 927
1918 930
1918 935
1918 937
1918 950
1918 955
1918 960
1918 961
1918 967
1918 974
1918 984
1918 985
1918 986
1918 995
1918 998
1918 999
1918 1010
1918 1012
1918 1021
1918 1022
1918 1025
1918 1034
1918 1039
1918 1042
1918 1046
1918 1049
1918 1055
1918 1057
1918 1061
1918 1070
1918 1080
1918 1081
1918 1082
1918 1085
1918 1086
1918 1089
1918 1092
1918 1093
1918 1104
1918 1114
1918 1118
1918 1127
1918 1131
1918 1132
1918 1139
1918 1142
1918 1149
1918 1150
1918 1170
1918 1174
1918 1176
1918 1179
1918 1186
1918 1188
1918 1214
1918 1219
1918 1224
1918 1229
1918 1234
1918 1236
1918 1252
1918 1258
1918 1259
1918 1260
1918 1266
1918 1269
1918 1271
1918 1273
1918 1275
1918 1278
1918 1283
1918 1289
1918 1291
1918 1301
1918 1316
1918 1319
1918 1322
1918 1325
1918 1326
1918 1334
1918 1338
1918 1367
1918 1375
1918 1380
1918 1382
1918 1383
1918 1384
1918 1400
1918 1405
1918 1408
1918 1410
1918 1424
1918 1431
1918 1435
1918 1437
1918 1439
1918 1445
1918 1447
1918 1449
1918 1465
1918 1466
1918 1468
1918 1470
1918 1476
1918 1481
1918 1482
1918 1484
1918 1485
1918 1492
1918 1494
1918 1496
1918 1497
1918 1502
1918 1504
1918 1513
1918 1515
1918 1516
1918 1517
1918 1518
1918 1523
1918 1526
1918 1531
1918 1536
1918 1537
1918 1543
1918 1550
1918 1556
1918 1558
1918 1562
1918 1565
1918 1567
1918 1570
1918 1575
1918 1583
1918 1585
1918 1586
1918 1590
1918 1598
1918 1601
1918 1604
1918 1610
1918 1614
1918 1617
1918 1622
1918 1629
1918 1630
1918 1631
1918 1633
1918 1634
1918 1636
1918 1642
1918 1643
1918 1644
1918 1648
1918 1650
1918 1657
1918 1658
1918 1660
1918 1664
1918 1669
1918 1671
1918 1673
1918 1674
1918 1678
1918 1683
1918 1687
1918 1688
1918 1698
1918 1705
1918 1706
1918 1707
1918 1713
1918 1715
1918 1725
1918 1727
1918 1729
1918 1730
1918 1744
1918 1746
1918 1757
1918 1761
1918 1766
1918 1773
1918 1781
1918 1783
1918 1787
1918 1789
1918 1791
1918 1811
1918 1813
1918 1814
1918 1818
1918 1826
1918 1839
1918 1840
1918 1841
1918 1848
1918 1849
1918 1856
1918 1859
1918 1892
1918 1897
1918 1899
1918 1905
1918 1914
1918 1922
1918 1930
1918 1931
1918 1934
1918 1940
1918 1943
1918 1945
1918 1952
1918 1961
1918 1962
1918 1970
1918 1971
1918 1974
1918 1982
1918 1984
1918 1985
1918 1986
1918 1988
1918 1992
1918 1995
1918 1996
1918 2000
1918 2006
1918 2008
1918 2009
1918 2011
1918 2022
1918 2023
1918 2026
1918 2029
1918 2033
1918 2034
1918 2037
1918 2041
1918 2045
1918 2046
1918 2065
1918 2073
1918 2075
1918 2076
1918 2077
1918 2090
1918 2106
1918 2113
1918 2115
1918 2120
1918 2128
1918 2137
1918 2142
1918 2146
1918 2152
1918 2160
1918 2162
1918 2165
1918 2167
1918 2171
1918 2181
1918 2190
1918 2195
1918 2196
1918 2199
1918 2203
1918 2204
1918 2205
1918 2207
1918 2213
1918 2215
1918 2222
1918 2223
1918 2234
1918 2236
1918 2239
1918 2240
1918 2243
1918 2244
1918 2251
1918 2254
1918 2257
1918 2259
1918 2263
1918 2274
1918 2276
1918 2278
1918 2282
1918 2286
1918 2290
1918 2297
1918 2298
1918 2299
1918 2300
1918 2302
1918 2311
1918 2312
1918 2315
1918 2320
1918 2328
1918 2329
1918 2346
1918 2352
1918 2357
1918 2369
1918 2370
1918 2378
1918 2379
1918 2383
1918 2386
123 11
123 16
123 17
123 28
123 33
123 36
123 46
123 57
123 58
123 70
123 71
123 80
123 89
123 93
123 97
123 98
123 99
123 107
123 110
123 111
123 119
123 121
123 124
123 125
123 126
123 139
123 149
123 154
123 162
123 164
123 183
123 191
123 192
123 198
123 201
123 203
123 209
123 214
123 218
123 228
123 251
123 261
123 266
123 267
123 269
123 270
123 279
123 285
123 286
123 287
123 291
123 292
123 302
123 303
123 309
123 310
123 312
123 317
123 319
123 320
123 323
123 326
123 328
123 331
123 332
123 354
123 356
123 357
123 364
123 365
123 371
123 380
123 384
123 394
123 398
123 401
123 404
123 405
123 406
123 419
123 426
123 428
123 431
123 443
123 450
123 462
123 469
123 475
123 483
123 490
123 491
123 492
123 493
123 498
123 499
123 505
123 512
123 515
123 517
123 519
123 523
123 530
123 535
123 537
123 539
123 552
123 556
123 558
123 560
123 561
123 582
123 587
123 595
123 596
123 602
123 612
123 613
123 624
123 628
123 633
123 635
123 647
123 664
123 667
123 668
123 675
123 676
123 677
123 680
123 682
123 705
123 707
123 711
123 713
123 715
123 718
123 723
123 724
123 725
123 731
123 736
123 739
123 743
123 754
123 755
123 756
123 759
123 762
123 763
123 765
123 766
123 768
123 778
123 783
123 788
123 802
123 805
123 807
123 808
123 810
123 817
123 819
123 823
123 835
123 855
123 857
123 858
123 861
123 870
123 877
123 882
123 884
123 885
123 889
123 890
123 891
123 899
123 903
123 915
123 917
123 934
123 938
123 940
123 943
123 945
123 946
123 958
123 960
123 968
123 971
123 974
123 975
123 978
123 980
123 985
123 986
123 989
123 990
123 993
123 994
123 996
123 1002
123 1010
123 1013
123 1032
123 1035
123 1045
123 1050
123 1053
123 1058
123 1059
123 1062
123 1064
123 1070
123 1071
123 1076
123 1078
123 1083
123 1085
123 1090
123 1092
123 1094
123 1096
123 1098
123 1099
123 1105
123 1108
123 1123
123 1129
123 1134
123 1139
123 1140
123 1141
123 1146
123 1147
123 1150
123 1155
123 1158
123 1159
123 1161
123 1162
123 1173
123 1174
123 1176
123 1187
123 1192
123 1196
123 1203
123 1205
123 1218
123 1220
123 1223
123 1232
123 1236
123 1242
123 1250
123 1251
123 1254
123 1258
123 1263
123 1266
123 1267
123 1268
123 1269
123 1277
123 1279
123 1283
123 1285
123 1288
123 1290
123 1291
123 1292
123 1293
123 1297
123 1307
123 1312
123 1324
123 1329
123 1335
123 1344
123 1348
123 1349
123 1361
123 1363
123 1364
123 1367
123 1371
123 1372
123 1374
123 1376
123 1384
123 1392
123 1403
123 1407
123 1414
123 1415
123 1416
123 1421
123 1424
123 1425
123 1437
123 1444
123 1445
123 1446
123 1447
123 1448
123 1455
123 1456
123 1457
123 1461
123 1463
123 1465
123 1467
123 1470
123 1475
123 1485
123 1487
123 1494
123 1495
123 1498
123 1500
123 1507
123 1509
123 1513
123 1514
123 1519
123 1522
123 1525
123 1531
123 1540
123 1546
123 1548
123 1549
123 1553
123 1554
123 1557
123 1559
123 1579
123 1595
123 1603
123 1606
123 1610
123 1611
123 1621
123 1622
123 1624
123 1633
123 1634
123 1635
123 1640
123 1642
123 1643
123 1644
123 1649
123 1651
123 1654
123 1659
123 1662
123 1663
123 1664
123 1666
123 1669
123 1674
123 1676
123 1706
123 1709
123 1721
123 1724
123 1725
123 1738
123 1739
123 1752
123 1753
123 1754
123 1757
123 1776
123 1779
123 1793
123 1797
123 1801
123 1807
123 1829
123 1831
123 1834
123 1836
123 1837
123 1842
123 1843
123 1849
123 1852
123 1854
123 1856
123 1867
123 1874
123 1880
123 1881
123 1882
123 1887
123 1904
123 1907
123 1909
123 1918
123 1928
123 1930
123 1933
123 1953
123 1954
123 1957
123 1966
123 1970
123 1973
123 1981
123 1982
123 1986
123 1990
123 2004
123 2010
123 2021
123 2023
123 2026
123 2037
123 2044
123 2055
123 2061
123 2064
123 2069
123 2073
123 2079
123 2082
123 2091
123 2093
123 2101
123 2108
123 2109
123 2126
123 2128
123 2131
123 2139
123 2144
123 2149
123 2152
123 2158
123 2166
123 2171
123 2177
123 2181
123 2189
123 2191
123 2200
123 2205
123 2213
123 2217
123 2221
123 2233
123 2235
123 2243
123 2244
123 2249
123 2264
123 2272
123 2274
123 2276
123 2280
123 2300
123 2301
123 2305
123 2311
123 2315
123 2316
123 2321
123 2331
123 2338
123 2341
123 2344
123 2346
123 2354
123 2359
123 2370
123 2372
123 2385
123 2386
123 2390
123 2393
123 2395
123 2399
399 14
399 20
399 24
399 33
399 38
399 42
399 45
399 51
399 52
399 53
399 55
399 59
399 60
399 61
399 64
399 68
399 75
399 80
399 84
399 86
399 88
399 90
399 93
399 97
399 99
399 102
399 109
399 117
399 119
399 123
399 128
399 134
399 138
399 142
399 154
399 156
399 162
399 166
399 171
399 177
399 179
399 181
399 182
399 204
399 208
399 216
399 229
399 244
399 248
399 250
399 256
399 259
399 260
399 261
399 266
399 268
399 271
399 273
399 276
399 282
399 283
399 286
399 291
399 292
399 299
399 305
399 307
399 313
399 326
399 341
399 355
399 356
399 359
399 362
399 364
399 368
399 378
399 379
399 403
399 409
399 412
399 415
399 421
399 437
399 440
399 449
399 455
399 470
399 479
399 482
399 484
399 492
399 495
399 496
399 513
399 516
399 519
399 523
399 527
399 528
399 529
399 532
399 536
399 550
399 557
399 563
399 564
399 565
399 567
399 571
399 572
399 574
399 578
399 579
399 583
399 588
399 590
399 593
399 599
399 600
399 604
399 605
399 613
399 618
399 621
399 624
399 625
399 633
399 648
399 650
399 655
399 657
399 675
399 677
399 681
399 684
399 686
399 689
399 694
399 695
399 698
399 700
399 707
399 716
399 724
399 728
399 731
399 733
399 736
399 743
399 744
399 751
399 755
399 758
399 760
399 764
399 765
399 766
399 767
399 778
399 797
399 807
399 808
399 809
399 816
399 818
399 822
399 827
399 841
399 842
399 848
399 856
399 857
399 873
399 876
399 878
399 880
399 885
399 887
399 888
399 893
399 906
399 911
399 912
399 914
399 916
399 917
399 928
399 931
399 934
399 939
399 951
399 952
399 965
399 967
399 972
399 973
399 974
399 977
399 979
399 992
399 995
399 1002
399 1008
399 1009
399 1020
399 1021
399 1037
399 1048
399 1061
399 1066
399 1075
399 1076
399 1084
399 1087
399 1091
399 1093
399 1096
399 1102
399 1106
399 1109
399 1127
399 1134
399 1137
399 1143
399 1155
399 1162
399 1174
399 1178
399 1186
399 1192
399 1194
399 1196
399 1199
399 1203
399 1218
399 1221
399 1234
399 1235
399 1243
399 1247
399 1251
399 1252
399 1254
399 1270
399 1279
399 1285
399 1288
399 1290
399 1302
399 1304
399 1306
399 1308
399 1312
399 1319
399 1330
399 1347
399 1348
399 1349
399 1351
399 1352
399 1357
399 1366
399 1369
399 1378
399 1379
399 1390
399 1393
399 1395
399 1398
399 1400
399 1428
399 1432
399 1434
399 1443
399 1444
399 1450
399 1461
399 1465
399 1468
399 1472
399 1489
399 1490
399 1496
399 1497
399 1498
399 1507
399 1513
399 1516
399 1521
399 1522
399 1524
399 1525
399 1531
399 1544
399 1561
399 1562
399 1575
399 1576
399 1581
399 1582
399 1595
399 1607
399 1609
399 1610
399 1615
399 1624
399 1626
399 1638
399 1640
399 1646
399 1647
399 1654
399 1660
399 1672
399 1678
399 1679
399 1680
399 1681
399 1683
399 1687
399 1695
399 1698
399 1706
399 1727
399 1753
399 1763
399 1767
399 1771
399 1775
399 1776
399 1778
399 1782
399 1784
399 1786
399 1794
399 1795
399 1802
399 1806
399 1807
399 1808
399 1819
399 1825
399 1826
399 1828
399 1832
399 1835
399 1836
399 1842
399 1843
399 1849
399 1852
399 1853
399 1863
399 1868
399 1869
399 1870
399 1871
399 1878
399 1886
399 1900
399 1903
399 1914
399 1916
399 1918
399 1920
399 1926
399 1929
399 1935
399 1941
399 1942
399 1943
399 1948
399 1952
399 1953
399 1955
399 1956
399 1961
399 1968
399 1969
399 1972
399 1973
399 1977
399 1978
399 1984
399 1985
399 1989
399 1991
399 1993
399 1997
399 2000
399 2002
399 2010
399 2022
399 2026
399 2027
399 2029
399 2036
399 2047
399 2076
399 2079
399 2084
399 2087
399 2088
399 2091
399 2092
399 2094
399 2099
399 2102
399 2105
399 2109
399 2125
399 2129
399 2131
399 2135
399 2136
399 2140
399 2144
399 2157
399 2164
399 2167
399 2169
399 2173
399 2183
399 2187
399 2189
399 2190
399 2191
399 2192
399 2193
399 2194
399 2201
399 2210
399 2214
399 2219
399 2230
399 2244
399 2251
399 2252
399 2260
399 2266
399 2270
399 2277
399 2284
399 2285
399 2294
399 2299
399 2303
399 2306
399 2314
399 2316
399 2317
399 2325
399 2332
399 2334
399 2338
399 2341
399 2345
399 2351
399 2368
399 2369
399 2383
399 2389
399 2390
399 2394
399 2400
1719 13
1719 14
1719 20
1719 24
1719 29
1719 31
1719 33
1719 41
1719 51
1719 53
1719 57
1719 62
1719 75
1719 76
1719 78
1719 79
1719 85
1719 103
1719 107
1719 114
1719 122
1719 124
1719 125
1719 126
1719 135
1719 136
1719 139
1719 141
1719 143
1719 145
1719 148
1719 151
1719 156
1719 161
1719 168
1719 170
1719 172
1719 178
1719 179
1719 180
1719 181
1719 188
1719 195
1719 200
1719 209
1719 210
1719 224
1719 226
1719 228
1719 229
1719 232
1719 246
1719 247
1719 249
1719 250
1719 253
1719 255
1719 259
1719 261
1719 263
1719 265
1719 267
1719 268
1719 271
1719 278
1719 283
1719 284
1719 296
1719 305
1719 307
1719 309
1719 333
1719 336
1719 339
1719 347
1719 348
1719 353
1719 360
1719 363
1719 364
1719 377
1719 383
1719 387
1719 393
1719 398
1719 404
1719 407
1719 412
1719 415
1719 416
1719 442
1719 446
1719 455
1719 469
1719 471
1719 474
1719 482
1719 486
1719 493
1719 501
1719 512
1719 516
1719 518
1719 519
1719 520
1719 543
1719 552
1719 554
1719 556
1719 561
1719 566
1719 567
1719 574
1719 582
1719 593
1719 596
1719 597
1719 600
1719 602
1719 610
1719 621
1719 627
1719 632
1719 637
1719 638
1719 640
1719 646
1719 653
1719 662
1719 667
1719 670
1719 674
1719 690
1719 691
1719 692
1719 695
1719 704
1719 705
1719 711
1719 712
1719 713
1719 716
1719 734
1719 743
1719 747
1719 755
1719 756
1719 757
1719 765
1719 769
1719 772
1719 790
1719 793
1719 796
1719 803
1719 810
1719 812
1719 813
1719 814
1719 833
1719 835
1719 838
1719 841
1719 843
1719 845
1719 850
1719 852
1719 853
1719 856
1719 857
1719 862
1719 865
1719 866
1719 868
1719 880
1719 881
1719 883
1719 895
1719 899
1719 906
1719 907
1719 911
1719 917
1719 921
1719 923
1719 927
1719 932
1719 933
1719 940
1719 943
1719 949
1719 956
1719 960
1719 962
1719 963
1719 969
1719 975
1719 976
1719 983
1719 984
1719 986
1719 992
1719 995
1719 1000
1719 1006
1719 1007
1719 1013
1719 1014
1719 1015
1719 1023
1719 1024
1719 1030
1719 1032
1719 1038
1719 1042
1719 1044
1719 1052
1719 1055
1719 1058
1719 1059
1719 1065
1719 1067
1719 1068
1719 1071
1719 1073
1719 1076
1719 1080
1719 1087
1719 1096
1719 1098
1719 1099
1719 1104
1719 1105
1719 1106
1719 1111
1719 1115
1719 1123
1719 1126
1719 1128
1719 1148
1719 1150
1719 1151
1719 1152
1719 1164
1719 1165
1719 1172
1719 1174
1719 1177
1719 1178
1719 1187
1719 1188
1719 1189
1719 1191
1719 1193
1719 1194
1719 1196
1719 1202
1719 1206
1719 1209
1719 1214
1719 1219
1719 1220
1719 1222
1719 1228
1719 1259
1719 1260
1719 1264
1719 1266
1719 1267
1719 1269
1719 1271
1719 1272
1719 1285
1719 1293
1719 1296
1719 1297
1719 1299
1719 1310
1719 1319
1719 1323
1719 1335
1719 1336
1719 1339
1719 1347
1719 1350
1719 1364
1719 1367
1719 1369
1719 1372
1719 1375
1719 1379
1719 1380
1719 1384
1719 1385
1719 1389
1719 1392
1719 1393
1719 1394
1719 1401
1719 1403
1719 1407
1719 1408
1719 1413
1719 1418
1719 1429
1719 1435
1719 1442
1719 1449
1719 1461
1719 1463
1719 1473
1719 1478
1719 1484
1719 1486
1719 1500
1719 1504
1719 1517
1719 1526
1719 1527
1719 1531
1719 1538
1719 1541
1719 1542
1719 1544
1719 1545
1719 1546
1719 1559
1719 1561
1719 1570
1719 1585
1719 1586
1719 1587
1719 1597
1719 1603
1719 1605
1719 1617
1719 1621
1719 1627
1719 1630
1719 1641
1719 1648
1719 1651
1719 1658
1719 1659
1719 1667
1719 1669
1719 1676
1719 1690
1719 1691
1719 1692
1719 1693
1719 1696
1719 1697
1719 1698
1719 1712
1719 1713
1719 1717
1719 1727
1719 1728
1719 1737
1719 1744
1719 1746
1719 1747
1719 1750
1719 1753
1719 1756
1719 1761
1719 1762
1719 1766
1719 1768
1719 1769
1719 1770
1719 1782
1719 1783
1719 1785
1719 1792
1719 1793
1719 1794
1719 1800
1719 1806
1719 1822
1719 1823
1719 1825
1719 1834
1719 1837
1719 1845
1719 1846
1719 1856
1719 1861
1719 1865
1719 1872
1719 1880
1719 1881
1719 1885
1719 1891
1719 1895
1719 1896
1719 1898
1719 1900
1719 1908
1719 1911
1719 1913
1719 1914
1719 1918
1719 1922
1719 1929
1719 1938
1719 1943
1719 1950
1719 1958
1719 1959
1719 1971
1719 1977
1719 1979
1719 1982
1719 1996
1719 2001
1719 2002
1719 2017
1719 2026
1719 2031
1719 2036
1719 2042
1719 2043
1719 2045
1719 2046
1719 2061
1719 2068
1719 2071
1719 2078
1719 2079
1719 2081
1719 2086
1719 2093
1719 2094
1719 2096
1719 2103
1719 2107
1719 2113
1719 2114
1719 2116
1719 2124
1719 2132
1719 2133
1719 2136
1719 2137
1719 2138
1719 2139
1719 2142
1719 2146
1719 2147
1719 2149
1719 2150
1719 2152
1719 2155
1719 2159
1719 2161
1719 2166
1719 2167
1719 2174
1719 2180
1719 2193
1719 2204
1719 2212
1719 2217
1719 2221
1719 2233
1719 2243
1719 2245
1719 2252
1719 2267
1719 2268
1719 2270
1719 2271
1719 2276
1719 2280
1719 2285
1719 2286
1719 2297
1719 2300
1719 2301
1719 2303
1719 2304
1719 2312
1719 2316
1719 2318
1719 2321
1719 2322
1719 2323
1719 2324
1719 2325
1719 2336
1719 2342
1719 2343
1719 2350
1719 2353
1719 2362
1719 2365
1719 2367
1719 2369
1719 2374
1719 2389
1719 2390
1719 2398
1593 12
1593 23
1593 27
1593 28
1593 37
1593 39
1593 42
1593 45
1593 47
1593 50
1593 59
1593 62
1593 64
1593 70
1593 74
1593 77
1593 79
1593 83
1593 84
1593 99
1593 102
1593 122
1593 125
1593 142
1593 144
1593 151
1593 152
1593 153
1593 163
1593 166
1593 175
1593 181
1593 186
1593 195
1593 197
1593 202
1593 203
1593 218
1593 220
1593 221
1593 227
1593 231
1593 237
1593 238
1593 239
1593 240
1593 248
1593 251
1593 252
1593 253
1593 257
1593 260
1593 263
1593 292
1593 296
1593 301
1593 306
1593 309
1593 312
1593 316
1593 323
1593 327
1593 329
1593 330
1593 343
1593 345
1593 346
1593 355
1593 365
1593 366
1593 367
1593 369
1593 371
1593 377
1593 378
1593 382
1593 389
1593 404
1593 405
1593 414
1593 415
1593 417
1593 422
1593 425
1593 433
1593 435
1593 445
1593 446
1593 447
1593 462
1593 470
1593 478
1593 481
1593 489
1593 491
1593 492
1593 494
1593 495
1593 508
1593 516
1593 517
1593 532
1593 540
1593 543
1593 546
1593 553
1593 555
1593 556
1593 559
1593 569
1593 579
1593 582
1593 589
1593 591
1593 592
1593 597
1593 611
1593 618
1593 625
1593 632
1593 645
1593 649
1593 651
1593 653
1593 655
1593 660
1593 661
1593 662
1593 663
1593 664
1593 667
1593 669
1593 672
1593 675
1593 677
1593 688
1593 689
1593 690
1593 699
1593 702
1593 705
1593 712
1593 713
1593 716
1593 720
1593 731
1593 732
1593 734
1593 736
1593 738
1593 754
1593 763
1593 764
1593 765
1593 772
1593 775
1593 778
1593 781
1593 784
1593 787
1593 795
1593 801
1593 803
1593 809
1593 814
1593 818
1593 820
1593 822
1593 823
1593 825
1593 829
1593 834
1593 837
1593 838
1593 843
1593 846
1593 863
1593 884
1593 889
1593 896
1593 909
1593 924
1593 926
1593 928
1593 930
1593 935
1593 938
1593 950
1593 951
1593 952
1593 954
1593 958
1593 975
1593 980
1593 982
1593 985
1593 1006
1593 1008
1593 1015
1593 1018
1593 1023
1593 1026
1593 1033
1593 1038
1593 1041
1593 1043
1593 1054
1593 1055
1593 1058
1593 1059
1593 1061
1593 1064
1593 1065
1593 1070
1593 1078
1593 1080
1593 1081
1593 1086
1593 1088
1593 1089
1593 1090
1593 1091
1593 1092
1593 1093
1593 1097
1593 1099
1593 1102
1593 1104
1593 1106
1593 1110
1593 1122
1593 1128
1593 1144
1593 1154
1593 1156
1593 1158
1593 1162
1593 1163
1593 1182
1593 1189
1593 1192
1593 1193
1593 1196
1593 1197
1593 1199
1593 1205
1593 1207
1593 1211
1593 1214
1593 1215
1593 1217
1593 1228
1593 1229
1593 1236
1593 1250
1593 1255
1593 1263
1593 1265
1593 1275
1593 1298
1593 1299
1593 1300
1593 1310
1593 1314
1593 1327
1593 1338
1593 1342
1593 1350
1593 1351
1593 1354
1593 1363
1593 1367
1593 1374
1593 1377
1593 1378
1593 1384
1593 1386
1593 1387
1593 1388
1593 1392
1593 1394
1593 1398
1593 1408
1593 1410
1593 1414
1593 1415
1593 1418
1593 1420
1593 1422
1593 1425
1593 1439
1593 1451
1593 1452
1593 1456
1593 1457
1593 1461
1593 1464
1593 1466
1593 1472
1593 1473
1593 1476
1593 1479
1593 1482
1593 1497
1593 1499
1593 1506
1593 1516
1593 1519
1593 1522
1593 1523
1593 1527
1593 1532
1593 1544
1593 1546
1593 1554
1593 1556
1593 1557
1593 1581
1593 1582
1593 1605
1593 1606
1593 1612
1593 1616
1593 1621
1593 1624
1593 1637
1593 1648
1593 1649
1593 1652
1593 1653
1593 1655
1593 1658
1593 1661
1593 1665
1593 1679
1593 1682
1593 1685
1593 1686
1593 1690
1593 1691
1593 1695
1593 1699
1593 1702
1593 1714
1593 1736
1593 1737
1593 1742
1593 1745
1593 1747
1593 1752
1593 1757
1593 1758
1593 1767
1593 1782
1593 1789
1593 1799
1593 1803
1593 1805
1593 1808
1593 1823
1593 1831
1593 1832
1593 1860
1593 1878
1593 1881
1593 1883
1593 1887
1593 1896
1593 1902
1593 1904
1593 1916
1593 1921
1593 1924
1593 1925
1593 1929
1593 1947
1593 1956
1593 1968
1593 1972
1593 1990
1593 1993
1593 2000
1593 2003
1593 2009
1593 2019
1593 2030
1593 2031
1593 2032
1593 2035
1593 2040
1593 2042
1593 2048
1593 2059
1593 2060
1593 2062
1593 2067
1593 2071
1593 2081
1593 2084
1593 2086
1593 2095
1593 2098
1593 2104
1593 2107
1593 2122
1593 2124
1593 2125
1593 2134
1593 2136
1593 2138
1593 2144
1593 2146
1593 2156
1593 2164
1593 2166
1593 2170
1593 2175
1593 2180
1593 2182
1593 2193
1593 2196
1593 2197
1593 2210
1593 2217
1593 2225
1593 2228
1593 2231
1593 2241
1593 2250
1593 2260
1593 2262
1593 2264
1593 2270
1593 2273
1593 2274
1593 2279
1593 2286
1593 2298
1593 2300
1593 2303
1593 2306
1593 2308
1593 2309
1593 2315
1593 2316
1593 2318
1593 2324
1593 2330
1593 2340
1593 2343
1593 2346
1593 2348
1593 2350
1593 2352
1593 2355
1593 2359
1593 2366
1593 2367
1593 2373
1593 2375
1593 2380
1593 2381
1593 2384
1593 2386
1593 2388
1593 2393
1593 2395
