p td 800 2246 
646 4
646 5
646 7
646 15
646 20
646 28
646 29
646 32
646 33
646 35
646 48
646 50
646 52
646 59
646 68
646 70
646 74
646 80
646 81
646 83
646 84
646 89
646 90
646 101
646 109
646 110
646 112
646 114
646 121
646 122
646 128
646 134
646 137
646 139
646 143
646 144
646 151
646 152
646 156
646 159
646 160
646 162
646 163
646 165
646 166
646 180
646 187
646 188
646 202
646 204
646 210
646 223
646 224
646 231
646 243
646 256
646 259
646 260
646 266
646 267
646 271
646 282
646 283
646 286
646 290
646 295
646 301
646 314
646 317
646 319
646 327
646 329
646 339
646 340
646 358
646 359
646 360
646 366
646 371
646 373
646 380
646 382
646 383
646 387
646 388
646 389
646 391
646 411
646 413
646 414
646 425
646 443
646 447
646 448
646 454
646 458
646 463
646 468
646 479
646 485
646 488
646 490
646 493
646 535
646 536
646 540
646 541
646 542
646 544
646 547
646 572
646 579
646 580
646 586
646 593
646 602
646 605
646 610
646 619
646 626
646 655
646 664
646 665
646 671
646 678
646 679
646 684
646 688
646 689
646 693
646 695
646 705
646 706
646 709
646 712
646 714
646 715
646 720
646 726
646 728
646 729
646 733
646 735
646 736
646 737
646 740
646 742
646 744
646 750
646 769
646 776
646 777
646 778
646 781
646 800
520 10
520 12
520 15
520 17
520 19
520 25
520 27
520 36
520 39
520 40
520 41
520 49
520 52
520 67
520 70
520 73
520 75
520 78
520 84
520 86
520 93
520 95
520 101
520 104
520 116
520 117
520 119
520 124
520 125
520 130
520 138
520 141
520 148
520 163
520 169
520 174
520 182
520 186
520 189
520 200
520 202
520 204
520 207
520 211
520 223
520 229
520 231
520 233
520 236
520 238
520 241
520 242
520 244
520 247
520 255
520 256
520 266
520 271
520 272
520 292
520 293
520 301
520 315
520 320
520 323
520 325
520 330
520 335
520 336
520 337
520 348
520 353
520 354
520 358
520 369
520 381
520 383
520 385
520 392
520 398
520 402
520 410
520 413
520 415
520 419
520 421
520 422
520 426
520 431
520 432
520 436
520 437
520 446
520 452
520 453
520 454
520 456
520 464
520 465
520 469
520 470
520 474
520 475
520 488
520 489
520 492
520 493
520 494
520 495
520 500
520 502
520 505
520 506
520 513
520 519
520 534
520 539
520 540
520 542
520 555
520 556
520 558
520 561
520 563
520 564
520 565
520 582
520 587
520 589
520 591
520 592
520 595
520 599
520 600
520 606
520 608
520 609
520 612
520 628
520 629
520 635
520 637
520 638
520 639
520 644
520 650
520 655
520 658
520 663
520 665
520 673
520 677
520 678
520 683
520 684
520 688
520 700
520 703
520 716
520 718
520 728
520 729
520 732
520 749
520 755
520 762
520 769
520 784
520 787
520 791
497 2
497 3
497 7
497 12
497 19
497 20
497 21
497 22
497 25
497 37
497 46
497 48
497 57
497 62
497 63
497 72
497 77
497 78
497 83
497 87
497 96
497 100
497 125
497 127
497 131
497 142
497 143
497 148
497 153
497 164
497 173
497 176
497 185
497 190
497 192
497 199
497 203
497 204
497 212
497 229
497 231
497 232
497 234
497 235
497 236
497 237
497 240
497 247
497 249
497 252
497 258
497 259
497 260
497 267
497 269
497 274
497 277
497 278
497 279
497 292
497 296
497 304
497 306
497 313
497 317
497 319
497 320
497 328
497 330
497 332
497 333
497 334
497 336
497 337
497 338
497 339
497 344
497 352
497 354
497 359
497 362
497 366
497 367
497 380
497 393
497 403
497 406
497 411
497 412
497 414
497 415
497 426
497 431
497 439
497 442
497 444
497 450
497 463
497 473
497 476
497 479
497 490
497 499
497 501
497 502
497 507
497 508
497 510
497 511
497 514
497 519
497 523
497 532
497 537
497 542
497 547
497 550
497 553
497 559
497 560
497 561
497 564
497 568
497 569
497 571
497 577
497 581
497 582
497 587
497 594
497 597
497 602
497 605
497 606
497 608
497 612
497 615
497 621
497 624
497 628
497 630
497 634
497 636
497 640
497 644
497 646
497 655
497 660
497 670
497 673
497 682
497 687
497 694
497 696
497 700
497 702
497 705
497 706
497 708
497 712
497 713
497 716
497 717
497 726
497 735
497 740
497 743
497 744
497 745
497 746
497 748
497 753
497 755
497 760
497 769
497 770
497 775
497 792
497 793
497 798
639 7
639 9
639 23
639 30
639 33
639 34
639 36
639 41
639 49
639 52
639 54
639 60
639 61
639 63
639 65
639 73
639 75
639 81
639 86
639 91
639 95
639 98
639 99
639 100
639 106
639 113
639 116
639 125
639 127
639 130
639 146
639 148
639 150
639 151
639 152
639 157
639 159
639 162
639 164
639 166
639 175
639 180
639 190
639 198
639 202
639 203
639 207
639 209
639 219
639 224
639 228
639 232
639 233
639 238
639 244
639 250
639 261
639 271
639 280
639 286
639 295
639 305
639 322
639 325
639 330
639 335
639 336
639 339
639 340
639 350
639 362
639 366
639 371
639 375
639 399
639 401
639 403
639 404
639 411
639 415
639 418
639 433
639 435
639 444
639 448
639 450
639 452
639 453
639 455
639 459
639 468
639 475
639 487
639 489
639 494
639 496
639 497
639 507
639 508
639 512
639 516
639 520
639 523
639 531
639 536
639 538
639 539
639 546
639 549
639 550
639 551
639 562
639 565
639 572
639 579
639 585
639 589
639 596
639 600
639 601
639 609
639 610
639 613
639 625
639 636
639 637
639 647
639 652
639 658
639 660
639 664
639 670
639 682
639 685
639 688
639 692
639 695
639 700
639 701
639 721
639 735
639 754
639 756
639 758
639 767
639 771
639 776
639 780
639 787
639 789
639 796
639 798
639 799
639 800
526 9
526 33
526 34
526 35
526 37
526 45
526 50
526 52
526 53
526 66
526 67
526 87
526 95
526 101
526 103
526 106
526 107
526 110
526 111
526 114
526 115
526 123
526 134
526 139
526 140
526 146
526 156
526 158
526 159
526 163
526 164
526 165
526 167
526 171
526 176
526 181
526 186
526 191
526 192
526 206
526 208
526 210
526 214
526 215
526 222
526 239
526 241
526 242
526 244
526 249
526 251
526 253
526 257
526 259
526 264
526 269
526 270
526 277
526 281
526 282
526 287
526 296
526 304
526 307
526 309
526 320
526 324
526 329
526 334
526 335
526 338
526 343
526 351
526 355
526 360
526 362
526 365
526 369
526 373
526 376
526 377
526 378
526 382
526 383
526 387
526 395
526 412
526 426
526 427
526 431
526 435
526 439
526 441
526 445
526 457
526 460
526 465
526 467
526 471
526 472
526 482
526 485
526 491
526 492
526 498
526 500
526 509
526 512
526 515
526 518
526 520
526 524
526 525
526 540
526 541
526 547
526 550
526 556
526 560
526 564
526 568
526 573
526 582
526 583
526 589
526 590
526 598
526 607
526 610
526 611
526 615
526 621
526 624
526 626
526 627
526 628
526 632
526 633
526 635
526 636
526 644
526 658
526 665
526 668
526 676
526 681
526 688
526 690
526 702
526 707
526 708
526 721
526 722
526 724
526 727
526 741
526 749
526 752
526 753
526 758
526 777
526 779
526 784
526 789
526 793
526 798
526 799
581 8
581 17
581 21
581 25
581 27
581 28
581 30
581 33
581 47
581 49
581 50
581 53
581 56
581 57
581 65
581 67
581 71
581 75
581 76
581 77
581 93
581 96
581 97
581 98
581 102
581 113
581 123
581 127
581 128
581 131
581 137
581 142
581 144
581 154
581 160
581 167
581 176
581 180
581 182
581 183
581 184
581 185
581 190
581 196
581 197
581 198
581 201
581 208
581 212
581 221
581 223
581 229
581 230
581 235
581 243
581 247
581 248
581 255
581 262
581 264
581 266
581 267
581 275
581 276
581 277
581 279
581 286
581 289
581 306
581 311
581 314
581 316
581 322
581 324
581 326
581 338
581 340
581 345
581 349
581 360
581 367
581 378
581 381
581 384
581 390
581 402
581 405
581 413
581 414
581 415
581 416
581 421
581 423
581 438
581 450
581 454
581 462
581 466
581 469
581 477
581 482
581 483
581 492
581 498
581 507
581 512
581 517
581 522
581 524
581 529
581 533
581 539
581 541
581 542
581 546
581 552
581 558
581 560
581 564
581 567
581 572
581 573
581 582
581 608
581 617
581 619
581 622
581 625
581 630
581 637
581 640
581 641
581 650
581 652
581 666
581 675
581 688
581 689
581 693
581 713
581 717
581 719
581 720
581 730
581 731
581 734
581 745
581 746
581 751
581 753
581 756
581 761
581 762
581 763
581 765
581 770
581 781
581 785
581 792
581 793
581 798
581 799
82 6
82 7
82 12
82 15
82 20
82 39
82 41
82 43
82 46
82 48
82 58
82 61
82 63
82 64
82 68
82 72
82 95
82 97
82 118
82 120
82 124
82 127
82 130
82 134
82 135
82 136
82 140
82 148
82 151
82 155
82 157
82 158
82 165
82 172
82 186
82 188
82 193
82 195
82 196
82 203
82 204
82 208
82 211
82 214
82 215
82 225
82 231
82 232
82 241
82 242
82 249
82 251
82 276
82 286
82 291
82 292
82 294
82 296
82 301
82 302
82 315
82 321
82 326
82 329
82 332
82 333
82 345
82 362
82 364
82 366
82 368
82 369
82 373
82 378
82 379
82 390
82 392
82 397
82 398
82 404
82 410
82 419
82 430
82 434
82 436
82 440
82 443
82 449
82 455
82 460
82 462
82 468
82 475
82 484
82 502
82 504
82 506
82 532
82 537
82 543
82 557
82 558
82 567
82 569
82 571
82 572
82 578
82 579
82 589
82 590
82 591
82 596
82 598
82 600
82 602
82 610
82 614
82 615
82 617
82 619
82 638
82 639
82 640
82 647
82 649
82 655
82 663
82 666
82 668
82 669
82 674
82 680
82 685
82 686
82 688
82 691
82 694
82 704
82 718
82 722
82 731
82 751
82 760
82 765
82 770
82 772
82 777
82 782
82 784
82 794
82 795
131 3
131 8
131 11
131 15
131 18
131 26
131 29
131 33
131 35
131 36
131 38
131 40
131 42
131 44
131 46
131 47
131 57
131 58
131 59
131 60
131 70
131 87
131 96
131 98
131 107
131 108
131 113
131 115
131 119
131 121
131 123
131 124
131 127
131 134
131 137
131 140
131 159
131 164
131 167
131 179
131 183
131 186
131 189
131 192
131 196
131 207
131 209
131 218
131 219
131 242
131 244
131 245
131 250
131 257
131 263
131 266
131 276
131 277
131 279
131 282
131 284
131 286
131 287
131 288
131 290
131 291
131 292
131 293
131 297
131 305
131 307
131 311
131 313
131 319
131 328
131 331
131 334
131 335
131 337
131 341
131 343
131 346
131 347
131 348
131 350
131 355
131 361
131 365
131 371
131 379
131 382
131 387
131 400
131 404
131 425
131 437
131 439
131 440
131 445
131 447
131 450
131 462
131 468
131 472
131 475
131 478
131 481
131 482
131 485
131 498
131 501
131 504
131 507
131 511
131 526
131 527
131 528
131 533
131 536
131 547
131 551
131 557
131 561
131 562
131 563
131 564
131 569
131 572
131 573
131 576
131 583
131 584
131 587
131 596
131 600
131 607
131 611
131 616
131 617
131 620
131 624
131 625
131 629
131 631
131 639
131 641
131 642
131 653
131 661
131 665
131 668
131 671
131 679
131 695
131 697
131 698
131 706
131 718
131 722
131 724
131 725
131 729
131 730
131 738
131 739
131 741
131 744
131 763
131 765
131 768
131 771
131 778
131 784
131 785
131 791
679 4
679 15
679 16
679 21
679 25
679 33
679 40
679 41
679 43
679 47
679 54
679 63
679 66
679 75
679 85
679 92
679 100
679 101
679 102
679 105
679 106
679 124
679 126
679 127
679 130
679 134
679 139
679 141
679 142
679 145
679 147
679 151
679 154
679 157
679 165
679 166
679 170
679 171
679 172
679 186
679 187
679 193
679 194
679 195
679 197
679 208
679 210
679 217
679 227
679 237
679 239
679 245
679 248
679 250
679 260
679 268
679 270
679 272
679 274
679 276
679 283
679 285
679 297
679 298
679 301
679 305
679 320
679 340
679 344
679 345
679 352
679 366
679 377
679 378
679 383
679 384
679 390
679 393
679 394
679 395
679 397
679 402
679 408
679 410
679 415
679 418
679 424
679 427
679 430
679 437
679 445
679 448
679 454
679 461
679 469
679 472
679 475
679 476
679 478
679 490
679 494
679 495
679 502
679 508
679 509
679 513
679 517
679 525
679 530
679 534
679 535
679 548
679 550
679 557
679 560
679 562
679 584
679 588
679 589
679 591
679 592
679 593
679 595
679 596
679 598
679 600
679 603
679 609
679 610
679 611
679 612
679 631
679 638
679 639
679 642
679 643
679 660
679 662
679 663
679 677
679 689
679 693
679 703
679 708
679 711
679 712
679 713
679 718
679 720
679 721
679 740
679 744
679 745
679 752
679 753
679 763
679 775
679 779
679 783
679 784
679 788
679 792
679 795
679 796
679 799
679 800
285 3
285 4
285 10
285 11
285 18
285 20
285 22
285 25
285 27
285 28
285 32
285 34
285 35
285 39
285 41
285 43
285 46
285 66
285 69
285 78
285 81
285 84
285 90
285 97
285 104
285 105
285 112
285 117
285 122
285 130
285 132
285 136
285 137
285 151
285 155
285 161
285 195
285 196
285 203
285 206
285 208
285 210
285 211
285 216
285 217
285 220
285 223
285 225
285 226
285 228
285 236
285 239
285 244
285 247
285 250
285 255
285 261
285 262
285 279
285 287
285 292
285 311
285 315
285 322
285 325
285 328
285 334
285 338
285 339
285 343
285 345
285 351
285 352
285 357
285 367
285 371
285 374
285 375
285 378
285 381
285 384
285 392
285 402
285 403
285 415
285 416
285 422
285 424
285 428
285 434
285 437
285 439
285 440
285 441
285 450
285 468
285 480
285 488
285 491
285 503
285 513
285 521
285 524
285 538
285 545
285 547
285 551
285 558
285 563
285 564
285 568
285 569
285 570
285 582
285 585
285 590
285 591
285 593
285 595
285 601
285 602
285 603
285 606
285 608
285 611
285 613
285 617
285 621
285 623
285 625
285 626
285 631
285 634
285 637
285 639
285 648
285 652
285 661
285 665
285 667
285 675
285 679
285 685
285 686
285 687
285 697
285 703
285 725
285 728
285 729
285 731
285 739
285 748
285 763
285 770
285 777
285 790
285 794
285 797
285 798
465 1
465 3
465 5
465 19
465 26
465 29
465 38
465 39
465 46
465 49
465 51
465 52
465 67
465 71
465 76
465 79
465 96
465 97
465 98
465 99
465 100
465 111
465 119
465 122
465 124
465 127
465 129
465 130
465 131
465 140
465 141
465 150
465 158
465 168
465 171
465 174
465 175
465 177
465 179
465 186
465 187
465 189
465 212
465 218
465 226
465 237
465 240
465 241
465 246
465 253
465 257
465 258
465 261
465 262
465 266
465 267
465 278
465 279
465 281
465 285
465 288
465 289
465 295
465 306
465 308
465 312
465 316
465 322
465 323
465 325
465 332
465 333
465 336
465 341
465 342
465 344
465 345
465 346
465 348
465 351
465 352
465 364
465 371
465 374
465 378
465 380
465 388
465 394
465 396
465 401
465 403
465 415
465 424
465 425
465 431
465 433
465 441
465 444
465 449
465 452
465 456
465 457
465 467
465 478
465 489
465 491
465 494
465 498
465 503
465 508
465 510
465 511
465 516
465 541
465 542
465 556
465 557
465 565
465 566
465 570
465 571
465 574
465 577
465 585
465 588
465 589
465 593
465 595
465 600
465 603
465 614
465 616
465 617
465 622
465 623
465 628
465 644
465 648
465 650
465 655
465 656
465 667
465 671
465 675
465 680
465 683
465 685
465 692
465 693
465 696
465 709
465 714
465 715
465 716
465 721
465 726
465 728
465 745
465 772
465 775
465 776
465 778
465 779
465 784
465 786
465 790
465 791
465 795
465 798
636 1
636 2
636 9
636 11
636 12
636 16
636 23
636 36
636 41
636 46
636 48
636 49
636 50
636 53
636 57
636 58
636 66
636 70
636 73
636 77
636 80
636 81
636 82
636 85
636 87
636 90
636 91
636 93
636 94
636 95
636 99
636 100
636 101
636 102
636 112
636 113
636 125
636 130
636 136
636 142
636 144
636 154
636 160
636 161
636 162
636 163
636 164
636 177
636 181
636 184
636 185
636 187
636 189
636 193
636 202
636 207
636 209
636 211
636 221
636 222
636 223
636 224
636 231
636 234
636 240
636 242
636 244
636 254
636 259
636 264
636 272
636 274
636 276
636 281
636 299
636 304
636 308
636 312
636 321
636 322
636 326
636 333
636 337
636 344
636 345
636 364
636 367
636 371
636 389
636 390
636 394
636 395
636 396
636 398
636 401
636 408
636 409
636 411
636 413
636 415
636 419
636 437
636 439
636 452
636 453
636 457
636 459
636 461
636 462
636 480
636 486
636 491
636 492
636 508
636 509
636 549
636 551
636 552
636 565
636 580
636 584
636 586
636 594
636 597
636 599
636 600
636 604
636 613
636 621
636 623
636 630
636 633
636 639
636 640
636 645
636 657
636 664
636 673
636 685
636 689
636 700
636 708
636 711
636 721
636 726
636 730
636 753
636 754
636 755
636 759
636 760
636 769
636 775
636 781
636 788
138 4
138 11
138 12
138 15
138 19
138 24
138 30
138 32
138 33
138 37
138 39
138 42
138 46
138 51
138 54
138 56
138 63
138 74
138 80
138 85
138 86
138 90
138 98
138 99
138 110
138 113
138 127
138 142
138 144
138 146
138 147
138 162
138 177
138 185
138 196
138 201
138 209
138 210
138 211
138 213
138 221
138 225
138 239
138 247
138 250
138 257
138 270
138 281
138 284
138 288
138 289
138 294
138 301
138 306
138 307
138 310
138 311
138 317
138 318
138 330
138 331
138 333
138 338
138 355
138 368
138 385
138 390
138 391
138 407
138 413
138 414
138 418
138 419
138 421
138 438
138 441
138 449
138 453
138 459
138 462
138 465
138 468
138 472
138 473
138 491
138 503
138 510
138 515
138 528
138 542
138 546
138 564
138 571
138 576
138 579
138 586
138 588
138 591
138 592
138 595
138 596
138 600
138 602
138 607
138 610
138 613
138 615
138 623
138 626
138 634
138 636
138 640
138 641
138 652
138 653
138 654
138 657
138 661
138 671
138 672
138 679
138 685
138 694
138 699
138 715
138 719
138 728
138 732
138 734
138 736
138 737
138 745
138 748
138 749
138 751
138 755
138 772
138 777
138 784
138 785
138 786
138 787
138 792
138 795
138 797
614 2
614 6
614 13
614 16
614 19
614 24
614 26
614 37
614 38
614 42
614 51
614 53
614 57
614 73
614 75
614 79
614 83
614 94
614 95
614 109
614 111
614 112
614 113
614 138
614 146
614 151
614 170
614 172
614 176
614 177
614 180
614 195
614 198
614 208
614 214
614 218
614 230
614 234
614 264
614 265
614 266
614 272
614 275
614 276
614 284
614 306
614 309
614 311
614 316
614 317
614 320
614 323
614 324
614 328
614 329
614 334
614 340
614 341
614 343
614 348
614 353
614 354
614 360
614 377
614 378
614 398
614 401
614 416
614 433
614 436
614 446
614 451
614 454
614 459
614 470
614 471
614 476
614 482
614 492
614 493
614 500
614 521
614 525
614 529
614 538
614 548
614 549
614 552
614 554
614 557
614 558
614 562
614 565
614 600
614 602
614 615
614 624
614 631
614 634
614 637
614 640
614 641
614 643
614 651
614 652
614 653
614 665
614 666
614 669
614 672
614 676
614 677
614 679
614 680
614 693
614 694
614 697
614 703
614 704
614 709
614 713
614 718
614 723
614 727
614 743
614 745
614 748
614 757
614 762
614 764
614 766
614 770
614 773
614 777
614 797
614 798
614 800
