p td 1600 4460 
1076 7
1076 8
1076 17
1076 18
1076 20
1076 33
1076 38
1076 42
1076 53
1076 55
1076 56
1076 61
1076 62
1076 81
1076 83
1076 86
1076 87
1076 89
1076 99
1076 123
1076 124
1076 128
1076 134
1076 135
1076 144
1076 152
1076 160
1076 164
1076 165
1076 170
1076 173
1076 182
1076 183
1076 184
1076 185
1076 193
1076 198
1076 202
1076 203
1076 207
1076 212
1076 218
1076 222
1076 227
1076 228
1076 229
1076 231
1076 234
1076 240
1076 242
1076 253
1076 256
1076 257
1076 259
1076 275
1076 286
1076 287
1076 290
1076 295
1076 299
1076 304
1076 306
1076 313
1076 314
1076 318
1076 323
1076 327
1076 333
1076 337
1076 338
1076 340
1076 343
1076 346
1076 356
1076 357
1076 358
1076 360
1076 362
1076 366
1076 375
1076 381
1076 393
1076 395
1076 402
1076 405
1076 406
1076 408
1076 414
1076 432
1076 433
1076 436
1076 437
1076 440
1076 451
1076 457
1076 461
1076 465
1076 467
1076 472
1076 493
1076 496
1076 497
1076 506
1076 508
1076 511
1076 525
1076 534
1076 538
1076 541
1076 554
1076 562
1076 567
1076 568
1076 583
1076 585
1076 589
1076 591
1076 595
1076 596
1076 602
1076 603
1076 608
1076 610
1076 617
1076 618
1076 620
1076 621
1076 622
1076 623
1076 625
1076 636
1076 637
1076 645
1076 648
1076 652
1076 653
1076 661
1076 666
1076 670
1076 671
1076 678
1076 683
1076 693
1076 705
1076 710
1076 711
1076 715
1076 725
1076 726
1076 738
1076 739
1076 741
1076 742
1076 744
1076 772
1076 773
1076 775
1076 780
1076 793
1076 796
1076 808
1076 815
1076 819
1076 823
1076 838
1076 840
1076 842
1076 849
1076 850
1076 851
1076 853
1076 857
1076 858
1076 861
1076 865
1076 877
1076 879
1076 884
1076 893
1076 904
1076 914
1076 915
1076 921
1076 923
1076 924
1076 943
1076 946
1076 947
1076 949
1076 966
1076 969
1076 975
1076 988
1076 995
1076 999
1076 1017
1076 1024
1076 1029
1076 1031
1076 1032
1076 1037
1076 1048
1076 1056
1076 1062
1076 1067
1076 1071
1076 1073
1076 1086
1076 1088
1076 1090
1076 1102
1076 1103
1076 1115
1076 1118
1076 1119
1076 1121
1076 1126
1076 1130
1076 1131
1076 1139
1076 1148
1076 1149
1076 1154
1076 1176
1076 1189
1076 1214
1076 1217
1076 1224
1076 1226
1076 1227
1076 1240
1076 1243
1076 1245
1076 1246
1076 1249
1076 1250
1076 1251
1076 1252
1076 1257
1076 1259
1076 1265
1076 1267
1076 1283
1076 1308
1076 1315
1076 1317
1076 1318
1076 1322
1076 1325
1076 1328
1076 1334
1076 1341
1076 1342
1076 1348
1076 1351
1076 1353
1076 1355
1076 1369
1076 1373
1076 1378
1076 1379
1076 1380
1076 1384
1076 1393
1076 1394
1076 1403
1076 1404
1076 1410
1076 1412
1076 1413
1076 1421
1076 1422
1076 1429
1076 1433
1076 1435
1076 1441
1076 1456
1076 1463
1076 1465
1076 1466
1076 1468
1076 1470
1076 1493
1076 1495
1076 1496
1076 1511
1076 1512
1076 1517
1076 1526
1076 1535
1076 1539
1076 1541
1076 1543
1076 1548
1076 1549
1076 1550
1076 1551
1076 1556
1076 1563
1076 1564
1076 1568
1076 1570
1076 1581
1437 11
1437 16
1437 18
1437 21
1437 22
1437 27
1437 28
1437 29
1437 30
1437 39
1437 40
1437 43
1437 47
1437 48
1437 57
1437 58
1437 69
1437 70
1437 75
1437 80
1437 85
1437 94
1437 97
1437 99
1437 101
1437 110
1437 136
1437 141
1437 145
1437 155
1437 158
1437 175
1437 176
1437 180
1437 184
1437 191
1437 197
1437 199
1437 211
1437 230
1437 232
1437 234
1437 235
1437 237
1437 243
1437 247
1437 253
1437 257
1437 280
1437 289
1437 290
1437 295
1437 298
1437 313
1437 317
1437 321
1437 324
1437 328
1437 332
1437 336
1437 343
1437 346
1437 349
1437 358
1437 361
1437 368
1437 369
1437 373
1437 375
1437 384
1437 387
1437 390
1437 396
1437 406
1437 409
1437 411
1437 417
1437 429
1437 434
1437 440
1437 446
1437 450
1437 452
1437 457
1437 464
1437 475
1437 478
1437 479
1437 480
1437 486
1437 487
1437 490
1437 507
1437 512
1437 513
1437 514
1437 525
1437 532
1437 535
1437 539
1437 544
1437 549
1437 554
1437 555
1437 564
1437 569
1437 576
1437 578
1437 580
1437 587
1437 601
1437 606
1437 613
1437 617
1437 619
1437 622
1437 637
1437 640
1437 645
1437 653
1437 656
1437 658
1437 660
1437 662
1437 663
1437 669
1437 673
1437 674
1437 682
1437 685
1437 686
1437 700
1437 701
1437 703
1437 707
1437 710
1437 711
1437 713
1437 714
1437 723
1437 725
1437 733
1437 743
1437 744
1437 745
1437 755
1437 767
1437 770
1437 771
1437 772
1437 775
1437 782
1437 784
1437 787
1437 792
1437 798
1437 807
1437 823
1437 826
1437 829
1437 841
1437 842
1437 859
1437 861
1437 863
1437 884
1437 886
1437 900
1437 903
1437 904
1437 907
1437 916
1437 918
1437 919
1437 922
1437 927
1437 931
1437 933
1437 937
1437 939
1437 941
1437 943
1437 945
1437 957
1437 967
1437 972
1437 975
1437 979
1437 981
1437 992
1437 994
1437 996
1437 1002
1437 1003
1437 1004
1437 1010
1437 1023
1437 1024
1437 1032
1437 1037
1437 1046
1437 1055
1437 1058
1437 1063
1437 1066
1437 1069
1437 1071
1437 1073
1437 1075
1437 1079
1437 1087
1437 1096
1437 1100
1437 1101
1437 1118
1437 1123
1437 1124
1437 1129
1437 1135
1437 1137
1437 1145
1437 1149
1437 1158
1437 1164
1437 1165
1437 1170
1437 1180
1437 1185
1437 1186
1437 1196
1437 1199
1437 1209
1437 1223
1437 1225
1437 1234
1437 1235
1437 1237
1437 1245
1437 1246
1437 1251
1437 1254
1437 1259
1437 1261
1437 1264
1437 1271
1437 1279
1437 1281
1437 1282
1437 1293
1437 1299
1437 1301
1437 1308
1437 1312
1437 1318
1437 1322
1437 1337
1437 1342
1437 1347
1437 1353
1437 1358
1437 1363
1437 1367
1437 1373
1437 1376
1437 1378
1437 1382
1437 1384
1437 1388
1437 1389
1437 1390
1437 1392
1437 1405
1437 1410
1437 1420
1437 1423
1437 1425
1437 1431
1437 1436
1437 1439
1437 1464
1437 1466
1437 1472
1437 1485
1437 1492
1437 1501
1437 1503
1437 1505
1437 1510
1437 1511
1437 1514
1437 1515
1437 1516
1437 1518
1437 1521
1437 1532
1437 1539
1437 1551
1437 1552
1437 1556
1437 1559
1437 1568
1437 1577
1437 1583
1437 1586
1437 1588
1437 1591
1437 1599
1506 1
1506 5
1506 6
1506 9
1506 10
1506 16
1506 18
1506 21
1506 31
1506 32
1506 46
1506 48
1506 61
1506 64
1506 67
1506 68
1506 74
1506 77
1506 78
1506 85
1506 90
1506 92
1506 97
1506 100
1506 108
1506 110
1506 114
1506 123
1506 129
1506 137
1506 143
1506 147
1506 149
1506 153
1506 156
1506 161
1506 163
1506 167
1506 171
1506 174
1506 184
1506 185
1506 187
1506 194
1506 199
1506 200
1506 211
1506 214
1506 215
1506 222
1506 225
1506 231
1506 236
1506 257
1506 258
1506 259
1506 261
1506 262
1506 263
1506 267
1506 270
1506 285
1506 291
1506 295
1506 298
1506 303
1506 312
1506 320
1506 325
1506 326
1506 334
1506 342
1506 347
1506 366
1506 374
1506 376
1506 382
1506 383
1506 386
1506 390
1506 394
1506 400
1506 401
1506 414
1506 426
1506 430
1506 439
1506 449
1506 451
1506 452
1506 457
1506 462
1506 463
1506 470
1506 471
1506 475
1506 480
1506 482
1506 484
1506 491
1506 493
1506 519
1506 525
1506 529
1506 534
1506 537
1506 539
1506 541
1506 543
1506 550
1506 555
1506 562
1506 570
1506 571
1506 576
1506 577
1506 579
1506 583
1506 584
1506 590
1506 591
1506 593
1506 605
1506 611
1506 612
1506 616
1506 619
1506 624
1506 631
1506 637
1506 640
1506 641
1506 644
1506 647
1506 657
1506 662
1506 665
1506 672
1506 674
1506 683
1506 697
1506 705
1506 706
1506 713
1506 718
1506 720
1506 721
1506 728
1506 731
1506 732
1506 733
1506 740
1506 752
1506 757
1506 766
1506 771
1506 775
1506 781
1506 784
1506 785
1506 786
1506 793
1506 804
1506 808
1506 816
1506 828
1506 829
1506 835
1506 836
1506 837
1506 839
1506 841
1506 846
1506 847
1506 848
1506 853
1506 854
1506 860
1506 862
1506 868
1506 874
1506 875
1506 876
1506 880
1506 881
1506 885
1506 888
1506 894
1506 896
1506 897
1506 903
1506 919
1506 924
1506 926
1506 928
1506 950
1506 951
1506 955
1506 964
1506 968
1506 977
1506 981
1506 985
1506 986
1506 989
1506 997
1506 1000
1506 1007
1506 1009
1506 1014
1506 1034
1506 1037
1506 1038
1506 1039
1506 1044
1506 1050
1506 1061
1506 1073
1506 1077
1506 1078
1506 1086
1506 1088
1506 1094
1506 1101
1506 1112
1506 1117
1506 1130
1506 1132
1506 1135
1506 1145
1506 1146
1506 1154
1506 1157
1506 1163
1506 1172
1506 1175
1506 1177
1506 1179
1506 1186
1506 1187
1506 1190
1506 1191
1506 1204
1506 1206
1506 1210
1506 1214
1506 1215
1506 1229
1506 1236
1506 1240
1506 1245
1506 1250
1506 1253
1506 1261
1506 1263
1506 1264
1506 1265
1506 1266
1506 1267
1506 1269
1506 1280
1506 1284
1506 1285
1506 1295
1506 1297
1506 1299
1506 1302
1506 1306
1506 1317
1506 1324
1506 1328
1506 1335
1506 1336
1506 1337
1506 1341
1506 1352
1506 1355
1506 1363
1506 1368
1506 1369
1506 1371
1506 1378
1506 1381
1506 1386
1506 1389
1506 1394
1506 1407
1506 1410
1506 1413
1506 1414
1506 1416
1506 1417
1506 1424
1506 1427
1506 1447
1506 1459
1506 1466
1506 1470
1506 1472
1506 1480
1506 1487
1506 1490
1506 1493
1506 1495
1506 1497
1506 1499
1506 1502
1506 1503
1506 1509
1506 1530
1506 1531
1506 1532
1506 1537
1506 1540
1506 1541
1506 1542
1506 1546
1506 1556
1506 1562
1506 1568
1506 1570
1506 1584
1506 1586
877 2
877 3
877 4
877 7
877 23
877 24
877 33
877 36
877 39
877 45
877 48
877 50
877 55
877 67
877 69
877 76
877 81
877 93
877 106
877 109
877 111
877 119
877 120
877 126
877 133
877 140
877 146
877 147
877 168
877 170
877 180
877 184
877 190
877 203
877 216
877 217
877 220
877 224
877 239
877 243
877 245
877 248
877 253
877 259
877 262
877 270
877 276
877 278
877 282
877 283
877 285
877 287
877 288
877 304
877 305
877 311
877 313
877 316
877 322
877 324
877 326
877 334
877 335
877 336
877 347
877 348
877 353
877 355
877 356
877 360
877 369
877 376
877 381
877 389
877 419
877 425
877 430
877 431
877 440
877 448
877 457
877 467
877 479
877 491
877 495
877 512
877 534
877 547
877 555
877 556
877 559
877 562
877 567
877 576
877 577
877 586
877 588
877 590
877 609
877 612
877 613
877 614
877 617
877 626
877 628
877 629
877 633
877 640
877 654
877 659
877 662
877 668
877 673
877 676
877 699
877 700
877 701
877 702
877 719
877 720
877 727
877 730
877 731
877 739
877 741
877 752
877 758
877 761
877 763
877 766
877 768
877 771
877 773
877 775
877 782
877 790
877 802
877 806
877 807
877 813
877 814
877 822
877 825
877 832
877 845
877 848
877 862
877 867
877 874
877 888
877 898
877 902
877 903
877 904
877 908
877 912
877 916
877 920
877 922
877 926
877 935
877 936
877 939
877 940
877 941
877 942
877 943
877 948
877 952
877 953
877 956
877 969
877 977
877 978
877 985
877 994
877 996
877 1009
877 1021
877 1023
877 1031
877 1036
877 1037
877 1047
877 1048
877 1049
877 1053
877 1070
877 1071
877 1074
877 1081
877 1083
877 1087
877 1096
877 1099
877 1102
877 1103
877 1104
877 1106
877 1108
877 1109
877 1112
877 1114
877 1116
877 1122
877 1125
877 1133
877 1140
877 1146
877 1148
877 1150
877 1153
877 1155
877 1158
877 1160
877 1170
877 1173
877 1175
877 1177
877 1187
877 1189
877 1191
877 1192
877 1196
877 1197
877 1199
877 1205
877 1212
877 1213
877 1216
877 1225
877 1228
877 1230
877 1232
877 1233
877 1238
877 1241
877 1242
877 1247
877 1248
877 1250
877 1251
877 1256
877 1258
877 1260
877 1264
877 1269
877 1270
877 1273
877 1279
877 1283
877 1290
877 1292
877 1300
877 1311
877 1322
877 1333
877 1337
877 1341
877 1355
877 1361
877 1376
877 1380
877 1383
877 1390
877 1392
877 1404
877 1405
877 1411
877 1415
877 1446
877 1453
877 1457
877 1462
877 1473
877 1474
877 1476
877 1482
877 1486
877 1491
877 1493
877 1509
877 1511
877 1512
877 1524
877 1526
877 1532
877 1535
877 1542
877 1563
877 1564
877 1567
877 1576
877 1582
877 1584
877 1586
877 1591
877 1594
877 1595
877 1598
877 1600
573 8
573 14
573 24
573 25
573 29
573 30
573 34
573 37
573 40
573 44
573 56
573 57
573 58
573 59
573 60
573 71
573 74
573 75
573 79
573 83
573 86
573 89
573 94
573 102
573 103
573 108
573 109
573 112
573 113
573 117
573 134
573 141
573 143
573 150
573 154
573 157
573 159
573 164
573 177
573 180
573 181
573 182
573 192
573 194
573 195
573 197
573 200
573 202
573 208
573 209
573 219
573 223
573 227
573 231
573 232
573 234
573 243
573 249
573 253
573 264
573 279
573 280
573 286
573 292
573 298
573 299
573 309
573 310
573 324
573 330
573 334
573 338
573 342
573 345
573 347
573 357
573 368
573 372
573 373
573 375
573 379
573 382
573 383
573 387
573 389
573 390
573 393
573 394
573 395
573 405
573 414
573 415
573 418
573 430
573 441
573 442
573 446
573 448
573 449
573 455
573 458
573 467
573 472
573 487
573 488
573 500
573 503
573 505
573 507
573 517
573 520
573 526
573 537
573 539
573 542
573 543
573 544
573 563
573 564
573 572
573 574
573 581
573 587
573 591
573 593
573 596
573 600
573 609
573 613
573 614
573 615
573 619
573 620
573 621
573 622
573 634
573 635
573 638
573 641
573 643
573 649
573 655
573 656
573 657
573 660
573 667
573 675
573 685
573 695
573 696
573 698
573 699
573 700
573 709
573 715
573 717
573 718
573 731
573 738
573 742
573 744
573 745
573 750
573 758
573 764
573 773
573 782
573 787
573 788
573 789
573 800
573 808
573 813
573 816
573 822
573 828
573 835
573 838
573 845
573 857
573 864
573 868
573 874
573 876
573 887
573 888
573 895
573 896
573 900
573 906
573 925
573 942
573 948
573 959
573 960
573 961
573 968
573 975
573 983
573 993
573 1002
573 1015
573 1018
573 1025
573 1027
573 1030
573 1032
573 1039
573 1040
573 1044
573 1047
573 1058
573 1067
573 1072
573 1074
573 1091
573 1099
573 1102
573 1105
573 1106
573 1110
573 1111
573 1120
573 1125
573 1131
573 1132
573 1139
573 1141
573 1150
573 1152
573 1164
573 1166
573 1169
573 1171
573 1173
573 1179
573 1182
573 1183
573 1185
573 1191
573 1212
573 1213
573 1214
573 1216
573 1219
573 1222
573 1228
573 1231
573 1237
573 1241
573 1242
573 1245
573 1262
573 1269
573 1270
573 1271
573 1273
573 1274
573 1279
573 1285
573 1291
573 1292
573 1298
573 1306
573 1309
573 1314
573 1315
573 1316
573 1320
573 1323
573 1328
573 1330
573 1338
573 1355
573 1356
573 1365
573 1369
573 1371
573 1378
573 1413
573 1418
573 1421
573 1423
573 1424
573 1427
573 1435
573 1446
573 1452
573 1457
573 1460
573 1461
573 1466
573 1476
573 1480
573 1484
573 1486
573 1494
573 1496
573 1507
573 1509
573 1518
573 1519
573 1526
573 1533
573 1535
573 1538
573 1551
573 1560
573 1562
573 1564
573 1567
573 1572
573 1577
573 1579
573 1581
573 1589
573 1592
573 1593
573 1594
573 1596
573 1597
573 1598
1155 3
1155 4
1155 15
1155 18
1155 23
1155 25
1155 26
1155 28
1155 29
1155 31
1155 42
1155 48
1155 49
1155 52
1155 62
1155 73
1155 84
1155 102
1155 105
1155 106
1155 118
1155 120
1155 124
1155 125
1155 128
1155 130
1155 134
1155 138
1155 152
1155 155
1155 156
1155 157
1155 167
1155 172
1155 179
1155 188
1155 194
1155 197
1155 204
1155 206
1155 216
1155 217
1155 218
1155 219
1155 220
1155 224
1155 227
1155 231
1155 245
1155 250
1155 258
1155 271
1155 274
1155 296
1155 300
1155 304
1155 305
1155 307
1155 308
1155 312
1155 319
1155 321
1155 322
1155 325
1155 327
1155 328
1155 329
1155 347
1155 359
1155 361
1155 362
1155 363
1155 364
1155 387
1155 389
1155 392
1155 395
1155 396
1155 403
1155 420
1155 427
1155 429
1155 430
1155 434
1155 435
1155 436
1155 440
1155 445
1155 447
1155 451
1155 452
1155 454
1155 455
1155 463
1155 465
1155 468
1155 472
1155 475
1155 476
1155 477
1155 485
1155 486
1155 491
1155 493
1155 496
1155 499
1155 500
1155 501
1155 503
1155 519
1155 525
1155 542
1155 547
1155 548
1155 552
1155 559
1155 563
1155 566
1155 569
1155 579
1155 580
1155 582
1155 583
1155 584
1155 597
1155 598
1155 601
1155 603
1155 606
1155 610
1155 620
1155 621
1155 622
1155 626
1155 666
1155 671
1155 683
1155 684
1155 685
1155 689
1155 690
1155 691
1155 696
1155 699
1155 706
1155 708
1155 709
1155 713
1155 714
1155 722
1155 724
1155 725
1155 726
1155 730
1155 736
1155 737
1155 738
1155 739
1155 753
1155 756
1155 757
1155 762
1155 768
1155 771
1155 777
1155 779
1155 786
1155 787
1155 788
1155 789
1155 791
1155 794
1155 798
1155 800
1155 802
1155 804
1155 807
1155 810
1155 811
1155 812
1155 822
1155 823
1155 827
1155 834
1155 842
1155 846
1155 877
1155 878
1155 879
1155 893
1155 894
1155 913
1155 915
1155 917
1155 923
1155 930
1155 931
1155 936
1155 943
1155 944
1155 947
1155 954
1155 961
1155 969
1155 978
1155 979
1155 992
1155 997
1155 1004
1155 1010
1155 1017
1155 1018
1155 1021
1155 1025
1155 1030
1155 1031
1155 1038
1155 1049
1155 1051
1155 1055
1155 1057
1155 1059
1155 1070
1155 1072
1155 1081
1155 1088
1155 1090
1155 1103
1155 1104
1155 1109
1155 1124
1155 1125
1155 1128
1155 1135
1155 1137
1155 1138
1155 1141
1155 1144
1155 1153
1155 1157
1155 1159
1155 1163
1155 1164
1155 1166
1155 1171
1155 1176
1155 1190
1155 1192
1155 1209
1155 1216
1155 1217
1155 1219
1155 1222
1155 1224
1155 1235
1155 1238
1155 1240
1155 1242
1155 1243
1155 1247
1155 1248
1155 1264
1155 1269
1155 1275
1155 1278
1155 1279
1155 1280
1155 1291
1155 1296
1155 1299
1155 1301
1155 1306
1155 1311
1155 1312
1155 1317
1155 1321
1155 1329
1155 1338
1155 1343
1155 1345
1155 1348
1155 1354
1155 1361
1155 1362
1155 1363
1155 1367
1155 1376
1155 1377
1155 1391
1155 1395
1155 1398
1155 1400
1155 1409
1155 1410
1155 1412
1155 1413
1155 1416
1155 1417
1155 1425
1155 1430
1155 1436
1155 1441
1155 1442
1155 1447
1155 1451
1155 1462
1155 1468
1155 1473
1155 1474
1155 1483
1155 1485
1155 1494
1155 1497
1155 1505
1155 1506
1155 1510
1155 1511
1155 1518
1155 1523
1155 1527
1155 1533
1155 1534
1155 1536
1155 1538
1155 1540
1155 1541
1155 1543
1155 1545
1155 1546
1155 1557
1155 1562
1155 1567
1155 1574
1155 1577
1155 1581
1155 1584
1155 1586
1155 1589
1155 1591
1155 1593
1155 1597
597 1
597 4
597 13
597 23
597 26
597 29
597 33
597 35
597 36
597 39
597 42
597 55
597 56
597 68
597 74
597 77
597 81
597 93
597 98
597 111
597 116
597 130
597 145
597 158
597 160
597 176
597 181
597 197
597 199
597 211
597 217
597 219
597 223
597 225
597 226
597 229
597 241
597 243
597 247
597 251
597 256
597 271
597 276
597 280
597 282
597 294
597 297
597 310
597 311
597 312
597 313
597 314
597 321
597 322
597 323
597 326
597 333
597 337
597 351
597 358
597 359
597 368
597 372
597 376
597 386
597 389
597 395
597 398
597 400
597 402
597 403
597 404
597 406
597 410
597 416
597 437
597 448
597 450
597 456
597 457
597 465
597 480
597 483
597 485
597 487
597 491
597 493
597 497
597 498
597 503
597 506
597 509
597 512
597 513
597 525
597 528
597 530
597 531
597 535
597 537
597 548
597 550
597 552
597 557
597 562
597 563
597 565
597 566
597 574
597 576
597 582
597 584
597 590
597 595
597 599
597 601
597 606
597 607
597 610
597 624
597 631
597 634
597 639
597 642
597 648
597 657
597 661
597 664
597 670
597 672
597 681
597 684
597 686
597 690
597 696
597 703
597 707
597 710
597 718
597 720
597 722
597 723
597 725
597 726
597 728
597 729
597 734
597 744
597 756
597 762
597 763
597 770
597 771
597 787
597 800
597 803
597 806
597 809
597 818
597 819
597 821
597 822
597 826
597 830
597 833
597 834
597 846
597 849
597 850
597 859
597 862
597 868
597 881
597 882
597 884
597 886
597 900
597 901
597 904
597 907
597 908
597 922
597 924
597 931
597 933
597 941
597 942
597 949
597 954
597 963
597 974
597 976
597 987
597 989
597 991
597 999
597 1008
597 1009
597 1011
597 1013
597 1016
597 1022
597 1028
597 1034
597 1035
597 1037
597 1041
597 1042
597 1051
597 1060
597 1062
597 1063
597 1064
597 1068
597 1069
597 1079
597 1089
597 1093
597 1096
597 1108
597 1111
597 1115
597 1120
597 1125
597 1129
597 1130
597 1132
597 1137
597 1145
597 1148
597 1153
597 1157
597 1161
597 1165
597 1167
597 1178
597 1187
597 1188
597 1189
597 1202
597 1208
597 1211
597 1212
597 1213
597 1215
597 1217
597 1224
597 1229
597 1234
597 1235
597 1239
597 1240
597 1247
597 1248
597 1260
597 1264
597 1266
597 1274
597 1278
597 1281
597 1282
597 1289
597 1290
597 1307
597 1314
597 1319
597 1320
597 1325
597 1332
597 1337
597 1350
597 1363
597 1366
597 1374
597 1378
597 1400
597 1409
597 1410
597 1416
597 1417
597 1418
597 1419
597 1423
597 1441
597 1446
597 1451
597 1453
597 1454
597 1466
597 1467
597 1471
597 1473
597 1474
597 1487
597 1492
597 1497
597 1524
597 1529
597 1532
597 1534
597 1536
597 1537
597 1542
597 1543
597 1548
597 1554
597 1563
597 1564
597 1571
597 1572
597 1574
597 1579
597 1581
597 1582
597 1583
597 1587
597 1594
599 1
599 2
599 21
599 27
599 37
599 39
599 40
599 45
599 50
599 60
599 64
599 68
599 69
599 75
599 78
599 80
599 81
599 83
599 90
599 91
599 92
599 95
599 105
599 107
599 110
599 133
599 136
599 137
599 143
599 144
599 145
599 146
599 152
599 158
599 162
599 163
599 166
599 167
599 173
599 177
599 178
599 182
599 184
599 185
599 186
599 191
599 200
599 205
599 209
599 216
599 218
599 220
599 228
599 236
599 245
599 248
599 253
599 259
599 264
599 265
599 269
599 274
599 276
599 280
599 283
599 294
599 296
599 301
599 305
599 312
599 314
599 325
599 327
599 329
599 330
599 335
599 338
599 342
599 343
599 348
599 353
599 355
599 359
599 362
599 364
599 366
599 369
599 373
599 396
599 402
599 403
599 409
599 417
599 418
599 423
599 424
599 427
599 435
599 436
599 441
599 444
599 446
599 447
599 454
599 457
599 458
599 466
599 489
599 490
599 498
599 501
599 504
599 505
599 509
599 511
599 512
599 515
599 520
599 525
599 526
599 530
599 545
599 557
599 568
599 587
599 590
599 591
599 592
599 597
599 598
599 602
599 609
599 610
599 611
599 615
599 619
599 628
599 641
599 645
599 649
599 650
599 661
599 665
599 666
599 674
599 675
599 677
599 684
599 687
599 695
599 705
599 706
599 709
599 720
599 723
599 726
599 728
599 732
599 739
599 745
599 752
599 757
599 760
599 761
599 766
599 769
599 773
599 778
599 785
599 796
599 797
599 798
599 808
599 815
599 823
599 828
599 839
599 841
599 845
599 846
599 855
599 856
599 864
599 880
599 882
599 885
599 887
599 890
599 894
599 897
599 908
599 917
599 918
599 928
599 929
599 930
599 932
599 934
599 935
599 943
599 944
599 955
599 959
599 974
599 983
599 995
599 1003
599 1004
599 1007
599 1009
599 1010
599 1013
599 1015
599 1021
599 1028
599 1031
599 1044
599 1045
599 1047
599 1049
599 1051
599 1052
599 1053
599 1054
599 1056
599 1057
599 1063
599 1068
599 1076
599 1081
599 1082
599 1083
599 1084
599 1100
599 1103
599 1105
599 1108
599 1109
599 1118
599 1120
599 1123
599 1144
599 1152
599 1153
599 1155
599 1157
599 1162
599 1172
599 1177
599 1178
599 1180
599 1183
599 1189
599 1193
599 1199
599 1202
599 1206
599 1212
599 1214
599 1217
599 1231
599 1235
599 1236
599 1239
599 1247
599 1255
599 1256
599 1260
599 1261
599 1262
599 1271
599 1276
599 1277
599 1279
599 1281
599 1283
599 1288
599 1295
599 1327
599 1329
599 1334
599 1336
599 1342
599 1348
599 1354
599 1358
599 1363
599 1364
599 1367
599 1370
599 1375
599 1382
599 1383
599 1387
599 1389
599 1393
599 1394
599 1398
599 1402
599 1403
599 1404
599 1405
599 1408
599 1411
599 1412
599 1414
599 1418
599 1419
599 1423
599 1425
599 1426
599 1442
599 1455
599 1457
599 1459
599 1464
599 1467
599 1468
599 1470
599 1481
599 1483
599 1484
599 1488
599 1490
599 1491
599 1492
599 1495
599 1499
599 1503
599 1506
599 1510
599 1512
599 1515
599 1519
599 1520
599 1527
599 1528
599 1531
599 1532
599 1535
599 1543
599 1548
599 1554
599 1561
599 1564
599 1566
599 1568
599 1580
599 1588
599 1591
599 1598
511 11
511 12
511 15
511 18
511 19
511 24
511 29
511 30
511 36
511 40
511 41
511 45
511 47
511 54
511 67
511 68
511 71
511 75
511 77
511 89
511 100
511 102
511 104
511 108
511 111
511 112
511 116
511 120
511 127
511 129
511 136
511 138
511 139
511 147
511 160
511 161
511 165
511 169
511 170
511 171
511 174
511 179
511 184
511 186
511 188
511 189
511 200
511 217
511 226
511 230
511 238
511 241
511 245
511 247
511 248
511 256
511 259
511 260
511 264
511 265
511 268
511 269
511 282
511 283
511 301
511 305
511 329
511 332
511 335
511 343
511 357
511 358
511 360
511 365
511 367
511 368
511 384
511 385
511 394
511 398
511 402
511 404
511 410
511 411
511 417
511 422
511 425
511 429
511 442
511 443
511 450
511 452
511 453
511 456
511 457
511 465
511 471
511 473
511 474
511 480
511 486
511 487
511 494
511 498
511 502
511 510
511 521
511 527
511 536
511 544
511 552
511 554
511 555
511 558
511 561
511 569
511 571
511 572
511 581
511 583
511 584
511 590
511 599
511 601
511 609
511 630
511 641
511 642
511 644
511 650
511 653
511 658
511 667
511 672
511 676
511 683
511 687
511 699
511 702
511 705
511 709
511 716
511 720
511 730
511 735
511 738
511 741
511 746
511 750
511 761
511 762
511 769
511 773
511 782
511 790
511 791
511 795
511 796
511 799
511 809
511 812
511 818
511 826
511 827
511 828
511 829
511 831
511 840
511 846
511 848
511 849
511 850
511 852
511 854
511 855
511 873
511 878
511 883
511 896
511 905
511 910
511 911
511 916
511 921
511 922
511 923
511 924
511 932
511 933
511 942
511 943
511 944
511 946
511 949
511 954
511 969
511 975
511 977
511 978
511 979
511 989
511 1004
511 1011
511 1014
511 1018
511 1029
511 1030
511 1033
511 1036
511 1052
511 1073
511 1074
511 1077
511 1089
511 1094
511 1095
511 1103
511 1106
511 1108
511 1115
511 1118
511 1136
511 1138
511 1139
511 1143
511 1144
511 1153
511 1158
511 1161
511 1171
511 1175
511 1189
511 1192
511 1199
511 1200
511 1205
511 1210
511 1211
511 1213
511 1221
511 1227
511 1235
511 1236
511 1239
511 1242
511 1245
511 1246
511 1247
511 1251
511 1253
511 1255
511 1265
511 1267
511 1269
511 1273
511 1275
511 1280
511 1289
511 1292
511 1295
511 1307
511 1314
511 1319
511 1320
511 1325
511 1327
511 1332
511 1334
511 1337
511 1351
511 1362
511 1363
511 1368
511 1372
511 1373
511 1378
511 1384
511 1387
511 1388
511 1394
511 1405
511 1412
511 1416
511 1421
511 1425
511 1429
511 1433
511 1434
511 1438
511 1444
511 1449
511 1451
511 1460
511 1475
511 1478
511 1481
511 1489
511 1499
511 1503
511 1505
511 1507
511 1509
511 1516
511 1521
511 1534
511 1542
511 1547
511 1552
511 1562
511 1569
511 1576
511 1584
511 1586
511 1595
511 1596
511 1597
436 5
436 12
436 18
436 19
436 23
436 25
436 33
436 38
436 40
436 49
436 60
436 65
436 75
436 77
436 79
436 83
436 87
436 89
436 102
436 105
436 116
436 117
436 121
436 127
436 136
436 137
436 139
436 140
436 152
436 155
436 156
436 167
436 169
436 175
436 181
436 193
436 195
436 197
436 198
436 199
436 200
436 201
436 204
436 218
436 223
436 224
436 232
436 239
436 248
436 250
436 263
436 266
436 270
436 276
436 286
436 287
436 290
436 297
436 299
436 301
436 302
436 317
436 324
436 335
436 338
436 349
436 350
436 353
436 355
436 357
436 366
436 375
436 391
436 393
436 403
436 404
436 407
436 415
436 425
436 426
436 427
436 439
436 441
436 450
436 452
436 455
436 465
436 473
436 487
436 488
436 492
436 499
436 501
436 505
436 506
436 507
436 518
436 521
436 536
436 546
436 569
436 573
436 575
436 584
436 585
436 588
436 589
436 595
436 596
436 608
436 611
436 612
436 616
436 617
436 619
436 626
436 631
436 633
436 642
436 645
436 662
436 666
436 673
436 675
436 685
436 686
436 689
436 693
436 704
436 705
436 706
436 710
436 712
436 713
436 715
436 723
436 729
436 730
436 748
436 750
436 753
436 760
436 775
436 783
436 795
436 799
436 800
436 802
436 803
436 809
436 813
436 817
436 819
436 823
436 827
436 829
436 835
436 837
436 841
436 842
436 852
436 854
436 858
436 863
436 872
436 889
436 890
436 891
436 897
436 904
436 906
436 928
436 939
436 951
436 954
436 955
436 959
436 961
436 965
436 968
436 972
436 974
436 976
436 982
436 983
436 985
436 1002
436 1005
436 1007
436 1008
436 1016
436 1018
436 1021
436 1028
436 1031
436 1035
436 1038
436 1047
436 1052
436 1053
436 1059
436 1060
436 1062
436 1070
436 1073
436 1075
436 1083
436 1087
436 1088
436 1091
436 1093
436 1099
436 1101
436 1104
436 1109
436 1119
436 1123
436 1125
436 1127
436 1139
436 1147
436 1155
436 1157
436 1159
436 1163
436 1173
436 1182
436 1189
436 1203
436 1213
436 1230
436 1232
436 1237
436 1248
436 1253
436 1258
436 1262
436 1268
436 1272
436 1285
436 1287
436 1295
436 1301
436 1303
436 1304
436 1311
436 1321
436 1322
436 1325
436 1330
436 1352
436 1355
436 1359
436 1365
436 1366
436 1369
436 1370
436 1374
436 1379
436 1384
436 1385
436 1388
436 1394
436 1398
436 1400
436 1404
436 1407
436 1411
436 1413
436 1417
436 1421
436 1423
436 1427
436 1431
436 1432
436 1433
436 1436
436 1437
436 1439
436 1446
436 1447
436 1449
436 1453
436 1458
436 1459
436 1460
436 1464
436 1470
436 1471
436 1479
436 1482
436 1486
436 1502
436 1507
436 1509
436 1515
436 1516
436 1517
436 1518
436 1519
436 1520
436 1524
436 1527
436 1531
436 1540
436 1541
436 1547
436 1548
436 1550
436 1552
436 1571
436 1578
436 1589
436 1592
1036 3
1036 11
1036 18
1036 28
1036 34
1036 38
1036 39
1036 46
1036 47
1036 49
1036 52
1036 58
1036 62
1036 65
1036 67
1036 69
1036 93
1036 94
1036 102
1036 103
1036 108
1036 116
1036 131
1036 132
1036 135
1036 144
1036 157
1036 165
1036 173
1036 180
1036 184
1036 191
1036 195
1036 197
1036 202
1036 204
1036 207
1036 215
1036 216
1036 218
1036 225
1036 236
1036 242
1036 246
1036 251
1036 254
1036 256
1036 257
1036 263
1036 271
1036 278
1036 280
1036 285
1036 286
1036 288
1036 309
1036 310
1036 311
1036 320
1036 323
1036 324
1036 325
1036 327
1036 330
1036 334
1036 337
1036 339
1036 340
1036 345
1036 347
1036 349
1036 355
1036 361
1036 372
1036 379
1036 381
1036 383
1036 393
1036 398
1036 400
1036 403
1036 406
1036 407
1036 412
1036 417
1036 421
1036 423
1036 432
1036 433
1036 436
1036 438
1036 439
1036 452
1036 461
1036 464
1036 472
1036 478
1036 482
1036 486
1036 491
1036 495
1036 496
1036 507
1036 513
1036 518
1036 530
1036 532
1036 533
1036 534
1036 541
1036 547
1036 549
1036 561
1036 565
1036 567
1036 571
1036 573
1036 575
1036 576
1036 582
1036 587
1036 590
1036 591
1036 593
1036 604
1036 630
1036 636
1036 637
1036 643
1036 644
1036 648
1036 664
1036 676
1036 679
1036 681
1036 682
1036 686
1036 689
1036 690
1036 702
1036 724
1036 725
1036 735
1036 739
1036 744
1036 753
1036 756
1036 759
1036 765
1036 768
1036 781
1036 786
1036 787
1036 788
1036 790
1036 796
1036 804
1036 805
1036 813
1036 822
1036 824
1036 832
1036 833
1036 840
1036 843
1036 847
1036 848
1036 850
1036 858
1036 861
1036 876
1036 885
1036 888
1036 893
1036 896
1036 898
1036 904
1036 905
1036 907
1036 915
1036 918
1036 929
1036 930
1036 934
1036 938
1036 939
1036 943
1036 952
1036 958
1036 962
1036 981
1036 984
1036 989
1036 1005
1036 1009
1036 1016
1036 1021
1036 1025
1036 1028
1036 1030
1036 1031
1036 1037
1036 1038
1036 1040
1036 1041
1036 1042
1036 1044
1036 1046
1036 1049
1036 1050
1036 1055
1036 1058
1036 1063
1036 1065
1036 1068
1036 1069
1036 1074
1036 1079
1036 1081
1036 1085
1036 1089
1036 1097
1036 1098
1036 1110
1036 1121
1036 1122
1036 1125
1036 1137
1036 1139
1036 1149
1036 1161
1036 1164
1036 1165
1036 1168
1036 1169
1036 1176
1036 1188
1036 1198
1036 1199
1036 1202
1036 1204
1036 1210
1036 1215
1036 1220
1036 1226
1036 1227
1036 1228
1036 1236
1036 1238
1036 1243
1036 1246
1036 1255
1036 1257
1036 1273
1036 1278
1036 1284
1036 1286
1036 1289
1036 1290
1036 1291
1036 1302
1036 1306
1036 1308
1036 1312
1036 1315
1036 1318
1036 1321
1036 1324
1036 1326
1036 1328
1036 1332
1036 1343
1036 1348
1036 1352
1036 1361
1036 1371
1036 1372
1036 1375
1036 1376
1036 1377
1036 1386
1036 1392
1036 1393
1036 1398
1036 1399
1036 1403
1036 1406
1036 1410
1036 1411
1036 1414
1036 1430
1036 1434
1036 1436
1036 1443
1036 1456
1036 1460
1036 1462
1036 1470
1036 1471
1036 1473
1036 1475
1036 1479
1036 1488
1036 1490
1036 1499
1036 1501
1036 1507
1036 1511
1036 1512
1036 1517
1036 1520
1036 1534
1036 1536
1036 1540
1036 1542
1036 1550
1036 1552
1036 1559
1036 1560
1036 1568
1036 1583
1036 1587
1036 1590
1036 1593
1051 8
1051 14
1051 21
1051 33
1051 37
1051 41
1051 49
1051 55
1051 61
1051 64
1051 66
1051 75
1051 81
1051 85
1051 87
1051 88
1051 97
1051 98
1051 99
1051 108
1051 111
1051 117
1051 124
1051 126
1051 127
1051 133
1051 134
1051 139
1051 145
1051 163
1051 165
1051 175
1051 177
1051 179
1051 191
1051 201
1051 204
1051 206
1051 207
1051 209
1051 214
1051 215
1051 223
1051 226
1051 234
1051 235
1051 236
1051 237
1051 256
1051 261
1051 275
1051 277
1051 279
1051 282
1051 293
1051 301
1051 305
1051 307
1051 309
1051 311
1051 323
1051 325
1051 326
1051 334
1051 343
1051 351
1051 354
1051 366
1051 368
1051 369
1051 376
1051 384
1051 387
1051 395
1051 410
1051 413
1051 415
1051 418
1051 434
1051 437
1051 438
1051 439
1051 445
1051 448
1051 456
1051 462
1051 467
1051 477
1051 484
1051 494
1051 497
1051 507
1051 510
1051 512
1051 513
1051 523
1051 527
1051 528
1051 533
1051 534
1051 537
1051 543
1051 558
1051 559
1051 565
1051 567
1051 568
1051 574
1051 583
1051 589
1051 601
1051 602
1051 613
1051 616
1051 630
1051 632
1051 635
1051 645
1051 648
1051 654
1051 662
1051 664
1051 667
1051 668
1051 669
1051 672
1051 675
1051 680
1051 682
1051 683
1051 684
1051 688
1051 706
1051 712
1051 714
1051 721
1051 722
1051 723
1051 734
1051 739
1051 741
1051 745
1051 749
1051 750
1051 756
1051 765
1051 768
1051 774
1051 778
1051 785
1051 807
1051 810
1051 811
1051 824
1051 825
1051 826
1051 831
1051 844
1051 846
1051 847
1051 850
1051 864
1051 867
1051 868
1051 871
1051 873
1051 875
1051 876
1051 878
1051 885
1051 886
1051 889
1051 892
1051 896
1051 899
1051 907
1051 915
1051 920
1051 924
1051 925
1051 951
1051 953
1051 959
1051 964
1051 966
1051 969
1051 973
1051 976
1051 977
1051 986
1051 989
1051 992
1051 1001
1051 1010
1051 1014
1051 1019
1051 1039
1051 1040
1051 1045
1051 1046
1051 1049
1051 1054
1051 1056
1051 1063
1051 1069
1051 1070
1051 1080
1051 1081
1051 1087
1051 1088
1051 1090
1051 1092
1051 1095
1051 1097
1051 1101
1051 1103
1051 1104
1051 1106
1051 1109
1051 1114
1051 1117
1051 1120
1051 1123
1051 1124
1051 1125
1051 1130
1051 1140
1051 1141
1051 1143
1051 1148
1051 1151
1051 1156
1051 1158
1051 1160
1051 1163
1051 1168
1051 1184
1051 1189
1051 1190
1051 1195
1051 1200
1051 1201
1051 1211
1051 1216
1051 1217
1051 1218
1051 1224
1051 1235
1051 1241
1051 1247
1051 1248
1051 1253
1051 1254
1051 1259
1051 1260
1051 1263
1051 1264
1051 1270
1051 1275
1051 1282
1051 1283
1051 1284
1051 1288
1051 1289
1051 1291
1051 1299
1051 1303
1051 1308
1051 1310
1051 1312
1051 1324
1051 1326
1051 1337
1051 1343
1051 1348
1051 1350
1051 1356
1051 1359
1051 1360
1051 1364
1051 1378
1051 1388
1051 1391
1051 1392
1051 1397
1051 1399
1051 1407
1051 1410
1051 1411
1051 1413
1051 1417
1051 1419
1051 1420
1051 1422
1051 1426
1051 1427
1051 1428
1051 1438
1051 1439
1051 1443
1051 1445
1051 1459
1051 1466
1051 1475
1051 1478
1051 1479
1051 1486
1051 1487
1051 1502
1051 1517
1051 1518
1051 1519
1051 1520
1051 1521
1051 1522
1051 1525
1051 1532
1051 1535
1051 1539
1051 1541
1051 1545
1051 1549
1051 1551
1051 1558
1051 1559
1051 1564
1051 1565
1051 1567
1051 1581
1051 1582
1051 1583
1051 1585
1051 1593
1051 1594
1031 1
1031 3
1031 7
1031 8
1031 16
1031 19
1031 22
1031 24
1031 27
1031 28
1031 38
1031 51
1031 60
1031 68
1031 75
1031 79
1031 82
1031 88
1031 97
1031 98
1031 107
1031 108
1031 109
1031 125
1031 126
1031 142
1031 144
1031 145
1031 148
1031 151
1031 152
1031 155
1031 163
1031 165
1031 169
1031 180
1031 182
1031 195
1031 208
1031 213
1031 217
1031 218
1031 219
1031 234
1031 241
1031 242
1031 244
1031 250
1031 253
1031 262
1031 265
1031 284
1031 288
1031 290
1031 294
1031 303
1031 307
1031 308
1031 312
1031 318
1031 319
1031 323
1031 325
1031 328
1031 334
1031 337
1031 340
1031 348
1031 349
1031 352
1031 354
1031 358
1031 361
1031 369
1031 374
1031 375
1031 381
1031 392
1031 395
1031 399
1031 409
1031 414
1031 415
1031 418
1031 420
1031 425
1031 429
1031 436
1031 441
1031 442
1031 445
1031 451
1031 456
1031 458
1031 461
1031 463
1031 476
1031 483
1031 484
1031 486
1031 497
1031 498
1031 503
1031 511
1031 515
1031 541
1031 544
1031 546
1031 547
1031 548
1031 549
1031 553
1031 568
1031 569
1031 574
1031 586
1031 593
1031 597
1031 611
1031 620
1031 629
1031 632
1031 634
1031 641
1031 646
1031 658
1031 674
1031 676
1031 683
1031 685
1031 686
1031 688
1031 691
1031 696
1031 703
1031 704
1031 705
1031 706
1031 719
1031 723
1031 724
1031 728
1031 730
1031 731
1031 732
1031 737
1031 739
1031 740
1031 749
1031 750
1031 765
1031 766
1031 772
1031 774
1031 776
1031 781
1031 789
1031 791
1031 812
1031 814
1031 815
1031 829
1031 830
1031 838
1031 842
1031 843
1031 844
1031 846
1031 848
1031 851
1031 860
1031 882
1031 884
1031 885
1031 888
1031 890
1031 895
1031 898
1031 903
1031 909
1031 912
1031 915
1031 923
1031 926
1031 949
1031 958
1031 986
1031 988
1031 997
1031 1000
1031 1005
1031 1006
1031 1030
1031 1034
1031 1036
1031 1037
1031 1038
1031 1040
1031 1041
1031 1042
1031 1043
1031 1049
1031 1050
1031 1055
1031 1057
1031 1059
1031 1061
1031 1068
1031 1070
1031 1071
1031 1080
1031 1088
1031 1092
1031 1095
1031 1097
1031 1098
1031 1099
1031 1102
1031 1110
1031 1113
1031 1120
1031 1130
1031 1137
1031 1144
1031 1156
1031 1157
1031 1159
1031 1160
1031 1166
1031 1172
1031 1174
1031 1176
1031 1181
1031 1194
1031 1205
1031 1207
1031 1209
1031 1214
1031 1222
1031 1223
1031 1224
1031 1225
1031 1228
1031 1241
1031 1257
1031 1261
1031 1265
1031 1269
1031 1274
1031 1276
1031 1287
1031 1297
1031 1303
1031 1304
1031 1308
1031 1311
1031 1318
1031 1319
1031 1322
1031 1325
1031 1336
1031 1348
1031 1357
1031 1363
1031 1369
1031 1372
1031 1377
1031 1389
1031 1394
1031 1395
1031 1402
1031 1409
1031 1420
1031 1421
1031 1426
1031 1427
1031 1434
1031 1436
1031 1438
1031 1446
1031 1448
1031 1449
1031 1455
1031 1462
1031 1480
1031 1484
1031 1487
1031 1493
1031 1498
1031 1500
1031 1502
1031 1507
1031 1519
1031 1522
1031 1524
1031 1526
1031 1530
1031 1532
1031 1536
1031 1537
1031 1545
1031 1546
1031 1555
1031 1558
1031 1560
1031 1562
1031 1565
1031 1568
1031 1571
1031 1577
1031 1581
1031 1584
1031 1592
1031 1597
763 1
763 9
763 16
763 20
763 22
763 28
763 39
763 55
763 57
763 58
763 61
763 63
763 79
763 86
763 89
763 93
763 96
763 98
763 101
763 111
763 113
763 125
763 128
763 129
763 134
763 137
763 140
763 154
763 162
763 169
763 185
763 190
763 212
763 213
763 224
763 228
763 231
763 235
763 237
763 239
763 248
763 252
763 258
763 272
763 275
763 279
763 282
763 288
763 294
763 295
763 300
763 302
763 304
763 308
763 310
763 314
763 318
763 320
763 324
763 326
763 327
763 329
763 331
763 333
763 335
763 344
763 345
763 353
763 356
763 360
763 363
763 365
763 368
763 394
763 396
763 402
763 403
763 404
763 407
763 416
763 418
763 421
763 428
763 434
763 442
763 445
763 448
763 449
763 454
763 457
763 459
763 461
763 467
763 471
763 472
763 476
763 477
763 488
763 508
763 513
763 517
763 522
763 523
763 526
763 527
763 529
763 538
763 539
763 542
763 545
763 563
763 564
763 565
763 570
763 571
763 583
763 587
763 593
763 606
763 612
763 617
763 623
763 627
763 629
763 642
763 643
763 648
763 652
763 659
763 661
763 672
763 681
763 709
763 717
763 719
763 722
763 733
763 740
763 744
763 762
763 783
763 784
763 786
763 798
763 799
763 802
763 809
763 811
763 813
763 814
763 820
763 822
763 826
763 830
763 839
763 840
763 842
763 847
763 856
763 862
763 865
763 870
763 876
763 883
763 889
763 897
763 908
763 916
763 920
763 925
763 934
763 939
763 940
763 942
763 948
763 950
763 967
763 968
763 969
763 977
763 978
763 982
763 984
763 987
763 990
763 991
763 993
763 999
763 1001
763 1006
763 1014
763 1022
763 1026
763 1027
763 1029
763 1030
763 1043
763 1051
763 1081
763 1085
763 1090
763 1094
763 1098
763 1101
763 1102
763 1105
763 1120
763 1124
763 1125
763 1128
763 1157
763 1160
763 1166
763 1169
763 1173
763 1175
763 1177
763 1179
763 1181
763 1185
763 1194
763 1203
763 1209
763 1210
763 1212
763 1223
763 1224
763 1235
763 1249
763 1257
763 1274
763 1275
763 1283
763 1284
763 1290
763 1295
763 1307
763 1316
763 1321
763 1322
763 1326
763 1329
763 1334
763 1349
763 1354
763 1357
763 1364
763 1366
763 1367
763 1380
763 1385
763 1387
763 1397
763 1399
763 1403
763 1408
763 1410
763 1412
763 1418
763 1419
763 1423
763 1426
763 1434
763 1435
763 1441
763 1442
763 1444
763 1445
763 1451
763 1452
763 1453
763 1469
763 1477
763 1487
763 1494
763 1497
763 1503
763 1504
763 1514
763 1519
763 1523
763 1525
763 1533
763 1540
763 1544
763 1545
763 1548
763 1560
763 1569
763 1575
763 1586
763 1587
763 1597
