p td 1000 2000 
185 159
353 119
304 155
348 83
442 674
502 641
241 348
593 81
392 200
383 757
983 710
228 523
216 556
251 41
535 967
632 151
915 455
325 950
876 884
341 473
999 516
86 485
380 396
425 76
659 98
352 289
819 827
646 614
370 157
745 7
942 612
680 341
383 345
279 197
39 641
742 651
374 104
305 821
547 393
565 99
248 965
53 640
469 398
600 718
930 836
824 699
575 54
408 407
345 646
379 960
297 863
449 513
663 743
329 332
527 365
303 531
701 967
9 520
330 415
999 805
102 656
218 195
832 298
879 466
330 610
738 232
985 512
971 930
855 997
231 309
793 835
664 792
507 11
816 513
341 704
862 91
497 851
375 67
967 759
606 559
362 687
103 827
661 239
609 736
492 361
301 265
983 209
899 606
99 859
981 39
380 644
701 314
799 486
951 240
565 36
282 66
325 566
547 69
572 552
348 995
141 320
452 269
406 939
702 927
197 665
781 252
62 77
105 505
362 987
725 902
24 575
659 340
750 186
932 827
943 60
645 373
89 148
657 985
820 121
465 571
829 816
527 379
685 530
142 514
414 866
629 289
334 368
384 158
664 572
790 410
638 600
439 744
962 842
462 579
562 686
908 912
984 534
760 495
814 139
689 194
349 902
872 864
484 623
10 601
917 994
33 59
762 742
280 560
78 481
167 932
208 224
212 286
259 666
163 131
360 278
610 24
377 640
235 610
976 407
503 108
388 873
490 115
726 860
645 502
541 241
483 184
6 701
16 642
478 97
967 205
572 661
325 746
338 127
339 693
870 592
803 813
291 719
758 415
461 58
770 555
338 179
612 100
30 568
939 836
223 841
95 206
948 465
656 227
396 616
284 635
90 864
918 204
206 455
90 145
933 742
217 299
12 725
631 413
73 66
482 521
119 313
478 530
712 756
549 219
770 184
794 821
721 321
165 507
116 585
210 634
458 681
992 930
28 635
7 438
811 68
773 243
775 79
196 921
391 59
847 131
958 899
645 191
394 356
913 380
611 524
57 858
969 479
60 172
717 595
220 522
379 669
734 990
699 889
182 420
269 15
870 90
235 209
234 638
38 950
813 813
710 226
116 427
339 375
669 341
223 717
485 725
771 379
6 33
250 339
396 356
285 886
509 607
481 490
995 817
748 474
348 127
938 180
504 523
714 277
626 117
60 281
596 651
262 802
503 426
194 532
622 329
321 107
753 369
426 108
962 464
319 352
532 302
590 391
781 801
947 240
93 76
175 696
213 539
105 103
268 63
984 508
942 950
731 101
688 779
719 716
757 10
252 393
399 553
3 615
43 419
265 617
31 276
432 521
653 434
438 924
381 980
627 482
782 410
798 205
631 792
687 868
593 981
172 922
693 227
857 495
967 698
876 464
483 143
224 470
995 608
727 342
218 569
90 520
968 555
458 464
364 546
261 356
944 636
535 435
597 518
831 268
646 645
223 234
712 156
865 368
474 751
153 800
114 177
100 885
777 261
884 815
627 184
707 882
468 162
539 433
585 226
937 408
267 401
934 818
329 377
729 506
630 448
19 673
102 888
834 859
668 651
435 570
987 680
946 811
963 424
228 146
451 547
438 645
261 531
487 338
109 927
198 443
616 786
683 744
75 844
118 784
930 742
334 400
378 488
134 590
818 825
336 626
795 679
656 967
144 825
309 695
24 479
952 735
610 721
848 119
757 833
536 261
943 140
582 34
676 667
898 559
379 375
789 493
62 483
267 834
881 560
876 72
641 487
908 128
688 680
185 557
85 975
981 927
706 438
660 408
497 296
66 278
777 650
798 613
99 889
370 693
208 52
726 466
499 688
336 642
443 438
467 181
722 334
990 885
612 174
687 658
725 733
282 351
925 440
696 533
772 259
525 153
699 612
671 879
50 144
222 226
335 478
564 643
990 486
64 867
528 131
770 761
767 996
958 575
768 412
973 967
994 733
443 612
544 492
381 151
584 782
205 46
531 886
696 127
601 966
597 782
156 577
873 680
655 184
521 14
64 677
229 964
258 890
630 801
426 753
501 426
499 154
911 172
464 147
566 371
224 517
325 678
509 117
525 796
541 76
700 913
342 441
394 345
395 179
549 643
599 161
210 102
74 454
385 198
988 888
383 343
868 631
99 892
704 61
716 729
445 371
629 616
271 629
44 712
562 826
829 401
865 37
816 287
290 224
431 26
131 126
643 741
51 802
453 825
67 667
816 410
936 80
758 275
308 713
231 163
562 556
653 649
172 643
836 156
282 286
366 67
782 911
452 534
199 954
973 204
571 387
394 512
218 32
842 700
583 937
753 626
704 177
868 291
777 982
701 884
146 355
918 901
892 565
272 309
620 378
115 153
343 372
349 534
75 825
126 615
892 985
803 779
773 872
693 914
909 575
503 987
631 191
674 759
729 571
485 345
811 682
68 715
193 29
483 810
352 697
570 676
174 511
863 263
481 621
518 519
599 590
450 527
116 302
22 298
299 198
957 583
679 186
718 230
784 468
485 546
528 545
335 906
647 282
933 174
580 864
17 79
138 288
847 404
411 909
639 200
487 98
707 625
928 28
859 685
234 367
29 864
836 251
81 334
254 319
950 499
855 595
279 715
979 632
271 888
236 744
743 934
69 433
570 794
650 72
885 680
993 393
375 418
439 26
977 649
933 467
709 219
442 997
976 163
696 131
143 693
432 653
290 714
760 151
709 361
205 56
570 964
843 535
337 615
464 261
551 771
257 784
1000 90
567 380
628 486
630 858
187 425
702 958
22 520
186 55
34 915
394 131
442 784
936 898
351 666
282 955
621 394
130 698
755 714
620 880
248 379
129 537
75 313
614 830
880 129
646 587
733 892
13 693
691 983
736 69
819 13
152 982
248 463
829 648
798 118
713 845
852 850
669 726
911 703
309 209
247 244
832 17
949 506
455 820
528 808
915 347
604 598
324 86
450 792
35 455
361 448
526 984
875 823
937 51
876 716
621 842
89 387
397 873
874 105
995 783
406 295
433 258
761 806
10 508
772 634
607 362
869 379
691 627
692 895
191 49
414 15
477 71
72 223
707 625
629 130
873 46
438 99
249 366
129 512
932 595
184 216
301 922
5 178
493 609
40 420
458 387
792 231
924 588
872 491
801 851
991 218
80 130
709 871
648 656
306 95
985 119
998 259
571 894
402 911
878 721
207 379
375 495
343 558
647 313
766 154
265 702
911 492
817 308
167 996
525 841
761 521
840 542
924 663
502 277
93 415
25 702
488 621
248 133
232 21
943 786
342 517
138 793
546 191
161 859
199 177
911 360
851 214
821 885
63 297
78 807
320 230
810 618
586 841
907 744
600 452
953 344
622 838
762 247
960 160
945 270
672 133
407 322
136 160
64 341
761 123
423 593
991 349
244 657
636 378
878 707
156 571
276 811
769 169
835 248
336 386
787 533
326 5
198 615
329 234
732 178
587 525
735 449
467 966
654 843
708 942
288 69
655 917
774 656
359 864
227 368
139 389
392 693
801 851
551 211
444 103
145 73
357 154
666 585
420 298
60 712
639 447
389 805
383 908
72 512
976 465
34 530
516 658
155 803
957 141
986 918
99 762
808 803
810 875
556 416
969 354
519 507
111 182
91 864
35 651
475 594
816 623
569 888
125 888
595 825
999 216
854 753
900 490
318 814
663 21
679 486
781 98
250 754
323 875
474 438
46 700
976 188
388 68
996 191
793 504
419 437
894 644
737 165
211 417
136 938
571 282
670 488
505 686
842 739
881 362
796 996
695 84
603 654
103 55
832 359
740 124
70 647
414 90
608 615
751 569
961 10
111 247
748 265
457 281
593 262
777 777
716 343
13 609
329 31
420 784
661 750
762 330
77 691
642 145
195 967
677 119
157 282
518 414
630 660
528 922
47 269
287 863
941 59
341 653
242 421
603 623
272 75
743 43
794 220
259 542
63 119
482 825
695 668
446 15
167 894
255 115
781 50
429 615
38 558
662 759
547 277
671 235
266 183
497 868
690 456
876 300
930 169
150 768
556 498
805 562
919 866
103 616
759 399
782 603
997 755
655 972
337 908
653 622
174 832
365 832
732 815
611 264
373 649
625 24
788 634
349 375
560 843
841 586
317 895
382 789
840 11
862 462
993 929
824 580
771 890
333 269
286 112
302 440
652 425
138 379
172 423
233 629
210 518
112 550
99 390
101 995
156 45
315 604
19 494
350 826
672 923
575 26
717 326
246 104
920 561
319 523
498 448
673 2
128 709
554 829
918 301
650 88
797 146
885 336
923 899
681 177
613 371
965 656
224 995
543 591
273 334
11 655
462 308
643 515
827 560
207 573
8 185
477 607
207 626
814 573
145 599
818 237
896 50
915 176
670 675
979 768
6 546
968 568
815 356
667 539
907 859
831 198
272 671
999 436
500 203
637 656
234 58
405 383
603 963
33 841
585 574
860 471
723 408
342 767
303 389
280 595
903 697
324 805
172 809
966 596
302 838
279 873
522 534
547 693
234 928
554 513
848 513
729 49
374 504
919 234
851 965
330 194
312 202
379 446
902 230
78 999
945 124
405 173
10 152
987 289
976 141
146 880
219 867
934 64
421 289
198 458
529 247
730 966
298 146
376 887
576 350
781 676
365 765
602 124
714 238
352 664
175 422
166 956
135 381
708 939
842 193
57 274
462 854
909 585
143 145
95 914
522 897
147 63
775 935
263 199
459 593
912 873
984 560
220 277
281 488
893 419
689 767
512 210
129 285
190 679
703 591
34 736
497 392
826 641
903 909
450 440
212 608
201 363
495 671
493 910
153 98
195 706
363 609
662 508
582 94
587 74
704 992
820 299
575 238
423 10
289 672
910 566
778 11
879 106
770 426
362 742
379 766
69 506
416 684
881 168
367 511
484 303
658 677
372 872
848 473
126 104
471 25
142 8
308 682
179 963
385 564
699 769
716 61
95 425
930 946
783 126
805 138
850 42
596 568
937 126
866 303
507 296
887 73
26 911
475 662
506 986
513 776
89 129
957 540
83 681
418 592
344 432
729 6
168 968
295 139
20 930
250 247
187 545
434 297
553 188
769 42
157 304
384 607
487 446
689 283
465 59
498 661
642 846
594 635
147 119
853 80
440 837
873 69
13 864
706 659
216 894
297 408
302 632
326 53
835 421
330 255
306 161
959 738
436 786
767 795
75 922
386 989
971 111
687 48
501 664
300 781
297 164
534 198
720 508
910 327
330 590
830 120
852 525
509 687
930 124
465 317
629 748
901 310
512 124
192 123
113 545
393 468
575 988
537 477
279 529
925 986
450 825
181 621
354 837
105 857
289 735
804 827
808 999
568 292
759 746
2 727
122 136
704 973
254 295
654 579
306 506
498 453
349 575
946 628
464 116
273 785
845 446
880 440
603 217
747 749
321 396
668 860
147 210
223 495
574 755
783 30
574 322
382 111
41 34
989 167
18 642
795 166
95 97
613 921
87 264
910 204
736 952
125 93
708 404
952 477
168 723
835 360
795 152
853 638
940 482
78 44
472 510
909 97
109 161
829 545
623 526
2 344
803 442
433 272
753 366
973 689
350 271
91 612
497 716
714 948
725 57
577 572
24 767
14 737
110 283
196 410
279 967
66 918
688 55
112 451
505 67
326 584
478 395
109 357
843 108
2 317
515 587
478 925
143 953
732 546
271 388
824 569
187 711
316 129
221 997
467 942
233 830
809 998
532 395
15 103
605 448
52 557
785 393
445 77
104 694
645 903
341 610
370 73
160 363
724 719
486 246
660 460
558 879
153 415
184 181
118 415
4 795
134 435
367 962
599 417
282 688
728 426
675 620
828 347
144 172
181 736
625 586
973 648
937 419
503 575
996 411
173 627
331 538
455 146
292 872
79 555
745 875
722 62
686 800
101 930
431 309
808 795
221 579
901 895
878 803
149 278
152 830
250 231
790 437
955 60
589 373
661 16
92 511
423 539
132 910
80 63
246 16
440 932
334 776
382 680
106 342
739 457
51 957
327 216
750 894
811 504
791 189
798 428
11 53
217 356
833 45
295 8
820 451
863 394
379 319
764 975
643 490
357 957
866 436
106 540
935 149
531 949
31 398
833 240
386 979
886 495
352 300
612 518
487 83
750 416
324 411
644 572
443 267
343 738
769 881
52 288
289 552
64 926
439 927
793 757
84 416
184 743
241 608
966 839
270 498
309 490
689 120
782 843
737 930
44 781
99 484
452 187
346 699
762 49
872 487
611 367
193 994
76 407
695 148
656 915
25 658
868 841
237 219
335 121
509 888
336 682
966 47
621 486
926 385
956 917
351 42
16 581
19 475
148 953
8 345
310 825
954 379
95 233
991 320
26 925
548 156
399 231
45 274
861 249
426 36
650 479
869 376
45 243
741 18
706 52
179 873
838 625
521 497
679 61
251 795
60 947
400 774
802 585
311 596
73 328
660 952
309 35
773 742
24 445
55 69
68 497
123 356
237 169
121 723
991 814
86 781
741 934
974 595
392 676
15 753
613 322
103 869
598 629
266 221
201 849
208 542
128 779
63 892
235 60
448 166
888 849
861 631
583 163
205 671
634 269
975 85
885 832
426 580
927 236
251 798
979 424
293 146
784 709
918 630
312 150
670 798
780 467
10 270
978 101
571 250
97 363
961 460
256 833
793 236
933 255
15 138
860 393
489 181
446 774
703 377
174 920
955 167
9 874
680 715
679 656
644 306
753 738
113 243
712 846
232 227
628 159
64 35
185 578
50 261
521 539
629 495
848 961
340 480
482 109
685 342
539 993
903 867
970 892
604 954
503 62
4 497
115 257
891 12
165 432
750 97
147 316
514 620
205 261
997 977
642 902
219 439
195 607
632 109
737 204
443 967
478 351
638 786
69 66
627 797
769 902
797 230
990 867
687 862
494 991
790 621
833 854
896 675
158 259
520 570
591 606
965 994
833 620
753 730
297 247
789 579
9 991
511 103
145 162
165 863
570 254
679 243
394 665
652 936
129 267
453 215
624 458
789 648
556 947
310 928
464 959
320 852
194 868
978 848
810 398
512 784
811 210
840 739
652 26
905 684
264 413
200 11
521 453
238 732
840 965
791 909
80 9
533 327
664 269
720 59
405 634
30 346
774 283
378 372
791 820
699 420
947 886
508 748
366 27
58 725
17 429
372 494
726 929
136 686
4 685
667 276
947 779
76 91
842 564
175 777
541 648
350 557
880 453
634 835
799 968
35 233
777 857
535 704
392 159
819 954
914 541
34 368
733 266
695 32
139 62
395 940
36 301
615 62
832 903
246 387
467 234
153 195
599 425
287 373
65 711
135 345
573 67
242 486
602 973
474 844
634 626
863 932
771 412
295 585
145 822
532 816
260 722
140 453
362 438
264 856
848 615
909 469
825 598
610 771
736 292
67 884
461 18
473 342
488 963
559 269
844 337
234 946
850 651
738 839
218 989
639 302
380 392
130 350
615 553
818 484
250 457
614 916
509 806
915 439
467 795
529 993
305 805
257 962
897 921
41 398
394 376
718 797
191 730
734 713
347 166
84 587
822 78
953 732
323 641
3 789
820 111
715 713
547 996
532 226
713 503
347 597
957 504
616 359
194 29
734 108
897 838
20 614
474 66
461 21
835 794
336 257
674 577
693 92
295 306
145 814
788 703
4 641
910 589
106 118
330 529
430 781
454 693
985 587
381 191
515 114
459 156
199 42
763 353
235 129
647 831
227 458
406 915
661 855
465 858
240 286
599 375
718 449
867 204
779 721
95 648
304 95
574 641
706 812
886 645
12 968
783 566
566 152
662 861
702 2
526 881
696 100
854 461
332 881
608 935
228 482
451 380
702 781
109 488
499 557
884 996
797 827
816 967
753 72
462 816
373 725
769 853
541 14
132 570
447 143
138 2
232 786
582 443
42 214
922 960
329 863
511 200
878 567
146 52
489 481
548 187
944 627
686 547
118 191
924 350
386 122
305 247
14 53
440 873
479 339
164 866
791 766
592 745
260 504
410 591
556 324
636 880
833 244
384 700
88 306
21 83
541 47
753 36
378 909
598 430
971 31
677 374
132 502
461 85
707 997
794 251
624 659
213 349
783 267
451 97
137 476
516 601
845 896
350 559
311 715
985 11
103 532
734 970
224 652
415 642
875 986
927 495
468 562
52 35
373 397
936 553
539 608
716 572
216 987
789 789
55 636
788 654
840 186
639 760
318 428
735 312
315 73
466 337
672 764
870 930
334 984
92 499
864 867
137 621
631 424
476 899
828 435
216 975
620 544
781 79
452 781
463 877
805 129
77 751
139 625
116 219
990 466
633 132
17 668
199 514
543 935
246 719
78 726
810 69
452 62
838 779
684 358
399 241
210 60
492 782
461 269
597 252
243 951
339 126
600 700
915 759
136 660
871 779
170 368
589 213
171 710
539 760
474 856
395 666
422 410
736 966
381 895
617 264
394 487
971 436
202 35
395 396
829 711
162 637
16 511
592 926
396 438
489 292
401 68
928 980
450 257
379 470
119 895
765 850
314 578
187 488
554 667
362 324
572 506
978 149
63 738
221 140
799 361
718 645
977 610
209 139
347 297
196 700
801 784
609 971
216 620
28 842
894 731
871 641
389 987
979 83
929 500
422 281
130 684
771 610
669 758
303 192
429 51
503 26
503 450
569 420
934 769
593 46
729 831
571 310
919 400
394 339
550 55
917 886
183 804
94 120
591 547
906 984
966 66
30 547
561 88
201 223
551 758
714 183
608 381
924 765
564 537
985 999
689 623
247 433
177 223
19 16
721 503
132 106
730 798
213 167
654 593
991 883
411 823
536 189
609 465
196 547
943 119
933 898
542 651
749 376
1 864
195 39
188 492
764 647
816 751
172 347
94 156
270 621
20 823
87 463
822 14
376 614
342 912
132 750
452 597
816 500
895 510
615 648
451 839
295 93
433 243
263 774
623 233
523 788
1000 953
876 685
383 72
190 157
590 778
697 329
401 649
374 991
951 858
866 498
931 278
331 499
302 347
498 667
