p td 1000 10000 
31 600
453 958
165 144
107 451
171 129
835 863
672 832
267 909
120 757
482 464
514 462
685 198
195 921
805 517
820 21
797 78
807 598
216 896
673 664
354 632
926 139
59 140
568 848
965 818
784 253
152 234
537 141
180 844
238 152
204 923
865 205
894 630
471 513
383 145
205 940
85 230
636 134
548 270
240 991
792 374
212 301
524 557
765 153
513 732
86 362
414 764
111 479
311 854
254 929
428 739
186 798
438 79
997 694
545 82
913 921
926 405
358 515
658 466
820 857
213 913
552 953
647 728
819 74
227 188
758 976
328 550
209 340
467 191
257 532
494 648
292 914
994 423
511 840
179 851
981 975
114 546
557 682
269 499
735 497
399 819
405 635
711 12
814 36
857 595
512 701
685 15
912 860
483 768
23 311
49 319
297 819
417 13
517 51
137 873
269 745
94 351
707 550
85 722
868 252
572 525
662 737
900 994
686 425
244 767
686 274
149 416
460 451
768 104
180 985
195 328
946 650
557 515
42 261
262 399
809 389
433 759
535 502
476 599
32 778
243 744
950 766
56 300
729 536
13 227
413 618
16 510
957 69
219 908
114 825
619 253
132 614
325 511
473 786
396 774
19 877
210 59
781 530
807 256
159 805
426 698
35 231
640 961
473 35
536 196
491 194
185 656
423 986
846 677
712 97
446 498
587 316
148 786
632 170
869 20
333 348
934 885
495 148
480 892
798 146
520 378
452 910
46 919
400 203
636 910
417 949
111 269
422 790
35 179
735 736
589 540
221 961
620 880
360 444
6 537
149 565
765 392
623 185
629 13
7 642
75 372
189 569
189 832
556 302
783 694
158 544
234 200
587 158
790 235
337 552
846 426
800 551
734 372
416 887
848 501
920 389
743 457
982 75
576 339
881 136
699 173
27 664
68 69
107 656
428 603
877 187
367 538
59 468
210 325
816 902
639 77
491 556
160 733
60 839
503 350
228 892
937 629
764 84
664 820
375 220
939 992
681 196
934 95
270 766
526 469
623 190
88 270
833 783
695 797
190 315
280 199
674 969
404 870
325 598
566 154
618 120
869 617
119 967
758 928
486 348
282 141
711 302
901 42
820 456
618 465
799 134
859 818
487 335
784 50
351 644
975 831
59 553
233 969
508 246
175 444
518 770
203 570
5 52
684 153
103 547
276 664
372 107
278 777
621 93
26 830
100 322
429 235
67 244
842 621
236 33
499 816
588 177
95 619
362 1000
689 24
882 676
695 880
707 950
401 421
329 122
936 112
120 995
185 122
334 415
16 751
914 161
232 47
892 657
189 452
285 416
888 152
126 464
711 830
458 317
844 348
743 292
907 442
958 651
665 533
835 12
828 806
561 963
888 270
942 650
51 555
104 32
419 634
674 750
230 382
739 833
726 316
533 986
450 213
789 830
663 159
83 243
29 487
728 575
516 473
489 144
682 780
237 997
741 789
976 48
594 93
941 993
617 224
898 650
901 362
259 802
742 683
727 414
572 693
788 690
840 465
23 731
521 978
518 262
149 116
98 349
526 794
226 226
919 690
998 762
599 869
666 843
412 834
442 93
337 260
394 736
125 676
753 572
309 83
271 658
479 996
890 570
812 387
664 448
641 596
927 159
722 338
774 61
377 657
746 963
904 160
158 853
446 74
399 39
519 843
759 533
675 814
537 981
405 544
260 920
645 846
73 419
517 478
235 563
848 376
615 189
404 411
535 471
448 875
377 605
167 212
25 205
234 278
766 670
418 371
376 896
41 257
583 402
841 432
648 350
435 514
461 427
575 717
367 226
473 270
468 839
134 801
184 173
29 339
28 133
288 45
137 150
845 548
974 697
273 685
598 563
854 127
931 168
270 994
21 223
131 515
771 689
970 62
848 256
311 862
525 870
588 677
650 851
325 441
713 563
61 83
220 572
877 780
578 661
338 573
64 491
712 528
286 52
152 577
542 448
160 153
354 606
734 937
135 921
397 942
200 930
893 690
587 827
802 256
79 788
344 724
85 308
102 35
657 955
813 842
524 932
109 77
543 680
604 600
67 54
550 394
905 454
272 59
920 751
64 350
606 139
457 134
364 287
50 145
214 563
693 351
674 819
840 110
924 68
995 91
72 706
411 931
949 648
156 570
230 832
509 498
964 919
327 416
847 511
555 3
533 565
63 423
1 782
404 44
566 943
170 639
646 199
983 372
399 41
447 383
252 302
488 874
53 76
266 844
677 267
333 665
864 358
532 601
517 657
553 881
94 373
337 266
34 197
390 812
40 645
438 147
259 122
650 398
346 810
534 700
89 468
117 71
374 614
794 460
511 260
290 795
586 797
50 589
607 446
253 235
480 465
264 721
943 97
193 232
900 268
489 188
892 944
13 102
762 602
397 830
798 50
987 478
348 210
11 782
640 608
545 152
412 314
130 215
413 881
419 390
176 789
795 881
878 868
283 432
79 299
932 570
615 159
755 836
226 523
139 466
617 495
877 843
440 498
526 645
658 763
779 121
493 111
934 5
952 662
884 10
479 966
879 568
530 548
78 198
531 205
740 528
416 255
224 849
14 197
846 15
949 129
20 24
985 898
817 370
484 731
829 6
639 43
649 194
788 599
962 315
935 826
348 370
688 147
917 936
21 253
934 761
985 499
624 319
752 629
236 759
739 334
769 820
462 576
310 514
336 144
598 948
115 611
253 246
444 997
570 527
482 550
902 884
716 143
477 823
474 60
726 334
167 673
570 444
770 390
20 466
843 861
402 575
54 703
946 759
494 162
97 407
991 188
574 359
118 359
762 296
414 92
501 780
658 990
730 699
300 297
416 853
993 959
571 517
792 55
952 68
627 434
174 727
943 629
205 569
160 440
815 17
609 285
899 228
468 444
968 808
233 685
44 613
685 584
583 876
337 916
610 240
335 442
705 202
350 783
895 649
4 509
37 613
269 839
996 500
184 506
528 476
951 715
627 984
831 223
367 748
322 767
33 698
638 294
979 936
223 78
77 134
78 115
148 900
655 876
241 162
552 446
988 999
292 633
61 207
383 645
362 769
60 689
544 258
55 757
460 18
120 78
406 617
904 664
953 67
259 764
24 105
667 675
805 11
129 212
693 419
365 965
841 369
409 578
653 704
479 680
853 931
413 224
677 506
980 867
413 569
856 782
907 887
81 4
275 855
396 949
427 880
439 345
657 198
436 440
96 466
214 186
147 876
273 222
424 723
776 834
632 675
610 130
109 875
513 163
534 967
941 327
568 465
24 24
715 322
818 625
245 744
167 501
870 346
970 319
785 544
459 899
618 729
290 446
415 988
703 735
524 889
424 686
285 683
319 880
982 256
686 58
543 158
160 969
82 64
970 931
924 429
78 503
263 43
202 512
360 63
37 802
182 992
30 639
621 246
428 23
142 810
175 605
88 541
757 215
370 537
739 605
98 279
341 92
830 511
558 841
676 984
155 278
155 701
308 913
123 353
527 409
822 821
785 450
730 697
517 837
10 55
827 563
893 759
670 77
551 966
365 156
670 58
479 835
179 891
144 829
123 811
243 826
507 89
677 757
727 448
797 241
856 87
183 255
149 864
813 759
40 521
916 884
849 760
973 229
81 584
293 134
786 347
679 799
364 863
268 837
497 542
497 946
38 564
341 468
960 596
46 523
129 110
582 795
960 74
433 773
770 124
25 377
467 266
614 537
484 458
766 127
849 222
173 769
176 743
12 413
362 615
716 781
750 301
730 740
27 931
180 565
491 773
431 230
694 258
286 971
297 809
163 658
950 852
58 252
847 355
779 395
306 277
491 170
215 754
685 145
442 439
670 267
349 399
185 100
910 941
877 254
128 348
591 438
281 611
417 50
916 272
340 646
384 875
367 856
933 583
37 237
720 9
886 536
95 220
838 292
688 896
695 47
310 454
723 79
994 449
345 787
5 886
954 193
887 373
218 129
491 709
173 575
403 332
623 79
895 130
736 123
673 647
384 683
79 847
517 92
950 988
696 558
254 54
940 116
594 95
651 609
381 969
501 393
508 204
715 570
823 515
608 887
60 776
391 483
831 918
801 791
207 417
267 990
90 711
374 58
950 450
635 365
508 119
249 266
287 626
263 251
943 638
560 950
358 216
779 924
713 908
205 25
748 930
221 70
724 956
473 570
898 954
480 253
172 320
912 616
263 921
977 83
807 853
647 605
241 403
637 316
99 196
652 925
789 37
218 68
158 342
224 139
949 711
927 320
462 871
698 806
253 222
497 179
254 423
652 907
608 346
748 878
25 401
167 855
108 689
355 934
257 932
180 148
714 991
331 884
178 310
715 961
636 354
878 869
288 326
132 382
731 942
233 341
963 187
397 611
324 208
518 398
712 948
985 161
771 191
77 887
928 153
659 554
992 770
939 667
455 631
434 647
285 184
772 194
155 711
593 685
86 481
766 189
764 495
204 45
581 419
855 767
284 10
483 652
198 4
43 455
939 246
570 999
226 977
868 412
144 807
789 623
324 857
381 860
893 809
981 929
31 849
541 382
379 243
684 614
93 803
663 805
620 36
179 383
475 761
408 813
90 653
965 844
765 976
344 373
983 573
527 902
339 956
781 603
226 149
670 264
351 425
636 504
58 813
506 623
834 405
743 661
87 280
601 540
136 779
918 405
705 298
924 110
387 340
201 732
447 289
54 776
477 156
364 150
974 924
847 498
633 197
685 561
930 875
255 630
493 752
810 952
544 267
339 460
829 832
801 742
365 239
340 316
189 602
119 508
391 676
744 695
785 346
494 267
655 103
533 937
790 275
944 449
180 122
998 783
657 619
490 544
242 144
367 699
716 588
55 228
465 337
150 77
158 93
201 704
286 514
112 510
831 556
874 170
30 497
281 118
605 491
394 31
769 761
163 850
859 925
717 155
780 696
379 773
513 170
997 871
140 74
668 460
613 49
282 775
667 949
600 653
893 349
337 452
142 418
909 38
143 135
515 32
889 628
268 710
17 530
206 863
632 13
792 896
186 704
779 226
247 104
194 394
177 606
686 778
915 37
426 115
840 341
220 756
218 664
511 764
311 17
804 605
461 728
787 411
948 75
399 822
583 680
429 105
315 962
737 181
158 958
200 799
210 776
909 868
694 601
316 603
8 817
80 962
390 505
157 359
749 532
428 528
944 161
234 454
183 839
6 432
478 474
411 65
69 633
265 285
619 243
830 495
52 83
40 23
5 488
608 574
539 741
623 976
458 446
626 893
277 632
524 544
152 935
35 147
711 191
671 706
325 164
496 995
223 849
486 550
758 64
100 570
650 221
38 847
706 614
555 483
285 758
39 49
723 77
135 320
538 936
136 520
268 892
405 856
131 811
935 335
614 261
25 715
727 795
409 500
121 945
182 187
90 999
122 954
789 278
823 299
514 212
466 627
667 714
867 709
285 663
189 785
751 373
963 72
171 836
565 475
998 124
511 305
520 594
618 498
228 829
265 364
897 355
845 153
36 366
84 98
653 422
754 170
66 672
175 938
135 897
466 317
291 471
506 291
25 627
10 996
810 718
965 684
799 831
573 856
830 389
533 653
789 43
557 60
665 81
208 969
601 697
739 128
830 505
567 384
641 487
489 644
13 104
111 666
567 131
909 775
769 187
997 505
336 433
458 981
896 199
321 317
372 259
948 5
381 702
396 389
941 287
738 922
134 709
881 671
8 768
176 809
332 565
759 313
801 897
407 232
392 796
973 42
399 732
452 560
482 567
672 708
126 473
242 605
458 452
307 286
75 124
179 474
198 791
58 217
971 802
840 419
697 577
69 591
541 831
432 563
362 574
17 309
520 431
893 19
795 53
246 976
132 857
114 801
301 206
816 401
674 6
759 628
490 527
420 527
589 74
590 345
355 372
389 945
592 906
849 85
119 133
712 96
515 104
157 429
991 148
460 658
135 485
685 52
323 459
21 983
252 108
860 139
420 18
947 641
193 430
689 326
132 445
804 887
381 162
851 351
693 976
894 135
71 198
559 833
185 13
350 484
683 554
208 884
197 666
551 377
810 213
562 919
910 852
137 445
29 156
11 293
171 637
290 624
510 700
751 428
768 269
127 416
48 530
598 932
846 151
476 38
165 215
875 398
287 248
825 812
839 311
892 60
608 308
837 41
129 222
397 696
598 206
669 999
164 656
683 275
232 311
437 539
851 753
830 798
793 490
5 132
881 161
268 465
882 196
26 523
964 486
919 652
546 868
674 147
858 988
972 765
350 902
936 258
638 970
722 585
865 908
427 127
319 574
540 824
1000 697
317 715
621 977
451 585
492 156
325 967
543 614
204 931
232 574
794 701
695 745
187 292
94 983
42 381
496 886
719 390
747 1000
905 426
841 988
496 376
180 5
531 942
612 739
402 392
973 882
66 666
218 796
620 75
744 515
847 700
618 254
30 633
187 147
868 719
291 143
15 142
448 785
785 344
85 659
871 2
901 764
629 235
116 883
967 752
698 568
495 658
809 320
545 866
105 924
346 479
355 652
16 304
539 227
573 577
900 903
320 221
208 485
821 746
465 435
355 736
157 798
743 581
167 215
225 295
944 322
299 781
237 146
255 810
928 294
800 480
862 903
752 631
894 665
807 316
80 810
690 446
348 996
847 977
768 70
448 218
836 757
177 517
141 171
236 531
441 962
858 154
476 265
866 11
841 701
293 512
982 453
830 737
438 994
22 902
849 207
744 795
118 475
895 247
929 95
722 248
61 821
412 559
501 923
652 915
980 21
725 918
584 401
456 805
480 543
529 702
78 953
141 788
182 704
279 890
922 841
317 741
834 138
425 748
496 2
737 658
481 992
116 780
238 699
352 762
315 753
10 947
278 125
689 37
669 591
433 628
388 668
451 439
466 48
33 936
40 838
411 440
773 664
340 692
34 644
764 110
76 734
29 568
72 323
33 823
226 174
437 945
430 545
140 791
327 164
83 60
573 157
42 698
443 583
775 894
2 280
496 499
746 256
561 732
163 724
474 91
524 169
999 953
621 672
723 761
653 646
781 536
980 277
971 492
66 165
467 864
537 953
618 640
593 209
175 704
963 645
493 926
127 495
298 782
44 965
542 563
127 671
337 697
412 763
294 677
23 804
816 160
974 31
555 688
24 159
690 902
69 806
587 556
164 618
133 630
939 586
473 262
604 396
90 784
695 549
909 632
460 940
514 929
561 172
310 562
177 665
243 214
39 805
103 87
971 921
79 731
275 250
9 683
268 490
993 361
771 55
553 803
122 951
52 821
715 759
415 918
266 969
81 952
409 428
577 755
233 981
75 308
681 39
205 501
544 208
664 676
812 879
702 405
60 429
203 990
852 11
477 661
272 932
923 785
599 801
76 848
734 800
426 412
451 520
271 693
67 494
254 384
89 717
450 310
83 487
454 231
232 582
673 134
444 616
8 911
118 904
714 64
837 398
411 123
830 895
672 155
736 948
12 664
689 305
217 954
754 243
434 830
25 933
422 320
290 494
769 122
964 188
173 121
509 937
978 358
457 362
270 625
994 590
238 360
427 772
895 918
493 92
99 767
328 275
181 84
334 617
486 205
407 199
642 313
938 567
741 536
991 527
179 329
2 206
1 442
267 631
816 378
388 342
452 970
124 353
393 477
223 504
605 817
445 171
912 944
950 833
528 864
395 587
558 517
885 321
586 853
782 678
265 548
723 245
465 743
617 562
571 109
736 727
362 911
590 134
363 513
931 366
475 748
15 870
373 543
591 889
933 358
89 591
275 422
669 291
169 315
207 20
256 168
731 620
688 209
888 206
761 703
184 659
207 71
727 491
358 826
286 510
812 104
298 119
167 143
951 177
615 377
387 900
440 993
889 172
507 337
220 70
694 849
383 360
709 530
536 175
744 671
151 318
956 331
243 234
145 443
468 270
112 850
89 825
203 191
879 672
778 735
44 906
543 963
430 747
129 918
954 901
605 14
264 800
598 992
325 876
743 676
234 521
68 427
341 397
706 288
892 341
744 116
9 729
50 541
406 515
979 395
56 576
949 169
776 681
462 31
103 520
728 186
792 548
135 1000
28 45
877 681
674 127
549 786
723 971
332 78
674 285
819 589
934 331
218 9
119 782
577 850
335 296
286 91
637 108
487 170
879 976
450 420
757 823
842 520
71 878
427 555
111 238
839 895
748 161
644 88
591 220
868 829
723 311
812 660
368 733
925 821
809 868
887 292
453 660
380 361
315 697
876 149
281 838
676 19
959 590
270 492
911 822
664 784
524 256
656 141
769 771
875 604
622 40
928 167
728 503
399 600
931 629
342 982
758 61
964 51
467 162
866 241
749 352
753 159
948 321
505 622
589 448
596 881
624 890
69 362
890 909
530 582
299 900
115 268
603 541
613 899
812 4
915 81
224 845
636 610
20 53
187 599
253 293
17 770
85 204
629 226
447 369
901 217
458 291
694 676
498 907
645 819
306 929
476 80
773 278
911 632
529 469
739 816
961 299
773 739
182 792
581 608
999 79
692 745
19 523
369 142
589 525
151 978
614 596
364 48
553 387
992 762
870 956
176 881
12 858
369 675
772 178
572 970
398 494
237 522
2 894
707 358
407 743
500 152
243 735
247 675
397 997
289 342
637 426
937 898
620 299
780 132
950 69
945 950
400 469
339 928
960 512
287 671
36 588
299 790
9 18
252 192
793 725
454 922
799 111
456 804
992 910
705 627
756 245
102 899
526 841
326 18
530 333
871 734
865 229
397 561
87 506
245 61
285 837
758 543
47 989
245 755
961 50
663 351
597 33
81 497
320 356
256 412
661 147
95 360
766 576
201 6
521 768
221 361
987 818
209 316
131 546
809 658
927 534
152 846
208 254
951 631
593 476
791 93
602 832
357 154
623 978
369 334
725 792
139 287
977 661
472 841
490 230
95 85
73 99
289 984
641 449
310 158
806 923
986 765
689 181
189 488
551 80
571 372
349 811
807 526
429 706
64 923
326 833
264 678
702 523
358 92
930 724
230 21
964 286
659 911
935 622
400 860
713 210
828 467
435 678
554 386
756 295
767 612
128 64
731 980
168 897
382 415
76 808
989 3
518 191
645 379
627 277
130 306
780 823
617 211
833 602
673 81
567 222
422 103
768 98
652 753
187 961
291 122
315 225
986 35
176 598
739 293
858 477
778 547
508 876
844 183
892 938
196 152
324 331
420 584
539 167
229 592
408 423
797 8
608 799
102 486
422 51
953 49
58 158
779 336
603 328
494 108
726 529
139 639
198 986
871 905
520 799
412 891
804 778
742 425
146 875
263 788
891 990
602 290
548 274
528 84
857 775
116 219
540 58
407 315
919 83
430 909
560 86
697 234
873 879
572 977
567 576
338 532
819 972
246 768
228 272
64 952
416 239
645 923
217 49
479 598
754 247
854 845
349 966
816 11
515 603
65 67
583 296
514 265
621 998
304 846
397 971
776 668
749 543
272 86
469 680
692 359
997 400
248 639
325 535
502 49
634 54
555 394
84 763
663 959
654 217
333 345
840 60
518 434
670 62
809 699
996 214
840 229
565 448
345 558
58 412
154 541
258 319
340 111
42 291
749 410
614 44
538 719
654 319
23 984
360 68
660 771
777 622
586 677
695 731
847 223
799 819
167 999
374 825
637 885
887 366
512 658
304 641
66 753
138 945
279 681
807 446
250 710
698 729
205 397
720 737
963 971
985 767
564 733
188 15
267 898
580 852
903 106
187 107
62 54
263 979
258 860
811 587
600 314
903 888
603 14
87 142
413 37
243 26
104 434
11 49
266 908
114 504
747 148
651 949
319 818
750 754
500 911
757 509
799 231
905 40
156 200
754 756
212 42
604 363
935 338
914 931
518 295
273 302
264 769
622 121
202 328
715 311
64 596
992 939
981 295
148 787
616 815
573 252
596 565
853 801
36 191
775 568
793 6
904 905
179 340
562 919
838 571
155 506
515 631
334 522
785 858
145 18
397 556
382 447
210 474
802 269
704 241
292 577
709 655
930 450
375 556
943 637
665 874
817 908
881 581
907 776
379 817
935 498
696 367
108 437
683 387
126 63
800 109
545 750
12 348
464 61
184 334
649 845
623 929
836 535
132 256
980 974
815 708
982 795
359 233
498 715
840 24
293 898
931 543
558 982
668 377
237 409
37 559
631 841
72 701
288 397
293 570
127 86
171 177
925 678
120 30
930 755
577 371
994 314
995 92
229 219
986 699
838 698
957 463
508 846
926 466
74 938
705 395
2 639
709 130
378 456
251 782
746 983
989 9
737 541
228 340
245 602
348 995
565 868
920 327
188 378
334 164
849 97
335 928
814 161
801 621
709 156
795 908
172 621
451 525
802 58
996 787
949 268
994 935
445 76
477 297
454 62
104 253
781 210
209 316
976 427
522 791
269 202
752 678
655 998
701 269
472 186
546 203
929 868
846 963
349 718
10 671
507 804
421 250
964 106
807 604
831 753
500 765
515 896
422 369
128 641
507 300
876 982
817 403
234 886
431 835
154 831
772 733
406 93
283 133
982 874
560 304
748 8
615 82
471 491
935 413
885 97
549 144
379 846
353 220
734 694
514 158
371 987
417 745
779 568
135 491
175 241
862 77
851 247
911 667
804 232
685 731
653 605
528 505
726 449
82 872
19 548
556 963
764 351
136 783
813 358
215 513
358 252
717 976
94 748
536 96
753 988
80 777
532 687
68 293
318 874
676 146
884 24
128 202
793 256
633 167
290 824
117 894
241 242
865 643
343 533
886 259
621 720
25 821
266 925
142 593
533 823
366 563
763 586
875 497
349 203
110 860
575 256
893 951
582 251
528 852
310 649
911 912
385 760
208 893
628 823
762 649
926 165
481 784
562 515
977 899
206 973
284 108
10 432
509 145
122 248
797 372
276 561
619 992
803 20
274 195
34 122
706 493
657 66
382 201
559 45
101 519
74 864
710 383
982 670
335 497
973 586
168 781
900 159
920 245
678 565
906 817
157 49
308 40
487 624
578 523
732 214
498 215
863 726
862 576
398 141
785 182
677 667
478 337
659 861
484 967
127 312
947 160
38 147
396 901
489 485
593 343
531 800
238 401
224 218
664 200
600 145
142 932
331 327
804 155
439 489
611 90
421 82
739 44
628 11
856 218
507 980
205 546
544 173
861 29
789 859
533 917
43 544
543 834
642 169
134 137
415 177
977 594
15 925
277 644
553 739
950 957
541 585
139 351
313 65
271 930
931 836
36 125
529 76
282 834
517 792
320 522
602 968
564 773
994 875
255 688
210 308
319 412
635 398
242 539
342 114
825 971
941 24
453 802
726 602
534 892
13 790
825 518
376 779
870 888
213 471
92 297
699 716
583 675
268 225
221 875
675 984
959 963
201 264
974 315
40 750
462 595
256 829
217 721
682 933
937 29
110 540
461 30
881 914
378 237
487 546
902 660
822 687
972 204
3 798
625 207
56 476
559 302
78 408
608 145
417 46
361 668
542 465
930 398
762 814
499 661
279 80
674 171
921 421
501 319
53 39
398 377
75 807
780 138
311 920
916 65
408 725
661 72
74 757
360 805
581 677
270 764
463 495
829 701
814 199
18 339
420 479
922 725
39 554
857 174
955 411
972 690
578 388
557 170
530 889
971 79
302 532
807 270
257 81
377 635
660 140
735 731
990 798
748 691
853 212
394 89
510 545
194 873
556 922
738 90
601 669
558 510
377 668
282 693
33 986
702 19
916 29
384 104
449 860
21 332
637 768
532 77
408 714
799 808
731 699
681 26
452 988
343 904
460 373
750 869
294 886
907 529
661 862
989 787
975 722
918 498
980 705
685 84
323 783
677 105
289 192
822 589
894 533
759 957
256 640
367 146
257 617
463 800
932 828
130 767
165 616
13 327
463 532
832 604
312 754
122 568
867 117
911 353
659 709
720 162
170 195
957 189
720 401
212 748
982 563
382 812
323 290
454 678
784 171
854 975
394 128
661 857
292 593
67 515
554 81
381 32
835 76
527 381
617 446
13 832
601 21
41 662
672 808
671 504
450 360
102 258
922 861
607 367
956 974
510 903
718 248
941 31
764 22
594 159
168 694
541 687
280 499
311 653
723 908
678 894
968 771
111 926
362 554
798 707
775 447
269 646
684 292
790 409
369 314
750 213
779 974
523 125
94 408
601 104
281 833
175 658
727 394
141 484
562 309
809 615
753 156
142 488
199 963
462 417
1000 435
460 128
432 695
458 635
696 520
541 505
376 14
451 544
164 766
486 477
203 838
34 576
597 162
644 89
210 913
878 262
977 846
42 581
324 126
641 250
408 198
212 945
237 654
315 68
87 905
678 130
782 186
525 433
503 349
299 125
850 99
558 246
320 200
736 39
917 572
729 288
733 717
926 290
124 139
685 392
229 979
345 607
513 877
289 190
148 183
393 866
492 700
135 303
600 884
988 401
547 289
536 697
211 613
200 324
469 511
36 972
742 230
628 838
714 513
867 312
862 851
215 575
227 118
1000 570
701 385
297 177
639 82
18 517
490 223
174 330
24 116
363 932
319 571
781 83
442 474
992 317
349 388
236 760
31 543
777 591
967 233
735 326
811 498
142 751
164 517
189 567
281 887
560 479
330 359
291 708
940 82
38 19
942 484
406 896
241 654
538 781
159 920
199 248
99 604
894 606
344 347
570 43
753 609
469 635
907 24
13 57
178 68
916 726
572 707
604 733
201 40
272 846
171 468
77 195
774 196
842 433
140 112
79 654
664 513
765 934
475 543
524 771
864 631
360 938
939 401
303 696
800 60
418 47
215 302
956 324
248 198
665 395
383 524
635 302
792 479
325 816
321 872
362 926
771 784
374 299
641 978
10 35
951 582
353 61
256 440
30 572
361 972
929 903
598 449
317 557
110 483
882 52
71 242
922 720
959 821
72 907
720 705
816 560
95 944
775 542
500 271
820 701
950 526
670 61
378 154
357 412
104 197
946 346
342 97
344 799
467 266
249 836
83 180
788 888
492 558
423 307
888 673
419 777
333 626
422 31
881 506
825 35
322 522
784 742
931 225
621 294
486 966
449 707
596 103
756 567
332 905
72 645
312 289
169 651
502 82
741 344
967 338
637 448
8 972
996 463
595 513
879 104
556 883
238 443
916 395
666 505
324 180
264 757
568 95
133 177
980 742
925 968
50 119
92 460
501 273
230 327
711 561
932 181
986 708
637 902
3 921
472 12
818 618
37 229
381 368
45 639
638 97
882 802
833 799
524 931
231 340
400 997
138 756
374 500
862 827
751 772
761 614
618 750
60 436
352 92
162 853
984 372
164 107
501 857
883 602
766 489
280 202
133 591
536 367
494 846
624 308
690 848
230 810
334 796
49 834
457 464
190 692
425 878
786 8
618 655
640 673
431 461
158 7
267 572
993 406
929 600
529 914
99 946
657 544
957 660
893 241
250 877
427 113
57 856
13 93
456 711
829 798
802 929
20 190
560 118
224 980
77 319
705 2
657 496
671 50
110 375
285 931
453 986
325 839
169 950
785 863
954 838
663 448
1 552
883 86
474 584
573 829
355 65
601 532
206 428
669 206
113 124
11 851
41 251
479 399
551 682
650 764
545 740
768 766
864 177
615 205
636 42
829 335
222 799
381 856
580 263
733 215
208 374
364 417
928 300
699 222
326 786
997 88
412 654
223 497
868 130
350 295
736 160
38 360
835 914
733 815
6 999
231 415
763 421
370 740
477 156
371 746
618 173
857 242
815 102
380 947
233 511
683 654
535 62
980 938
417 761
700 419
323 710
242 742
43 434
11 659
936 94
522 159
457 884
440 764
90 10
42 734
822 356
197 104
589 317
975 172
406 518
544 210
459 472
485 580
1000 323
148 784
540 705
471 184
666 640
542 247
451 968
122 93
629 394
317 319
812 713
438 866
684 993
672 297
330 163
297 615
268 339
687 903
286 368
188 61
596 582
331 411
418 818
915 395
574 986
250 267
376 192
720 458
863 135
424 367
600 74
351 654
398 78
135 100
113 79
862 718
855 766
911 984
512 57
936 113
590 948
6 261
543 50
158 973
921 783
784 849
157 151
573 321
516 626
974 173
118 512
701 421
199 35
296 818
194 981
773 55
650 205
761 726
587 520
105 199
74 55
259 712
719 126
663 261
803 442
940 155
572 616
253 608
464 94
238 627
224 375
560 845
351 85
380 886
325 617
797 27
523 450
461 574
496 977
665 873
625 461
901 377
47 631
926 171
535 195
431 734
194 745
984 574
985 673
469 87
168 777
738 609
278 894
753 931
898 626
394 410
28 186
160 428
826 341
304 813
763 907
184 276
961 34
761 212
390 653
805 766
47 860
773 187
40 5
476 21
715 663
338 478
453 407
714 683
62 922
100 781
136 897
589 550
673 883
732 926
632 608
632 523
268 237
942 868
580 405
414 447
851 825
423 546
306 53
510 624
312 609
562 305
655 96
244 565
867 603
146 931
304 789
987 937
109 703
612 528
625 25
539 864
803 133
245 118
337 748
961 350
919 281
83 266
736 146
522 734
931 333
219 12
340 479
504 1
54 407
993 685
723 162
890 519
692 546
981 805
701 304
765 106
907 210
518 785
498 991
721 228
629 475
246 250
261 446
681 1000
572 575
353 54
151 734
599 736
794 23
893 660
808 162
718 5
422 730
406 719
4 434
610 990
177 289
228 958
697 826
942 550
270 375
309 931
406 977
535 157
563 714
717 375
803 378
970 451
622 117
414 462
626 588
435 21
590 67
65 904
196 416
634 810
747 876
310 228
209 578
219 631
562 205
379 116
156 381
589 697
54 877
492 303
979 63
508 406
760 977
543 965
131 716
860 669
50 11
135 906
499 400
514 336
627 843
965 403
749 241
520 595
83 596
961 295
311 287
283 496
805 643
503 154
386 16
914 841
212 998
256 564
848 105
66 19
941 285
51 983
755 138
326 561
660 165
227 604
405 417
85 37
1 814
608 954
934 439
255 904
301 674
560 869
428 287
328 782
132 672
815 311
369 756
674 674
700 35
905 497
758 227
376 37
247 745
418 467
283 31
668 495
412 305
938 275
418 876
776 629
402 664
160 869
834 544
768 139
581 321
678 882
543 52
897 320
61 146
908 399
985 238
542 834
201 971
782 88
409 411
798 114
838 608
957 411
137 771
436 979
439 876
544 869
278 346
260 851
326 377
44 95
305 732
918 365
915 146
63 219
299 498
578 762
259 360
221 251
680 12
346 56
495 881
412 827
673 598
768 842
172 475
566 224
504 507
966 595
327 852
130 547
868 377
236 389
840 827
732 260
68 844
273 594
869 600
103 363
575 375
760 603
541 45
914 209
625 126
865 111
91 413
499 634
244 8
88 229
448 249
950 428
88 463
360 333
531 658
129 319
934 341
64 257
486 923
31 459
488 606
582 186
465 406
487 94
720 602
451 156
401 74
481 497
913 169
786 577
263 472
957 232
213 483
937 692
912 297
429 40
191 428
455 984
41 405
110 970
564 497
129 106
941 481
383 36
312 133
611 259
778 816
829 553
558 621
354 644
569 891
148 557
217 319
66 495
81 833
418 548
680 687
675 458
206 385
361 941
217 704
150 235
596 391
378 150
917 541
816 522
731 788
353 960
749 692
114 298
289 66
962 1000
326 754
40 409
79 27
183 204
826 533
1000 995
642 708
907 941
609 606
544 950
804 69
16 482
719 632
559 151
321 597
715 217
372 738
399 386
357 833
846 481
600 853
264 322
603 31
659 707
819 708
704 184
448 987
904 760
527 933
918 810
698 321
321 807
713 175
265 269
838 362
99 204
492 743
320 959
566 40
397 64
21 728
554 205
345 250
973 798
87 891
341 298
613 695
17 622
20 430
221 774
755 464
926 391
783 29
253 529
743 399
670 747
387 814
306 244
702 310
263 194
147 906
316 622
537 169
299 554
524 344
590 812
418 874
177 490
936 13
112 478
885 16
399 142
693 334
311 610
557 308
813 975
708 379
409 805
390 609
848 960
603 394
514 224
520 994
989 802
675 779
539 818
521 762
677 403
790 926
47 445
977 661
597 8
150 904
567 953
189 137
93 669
452 762
53 993
748 180
541 275
499 679
831 829
585 252
317 771
1 404
41 788
307 833
564 720
955 531
65 900
579 446
495 977
597 981
912 494
215 65
780 776
712 92
894 630
731 878
305 592
906 645
458 813
628 531
309 561
360 427
917 896
264 591
463 208
787 125
540 428
88 523
37 586
262 992
698 439
479 637
800 909
783 1
290 108
889 775
651 193
122 360
557 853
747 772
103 530
726 81
117 603
683 266
642 71
160 257
325 551
482 712
445 623
864 715
913 996
173 605
180 718
743 139
331 922
953 774
539 445
529 197
322 235
416 944
463 870
32 782
872 704
149 379
61 673
537 160
555 708
56 339
71 483
236 419
61 767
170 373
464 258
730 650
450 813
985 992
72 998
629 68
893 765
457 948
721 922
489 528
169 380
227 198
202 947
493 773
956 851
866 879
456 597
91 928
966 513
681 863
319 867
515 110
36 579
244 772
84 610
413 300
200 335
390 196
289 924
997 678
815 208
417 152
997 365
118 165
29 723
400 296
719 350
927 992
324 592
456 116
554 322
984 226
422 72
729 490
260 834
95 317
283 90
715 261
474 260
374 368
204 656
977 320
809 552
712 506
380 689
851 746
788 958
346 447
974 280
437 513
544 442
986 291
302 650
278 734
574 815
5 194
84 573
599 70
764 561
959 844
16 959
342 247
394 324
437 698
861 924
903 616
407 126
482 257
822 731
639 280
261 962
657 80
102 645
330 751
132 83
793 490
308 831
530 213
914 135
121 321
957 526
456 903
320 370
570 347
256 531
297 56
214 179
383 868
193 457
286 649
536 532
460 579
700 588
592 182
339 705
47 361
575 219
367 98
68 856
168 394
460 920
145 91
638 697
369 269
311 526
805 229
783 997
548 5
277 416
286 761
767 684
759 563
358 642
361 159
824 978
153 223
562 358
763 278
270 313
797 386
255 510
551 626
518 402
198 297
832 136
308 289
407 779
668 282
852 211
636 181
834 12
444 447
195 479
131 57
286 638
645 673
540 911
95 821
234 705
888 370
638 500
551 896
384 387
100 103
785 533
835 179
983 106
991 895
366 151
348 650
384 514
390 404
836 206
553 835
321 44
101 190
166 957
96 260
289 762
548 280
691 53
890 841
441 511
812 249
230 674
112 800
755 781
714 917
77 457
169 5
615 162
90 19
905 117
241 782
143 775
962 846
906 882
516 635
827 675
887 40
508 94
91 57
362 430
25 618
816 666
308 812
359 339
291 981
422 15
389 592
843 696
658 821
572 324
809 261
658 638
753 92
424 422
698 251
68 486
924 938
321 290
897 836
820 115
758 67
636 345
770 129
449 70
113 20
717 301
456 71
233 821
826 863
714 561
315 11
691 180
778 816
455 127
908 574
431 832
263 843
816 762
426 958
723 342
243 2
153 342
10 532
621 909
880 275
81 516
115 723
280 202
646 694
597 345
956 708
80 280
172 523
561 853
139 690
250 696
66 478
68 190
662 404
930 62
45 392
349 529
387 731
664 761
859 172
301 89
80 427
327 208
468 132
742 656
114 655
657 121
8 456
297 791
457 881
233 866
449 489
369 266
204 731
975 166
588 404
173 16
692 152
282 826
19 449
622 284
562 889
75 605
692 937
919 953
458 41
68 252
621 63
20 205
722 604
300 663
963 113
773 146
496 411
33 263
831 929
11 600
979 745
813 439
665 152
250 394
632 924
487 585
766 320
985 901
663 751
796 399
504 974
258 366
494 379
708 710
710 874
199 382
115 887
752 792
259 64
682 226
343 86
463 272
452 343
839 682
898 280
860 891
732 227
663 795
180 81
22 546
367 627
594 944
220 229
320 573
55 38
154 548
770 44
172 994
802 798
346 401
182 336
898 848
692 541
259 917
975 706
774 257
756 627
634 431
855 524
115 325
778 691
855 467
370 932
644 824
806 516
564 467
741 239
50 989
68 479
112 789
484 730
125 487
208 412
803 506
337 380
724 18
93 515
486 35
881 967
183 667
853 53
117 422
667 68
657 815
684 884
573 304
992 468
462 658
192 828
193 671
19 984
733 518
398 640
995 629
386 752
13 324
148 344
889 57
913 772
30 909
745 51
758 696
862 409
671 28
525 421
418 922
227 205
587 417
62 271
616 435
299 342
919 802
531 629
192 161
894 620
172 673
32 158
294 344
397 959
805 289
38 630
881 461
152 931
875 112
629 900
259 863
483 874
490 400
904 598
993 118
942 432
43 193
58 524
59 884
438 60
223 348
431 123
33 153
647 921
513 690
64 896
985 299
947 598
23 372
122 374
379 48
604 588
284 800
300 660
427 891
227 557
914 82
526 968
193 527
638 412
379 1000
83 544
713 654
976 219
409 907
460 926
123 747
130 904
515 523
917 436
854 14
330 798
16 828
972 372
80 819
184 470
812 698
583 976
400 96
588 559
362 739
165 908
453 435
793 652
582 38
553 190
616 275
525 562
138 846
905 257
347 783
305 812
511 143
775 637
746 166
727 78
215 817
174 801
575 294
528 873
167 384
850 905
807 478
267 614
170 349
234 2
308 279
490 913
994 681
620 814
411 567
383 330
978 236
628 414
676 759
115 428
116 438
886 680
291 597
106 422
292 956
878 615
611 7
902 531
159 314
55 371
358 1000
622 846
361 355
799 875
965 921
973 482
100 426
737 60
59 187
621 570
803 822
79 619
420 619
879 144
948 844
631 663
164 142
367 243
374 77
308 325
5 458
63 781
221 716
192 481
899 668
323 545
375 593
251 8
597 188
552 64
759 459
636 355
396 558
323 973
789 350
878 490
210 370
934 605
974 246
372 287
852 535
445 249
502 688
654 672
569 769
95 306
672 433
704 823
238 265
8 60
502 816
245 878
275 689
866 884
815 759
108 881
885 696
78 339
648 186
333 764
537 510
747 169
920 401
356 405
391 974
665 261
325 285
503 547
260 501
670 802
631 915
541 920
153 301
32 126
368 285
240 874
919 237
124 6
59 561
458 929
199 809
370 47
439 605
495 888
69 692
174 735
163 576
216 550
930 586
107 904
409 532
40 741
581 971
69 493
840 829
438 750
673 770
127 982
78 731
843 720
292 35
930 991
948 412
655 578
386 7
909 258
352 710
356 653
703 864
719 271
332 400
875 324
399 376
691 817
740 196
119 557
518 624
656 328
150 752
804 207
444 142
570 987
439 59
921 478
451 695
647 810
298 772
742 56
347 81
923 675
196 346
941 152
828 980
397 991
785 755
849 939
193 540
648 259
8 973
13 261
393 849
444 33
587 316
739 885
416 321
433 845
446 838
689 167
837 890
739 851
899 660
408 42
838 202
638 533
215 378
707 472
25 590
85 998
929 77
664 276
430 783
974 62
763 683
543 160
935 753
473 548
537 643
991 985
17 220
109 765
236 822
87 847
817 676
738 458
935 449
969 401
969 652
344 586
307 15
317 490
310 697
617 976
613 765
777 272
553 560
976 654
446 78
375 817
257 837
163 715
328 835
694 491
64 702
941 667
879 404
726 987
325 16
341 165
154 990
279 313
855 253
396 1000
621 420
463 639
633 525
162 883
2 773
51 460
841 635
627 62
873 13
757 109
994 907
962 613
649 902
959 400
246 999
967 667
83 373
655 157
269 106
958 469
552 480
234 698
926 837
667 246
432 110
480 31
470 569
921 791
282 206
460 175
813 144
725 617
119 753
793 980
208 295
516 350
822 489
284 278
989 506
563 906
127 196
902 862
204 585
864 921
467 723
256 990
990 769
699 404
644 120
72 496
25 566
497 167
576 718
439 975
638 77
266 523
425 12
362 941
691 470
711 77
822 783
433 107
808 101
402 411
803 584
235 974
114 453
856 647
328 62
737 585
964 144
777 95
442 958
158 246
80 664
385 131
18 455
57 938
88 668
861 507
908 888
467 307
479 618
39 933
765 963
770 534
199 495
235 729
723 529
874 983
176 317
221 901
713 238
284 225
709 118
608 82
813 506
11 938
522 574
126 135
783 623
716 221
57 118
223 327
784 982
144 39
429 210
156 845
739 131
161 487
813 116
884 769
844 873
911 734
522 280
495 185
209 859
514 14
624 964
500 359
696 488
798 607
286 135
77 855
761 174
501 575
101 542
332 954
530 706
401 542
120 127
632 921
829 806
936 757
392 592
366 929
930 708
605 663
46 210
683 280
674 467
58 143
803 971
128 443
977 470
159 204
331 452
713 212
198 683
924 303
658 564
131 332
816 73
91 634
694 592
31 422
220 359
930 6
813 50
644 119
760 991
93 509
579 992
398 729
235 355
358 842
352 592
852 316
884 215
85 25
730 461
611 660
385 456
926 365
81 400
892 490
549 688
855 75
316 298
717 233
971 739
55 864
393 260
715 75
967 49
763 518
857 496
650 717
22 188
490 158
512 857
658 828
632 160
834 406
634 662
899 5
768 575
247 727
816 735
126 65
951 771
844 486
905 592
654 894
982 970
958 37
371 220
842 891
777 761
820 145
207 211
24 305
543 224
299 588
459 13
85 440
147 394
684 691
431 368
2 470
60 563
525 84
405 708
690 704
88 402
427 256
558 302
544 358
142 468
416 810
723 68
349 850
332 834
746 402
729 32
92 51
364 824
38 723
169 157
857 535
623 580
12 444
844 917
226 13
337 129
767 590
874 87
694 550
627 122
175 105
9 955
199 317
150 8
646 123
977 364
771 554
481 540
292 787
559 537
738 768
514 940
450 370
955 252
456 264
247 96
899 730
289 478
120 47
800 756
414 156
450 99
207 326
144 130
63 559
349 658
967 946
570 246
518 698
143 720
567 366
712 81
81 419
157 907
646 399
715 657
853 588
226 602
948 519
108 602
712 211
345 662
84 782
970 251
671 737
754 90
967 416
685 743
510 918
987 762
924 967
72 890
861 139
66 356
965 436
59 686
279 332
513 812
574 470
333 311
712 486
201 624
768 968
99 691
382 923
123 108
486 139
207 636
893 894
257 221
215 607
903 926
731 490
769 574
829 512
449 989
506 985
308 906
557 32
734 963
438 711
461 778
133 862
35 726
371 163
253 276
201 706
20 605
746 703
663 642
825 816
660 83
567 797
136 687
422 114
306 130
352 677
374 286
339 60
174 748
969 852
537 250
68 681
61 358
195 877
236 578
530 875
99 603
264 920
467 144
930 699
427 531
150 321
216 51
98 715
674 709
96 98
772 967
128 982
893 292
727 501
431 936
803 123
836 166
658 629
505 328
457 364
597 35
62 122
171 358
722 695
496 810
570 356
305 533
973 783
703 446
473 575
588 496
819 72
116 458
247 797
233 560
146 938
444 271
794 164
406 599
839 463
459 112
278 925
200 487
843 411
193 685
199 636
545 623
856 331
936 77
478 40
79 321
834 853
994 642
838 504
910 496
941 309
747 28
247 847
452 490
969 886
230 19
965 724
523 647
887 326
849 83
469 767
621 717
614 964
292 427
540 873
231 327
790 83
914 814
210 982
377 218
443 414
940 619
630 555
56 65
808 802
617 23
905 928
865 600
507 365
147 949
610 695
608 533
502 514
729 825
82 279
398 805
102 639
287 449
124 351
859 940
585 11
464 325
792 392
33 201
345 348
263 250
965 835
646 212
123 81
499 176
876 125
718 798
211 109
250 905
142 117
436 513
887 423
363 742
590 16
962 885
206 75
796 897
762 524
605 508
384 572
869 630
734 37
783 685
777 305
204 104
9 57
928 863
338 203
134 402
635 395
830 424
369 286
891 946
644 138
50 545
804 438
488 940
428 431
417 640
653 820
703 663
424 33
458 411
98 796
417 448
519 441
958 315
327 776
206 799
321 383
679 450
105 21
933 497
686 20
694 785
372 203
107 240
265 285
628 932
114 899
808 495
163 575
517 888
799 574
226 543
663 323
935 560
894 367
672 985
648 326
214 905
312 206
901 613
910 814
457 395
25 418
4 168
345 997
370 241
462 284
841 162
724 342
140 540
855 472
182 219
221 873
916 637
35 293
840 830
916 965
780 11
62 298
510 230
87 681
645 900
382 535
541 130
195 252
120 941
736 603
579 767
676 975
27 52
579 350
462 704
63 473
996 422
235 795
177 859
99 284
698 789
649 372
615 73
44 142
56 331
973 833
127 821
195 228
832 52
771 693
410 722
111 486
51 760
985 470
894 845
222 484
407 407
811 309
527 556
833 424
726 150
632 760
460 447
242 118
628 666
83 206
851 319
333 373
425 972
723 251
170 16
527 569
489 519
257 446
231 5
811 383
917 259
965 675
47 64
343 205
700 7
494 13
893 788
672 87
606 1
243 741
912 617
412 492
383 713
820 352
620 115
833 120
735 185
587 766
502 323
110 40
621 472
459 631
767 55
295 559
442 688
895 516
612 381
285 555
487 70
497 721
579 77
429 623
442 616
993 351
658 87
10 457
834 365
735 293
419 473
275 130
851 594
717 728
441 29
683 235
447 558
956 400
850 140
114 57
459 20
837 746
989 529
104 359
375 354
882 273
856 701
124 732
807 38
457 700
28 362
983 809
257 115
721 727
704 973
868 589
63 638
798 10
534 885
346 3
977 92
677 543
653 920
802 603
760 384
598 88
446 234
429 101
32 14
547 485
48 600
707 614
565 656
933 455
110 94
160 441
832 447
300 355
797 59
505 700
941 520
661 17
163 37
937 688
380 250
972 55
547 248
19 212
494 679
750 390
742 84
858 920
746 994
716 24
215 938
557 144
678 393
106 162
230 940
527 864
731 301
326 4
508 59
721 203
338 448
44 406
375 51
38 74
932 333
943 607
442 574
995 305
834 812
863 600
71 672
467 420
649 901
806 343
835 413
131 177
160 965
539 437
101 14
102 839
142 613
229 902
416 249
716 782
927 57
367 68
172 647
123 846
553 959
566 850
832 473
352 355
583 843
363 873
791 523
127 835
952 514
290 452
724 199
925 86
724 882
111 291
21 815
208 305
417 766
649 652
687 783
184 466
923 176
258 263
944 739
170 168
341 456
31 265
394 950
436 369
69 154
965 11
936 427
779 163
803 240
458 418
490 647
642 673
411 629
590 282
648 795
166 313
766 484
203 893
218 152
779 856
391 783
13 639
858 940
345 240
408 587
216 255
851 750
791 551
855 44
330 40
643 984
599 604
599 467
785 946
85 70
455 268
107 895
787 437
644 307
471 904
82 991
310 103
917 373
821 377
735 752
364 542
498 10
165 320
759 130
656 131
260 650
311 643
316 27
212 991
873 524
393 656
821 665
808 58
497 851
441 73
737 77
28 832
337 55
787 693
212 210
300 93
76 826
428 623
190 488
447 450
703 67
730 686
426 767
946 684
850 700
519 602
534 796
457 280
132 436
592 186
297 487
42 433
79 390
467 999
632 455
325 18
365 798
905 508
435 436
45 875
556 546
898 58
214 383
480 466
164 629
837 587
595 814
182 300
633 568
256 734
908 364
906 979
153 574
499 588
670 997
206 940
238 283
897 206
283 922
906 972
479 317
518 159
979 291
313 68
706 125
285 72
583 321
546 412
866 403
192 929
762 836
50 600
505 901
946 493
195 683
135 90
408 376
350 924
43 921
686 40
156 991
50 638
762 300
467 89
610 514
759 383
237 303
527 966
892 448
777 866
817 732
100 925
934 63
522 640
908 686
322 707
913 561
75 919
655 958
11 162
15 830
980 938
806 964
297 392
50 160
939 916
82 887
118 939
509 641
247 800
948 884
878 326
295 501
403 159
41 463
303 137
978 841
630 648
78 636
390 207
746 357
739 904
216 38
797 815
710 675
290 254
919 178
15 622
403 681
833 824
357 273
776 976
254 533
635 288
741 629
326 315
733 186
433 641
677 52
138 521
140 418
827 434
105 18
658 510
575 748
169 958
380 99
183 530
924 294
806 669
540 687
46 450
295 969
825 605
273 680
877 970
321 462
664 87
134 239
405 38
340 288
637 427
641 920
749 217
253 414
881 460
967 720
206 489
281 310
516 205
860 882
833 695
510 774
714 326
679 201
77 173
769 487
333 842
449 422
364 247
918 727
971 7
948 642
752 950
820 81
549 943
620 467
238 235
763 212
593 489
913 688
966 444
695 827
464 941
876 353
191 258
188 332
131 448
187 463
971 39
908 457
200 916
742 615
8 548
385 42
550 763
894 189
137 819
837 598
619 731
381 120
881 295
420 199
851 20
307 94
171 686
845 199
147 379
399 650
181 526
474 52
770 226
972 95
912 338
630 776
291 492
327 695
915 197
730 15
784 824
449 431
992 533
645 361
847 920
617 508
466 802
977 586
85 830
456 214
912 70
681 984
315 376
125 652
270 89
592 203
787 468
198 228
426 135
170 825
489 595
82 833
877 118
610 792
598 966
438 903
710 759
431 711
904 536
71 223
432 549
851 175
745 861
752 805
56 846
566 34
976 552
103 236
141 913
386 216
895 790
779 480
330 817
826 717
358 689
603 447
286 108
565 470
618 463
716 429
771 25
690 806
141 699
279 338
648 699
124 731
71 748
880 163
843 149
135 907
809 183
44 865
266 133
751 577
699 989
240 228
525 486
487 254
37 85
436 202
878 21
58 76
500 777
227 104
93 275
289 793
297 229
672 657
267 151
889 528
621 27
10 710
591 67
590 412
766 887
100 948
259 309
542 410
412 921
977 470
507 579
492 375
959 176
241 447
881 343
715 208
529 887
470 451
917 600
206 469
172 345
17 854
400 836
849 931
613 822
450 893
516 560
793 370
578 119
482 206
823 776
993 964
152 151
512 934
566 453
83 616
1000 509
977 227
605 382
163 452
28 760
546 429
42 316
173 433
73 908
344 132
967 896
967 820
573 576
298 730
375 431
47 55
515 31
686 95
777 138
783 654
573 125
68 94
399 34
257 71
325 393
541 217
145 842
73 121
290 809
971 458
170 25
710 744
496 980
996 103
653 924
509 569
538 733
86 237
273 917
421 438
178 22
752 584
35 553
944 349
440 476
949 362
723 161
472 582
619 817
530 793
21 352
786 959
877 290
73 447
827 485
713 93
301 468
200 942
401 258
835 819
867 995
725 243
215 317
851 188
83 224
10 203
703 946
755 483
978 574
516 699
667 354
966 689
355 863
935 939
752 166
152 93
363 91
123 900
805 876
447 941
165 909
79 78
854 577
732 407
5 946
2 904
775 164
241 299
789 454
872 121
482 59
75 670
362 221
686 904
634 640
975 507
709 772
362 34
209 726
619 478
164 971
582 425
534 557
998 64
110 823
196 915
104 816
479 902
29 148
857 331
362 513
900 927
1 642
688 421
511 644
575 870
620 628
716 767
607 756
687 760
283 446
458 518
320 274
706 482
271 944
377 894
760 856
728 125
727 796
892 964
852 814
225 920
125 316
115 743
985 741
806 802
745 869
569 634
713 326
693 313
913 536
68 885
19 94
44 814
224 168
415 38
150 411
598 460
921 829
946 994
184 583
460 208
473 113
279 33
484 815
87 751
826 105
691 314
963 883
884 277
903 465
558 691
546 384
519 525
574 538
806 234
225 357
92 397
843 14
583 255
125 441
165 285
178 607
642 90
899 965
503 789
600 978
501 666
630 404
749 507
201 722
700 880
502 316
491 53
74 56
428 35
265 548
481 361
366 222
612 890
323 412
590 557
517 919
186 793
445 806
85 856
23 944
906 414
837 779
896 425
967 758
4 737
941 288
762 810
226 511
540 111
650 230
741 106
668 603
966 96
880 214
760 277
468 240
380 578
57 516
717 541
829 70
340 501
600 868
687 484
61 938
996 193
52 953
174 451
149 281
643 897
506 470
701 734
389 139
800 204
322 306
877 780
633 550
937 396
246 504
885 573
77 481
48 675
305 889
316 796
460 269
723 379
523 180
320 606
273 117
264 91
55 948
305 372
698 271
539 278
811 26
563 1
658 99
393 124
626 459
306 144
103 531
812 69
734 486
893 733
680 746
19 350
880 582
543 677
204 267
800 230
153 699
8 57
432 515
627 701
368 22
180 718
675 972
102 483
606 727
667 378
371 287
759 744
46 360
768 307
819 376
8 83
699 256
484 245
135 294
444 460
866 287
518 555
345 429
264 249
859 666
731 804
237 363
195 255
412 29
236 235
435 774
352 844
123 680
386 60
424 646
290 719
442 64
498 952
107 147
101 373
193 639
43 761
38 957
130 36
314 786
59 372
31 493
254 641
221 826
465 52
504 144
313 575
839 517
967 117
458 264
12 97
160 553
612 148
200 821
42 343
287 488
699 480
13 594
640 431
19 488
107 491
716 29
617 146
90 479
108 349
442 412
449 754
447 489
137 14
293 402
556 396
967 723
734 377
239 682
616 35
90 893
781 278
212 51
410 107
90 681
58 286
241 965
117 965
190 243
195 140
23 949
519 690
179 802
688 51
915 604
49 768
916 158
913 448
630 418
951 498
83 441
525 807
717 706
190 453
906 221
166 984
437 637
807 758
538 101
34 293
418 178
999 578
379 747
441 258
280 306
283 91
976 567
429 791
414 206
213 46
746 221
457 535
97 653
76 947
579 901
695 530
677 238
431 736
478 43
220 21
417 984
723 799
10 355
359 681
495 384
378 296
120 926
517 570
106 816
809 708
541 782
858 727
208 269
626 897
337 633
564 156
252 727
647 114
662 921
903 682
729 499
329 236
403 926
694 5
609 913
461 58
347 661
896 259
631 461
23 570
424 162
40 823
368 520
923 565
411 367
422 240
969 269
294 151
540 211
92 343
99 283
883 28
558 324
725 666
203 205
784 892
447 524
278 417
842 957
94 996
847 114
9 54
660 467
496 24
652 856
196 374
532 643
219 936
242 633
45 303
888 528
13 502
28 168
502 886
594 6
506 134
352 91
678 180
892 430
852 255
24 217
9 512
254 201
681 742
273 623
600 758
688 993
671 842
383 637
219 442
811 280
852 315
265 223
330 322
43 936
467 447
340 136
847 235
357 784
218 767
754 43
946 972
838 153
188 470
477 687
491 724
161 430
69 873
114 605
772 400
775 595
126 366
121 298
386 135
121 459
543 195
121 72
582 641
259 431
784 751
31 744
470 852
963 479
826 776
761 551
981 61
373 816
578 383
136 268
996 899
861 402
481 129
609 460
237 151
378 19
210 266
424 564
91 501
163 580
506 913
629 102
252 879
807 343
268 906
314 568
59 82
622 38
612 729
505 488
814 762
788 87
21 479
991 544
448 399
566 691
461 153
892 589
975 101
534 426
761 245
434 628
480 732
816 35
992 38
411 577
478 675
365 275
695 543
196 591
156 749
407 704
208 566
794 789
516 172
450 353
59 457
207 130
153 841
171 602
386 10
367 884
87 947
895 796
281 87
533 177
588 853
943 928
660 758
896 206
479 923
310 829
585 884
642 59
345 795
81 272
675 662
530 22
240 9
417 563
381 564
933 380
587 431
496 226
241 682
549 626
884 930
943 826
593 473
903 497
513 886
846 330
832 621
187 183
455 485
558 939
623 759
764 291
533 967
994 745
898 308
454 123
663 680
957 827
103 22
116 160
771 473
166 60
281 31
213 597
559 574
363 500
491 633
153 205
443 252
496 441
931 501
77 574
576 348
571 232
401 948
730 169
164 306
80 795
923 326
958 83
512 108
610 28
788 772
600 303
775 97
404 89
141 488
905 699
548 893
86 528
27 857
578 72
339 440
205 556
28 732
730 292
745 461
798 550
903 126
157 331
544 900
210 173
750 745
155 703
740 217
299 654
987 668
643 747
602 689
19 251
902 894
877 566
233 559
866 790
32 512
93 27
287 600
535 112
685 748
23 283
326 510
732 917
532 167
612 120
868 51
522 225
832 68
285 672
967 269
273 28
14 448
283 83
969 552
180 113
643 733
854 284
966 205
740 817
789 833
636 666
124 199
934 462
919 125
249 634
738 663
402 812
688 634
971 264
273 815
82 765
462 728
509 239
978 438
82 820
871 306
895 691
551 385
723 172
790 826
438 864
251 198
446 150
794 256
352 44
572 87
660 765
54 965
484 580
963 157
813 470
662 391
382 143
260 791
55 164
154 936
841 551
208 480
368 631
515 536
418 199
648 987
753 885
807 822
221 333
632 766
439 546
973 689
857 130
81 818
596 563
657 175
485 450
532 414
21 940
695 776
633 735
175 360
505 360
598 647
760 245
303 639
593 557
61 565
475 582
386 244
15 615
887 857
456 849
4 458
635 520
847 610
166 745
396 385
528 301
215 930
508 813
962 706
468 284
791 93
819 137
307 982
683 218
134 971
31 564
710 857
447 391
344 66
398 249
563 756
183 108
195 835
281 562
850 761
460 674
493 994
924 71
534 381
541 962
406 919
708 679
813 242
538 781
518 130
489 834
595 159
76 962
299 710
928 747
804 848
447 156
262 228
996 34
768 163
822 501
838 252
655 171
645 97
217 671
224 527
677 985
658 865
293 39
299 289
664 970
739 372
570 602
601 662
754 380
6 597
560 617
449 215
879 672
103 742
473 385
821 471
587 73
691 785
486 104
245 672
218 927
353 864
311 40
285 46
796 380
419 174
577 583
334 710
167 662
339 682
150 31
570 465
594 491
53 799
959 215
274 825
925 27
674 420
803 188
391 785
734 408
649 452
348 606
242 726
117 368
22 527
986 297
730 454
914 116
641 341
853 6
406 581
239 539
750 767
468 898
298 738
338 41
323 439
206 709
719 353
391 749
170 254
68 861
373 312
759 311
441 578
199 299
521 372
130 188
403 320
992 178
605 651
785 652
699 999
85 275
586 379
428 483
815 493
771 450
266 675
431 450
274 818
373 627
776 882
591 770
752 318
642 641
811 921
852 654
531 554
115 754
561 733
987 759
345 329
513 406
871 865
51 703
722 782
809 337
217 656
457 366
737 882
580 157
640 477
755 64
793 56
210 602
855 984
921 365
152 300
731 546
952 669
451 930
835 498
899 261
868 339
284 757
549 61
293 655
955 940
271 745
161 654
827 100
393 753
738 455
226 756
856 184
270 774
337 461
883 717
749 104
517 332
514 5
537 647
2 140
934 665
742 248
555 249
660 188
17 72
504 723
438 993
793 211
12 335
740 503
888 668
907 505
29 13
855 78
838 766
1 830
890 520
931 154
590 663
264 263
44 935
219 951
502 413
993 460
378 624
147 196
911 879
71 213
834 99
279 359
197 365
768 57
898 608
316 741
200 727
994 871
431 145
252 391
266 1
734 292
757 297
399 939
536 887
508 538
384 412
24 11
198 927
72 731
171 414
983 654
393 330
65 295
274 988
343 474
488 991
26 398
768 446
920 150
892 235
478 971
574 284
778 596
576 753
907 381
545 838
541 777
540 351
598 250
174 7
741 256
222 286
665 726
692 728
935 189
105 846
288 610
373 789
662 470
662 763
796 385
983 985
181 474
110 77
991 159
280 343
680 808
926 698
963 234
524 42
184 120
672 219
278 459
953 549
322 721
186 730
162 432
948 171
120 73
401 440
608 925
632 346
753 340
340 746
833 860
392 382
225 647
705 905
225 769
687 786
616 367
550 760
170 947
292 407
56 830
60 935
803 281
777 735
626 400
33 570
843 190
507 462
150 521
207 878
664 89
402 184
386 869
413 30
388 927
536 913
361 942
511 158
351 858
259 828
708 463
637 875
275 97
572 955
378 337
240 134
880 499
165 364
566 653
845 986
526 364
850 851
514 904
222 816
642 300
537 713
424 20
226 872
27 700
258 963
57 664
322 307
490 168
210 238
564 217
251 867
109 435
63 462
844 641
313 528
668 27
527 768
249 827
127 799
385 326
482 488
957 50
755 31
954 666
36 342
675 579
910 795
888 626
825 891
774 699
962 693
517 226
988 468
119 658
710 29
122 67
506 347
614 223
519 388
214 183
272 801
841 554
357 563
943 66
439 250
462 609
407 190
98 647
328 837
403 201
848 971
119 469
921 330
702 152
735 308
159 18
686 481
731 673
152 603
577 815
266 272
161 65
823 104
89 719
542 907
390 764
400 581
167 765
965 560
524 227
178 910
508 391
728 979
31 914
368 422
612 743
629 799
587 898
257 704
655 96
82 776
57 525
990 84
257 962
568 481
699 641
391 525
620 459
256 775
354 104
625 862
182 804
730 57
978 45
848 204
476 4
88 572
756 944
817 843
711 740
935 34
672 127
409 927
989 46
414 99
488 560
175 61
726 178
222 929
958 163
345 662
449 282
777 275
405 1000
743 670
456 47
958 256
994 215
233 818
193 404
338 675
545 726
351 890
563 560
406 387
254 662
495 392
985 624
696 308
803 190
482 103
216 994
821 605
123 512
406 985
660 321
713 635
8 858
62 293
178 561
847 110
30 535
148 427
809 444
469 325
16 723
717 161
724 616
836 737
383 69
17 266
8 859
894 970
509 15
932 849
900 502
211 959
367 588
286 596
352 557
461 246
472 974
358 854
619 559
518 534
994 121
643 85
954 376
950 611
707 814
804 232
109 176
91 573
578 858
337 113
190 592
629 548
863 614
923 100
624 176
838 327
510 103
93 427
633 779
480 80
369 839
95 288
959 688
819 15
226 967
307 832
901 971
546 616
711 488
181 965
758 678
4 336
246 554
7 146
577 63
17 841
165 744
435 347
344 974
10 808
18 940
994 586
849 173
903 530
644 992
548 160
867 137
887 529
449 899
199 368
51 969
172 716
606 887
244 644
699 987
56 269
864 361
902 105
746 223
985 623
119 305
761 680
388 491
634 885
870 326
571 945
916 758
33 368
516 767
297 485
760 460
213 505
614 475
373 713
666 546
964 331
112 552
969 556
128 979
713 943
275 686
394 389
871 959
869 188
5 340
552 208
669 191
260 223
632 809
300 685
543 203
515 771
278 783
247 483
70 162
120 961
548 743
125 876
854 458
367 475
860 348
642 892
352 896
379 355
352 580
944 573
129 992
493 158
110 1000
763 943
767 490
411 9
217 760
492 957
762 746
807 856
720 627
901 791
726 115
308 820
343 477
983 280
425 474
377 368
678 310
735 821
960 703
880 403
421 90
972 246
954 586
690 431
323 94
289 883
674 506
638 634
533 620
858 18
672 725
352 425
302 212
55 17
78 288
699 802
899 76
299 660
544 735
146 749
286 678
254 610
556 752
680 15
949 317
967 785
117 564
423 731
483 464
338 241
695 452
287 277
543 87
16 129
796 20
867 972
34 209
501 461
986 393
493 396
623 797
568 616
508 321
734 168
793 658
129 731
219 582
946 728
283 374
33 516
637 231
1000 295
241 974
337 764
78 739
150 924
832 430
487 861
226 470
534 104
525 790
560 47
552 501
304 922
366 483
232 599
761 861
231 792
975 968
459 408
497 125
405 16
999 994
495 610
743 411
760 429
280 640
22 240
736 881
168 21
503 9
357 914
484 250
903 807
494 3
813 759
348 268
855 57
903 151
213 43
141 392
260 338
323 174
701 477
961 962
181 617
882 624
54 99
880 763
726 552
286 139
277 106
562 120
938 135
694 925
104 563
538 188
660 399
802 973
974 978
37 498
670 63
70 288
771 541
280 868
897 737
678 10
938 819
654 916
341 15
816 545
190 732
176 958
455 859
303 875
43 579
270 317
700 342
633 988
886 897
273 377
849 505
507 825
926 870
844 570
154 126
675 56
895 366
938 194
123 677
73 79
40 488
151 253
401 647
991 804
94 101
288 610
377 645
705 56
35 828
159 75
3 463
415 814
290 120
551 883
448 338
333 390
625 987
417 786
204 419
900 30
402 900
775 384
717 701
57 883
174 345
970 416
491 456
213 112
432 799
811 79
346 193
65 141
967 620
572 980
337 469
381 359
561 76
208 805
465 351
96 534
767 358
958 384
461 596
880 435
537 858
524 147
567 556
268 528
952 718
728 587
170 730
126 549
749 627
488 813
382 902
465 228
716 824
286 12
868 239
348 964
698 205
949 407
294 801
911 58
435 803
584 143
769 213
265 318
333 285
127 789
572 512
492 532
864 990
813 448
561 842
453 173
815 586
443 337
837 349
392 645
738 892
555 674
430 273
208 499
603 803
358 278
67 921
903 741
781 229
123 17
229 641
828 935
151 302
332 4
267 116
172 559
273 247
859 931
707 540
39 389
609 480
783 277
778 129
642 245
497 723
275 303
604 997
678 300
318 40
457 863
408 587
864 381
74 223
973 5
476 47
859 127
264 88
504 915
50 861
553 527
119 773
667 982
973 682
200 424
517 90
878 189
190 76
813 680
763 998
744 221
208 570
94 891
705 55
534 177
704 181
189 673
582 543
561 820
512 52
290 729
935 207
494 88
538 585
759 177
317 570
354 407
472 557
460 84
555 877
142 956
609 573
957 245
497 453
625 196
524 268
866 708
965 493
949 481
641 34
363 103
974 772
158 388
296 96
253 443
980 640
900 518
503 364
908 274
552 918
576 639
875 76
276 816
347 58
285 472
822 510
731 130
484 945
636 784
153 828
831 27
947 304
841 761
307 59
393 499
80 310
213 910
672 707
582 887
532 283
808 925
427 146
80 307
147 434
233 98
860 623
58 883
72 202
649 161
770 104
380 521
498 320
973 632
289 370
492 811
521 833
697 26
972 1000
549 705
292 832
814 423
183 907
856 874
494 356
491 306
196 806
422 512
676 31
472 810
743 938
144 159
488 290
213 517
879 265
699 144
186 171
190 408
908 267
893 893
551 305
701 203
674 381
885 804
789 300
690 673
334 586
30 632
562 522
353 857
645 424
488 424
101 976
175 944
738 313
226 911
700 541
395 39
446 960
573 214
311 68
278 509
661 606
725 920
195 525
189 940
391 253
968 417
103 531
171 644
220 633
881 263
269 26
542 469
319 19
736 493
593 2
684 479
728 335
768 959
145 547
709 211
577 697
45 192
47 656
342 187
565 936
120 728
566 192
927 558
50 37
669 782
475 940
759 147
619 104
606 779
52 347
133 125
455 876
216 417
895 395
77 383
739 802
632 995
252 106
487 227
844 486
188 883
208 599
717 267
974 883
492 232
376 29
93 67
836 205
892 376
240 697
619 637
901 54
242 920
783 322
490 526
640 641
862 173
197 217
552 799
622 532
921 914
235 242
270 377
747 527
78 840
644 925
532 817
210 926
757 963
519 784
806 880
83 592
633 486
836 182
733 391
237 399
857 920
435 884
110 716
930 281
647 600
931 148
634 293
982 94
894 984
124 450
56 681
107 150
700 816
493 84
869 793
228 926
664 896
272 883
149 886
293 318
19 335
224 349
631 287
358 142
37 898
893 459
573 201
349 242
18 176
67 544
385 634
401 522
302 544
13 78
583 120
799 779
185 267
696 78
735 905
211 963
594 755
316 464
33 587
718 620
468 15
775 441
149 473
940 499
722 529
726 351
573 91
824 682
157 98
232 638
355 138
363 257
411 376
152 790
648 313
208 253
197 653
598 999
147 825
490 230
569 600
627 8
354 390
505 683
877 772
130 525
33 128
215 597
525 230
82 642
600 803
84 248
819 920
471 763
196 782
321 247
60 730
778 934
67 660
522 423
551 219
590 95
608 979
280 396
185 635
643 161
437 187
119 792
107 799
267 329
882 849
111 67
730 797
395 968
870 202
423 468
586 863
246 302
771 839
526 194
784 760
903 477
802 677
535 145
631 545
907 666
528 975
82 87
168 684
324 861
640 650
620 209
185 116
392 37
892 947
893 220
645 888
555 917
628 198
280 363
359 470
42 377
351 858
875 484
443 801
452 581
589 883
350 578
933 520
976 114
770 199
568 715
819 963
131 500
50 849
590 43
971 722
331 321
122 341
30 934
994 493
158 339
848 735
334 489
153 402
956 971
901 398
295 859
891 466
799 419
930 646
175 620
943 764
683 338
336 261
690 24
411 897
84 191
618 987
31 979
75 317
195 482
175 176
615 36
119 790
432 513
478 606
699 389
154 733
135 229
323 860
139 973
605 348
734 30
362 753
161 61
556 657
709 255
654 408
772 966
280 697
96 503
142 589
743 243
280 641
666 4
802 531
397 388
610 288
747 990
825 319
242 927
337 865
772 383
273 394
29 899
599 484
542 457
966 260
388 103
746 956
746 36
404 281
295 704
657 238
3 354
370 589
457 662
861 493
362 850
603 157
265 476
295 836
62 492
672 526
364 359
657 616
787 703
367 838
909 78
461 62
507 574
224 89
806 417
926 730
959 970
333 703
978 31
329 229
427 457
786 363
507 707
879 592
571 533
682 611
533 666
63 550
548 908
198 408
679 623
157 285
256 21
625 429
706 60
35 655
75 40
56 563
782 907
395 651
381 707
68 763
256 297
60 399
175 24
582 45
180 35
866 658
848 14
710 731
576 947
196 645
963 367
240 983
145 170
258 688
185 824
394 753
312 379
822 367
486 740
95 839
986 308
487 954
433 119
374 839
743 307
714 863
301 398
919 171
303 670
556 220
776 95
515 613
172 653
675 50
543 681
789 825
469 227
255 237
811 373
598 621
361 452
540 434
66 946
752 636
808 338
244 254
446 419
133 801
364 785
350 284
813 687
639 971
777 89
416 530
853 82
173 379
520 193
433 219
771 153
740 481
683 459
763 180
591 16
41 581
360 246
296 236
52 693
667 122
462 82
362 704
526 890
751 576
366 716
841 382
771 70
853 559
476 145
77 280
595 206
772 445
109 790
615 108
826 430
883 181
282 27
627 685
318 575
793 370
776 606
192 552
517 655
596 578
206 903
491 378
971 1000
664 929
556 780
283 727
958 544
915 426
133 40
917 373
716 116
847 174
704 470
266 458
458 488
834 356
186 643
848 49
821 877
209 860
904 208
460 250
194 131
475 328
682 751
316 686
59 170
739 602
924 723
509 498
692 834
680 611
974 190
432 829
391 849
553 728
365 825
789 656
245 858
355 198
130 150
434 960
568 983
322 860
287 801
617 495
844 504
579 399
799 106
817 9
736 241
942 833
457 122
731 462
141 883
957 919
525 428
986 670
921 174
844 816
575 712
437 715
527 308
460 911
511 498
959 900
613 459
934 213
277 327
570 434
761 347
546 291
684 538
788 31
981 224
565 464
430 159
906 547
610 393
189 566
605 465
941 997
330 739
211 713
218 328
705 167
272 980
72 296
31 927
726 258
981 232
705 130
675 151
50 376
115 453
535 667
55 849
67 173
731 553
274 545
58 948
648 627
832 191
855 624
389 767
116 985
922 256
633 461
890 284
365 290
82 653
113 379
647 181
669 754
27 361
565 236
424 260
451 765
280 775
468 174
62 316
312 11
87 928
651 380
689 836
88 9
549 629
881 754
598 136
458 660
443 953
804 63
997 143
627 254
676 970
147 780
93 199
934 148
234 502
26 4
872 649
210 558
993 59
585 433
287 426
838 740
386 179
990 336
682 225
524 694
948 45
761 648
902 278
813 258
568 890
214 478
232 26
874 894
506 629
805 667
726 406
707 565
577 329
114 192
333 356
503 8
12 704
477 313
931 33
386 158
366 585
38 803
63 862
843 286
500 296
509 647
999 257
646 778
340 983
43 22
536 835
231 94
61 502
857 404
668 910
344 700
166 760
185 226
297 292
750 854
164 434
15 876
42 386
772 648
388 185
947 22
810 879
322 608
567 319
278 957
724 254
642 525
762 796
202 305
202 450
812 546
788 346
314 371
536 903
686 474
351 299
165 420
910 536
565 727
325 546
336 59
286 889
561 363
236 176
424 280
474 192
823 170
910 17
624 624
616 758
651 203
754 979
339 327
374 511
958 590
646 463
956 169
409 945
671 483
579 798
982 268
102 542
555 134
363 442
474 11
599 345
895 399
671 658
440 18
899 213
798 916
443 711
457 880
670 487
786 314
476 292
226 943
135 408
715 820
918 506
466 136
582 622
327 746
954 465
717 386
437 231
330 327
478 568
213 519
954 99
238 840
861 770
834 121
293 623
649 152
453 627
386 284
356 118
866 21
549 955
406 713
176 448
153 781
776 496
102 116
231 213
713 697
476 474
226 259
945 109
785 1
482 710
545 482
901 553
778 786
711 728
851 27
33 745
608 458
176 981
624 31
323 899
498 814
103 58
663 907
317 968
372 159
383 25
508 972
211 930
112 866
135 793
372 485
781 794
505 467
296 380
107 831
512 658
902 564
486 493
428 490
100 857
493 106
321 674
748 110
885 968
484 128
765 691
181 468
378 739
771 341
868 932
280 814
425 839
191 283
571 618
823 499
417 104
460 802
155 201
579 196
882 21
403 265
354 927
850 105
574 978
331 922
138 2
50 337
401 93
309 790
381 912
535 78
157 949
459 313
239 76
774 461
460 999
843 870
473 175
985 457
753 574
502 60
699 50
401 178
187 605
341 718
895 225
221 556
353 870
153 91
241 770
743 148
921 126
624 435
335 543
697 842
573 181
263 358
393 726
71 835
851 376
515 326
358 628
3 934
587 477
297 600
266 345
759 105
715 152
753 381
446 691
464 858
881 590
228 672
247 467
811 541
394 961
676 312
596 546
999 788
839 305
417 262
853 799
14 76
567 818
765 197
246 632
614 751
17 23
391 981
193 541
914 29
106 287
90 678
104 646
34 654
587 906
962 817
431 306
564 655
158 453
42 402
239 885
509 336
742 62
471 271
628 795
140 996
742 338
99 924
865 405
45 114
139 807
697 713
429 120
23 123
931 605
181 614
960 920
174 770
908 524
671 813
783 143
905 803
246 12
434 258
351 505
150 934
713 634
565 736
111 814
897 354
916 678
935 558
346 900
737 251
141 360
464 601
192 65
785 488
562 58
729 577
922 20
50 314
737 808
953 412
17 749
975 526
334 511
413 199
774 133
244 505
656 790
378 527
759 608
191 868
982 87
592 757
920 875
6 591
74 594
744 65
962 422
702 342
415 831
152 411
930 820
626 703
9 668
115 637
698 831
814 94
372 207
583 102
945 238
753 445
489 581
901 493
358 503
523 934
497 155
512 210
472 611
524 946
650 682
480 389
797 339
620 604
682 514
398 720
782 801
997 588
96 770
827 633
767 348
594 297
825 977
261 976
811 496
469 473
762 152
812 191
711 145
381 411
890 193
994 174
659 232
242 658
388 329
489 459
216 175
283 445
316 117
133 378
792 393
947 168
785 257
544 802
364 372
754 372
889 337
884 568
958 715
604 723
546 990
259 211
978 800
238 974
840 317
223 436
945 748
749 119
764 56
526 424
863 644
459 133
459 980
324 838
138 306
585 260
975 879
209 927
799 603
197 550
521 196
849 916
977 206
176 947
801 374
518 331
373 610
288 580
229 432
885 946
918 106
99 822
153 306
72 612
388 745
930 953
446 924
370 293
927 541
453 827
388 406
293 771
120 25
403 518
685 521
771 409
684 734
246 1000
205 957
894 612
407 872
260 179
849 535
374 421
738 932
536 131
432 505
300 957
197 406
951 833
85 211
270 56
225 650
781 108
568 402
992 950
81 394
148 937
894 856
538 339
848 19
819 386
887 352
767 458
882 169
793 347
932 973
572 174
561 53
942 994
506 322
799 477
144 958
286 48
272 660
384 225
136 186
965 996
892 826
429 535
440 724
174 193
197 216
551 112
899 208
326 376
622 519
794 59
70 845
371 345
40 361
91 544
132 246
681 451
30 178
830 784
624 505
992 479
570 301
937 590
988 920
831 37
18 320
200 655
312 444
718 794
720 611
93 326
18 876
792 235
937 726
422 12
50 486
943 906
211 579
11 275
597 622
610 199
703 296
490 591
82 332
540 986
963 825
308 319
972 15
438 696
906 886
603 719
467 424
385 73
894 256
63 361
73 202
339 491
212 23
560 986
617 755
900 281
824 655
80 835
414 230
214 487
847 811
910 900
101 594
575 153
70 732
278 229
497 859
224 98
444 141
284 244
262 34
529 889
421 536
138 644
625 845
591 730
348 857
627 752
515 637
611 175
502 856
451 528
129 348
82 745
412 17
526 382
807 155
380 865
239 283
897 499
433 252
556 945
954 252
191 344
267 688
910 156
211 435
322 622
947 576
613 252
644 359
410 233
987 973
812 59
542 177
208 667
988 964
254 38
599 888
261 31
269 583
243 844
111 907
964 860
630 318
742 895
582 362
473 698
687 322
153 82
284 583
648 831
254 987
788 575
798 847
431 773
264 373
783 374
707 143
544 652
741 865
469 97
792 95
455 40
641 923
608 6
259 174
847 906
9 414
858 999
437 95
21 754
464 776
866 26
342 440
449 628
62 396
915 929
830 691
164 202
951 560
680 815
634 934
234 412
702 846
715 59
630 384
471 374
133 458
979 401
121 774
143 801
521 904
577 697
687 824
893 308
357 703
241 590
18 838
745 880
728 264
999 269
466 182
128 913
162 62
498 328
923 100
926 741
458 540
41 820
554 264
706 498
386 570
487 481
613 271
196 16
776 658
449 355
834 878
341 671
637 151
780 173
78 914
21 228
778 530
916 565
539 200
586 805
925 699
425 184
302 825
687 813
513 919
275 947
891 415
286 142
832 683
106 763
100 486
345 269
472 434
236 495
638 649
750 473
407 224
573 523
481 138
707 558
208 795
641 359
702 344
655 572
307 928
127 88
445 947
557 371
79 127
174 828
537 563
346 160
889 334
146 211
416 876
413 449
56 503
35 858
458 835
316 921
242 37
668 257
640 710
789 841
570 335
88 726
618 523
836 337
892 717
912 525
635 854
598 693
270 77
525 594
911 671
168 248
343 56
297 116
810 611
99 828
89 532
389 619
306 250
646 436
747 154
674 153
409 968
749 604
735 180
211 990
678 627
81 541
16 852
794 952
68 250
731 916
709 675
800 393
143 36
274 484
434 778
24 880
717 132
740 969
188 480
895 704
260 335
979 664
529 585
276 572
101 538
213 296
397 356
862 45
271 304
292 475
203 593
480 48
906 14
960 617
681 850
884 840
427 982
875 456
227 889
331 572
712 360
3 312
820 649
219 6
534 507
151 400
99 598
49 972
461 898
500 307
558 691
324 128
875 818
807 872
293 791
748 172
484 878
675 705
715 523
489 897
888 317
715 6
275 601
929 280
159 83
251 362
831 684
432 194
888 966
525 596
733 862
41 210
920 240
25 182
26 292
209 806
492 577
253 168
11 243
46 792
721 785
306 748
656 830
146 737
960 621
499 67
903 841
876 675
123 949
970 83
799 689
449 137
983 41
673 556
240 814
108 698
464 287
492 554
451 848
658 275
267 981
88 442
816 253
411 651
788 286
905 253
267 112
329 796
324 596
493 533
993 917
362 361
479 116
542 862
613 763
409 118
15 610
432 350
798 603
230 209
157 386
639 696
559 314
396 175
825 397
568 276
453 959
368 232
852 657
699 882
914 891
265 54
70 186
790 840
897 284
994 834
442 835
60 25
979 130
15 528
231 458
428 180
987 321
305 426
645 338
539 637
109 357
616 152
39 215
685 288
908 48
603 521
199 880
817 816
179 816
615 73
920 417
349 378
424 487
365 79
425 764
800 451
257 504
178 412
683 911
916 399
364 372
453 262
409 125
683 916
420 300
473 684
123 740
997 459
241 908
226 512
250 342
779 892
727 832
328 451
324 101
703 166
253 889
932 762
853 131
877 580
130 330
105 143
855 778
496 822
990 962
310 883
731 554
362 476
975 427
651 369
332 1
425 497
407 37
703 459
104 773
449 640
833 930
572 475
129 855
677 959
3 732
784 469
953 59
845 414
422 581
747 49
926 971
59 999
598 468
226 806
429 241
556 780
715 737
990 883
111 599
999 776
491 277
117 615
140 790
451 31
272 621
147 21
766 555
934 899
300 609
997 979
919 185
150 475
26 160
614 274
101 203
401 346
440 880
173 873
631 806
180 136
687 31
701 349
822 196
947 411
157 619
277 280
936 502
542 180
976 226
684 622
134 851
668 473
12 928
496 201
329 929
608 142
793 811
585 124
798 461
208 623
187 911
708 911
607 835
630 27
162 379
630 292
594 502
299 511
348 477
488 110
484 444
956 416
939 990
238 129
78 943
391 462
364 706
120 84
51 126
539 421
896 648
847 35
13 582
795 900
860 267
466 129
151 242
390 111
106 312
954 540
362 553
351 176
680 945
800 83
888 28
722 794
481 574
229 920
283 845
468 561
253 115
560 350
413 390
35 911
52 986
632 193
232 879
779 803
58 846
293 694
834 793
163 51
566 351
974 322
960 690
170 398
557 959
397 704
52 897
736 12
982 600
988 818
900 735
311 577
958 878
941 32
460 276
899 347
952 810
28 506
869 24
889 785
977 705
781 597
581 20
422 968
48 798
968 322
90 520
769 508
779 355
651 312
32 483
842 36
144 636
764 209
528 992
638 917
849 166
448 963
636 407
528 325
346 219
793 958
996 860
817 469
3 589
965 979
44 494
571 747
203 532
945 265
364 224
832 758
703 872
745 705
423 310
619 86
146 632
23 365
615 369
500 148
293 270
863 906
664 324
155 371
966 927
555 342
18 617
417 776
779 825
859 382
294 546
229 292
535 326
565 804
337 1000
969 967
45 885
677 581
520 767
231 799
555 193
841 51
541 647
203 662
531 14
926 492
623 890
843 839
210 746
866 166
242 379
384 650
322 567
596 239
709 470
343 828
590 141
813 577
679 23
19 930
781 808
641 766
280 983
729 446
71 297
426 819
510 257
819 23
523 49
995 360
459 284
948 497
984 980
734 969
466 140
701 293
458 693
989 118
320 529
793 721
92 871
3 462
962 821
291 503
368 726
372 994
316 42
397 111
233 637
154 808
103 274
27 106
231 540
859 965
314 821
948 466
486 967
228 202
976 80
950 99
827 795
236 783
563 926
820 520
655 721
370 123
353 703
107 891
861 43
552 28
77 567
759 782
809 440
943 141
235 404
898 341
591 605
397 580
794 913
314 576
904 404
822 716
667 876
913 800
375 227
536 49
83 449
472 263
903 208
512 789
382 426
644 755
691 807
824 918
519 867
169 849
160 729
54 945
65 697
156 251
523 940
436 576
44 407
54 293
485 695
18 114
676 732
762 814
537 992
173 75
974 973
686 505
840 522
194 490
462 241
320 269
80 701
22 695
21 876
825 348
896 245
878 370
310 483
386 601
481 688
1 519
32 362
859 326
46 597
608 651
906 355
175 579
664 901
22 352
354 370
607 724
92 949
972 422
199 625
799 458
522 586
66 726
934 570
727 180
34 940
648 816
71 779
591 79
1 889
456 756
620 655
57 216
759 361
208 552
243 960
133 281
680 811
956 27
632 93
100 637
436 65
143 354
739 188
631 148
717 502
354 650
263 582
639 968
553 698
606 441
210 483
279 345
892 385
735 82
220 75
708 790
325 314
161 337
970 387
853 980
963 404
788 377
84 589
128 919
598 722
888 974
878 624
398 458
915 481
203 342
63 760
652 543
338 151
918 905
298 936
670 60
896 175
138 264
438 483
297 904
804 206
201 809
11 933
877 17
4 43
90 307
180 594
616 531
204 299
441 758
181 5
800 732
849 735
550 202
516 372
196 20
534 132
142 919
415 249
514 922
907 392
787 173
191 158
3 925
261 18
447 578
56 535
296 608
860 435
859 156
502 480
557 164
713 939
817 648
404 295
270 85
812 540
365 720
346 489
505 589
448 775
624 411
501 692
767 182
655 887
474 545
641 438
882 82
186 456
742 237
115 421
421 109
833 593
526 447
330 257
865 973
981 833
157 185
416 161
500 187
114 690
970 794
748 977
322 592
124 532
336 31
16 301
81 172
326 300
505 865
550 891
213 986
434 53
347 975
792 500
407 468
961 85
162 859
688 162
661 531
171 371
34 582
3 168
359 957
497 806
618 582
816 368
450 434
767 326
272 352
403 154
694 923
344 424
381 744
870 664
71 431
204 82
436 185
157 496
623 396
104 348
327 478
159 523
889 961
884 285
348 149
255 372
129 632
180 906
872 43
426 827
197 846
62 46
904 399
702 982
732 887
925 74
759 285
991 954
347 402
889 97
765 138
700 273
351 354
591 352
980 454
854 519
523 880
387 841
706 706
836 419
412 999
599 384
332 917
188 370
577 19
309 254
174 438
913 276
902 753
728 24
171 830
198 862
515 49
738 87
748 178
454 461
758 254
587 395
882 482
829 649
179 264
246 601
113 163
26 88
148 943
695 259
117 237
846 940
334 113
132 515
371 801
439 738
885 916
880 987
337 777
166 159
7 730
390 802
846 501
318 538
962 52
826 863
198 88
912 32
720 568
995 965
814 945
407 643
500 215
899 793
568 807
432 867
651 159
400 748
217 694
656 477
54 297
945 751
380 31
230 457
844 164
982 546
73 350
915 764
294 104
424 49
849 893
214 659
926 34
591 865
60 175
779 472
923 794
609 6
936 138
156 883
448 93
249 207
124 741
297 701
327 726
877 760
634 657
357 367
751 354
689 58
345 499
219 317
371 913
458 818
163 862
745 457
671 968
541 431
265 424
308 797
172 809
684 273
295 408
258 223
276 570
147 337
787 542
355 205
574 753
329 899
574 881
416 749
241 593
104 650
817 995
380 908
212 239
919 81
146 637
333 57
456 492
13 962
443 356
464 870
285 603
531 175
346 979
845 278
604 264
606 67
772 190
136 890
954 7
123 904
665 278
868 590
771 434
565 195
942 33
384 299
214 483
319 289
947 934
880 831
940 650
279 675
691 8
295 470
316 591
702 760
56 999
181 958
424 636
348 775
249 255
698 765
728 139
490 679
913 658
161 881
289 149
855 348
698 334
624 309
398 208
48 556
381 628
568 893
684 352
150 577
349 505
139 99
736 304
399 361
90 655
426 642
950 850
34 86
338 686
624 529
992 429
821 259
43 362
151 901
576 294
312 337
680 262
72 435
7 948
697 44
551 867
122 153
812 646
6 781
636 685
553 524
913 781
243 344
843 479
814 351
305 249
366 222
885 597
450 78
67 280
243 718
893 833
8 20
123 365
392 662
953 229
841 99
875 5
851 53
526 20
896 140
623 193
864 909
242 266
113 628
289 805
659 304
830 630
59 519
222 961
220 340
260 674
243 329
76 247
389 3
462 292
308 137
581 449
470 481
237 599
481 256
429 38
857 289
838 109
680 115
95 190
847 755
962 90
231 708
633 579
30 941
47 979
308 339
928 821
253 211
427 824
406 777
902 345
990 33
395 115
287 778
453 832
345 771
653 500
612 118
524 536
142 28
940 977
830 402
639 761
69 688
181 912
792 610
233 307
766 17
289 970
928 854
693 987
622 366
729 391
243 583
243 660
944 209
842 523
76 636
637 14
137 126
714 179
886 238
214 177
177 677
959 454
599 906
94 456
552 204
270 100
180 289
242 52
880 730
336 152
393 850
145 912
905 266
407 746
983 950
528 116
745 434
487 379
776 190
262 248
882 540
617 519
19 814
76 46
526 66
40 910
573 903
372 419
834 217
199 597
235 92
295 951
925 660
741 622
747 846
678 46
536 570
115 422
898 687
206 516
430 303
157 351
256 750
626 213
107 678
333 923
140 804
561 393
88 616
825 864
685 937
822 242
261 724
184 625
521 308
991 285
985 748
395 600
993 334
7 76
711 607
637 853
633 706
849 677
746 704
776 584
69 66
228 461
775 4
389 302
997 996
43 600
459 543
578 58
197 816
658 318
653 758
164 406
947 524
89 977
216 577
143 589
341 194
198 125
842 300
736 265
641 644
851 485
257 683
902 381
793 56
898 965
297 97
452 783
564 861
44 479
450 876
405 278
781 355
176 495
730 22
267 670
585 496
986 431
359 178
379 455
391 754
603 970
109 98
173 957
836 232
107 638
395 287
540 30
29 784
752 15
890 233
388 584
555 783
131 492
116 107
425 148
112 218
515 379
508 984
233 766
823 1000
734 620
542 952
625 83
335 541
117 445
491 818
682 953
153 244
848 87
715 308
838 697
124 237
608 94
789 427
649 932
738 138
694 132
957 674
887 55
922 513
42 847
697 584
436 883
50 718
518 30
662 745
124 685
574 15
24 896
313 90
406 696
811 29
677 245
400 714
335 870
43 261
740 677
575 902
610 95
760 9
786 162
137 590
631 857
47 790
719 803
885 700
98 804
773 835
847 676
927 65
550 819
101 33
573 119
392 352
344 140
790 189
973 484
985 55
977 203
136 163
861 498
161 378
600 827
987 565
287 117
736 736
722 278
768 814
521 930
454 481
373 807
437 345
956 633
497 870
931 531
534 359
745 264
206 900
308 591
747 798
471 689
711 909
463 44
106 235
517 425
701 418
219 53
713 28
597 214
910 580
837 540
519 173
808 376
204 314
677 378
121 66
561 408
29 797
553 231
31 272
853 476
872 327
344 267
306 494
574 38
672 905
371 951
450 725
61 701
337 349
403 542
702 791
952 361
710 497
743 980
428 932
912 250
463 813
835 869
559 610
241 948
282 8
844 674
170 161
356 78
317 372
551 909
435 247
273 438
912 884
541 103
506 624
705 453
395 184
363 683
467 62
432 709
313 71
207 53
5 274
271 778
845 923
484 604
83 928
74 764
961 655
138 781
24 928
43 176
120 603
937 77
214 3
830 644
948 479
449 454
989 948
935 772
437 986
301 898
450 595
332 774
758 186
968 277
410 677
312 956
428 346
839 791
519 527
763 563
590 736
182 641
187 136
433 853
32 374
785 749
908 29
267 701
991 399
858 760
948 723
881 510
375 877
788 389
611 107
578 316
448 960
963 41
738 77
874 97
961 66
992 47
574 951
778 389
994 853
241 432
844 346
313 407
839 878
295 33
927 583
267 21
963 936
471 141
208 904
955 792
746 818
676 335
217 434
712 800
736 415
138 930
826 974
330 434
403 147
20 554
224 445
110 630
111 930
821 625
107 926
522 297
221 239
119 800
369 751
907 745
676 395
938 263
970 711
103 627
802 171
628 357
956 15
380 25
80 53
343 326
30 393
324 618
714 619
990 682
226 79
102 790
470 948
169 134
427 306
907 427
987 753
184 896
64 825
599 484
907 871
395 916
917 743
284 283
873 962
383 868
797 273
