p td 1000 4000 
793 239
44 99
391 31
681 287
734 107
11 887
84 470
639 870
600 341
7 165
377 152
800 284
627 525
400 641
685 786
726 347
386 318
30 839
45 37
407 215
107 15
572 887
864 455
601 412
264 901
277 875
352 429
667 414
138 173
36 846
252 310
81 641
882 374
402 942
533 924
585 32
981 741
105 320
368 29
817 257
114 629
923 501
881 839
52 629
104 362
434 559
627 181
37 374
59 784
794 564
128 853
737 977
280 886
979 832
492 853
375 71
109 18
345 225
14 683
660 594
969 549
592 757
439 881
614 374
15 991
742 973
771 581
209 512
113 738
495 445
472 795
371 335
941 136
739 790
899 665
484 439
218 970
686 554
923 215
994 344
966 187
252 276
578 483
591 209
76 109
145 727
579 296
951 158
235 692
100 54
330 701
353 27
706 593
184 513
708 860
17 82
823 647
140 554
123 617
921 559
848 270
991 597
631 321
386 712
677 620
924 776
475 497
5 244
77 757
485 354
390 171
947 518
20 993
183 144
983 510
93 449
637 883
742 780
417 377
158 338
358 654
759 178
43 192
384 708
964 141
6 276
671 778
64 168
453 177
504 982
410 94
892 380
174 79
23 423
806 765
830 649
313 66
737 441
498 843
666 166
422 89
214 840
730 562
589 762
365 348
152 943
525 828
585 499
241 838
616 161
871 508
728 837
684 830
955 652
68 474
515 394
73 467
66 147
222 429
22 478
599 166
853 76
783 648
822 74
693 609
906 210
158 759
611 411
946 184
976 37
229 294
434 900
597 776
648 189
707 921
264 823
123 26
916 2
706 236
561 829
119 40
186 732
952 800
300 846
744 788
868 213
74 828
473 721
64 16
544 130
389 985
986 924
296 225
489 46
127 135
249 736
116 128
159 955
168 892
40 666
893 444
175 11
243 559
547 856
304 143
132 633
653 286
495 105
921 660
146 398
643 681
433 109
568 441
604 733
182 339
430 407
232 368
562 306
789 509
424 45
661 363
228 310
282 844
374 995
519 606
25 821
528 255
731 820
554 774
632 523
654 436
112 792
391 752
43 725
129 577
378 439
648 46
505 547
135 740
587 55
169 831
114 807
318 452
404 155
750 500
512 384
801 514
507 113
655 757
564 331
242 319
530 827
199 856
414 879
659 434
387 86
141 81
501 323
219 288
775 435
374 703
446 929
400 699
148 715
49 851
48 543
460 33
210 705
811 676
282 13
600 190
596 118
519 839
468 281
954 375
216 711
209 43
850 167
483 316
871 299
792 781
554 711
731 509
418 824
485 439
618 915
379 429
900 502
608 768
112 158
287 789
135 959
345 398
547 505
718 688
504 917
672 836
499 159
366 303
645 909
412 962
489 925
318 149
130 874
442 134
597 399
73 35
137 646
223 704
853 460
787 410
197 364
842 945
875 820
939 184
611 783
278 134
704 273
315 689
708 327
26 264
508 580
490 809
888 719
9 498
516 402
981 347
954 211
572 664
871 139
241 605
88 794
618 183
86 405
501 182
807 702
167 269
681 389
385 975
819 122
928 497
891 858
304 822
28 388
537 421
958 992
766 131
716 613
409 894
3 648
166 404
945 680
8 583
733 979
839 964
633 676
13 206
860 196
895 722
57 285
234 202
377 832
836 453
429 106
696 547
317 129
310 281
27 79
378 317
450 561
16 723
834 602
820 180
734 509
507 770
66 649
85 853
20 409
183 572
35 151
887 753
162 707
790 927
785 108
80 228
340 758
51 231
85 862
587 44
685 738
913 687
445 63
598 698
561 977
633 949
397 241
734 35
3 563
723 919
259 25
925 606
480 579
697 606
897 222
894 298
761 487
990 948
515 847
876 879
259 949
555 579
796 63
488 368
865 748
919 865
491 342
416 65
263 873
523 94
343 509
423 158
895 653
648 398
309 358
134 117
9 514
644 803
998 391
546 20
509 559
749 487
424 403
20 927
490 282
346 188
196 481
898 985
264 155
183 278
181 780
790 404
186 616
449 464
724 175
262 868
266 622
354 188
286 386
184 907
650 279
103 693
172 196
827 89
641 170
573 697
324 242
657 415
524 320
697 666
31 681
683 359
789 444
642 295
629 607
697 296
341 277
693 149
587 446
977 82
204 323
285 692
866 122
317 589
348 476
983 493
87 558
13 563
862 569
223 537
570 130
647 914
463 376
680 760
817 697
8 22
269 258
673 367
865 122
551 14
154 469
42 381
723 37
232 107
948 587
395 67
406 589
602 650
941 913
397 838
810 789
81 68
942 483
902 201
112 757
935 884
248 124
474 570
904 581
899 716
393 833
319 282
296 140
859 336
501 687
844 652
60 296
592 105
422 275
15 8
177 765
917 264
947 562
538 439
312 18
340 44
216 34
859 729
423 676
881 294
154 769
571 649
113 954
563 587
135 411
17 563
678 307
197 802
263 939
168 902
864 714
610 469
60 926
596 913
39 722
94 388
109 955
20 649
221 176
826 175
647 379
435 868
212 263
281 29
517 53
796 461
869 182
378 760
524 393
709 711
615 874
188 171
736 980
697 872
406 736
786 746
102 544
200 502
706 437
49 617
158 472
146 901
158 463
4 413
890 485
874 667
618 164
257 374
792 831
44 81
623 20
825 120
928 923
233 266
216 215
666 620
608 154
268 411
677 298
138 948
619 148
685 352
714 55
59 397
519 395
455 545
684 491
423 647
218 768
244 988
829 223
138 89
78 356
889 367
193 745
83 145
926 489
337 812
177 887
81 481
759 8
195 758
39 518
893 433
669 738
216 463
815 651
290 91
635 629
729 533
628 326
170 535
198 323
737 499
605 328
802 431
129 321
392 859
384 955
355 871
943 467
879 411
84 125
487 995
512 759
352 813
830 76
322 79
704 966
309 616
689 461
609 464
134 471
665 915
543 390
41 48
228 472
1000 800
604 594
787 866
780 956
290 550
371 353
285 542
616 333
367 95
794 136
172 185
57 382
564 381
162 492
961 125
598 118
412 559
934 275
958 307
28 209
936 491
167 379
720 839
877 388
369 423
663 455
413 430
918 565
941 252
237 488
52 349
387 771
197 533
382 588
624 217
652 217
975 498
93 341
359 742
299 480
156 382
301 982
531 16
199 498
251 56
531 205
491 876
750 90
738 436
582 515
622 144
504 63
249 217
470 325
951 898
752 453
732 424
365 727
340 967
121 150
73 139
491 460
729 996
77 227
154 267
141 970
463 781
926 258
207 388
652 117
450 540
620 962
90 265
641 664
632 637
619 23
625 196
348 696
621 319
272 515
633 507
644 265
169 683
521 94
368 371
168 765
122 380
160 690
707 295
371 740
446 975
170 764
868 682
478 527
748 957
56 414
822 265
843 948
710 969
252 836
623 496
202 504
811 393
561 619
412 150
998 899
98 446
964 450
798 101
129 875
297 937
139 808
439 504
800 859
435 197
719 461
579 733
548 956
753 173
370 419
29 896
123 375
809 545
284 64
767 643
394 863
127 531
406 442
398 521
823 344
427 274
599 540
47 592
460 498
296 592
47 731
933 950
115 631
688 358
413 436
367 746
59 414
914 415
700 118
202 791
961 365
19 965
477 431
621 959
203 995
237 547
254 232
545 516
187 545
41 737
420 714
983 222
1000 371
60 390
507 840
572 448
11 533
992 960
340 13
681 499
703 89
969 752
169 523
303 567
658 258
162 158
497 894
978 813
40 397
286 978
431 63
152 61
76 83
680 978
76 213
623 803
650 201
863 134
999 468
881 993
893 388
896 571
4 746
119 450
858 140
561 342
55 336
620 92
271 567
598 875
611 519
355 709
737 680
473 317
832 63
985 732
952 180
543 276
776 521
254 241
222 282
226 483
153 800
42 384
606 430
348 449
730 248
36 830
672 605
412 752
599 826
681 781
841 347
742 888
142 76
623 764
482 528
893 350
527 988
223 813
92 832
257 225
471 964
282 734
873 520
485 440
474 907
11 121
482 820
772 313
725 715
637 672
171 80
678 74
935 51
360 98
788 67
301 630
372 821
649 265
896 779
443 658
706 431
846 700
217 778
744 254
825 796
159 66
120 712
209 253
217 8
867 608
217 579
934 196
517 743
37 366
894 467
196 967
667 814
12 413
873 437
767 98
140 880
787 918
182 394
165 992
801 85
619 960
548 974
540 99
695 288
875 313
695 166
687 383
634 831
96 929
661 193
695 959
685 89
237 695
297 447
469 711
981 667
700 373
539 862
208 387
124 835
653 189
257 38
746 329
796 329
437 285
129 989
802 709
921 584
976 771
984 690
190 931
328 622
775 141
890 349
375 695
122 30
673 85
815 362
402 430
766 350
610 736
518 115
524 428
251 901
53 855
519 401
488 181
637 452
32 527
265 202
286 925
355 95
545 340
631 913
963 274
403 240
915 843
293 507
177 133
639 640
74 708
572 749
547 151
743 495
135 785
849 41
590 289
964 850
778 822
158 801
108 214
229 374
969 450
958 663
29 631
475 386
330 708
515 874
30 495
596 681
332 334
745 216
837 918
94 88
43 973
278 497
269 819
984 238
549 831
282 213
167 601
943 436
294 975
259 975
533 524
987 464
868 616
449 221
561 903
316 645
849 586
680 288
251 926
399 508
584 984
217 99
511 512
452 225
97 262
514 920
606 863
268 966
120 923
719 718
628 547
188 119
708 686
963 752
67 271
621 897
922 565
787 690
122 156
693 928
276 236
425 567
990 612
822 212
760 975
564 631
560 925
235 773
255 907
635 209
659 413
634 750
689 980
873 80
437 502
922 737
920 490
278 528
212 161
571 798
842 834
147 708
365 598
104 42
875 715
943 598
373 927
894 243
81 912
521 435
497 864
267 451
201 709
609 835
754 49
21 647
917 629
46 560
408 293
494 52
970 246
350 794
277 233
162 983
32 604
188 575
141 138
749 84
469 734
692 663
207 281
65 459
648 781
351 568
327 901
87 415
696 53
746 242
335 292
544 957
147 16
564 986
302 317
245 177
396 286
497 353
48 1
531 609
169 262
223 913
88 315
513 19
961 329
205 827
128 434
668 642
262 709
727 298
388 844
536 423
37 970
270 366
492 609
560 344
962 308
766 655
541 898
10 871
983 681
240 87
705 139
936 327
980 873
876 7
589 437
836 488
56 635
230 19
106 39
441 439
132 734
581 813
1 755
486 741
125 885
291 188
938 749
112 798
258 394
58 404
337 110
21 588
808 408
829 760
518 959
568 552
234 836
96 33
880 475
205 531
978 574
829 428
715 510
233 149
205 834
21 921
120 158
46 264
838 46
915 963
305 370
134 513
129 412
575 527
153 739
650 234
572 931
702 65
802 50
201 57
372 417
308 263
556 649
79 527
367 871
369 578
489 918
344 630
768 862
52 641
699 371
413 2
845 355
571 851
195 617
262 206
938 535
314 916
138 150
328 439
612 672
838 44
543 202
390 165
737 64
695 337
384 914
99 320
56 197
969 893
113 926
545 332
561 351
277 721
682 454
515 379
173 248
756 299
287 137
404 39
549 858
64 667
251 660
189 567
611 850
983 441
522 938
562 38
257 39
694 46
489 328
694 294
571 413
885 5
304 362
587 152
574 937
297 687
758 632
602 89
570 115
531 741
192 851
968 448
125 708
563 472
363 952
843 286
14 986
936 665
845 139
499 83
422 418
168 824
27 330
194 256
281 384
770 653
339 486
347 907
449 314
453 175
279 18
664 549
556 409
806 114
707 654
4 975
76 914
678 370
143 653
444 596
332 602
532 613
689 568
692 810
797 706
781 817
963 415
839 627
201 418
355 287
406 487
878 97
664 79
488 200
10 582
37 216
461 170
262 715
240 95
817 42
297 178
454 30
234 894
501 768
770 29
688 316
466 348
568 305
47 802
640 673
876 256
175 981
63 432
936 944
360 205
470 307
668 308
874 283
694 6
349 849
980 464
329 766
821 143
213 512
693 752
460 55
335 173
821 546
165 956
789 945
36 83
153 590
872 933
51 819
795 726
955 447
177 799
364 574
228 739
742 233
618 648
106 841
271 576
443 187
108 211
320 697
721 437
869 399
428 37
204 720
663 576
252 797
410 788
830 893
218 353
917 579
195 234
247 136
298 754
616 515
952 81
224 899
963 636
703 645
115 371
110 737
237 842
153 539
617 12
128 929
503 791
2 386
385 556
324 964
717 441
717 449
465 59
961 629
796 346
793 132
193 110
47 947
384 135
722 991
749 800
467 396
954 77
781 768
697 262
191 401
43 848
960 731
444 492
737 522
220 928
550 636
100 685
913 27
107 67
509 981
865 5
233 385
906 572
734 663
664 867
885 353
67 850
396 458
124 783
52 512
120 104
38 485
324 962
991 409
79 645
826 804
133 470
47 273
173 69
866 223
568 519
757 336
945 464
798 206
364 849
263 483
486 756
506 839
275 360
896 137
399 635
694 11
424 766
218 382
380 710
321 666
351 299
325 100
357 623
908 186
946 456
473 676
151 473
447 383
927 310
47 923
742 485
747 164
205 583
338 979
217 442
580 380
129 552
396 704
832 813
848 76
599 259
964 399
236 184
589 20
120 306
914 58
170 668
754 909
280 735
503 812
470 351
323 981
795 455
443 761
945 264
898 102
405 484
285 364
1000 907
658 948
595 98
163 13
335 642
597 465
503 765
114 848
836 685
413 617
882 526
948 704
426 755
631 541
935 153
340 370
645 671
962 255
218 605
269 532
370 880
196 24
663 385
805 485
129 666
850 135
230 938
510 973
679 300
250 843
260 17
865 374
785 610
192 17
24 907
203 554
245 847
957 429
280 61
108 284
698 897
514 768
95 977
465 728
284 416
173 146
425 139
922 49
559 299
330 131
686 664
735 837
477 716
611 264
130 535
499 599
435 305
829 121
462 340
957 102
860 148
163 635
709 434
920 831
757 268
784 226
466 262
81 123
141 189
974 964
209 585
188 275
684 802
774 205
754 514
598 70
412 406
122 586
215 119
631 300
796 564
698 524
998 764
308 12
54 837
537 113
827 126
293 459
357 979
48 414
838 152
5 915
730 758
726 313
64 597
505 716
79 397
907 815
367 536
837 274
22 447
589 226
735 216
461 768
692 769
442 374
230 75
889 561
681 560
364 943
597 856
668 168
201 9
670 985
31 297
428 264
1 152
870 396
788 412
842 454
745 908
621 306
239 51
677 363
639 668
164 170
170 462
982 631
140 983
488 189
786 171
697 396
651 576
675 604
620 653
475 762
511 586
858 838
485 313
758 185
705 553
93 730
471 501
872 415
809 883
64 431
210 822
800 183
642 559
116 449
468 165
732 571
805 792
642 215
88 627
375 624
610 16
711 16
103 630
8 866
821 791
831 937
429 231
953 228
949 793
592 860
843 430
349 58
460 237
844 272
317 537
379 852
208 485
493 629
585 304
680 737
349 778
54 171
406 777
410 245
53 185
189 570
642 668
226 382
296 568
968 282
312 517
298 613
960 906
64 295
534 207
469 772
590 371
640 382
232 515
418 943
7 992
67 876
288 583
26 844
906 973
149 856
845 320
931 193
353 650
378 815
190 634
786 672
294 96
868 472
205 107
961 683
464 104
527 645
199 967
4 858
615 158
8 251
393 721
971 101
734 209
287 783
447 538
726 375
185 797
287 550
238 241
793 899
270 560
454 973
766 645
896 569
971 452
810 330
203 582
817 189
816 109
724 490
805 601
571 543
425 561
416 463
647 215
567 212
10 426
733 580
738 275
158 74
567 953
154 597
877 115
927 951
538 728
30 596
403 663
381 839
524 315
799 2
598 76
459 631
798 851
69 867
54 313
980 676
306 842
240 323
146 534
460 628
185 137
921 455
649 815
890 88
787 655
8 478
704 57
937 998
163 846
133 251
303 939
966 430
412 199
209 172
197 858
399 832
582 409
334 185
41 74
148 243
154 80
258 539
360 933
781 683
838 789
410 981
982 319
887 549
159 479
712 780
391 103
636 269
189 504
557 218
318 473
353 688
995 733
566 368
161 93
398 486
568 133
237 894
141 531
821 401
215 623
910 733
990 143
541 3
945 842
761 343
36 192
544 104
742 776
843 405
733 332
630 958
776 623
380 984
806 508
205 934
489 699
964 292
446 935
377 431
502 519
510 554
18 215
293 641
794 335
38 507
131 146
166 85
683 138
111 198
241 215
100 975
867 724
102 470
196 11
80 522
995 696
545 774
271 620
874 532
779 313
568 780
571 957
661 197
946 73
194 655
750 95
961 869
690 641
939 744
390 189
788 77
545 160
909 113
580 579
144 425
232 540
427 142
192 245
607 387
518 557
684 371
655 77
929 719
80 940
562 221
159 498
398 199
436 331
585 992
986 295
385 358
857 2
941 639
397 920
911 466
289 36
786 616
596 930
673 623
579 243
910 620
749 905
239 163
648 830
85 627
522 933
366 309
963 987
400 58
557 3
272 790
530 404
636 858
299 477
451 180
685 473
568 69
302 346
33 712
866 175
555 891
446 853
655 129
833 95
855 694
318 936
59 648
66 95
724 30
294 940
831 42
156 258
536 297
817 529
105 658
351 62
816 84
175 403
146 31
70 683
832 186
344 880
392 695
666 497
932 587
192 730
704 537
99 8
117 508
859 374
631 595
680 187
359 368
744 552
21 297
70 529
604 103
166 906
378 346
171 489
947 796
764 901
698 827
738 872
608 270
623 659
150 354
295 835
413 572
193 243
331 740
732 672
945 280
497 453
512 282
615 474
328 482
528 849
955 565
635 843
577 316
847 785
707 581
945 530
640 5
522 994
822 738
641 212
338 302
174 250
720 325
1 680
347 65
348 985
500 709
940 325
404 355
706 731
469 426
255 288
383 591
350 434
11 772
316 201
543 480
651 824
318 229
959 507
78 982
201 462
248 955
349 762
279 894
106 998
509 85
982 189
83 655
339 103
47 32
909 619
894 905
800 47
275 652
195 525
950 278
270 312
531 931
926 152
44 950
494 77
22 841
185 531
664 765
298 148
635 724
344 968
92 785
584 850
282 297
677 818
714 842
515 558
977 280
739 846
953 777
370 487
369 822
292 192
686 607
208 492
203 664
892 283
511 33
332 192
332 441
429 227
800 663
996 880
851 279
733 777
732 488
101 169
845 535
388 474
559 906
641 183
651 219
147 734
357 466
764 146
501 928
163 231
684 346
42 601
916 94
883 336
305 130
858 949
295 813
879 806
719 837
852 963
659 120
22 487
116 264
472 426
774 225
214 836
712 154
528 335
887 125
229 492
941 464
945 486
712 994
493 762
458 932
414 167
152 135
404 356
505 276
70 430
721 423
882 146
59 454
841 495
429 628
35 38
985 792
859 796
438 452
20 617
203 805
235 23
833 260
440 468
736 80
492 237
342 125
941 30
377 411
136 441
790 792
101 526
18 661
784 524
300 909
172 772
306 63
343 201
23 127
385 771
609 404
152 379
709 7
136 399
498 41
266 267
333 672
958 393
352 197
146 309
642 845
328 925
488 773
667 423
405 268
278 273
931 592
652 628
625 55
324 24
410 958
103 780
430 119
256 99
521 890
116 961
25 612
820 782
675 546
531 28
737 147
675 35
545 293
374 952
449 696
174 970
876 552
447 140
522 402
316 455
35 739
805 148
201 800
86 236
886 237
521 286
910 925
97 729
372 411
784 304
689 690
199 522
717 693
826 692
719 897
627 594
343 828
308 107
22 368
515 253
236 423
437 897
953 699
978 198
154 247
44 437
663 226
664 328
136 576
623 264
398 775
647 236
922 83
377 341
335 437
348 126
906 303
980 412
235 603
714 188
396 6
4 80
796 720
144 357
401 52
764 219
885 247
38 867
497 859
645 991
213 245
329 174
659 177
754 7
517 980
982 836
953 555
660 737
115 73
432 655
241 501
365 951
591 262
804 832
785 551
615 23
899 293
867 637
171 304
165 633
718 357
214 239
188 418
319 940
3 833
782 343
607 322
568 577
855 664
684 853
430 849
490 124
807 135
400 196
645 831
45 874
266 67
400 146
776 222
744 948
167 74
547 761
43 7
106 928
807 679
316 449
822 842
795 426
258 119
789 271
523 786
95 500
651 12
128 208
300 61
793 762
110 192
80 127
221 233
876 60
646 26
461 532
821 161
247 941
42 494
115 654
196 774
625 86
801 799
664 355
871 748
728 147
451 397
583 311
431 489
213 209
321 303
935 256
445 896
128 711
644 616
463 833
272 23
369 315
385 81
832 965
333 637
31 503
577 51
20 340
613 157
620 14
89 16
223 247
923 824
381 316
612 289
210 207
456 734
790 193
209 590
815 719
385 49
191 931
129 276
259 726
625 576
714 889
887 321
920 193
579 228
585 806
401 523
982 852
677 51
176 543
130 738
256 916
273 56
643 796
711 409
432 8
666 955
439 328
291 660
75 755
860 418
310 668
598 711
607 131
799 624
586 160
42 675
425 372
66 395
338 908
573 910
789 892
524 88
335 696
570 631
97 508
128 820
4 666
515 159
719 653
850 589
687 565
723 763
336 665
818 506
496 779
572 479
368 982
981 680
192 11
8 567
58 409
558 656
990 15
368 242
231 907
758 61
636 930
951 531
936 276
440 402
307 633
765 46
448 488
610 457
873 643
641 664
585 46
735 113
825 817
137 498
677 284
390 271
333 630
872 854
177 899
570 130
213 412
265 592
186 796
342 55
776 991
176 540
116 502
27 392
350 976
66 214
546 53
893 293
484 241
334 434
774 271
109 321
427 531
851 927
331 799
561 754
794 108
288 581
880 358
200 33
820 145
126 107
643 83
972 488
377 936
115 232
627 292
132 330
156 333
507 173
466 343
415 210
476 143
483 691
997 786
644 15
830 635
64 552
632 853
246 986
588 788
600 860
99 503
833 171
356 535
140 786
108 915
410 397
105 103
690 155
595 218
746 554
557 765
484 894
760 973
505 209
990 591
268 121
283 874
239 884
117 418
532 737
865 762
701 13
845 826
975 515
686 973
379 473
918 420
539 694
970 556
440 333
151 785
128 527
800 43
489 570
36 872
617 934
533 966
653 850
191 553
520 178
903 894
991 234
631 253
114 569
124 42
170 895
36 22
425 922
271 773
174 47
148 751
577 925
346 72
297 55
968 970
440 636
885 369
412 493
697 542
878 992
465 840
120 976
271 498
865 46
683 982
337 55
899 79
235 411
289 3
729 833
119 258
270 242
281 272
749 800
653 555
938 143
383 833
888 909
259 866
912 748
330 893
543 717
697 941
536 901
392 114
526 910
369 224
642 511
616 501
14 153
892 964
497 787
679 398
996 189
50 205
814 413
676 220
462 870
953 458
848 676
605 450
515 118
75 164
659 971
105 573
96 698
714 614
937 714
119 772
537 936
651 402
791 384
207 34
399 62
899 350
375 679
628 461
538 772
537 58
433 339
244 790
750 804
844 277
26 131
332 157
676 491
418 412
150 692
355 681
799 138
110 170
448 956
609 177
818 351
434 581
828 786
226 168
110 991
123 124
180 921
34 543
109 836
405 475
880 435
733 335
661 227
51 77
303 745
508 562
497 665
500 767
761 479
908 562
676 447
7 546
264 658
841 112
200 927
186 42
819 274
522 886
54 888
685 436
767 400
847 17
851 588
645 780
98 391
659 425
493 223
118 500
433 110
781 504
628 853
169 340
347 356
264 754
262 759
567 907
473 378
980 886
426 945
867 669
359 363
369 13
204 850
309 663
28 61
814 954
945 626
52 466
414 979
760 466
897 985
581 593
400 887
107 680
57 955
448 786
799 934
510 42
474 730
894 647
444 730
749 560
505 230
100 292
322 977
58 887
339 863
466 361
188 149
58 464
757 134
733 682
727 826
536 503
220 534
738 409
199 349
455 126
917 347
847 713
256 400
462 28
29 460
294 822
834 448
555 195
797 674
152 443
195 24
306 472
231 109
265 281
231 286
519 553
959 99
789 934
380 622
273 914
251 596
811 665
888 998
58 436
781 194
604 378
867 45
552 249
261 588
336 176
238 914
467 349
912 70
601 904
560 829
332 712
265 353
123 983
157 650
414 790
75 350
932 778
639 698
396 335
871 103
1 91
92 616
118 72
430 572
78 786
186 751
421 800
682 815
346 70
317 880
451 206
566 639
943 946
165 939
357 289
965 925
867 43
202 863
662 622
743 819
361 350
64 376
498 957
412 699
795 969
909 625
851 701
462 717
701 192
740 994
197 934
573 12
540 444
86 294
405 954
163 535
916 815
841 646
35 407
237 76
858 43
950 785
748 816
270 454
206 887
177 582
555 636
795 403
454 622
646 932
111 419
585 730
556 96
15 719
897 180
465 829
191 134
473 818
483 449
44 859
736 855
299 674
267 808
531 90
181 324
698 730
863 302
879 416
711 867
637 992
611 391
742 918
421 294
961 136
528 512
14 362
319 966
843 542
13 724
639 671
719 101
285 423
126 921
648 675
519 288
369 225
250 66
712 463
739 185
434 445
839 360
936 299
712 8
36 802
278 380
146 867
585 142
303 482
65 717
779 593
426 778
884 891
60 198
194 483
238 578
702 582
681 772
358 473
744 687
41 806
936 870
357 724
636 745
927 870
431 666
236 624
920 681
260 41
774 210
471 61
714 505
921 337
487 922
693 550
277 20
930 435
100 829
373 219
855 840
63 671
989 470
467 123
791 318
886 247
353 490
512 648
708 280
26 259
647 610
112 872
470 458
50 698
613 488
118 937
350 512
156 628
72 228
660 244
182 560
376 675
463 199
834 166
390 945
840 659
396 11
231 885
976 64
434 922
418 998
89 555
482 624
25 951
23 539
79 153
355 485
64 46
529 888
541 154
796 614
571 429
822 391
148 148
646 409
884 947
96 958
916 901
811 36
969 590
196 482
198 56
473 316
902 71
833 52
888 306
433 760
866 26
715 53
434 147
675 862
40 215
57 659
403 837
191 230
935 815
738 397
491 482
532 555
640 591
756 198
551 272
231 876
691 905
53 644
707 62
325 15
94 860
985 721
90 709
984 955
245 432
94 400
872 589
303 805
792 874
501 333
241 458
127 729
381 437
354 196
91 529
706 442
515 692
691 447
206 16
858 65
544 694
204 396
885 53
252 41
950 340
587 424
289 551
669 314
381 368
157 970
705 786
741 12
497 570
444 974
148 295
430 766
29 134
676 879
976 208
372 354
942 244
714 693
666 581
610 201
430 698
406 574
353 763
762 214
677 981
224 436
614 276
58 426
544 639
26 144
324 639
531 236
620 130
511 897
425 459
13 818
523 719
894 245
706 579
282 864
32 242
639 627
646 320
201 468
611 611
554 222
358 556
414 638
770 441
608 437
423 721
439 525
591 284
376 423
179 691
986 488
231 766
278 494
111 502
483 659
42 977
902 190
744 99
325 240
567 296
522 375
966 335
88 531
894 606
911 138
582 103
471 116
345 128
222 60
729 453
105 983
353 488
406 715
732 723
951 515
900 929
841 409
291 498
520 144
347 503
169 159
486 851
244 305
930 371
113 864
713 759
935 157
223 746
956 577
260 873
929 314
390 156
296 638
347 295
417 351
813 478
122 379
401 952
835 111
542 563
194 632
251 340
879 730
716 985
599 568
368 601
191 337
614 921
455 816
775 172
361 142
373 907
512 356
757 213
586 157
701 234
752 469
362 223
427 157
56 161
859 686
98 256
422 875
495 210
67 669
553 144
846 792
958 520
760 900
794 733
200 910
521 934
937 412
824 354
314 790
24 64
396 404
860 495
255 154
949 432
510 108
621 963
318 311
890 199
124 54
722 420
885 133
238 588
191 569
319 309
254 680
368 516
681 548
985 941
523 746
481 326
284 78
713 363
125 780
588 606
902 453
853 163
600 653
251 854
106 781
290 810
545 974
247 548
855 412
192 883
108 710
69 653
864 762
772 438
392 359
650 851
88 429
560 183
575 281
383 485
712 748
234 930
335 824
544 507
551 873
753 467
937 251
356 734
328 453
284 284
809 355
832 206
67 737
400 775
730 129
246 838
355 600
143 841
542 300
187 98
582 109
46 575
960 578
249 5
458 601
854 172
313 663
64 131
612 504
956 31
50 167
345 504
597 522
941 588
496 356
303 221
820 686
673 891
738 389
953 10
111 239
436 600
938 471
84 616
450 895
240 187
649 371
822 475
987 784
544 8
299 955
894 393
784 122
677 386
348 505
670 194
869 274
420 602
686 304
557 435
421 748
314 547
886 832
562 839
925 222
634 570
102 776
725 764
992 131
192 922
845 859
454 355
569 59
785 530
642 317
390 780
16 801
828 677
992 473
489 933
5 129
612 282
690 637
953 512
817 623
726 886
256 448
372 327
688 651
655 436
722 51
131 171
809 561
537 458
972 8
515 516
639 228
575 619
814 689
758 284
82 324
306 42
227 751
613 320
803 679
320 187
219 617
188 664
203 200
979 325
270 377
525 402
42 632
527 604
333 648
823 259
59 672
865 900
234 890
622 49
614 278
914 460
192 904
349 763
524 187
548 392
979 270
714 349
816 271
672 569
3 500
184 705
306 888
97 583
115 764
302 840
355 154
969 509
299 160
206 486
366 802
531 5
198 386
653 920
451 691
185 370
830 895
687 884
126 793
919 182
718 336
414 691
169 538
376 818
760 948
626 773
367 257
312 943
161 128
6 67
874 179
488 544
710 461
819 222
971 209
582 733
561 171
693 416
315 637
312 781
921 125
606 767
264 971
130 194
226 548
794 595
963 978
655 430
865 296
788 633
919 106
571 646
95 528
450 696
778 223
911 70
287 830
489 826
704 527
818 628
630 696
342 654
969 256
661 148
836 397
789 23
606 391
834 820
434 794
319 555
290 957
20 90
500 934
712 584
550 570
451 315
402 281
32 206
837 277
950 658
124 208
509 570
88 104
726 181
150 441
452 780
142 738
327 588
78 546
141 53
88 853
643 22
68 860
569 363
27 387
918 512
814 364
461 856
972 774
943 652
939 435
728 859
175 768
893 641
417 461
427 528
982 787
533 374
480 641
462 342
222 916
133 665
556 305
232 744
133 79
563 149
981 854
536 911
865 808
931 789
460 814
711 554
402 304
997 637
189 12
291 877
659 179
660 321
245 936
348 407
362 141
554 741
33 71
144 58
270 144
6 11
427 143
919 232
649 877
857 53
868 63
133 497
75 79
510 93
966 686
981 347
553 723
436 848
542 47
812 273
990 695
964 378
383 933
670 306
621 340
328 329
491 522
697 42
650 442
520 925
816 12
930 355
166 288
776 268
967 475
55 357
890 493
308 943
596 735
484 688
716 633
675 201
364 183
336 841
829 37
447 615
361 6
294 224
31 880
38 849
469 194
834 1000
189 374
653 741
65 816
157 793
711 901
203 486
532 973
851 363
856 871
846 256
632 424
825 179
552 719
607 857
296 289
545 813
592 842
883 895
719 101
488 644
760 954
278 347
367 424
331 384
703 412
931 746
509 48
66 494
283 597
367 114
991 567
303 621
918 230
148 502
927 320
636 861
74 61
507 903
807 775
428 758
675 286
337 52
101 206
700 136
103 526
474 348
567 340
582 373
367 777
309 150
906 678
426 601
344 646
43 287
380 656
591 209
768 716
505 679
884 751
229 306
762 239
122 642
485 237
953 513
4 320
590 107
844 380
442 484
15 564
335 672
131 95
585 671
964 933
125 214
545 672
119 477
884 996
668 928
902 498
787 567
108 666
75 155
734 730
40 181
754 6
306 317
75 826
713 502
784 5
827 676
236 939
743 307
471 475
733 895
15 324
492 734
663 601
852 839
922 572
504 547
876 531
517 327
960 157
415 485
375 573
84 717
649 744
507 660
659 487
227 608
975 482
693 6
679 674
71 783
870 942
830 474
547 131
990 649
885 403
114 168
717 119
326 140
483 314
19 857
193 916
941 379
659 345
655 542
48 73
657 631
719 32
247 234
988 408
708 557
333 709
403 822
897 289
233 114
289 778
42 346
688 403
967 774
37 383
938 135
269 826
95 283
752 726
786 614
292 619
739 823
442 877
254 217
434 694
739 63
251 273
64 504
706 813
370 261
712 967
522 715
612 774
326 570
699 476
384 340
657 744
325 858
543 596
168 614
184 177
265 926
313 657
911 231
814 72
852 294
218 807
392 58
988 577
456 348
235 184
157 855
805 508
23 34
486 235
10 786
554 656
19 443
569 578
964 257
156 245
167 815
333 983
157 834
239 214
35 148
649 298
715 579
893 915
449 972
826 361
798 100
912 116
602 569
296 638
731 417
340 984
747 804
474 179
482 427
632 305
917 759
97 139
870 570
199 728
5 92
407 265
720 992
630 296
374 306
70 309
240 382
379 516
291 718
876 339
313 25
45 335
912 78
40 637
436 757
33 859
965 897
112 651
960 602
78 810
201 271
212 736
103 398
111 731
795 398
449 729
143 598
889 86
435 123
884 803
981 43
814 614
476 109
418 205
872 976
376 643
734 937
978 631
897 830
523 350
283 785
201 135
380 370
94 971
385 766
696 193
55 129
183 33
376 728
379 101
421 4
670 420
418 478
971 553
899 336
557 795
890 349
86 958
921 726
128 444
498 980
187 384
336 971
50 699
179 156
700 809
43 148
205 470
618 775
39 692
636 658
189 666
25 933
348 487
486 285
689 941
528 470
292 116
848 52
26 460
989 424
845 10
343 849
376 526
182 996
854 277
534 836
492 37
628 456
786 92
60 28
914 968
642 522
197 570
874 764
185 677
623 330
569 39
632 39
824 90
909 314
48 99
453 742
250 816
104 377
192 735
991 925
393 751
365 398
117 789
15 362
253 494
533 185
596 101
473 915
515 486
542 415
533 756
921 763
986 511
278 911
946 730
751 395
378 927
399 602
488 225
567 480
600 516
618 995
232 319
763 525
110 584
730 659
161 367
351 77
174 855
487 674
953 456
256 592
215 602
616 143
6 85
894 773
706 915
386 971
929 35
157 555
755 791
832 702
333 95
538 738
657 355
135 824
151 203
390 94
365 583
868 95
658 377
752 61
577 525
877 295
856 993
353 111
891 42
85 404
114 986
653 454
338 267
975 402
83 146
978 237
284 599
87 247
535 525
218 60
112 404
499 378
455 709
478 243
479 872
238 300
477 212
90 88
958 707
162 27
44 358
107 801
374 170
317 104
662 626
419 61
199 251
954 550
97 322
546 898
43 195
732 924
477 136
202 433
328 997
920 135
597 860
626 515
399 579
901 148
997 586
34 133
556 485
74 339
201 300
124 139
302 343
806 857
871 721
128 29
187 87
548 888
58 420
682 712
739 286
748 909
171 818
191 765
895 674
156 74
365 761
261 116
450 721
469 693
86 764
985 371
718 555
759 782
261 626
500 48
738 113
262 600
294 669
52 51
303 512
331 895
767 615
442 284
867 775
151 378
30 335
22 17
295 426
128 914
816 246
477 48
224 906
631 398
480 831
380 607
310 236
44 543
420 903
366 778
257 747
836 921
838 831
234 360
716 239
647 902
580 984
681 716
100 389
144 44
743 199
20 979
483 542
909 462
301 995
866 104
569 318
640 925
192 159
6 487
781 55
419 461
735 590
445 372
646 189
148 482
809 18
146 609
214 805
147 788
24 93
420 869
372 546
724 261
460 413
343 324
78 346
433 238
819 815
437 8
92 51
954 226
391 4
883 912
52 199
69 900
498 238
882 550
191 62
537 994
443 445
427 570
13 534
887 920
996 227
921 788
116 619
928 545
203 918
316 583
676 621
573 156
993 540
485 899
381 399
203 468
570 113
660 27
167 72
654 222
63 95
773 360
262 257
445 177
62 404
828 379
266 700
767 765
564 140
798 141
708 912
625 957
404 873
193 770
868 118
342 95
567 20
237 601
175 17
277 97
108 861
901 137
522 345
49 182
285 667
794 731
209 192
684 314
974 804
254 402
187 14
958 811
990 65
189 52
655 608
769 25
64 568
420 566
4 354
889 129
948 147
907 144
571 555
768 578
647 957
716 404
248 694
757 408
249 21
30 339
920 813
597 889
211 50
150 227
