p td 2000 8000 
407 1551
1161 50
953 974
1731 11
286 140
405 259
819 1647
1620 938
907 1666
174 1034
1891 525
1560 455
948 1485
1398 1445
1530 940
742 135
1041 211
1083 1435
1216 163
1800 932
812 899
1593 162
1727 1563
339 678
475 847
1592 1962
1904 1339
267 752
1664 629
1579 1148
778 1111
856 264
857 1249
266 659
1157 245
783 1050
1048 479
239 14
1102 656
847 724
1033 455
287 168
1676 1501
1622 1888
1099 20
767 489
580 1231
594 682
906 602
54 1807
925 1119
1501 1523
1643 618
1923 1042
480 781
1405 119
1114 1846
861 1204
1304 230
556 550
701 1683
42 1712
1805 737
15 1410
1467 1480
802 1261
1043 1396
1834 240
1606 1341
390 20
468 587
1104 556
776 1083
70 1845
121 1615
1791 346
882 1046
203 1346
16 1996
1752 662
991 1117
647 431
1073 29
281 990
1441 1075
1140 1789
186 1577
1161 1789
858 416
1768 122
1632 817
1684 660
135 187
1248 1618
33 1831
334 1875
347 1925
1827 403
509 1085
1306 1425
1875 1956
62 478
1 1594
1627 1088
1420 386
1584 1
1020 841
431 1653
1882 312
1643 1438
1099 1547
859 1853
1026 706
571 1891
73 1891
780 855
473 606
1383 362
489 1074
726 507
1224 994
1438 1623
1481 163
1236 1768
245 1849
1545 766
1289 618
1708 1693
1799 825
917 1608
1878 1297
1011 1495
617 1517
1545 284
584 1330
1569 1213
752 1285
1117 72
1305 1691
1330 1320
222 1525
1347 811
1519 1173
30 1676
841 1524
1593 606
1123 1463
576 1313
658 277
1542 356
156 460
1442 12
415 1773
299 28
1218 399
193 1220
1810 734
1957 626
1647 510
1998 668
1440 261
1845 962
1779 565
1730 978
1775 815
1909 237
1315 152
1524 1007
1129 1175
376 1433
454 1084
1619 329
1977 935
655 310
1565 314
1974 1534
1797 1090
828 1620
243 948
833 887
1150 1664
387 1299
1600 1607
1177 1835
374 1619
1619 446
1791 1777
565 1672
319 1084
1097 1167
1363 137
1482 1572
1293 1008
1077 84
1355 777
1451 1246
1053 982
481 1840
511 1274
946 1585
430 839
693 1976
1428 1630
1004 54
1612 543
1281 148
1570 1971
666 1141
600 890
1512 1868
1007 978
627 1570
712 36
1194 576
685 1015
1706 1658
1380 9
1460 1182
1902 1957
1091 1492
440 440
1891 1358
1816 307
1870 713
1860 1230
1036 1307
1289 1168
1184 1997
1250 61
1394 1326
1312 83
816 1503
1694 967
1350 1384
1196 1166
1393 118
395 1165
928 358
340 1591
1814 258
774 1625
1386 1680
69 1634
1960 94
630 687
550 433
1899 1785
1122 1859
1283 1796
54 767
701 1696
782 1863
1312 1692
877 202
1118 1855
612 229
630 1041
1027 822
644 81
866 1699
1073 1284
265 940
1236 1783
846 1776
201 330
454 279
1491 884
1223 334
1411 426
705 1141
1361 1266
1238 1114
947 333
75 1991
1864 26
35 36
1473 1558
1143 429
349 532
1165 840
220 74
1968 302
1539 403
718 1638
409 1830
42 859
164 300
1278 1474
1629 1028
605 1921
1301 1233
1521 1707
311 1972
1389 871
1539 1346
1551 458
1223 984
185 797
1074 1347
718 442
821 450
153 1945
1483 1452
1389 1447
919 1168
1551 52
1768 1464
1757 588
840 1396
1108 302
864 793
419 251
805 2
32 1535
1623 1723
845 1171
1622 1636
1738 436
272 1750
210 554
574 301
1016 921
321 1676
902 1526
1300 1095
142 863
1042 869
1296 498
367 932
1757 106
77 1
879 1577
1761 235
1120 1885
1882 56
879 1148
830 270
1321 548
1393 904
93 1024
1775 286
1310 1377
751 1017
377 624
601 1068
1392 1002
257 200
419 692
180 722
981 1963
1908 1
755 5
1409 695
16 1009
788 1227
263 1377
1437 1208
621 957
1973 455
1007 814
977 1243
1627 1496
1372 1532
1867 1946
561 714
1989 626
978 1707
441 1429
1439 470
1256 1857
347 1423
1996 1592
1160 1650
479 79
214 727
502 899
849 441
1902 930
19 1007
1302 66
1225 1238
1796 913
1990 1977
408 1386
516 1821
80 1034
464 1565
1326 1024
629 438
1346 365
1379 1463
1014 1318
1848 1592
1571 844
1594 1068
908 799
1817 114
1790 382
1717 482
465 605
1061 1635
1316 915
965 1038
492 1222
1807 304
150 1590
1156 493
1011 1456
18 98
1291 1878
365 702
206 585
1409 775
580 877
576 987
1111 1227
1148 792
672 64
1569 1194
1184 1076
1909 1256
885 32
1501 913
210 1308
1387 607
1137 884
1828 1759
186 1966
815 1391
1907 1798
1981 1216
418 1246
444 938
1954 602
1968 1037
737 1993
878 1850
1670 175
1183 243
911 256
594 592
140 1386
12 1930
393 972
1670 1997
1526 1532
1043 9
521 784
909 875
607 415
776 564
968 255
940 1524
490 528
272 849
1321 1723
444 1028
1068 522
937 64
1451 1268
474 1283
1562 592
155 1594
1619 1457
1703 1197
1578 994
130 1005
889 1505
539 54
1825 1741
1551 897
1866 1403
1751 1286
1540 1774
1454 743
327 656
1393 78
424 1450
926 469
731 1212
1763 674
1439 1505
708 1106
68 1459
1680 1471
1459 290
394 2000
675 616
450 1219
664 1059
83 952
1949 1998
966 1626
1398 92
896 577
983 1575
538 74
418 929
816 1610
522 916
243 587
844 654
1603 287
566 1034
434 266
497 1566
1777 433
605 184
199 873
583 698
10 413
147 1873
660 1548
67 842
384 1161
62 914
1720 253
418 633
634 34
1928 1953
114 523
313 1736
337 752
481 1522
670 893
280 1509
798 1004
1049 1666
1978 1474
1960 275
816 1363
758 937
1825 257
1260 1295
871 958
1593 1996
1518 303
858 328
243 1048
1723 1163
581 594
49 1341
552 1278
180 434
1581 485
404 773
1862 762
1105 1115
710 1829
1355 1652
1357 1813
406 1427
1074 1788
635 830
593 842
1001 160
286 776
1940 1939
989 291
518 136
1270 845
1487 1782
1838 1177
145 1796
197 1389
1913 331
136 432
1819 461
18 676
172 947
402 1763
1709 386
479 867
769 654
152 1248
1424 1445
538 1596
1962 478
1821 1127
1477 990
1529 1320
871 1484
1933 1688
82 257
313 1638
1240 1118
324 992
281 606
312 1732
1816 1927
204 1794
1752 531
1093 563
975 1050
985 441
249 265
725 635
1489 1875
82 1444
960 388
1859 736
51 1337
462 1133
882 1303
1433 1736
671 1894
1436 1542
175 742
551 753
35 1461
998 1334
985 1400
1771 721
260 756
27 1621
662 455
1757 1396
757 1326
66 117
1155 226
429 732
121 1835
895 390
882 44
18 1308
977 1327
405 1027
94 701
1299 1501
802 120
1971 573
1691 561
902 1619
1273 955
715 1008
1287 988
959 1877
700 232
35 1712
1640 390
972 523
503 1632
1945 267
760 1644
237 1896
427 624
455 1913
647 513
1054 1886
2000 1575
1233 80
1045 118
1077 139
717 542
1821 1188
1341 74
738 525
1435 1176
1155 1761
1556 1720
578 1219
663 434
1289 1614
234 1579
816 1514
698 1204
1609 337
329 351
1655 426
1781 1150
1456 416
475 1395
6 1828
982 1753
173 1343
923 1792
1377 886
840 1131
12 1291
1223 1625
833 766
1152 813
641 305
1345 1625
1427 866
1273 790
1061 514
1568 466
284 1935
748 534
569 400
447 1436
1907 650
1703 1834
1996 1256
1487 703
1907 1683
1261 1093
1330 763
225 467
14 1214
988 1637
220 730
68 1356
1658 1473
540 1737
41 705
831 110
947 884
131 532
1773 1781
1350 1387
1178 1903
209 334
1899 730
175 45
710 1958
588 1717
233 1786
125 929
516 2
137 1437
1279 270
410 906
1493 341
926 91
518 1422
1758 222
701 1654
1828 398
1352 611
1283 68
571 1725
8 1790
709 1360
381 59
1007 263
1464 1446
678 1799
1635 894
1120 1184
1529 1266
503 151
220 1084
1455 626
1093 1155
888 989
714 1281
1596 1541
739 731
1057 1867
713 1645
1883 468
352 544
486 1562
1884 928
1267 393
1087 63
1679 803
1681 1776
1988 1923
514 613
1255 1545
1360 847
1663 341
1241 398
197 1911
1380 1010
393 667
251 582
456 1935
352 622
717 141
1060 1663
1288 335
1435 1112
1450 368
951 125
1813 1433
632 1977
1927 1596
833 786
1559 179
1241 1067
571 1173
1229 58
1816 804
1506 1061
1040 1350
4 1061
200 1020
1249 1171
270 463
53 969
1661 1310
44 89
1587 1055
161 350
315 453
264 692
550 749
1881 541
927 1591
1590 596
358 1714
1376 607
1057 560
1802 243
1913 1193
1775 1804
1917 64
444 1578
1268 1163
646 1061
1282 1996
1816 728
1223 144
634 1816
1947 1326
1550 721
462 1797
1999 1481
388 1736
1104 1561
1929 1252
255 1853
1668 921
1555 58
1952 1342
1631 602
411 1594
1801 305
1799 864
919 933
1874 1863
45 319
941 734
184 1155
1420 1967
1482 1617
1033 1480
1829 34
1456 246
103 591
647 1098
1567 129
1913 1777
1802 539
1159 353
852 221
527 1082
261 695
1326 885
1253 587
860 1819
1824 1599
1809 885
1716 695
1316 1602
1133 1986
541 912
618 326
778 258
1114 1743
1712 1185
993 991
1750 254
1860 1096
283 1993
1312 1803
905 410
786 298
250 1185
718 566
1112 323
521 153
1196 505
749 49
293 967
555 1045
1610 1520
1418 1768
89 762
762 577
879 629
1655 1702
1735 1682
1587 724
951 1660
59 964
837 317
1904 1201
854 321
517 881
1918 257
289 1300
1568 589
837 473
1856 591
107 1123
1318 1146
43 709
1163 242
410 1824
956 845
236 1321
653 1625
682 1916
1459 1561
144 1685
360 903
60 288
1248 438
1678 1314
387 1096
977 462
687 782
1238 25
610 1213
1115 499
616 669
1889 1118
3 700
256 372
393 1837
526 1135
1162 1533
1404 681
273 419
561 1386
942 698
338 966
1673 1361
1918 769
1584 592
839 68
178 384
1557 1358
1562 1165
1407 1401
775 911
1909 254
1339 1784
892 32
1157 65
1848 940
1039 1771
264 468
1726 1671
1352 701
1008 555
612 686
1549 1885
239 599
182 1986
800 75
447 1168
284 799
1199 493
287 136
274 798
383 234
1792 1976
313 588
175 515
187 354
39 1884
1563 1170
983 595
1160 1749
1764 1388
1922 99
1001 1663
633 804
1407 903
1256 429
1679 50
197 1365
1314 60
447 588
161 1952
261 1000
1458 493
1260 1751
964 808
799 982
902 766
292 267
4 1823
142 8
1494 1714
71 1734
910 1670
684 564
227 1830
382 885
958 1953
1309 1607
1398 1799
65 699
1016 10
747 700
1153 1541
159 851
845 702
275 869
468 1222
1744 458
1155 1114
1503 127
797 986
296 1961
465 70
489 742
832 1317
321 1331
322 614
567 493
1505 792
960 292
990 124
526 1682
1601 100
30 1169
1521 1302
1199 1347
1524 328
1208 1781
1099 1123
1664 543
1450 167
1405 1288
187 992
247 1890
524 1957
1456 1018
1436 329
1693 494
1369 366
328 1761
1209 1368
538 55
428 302
1648 1646
1703 1123
67 1747
1052 107
198 903
310 1805
1504 1739
1978 1095
320 1359
1808 1986
1782 777
225 298
1896 658
1860 563
20 1727
1929 1327
1812 1146
355 891
963 790
1020 1
1561 365
408 1327
840 664
106 371
1961 884
260 655
1787 166
159 959
185 1
129 1302
213 1395
39 1641
1250 686
250 482
1051 995
1000 1324
723 1047
550 1660
1564 585
626 1652
1360 1203
1539 738
50 90
290 1468
1638 1459
1112 1990
972 975
890 1432
292 1922
1760 1487
1922 1596
954 1360
804 825
1613 1429
1955 1652
627 1185
398 1597
805 1925
1430 1384
1886 1490
1819 613
1405 1103
155 1319
1380 730
856 175
619 1346
424 746
196 1768
1837 318
705 571
293 393
1911 1227
1865 1975
1404 1585
1766 394
508 1064
290 1042
1364 826
627 1183
1008 1140
622 1849
1912 1720
1704 1346
1248 527
1727 1430
1302 981
1830 1133
1792 1464
752 273
1505 630
90 614
1522 420
806 348
1385 1092
619 1447
939 1412
681 737
1644 1414
1065 1484
1275 169
36 1621
917 647
1509 1568
408 1963
731 17
711 744
1856 992
485 1178
704 589
596 795
1419 428
712 241
1831 676
1364 1694
929 1344
812 1579
101 1082
1269 284
1390 1095
1914 1503
874 630
1669 1785
1249 188
1074 600
1599 163
826 1351
1355 335
1623 771
1304 1840
838 547
1927 1572
1768 1130
685 1942
727 975
298 491
524 1374
1870 1842
22 1006
898 1069
524 1164
2000 1148
428 1865
47 41
1106 1048
46 133
595 1913
891 1359
981 1165
1575 973
391 363
1786 35
1528 1889
1949 876
632 495
919 1712
458 303
1590 566
1825 160
1852 142
983 489
1006 1120
1403 403
1266 127
1330 1303
764 1326
672 1622
1851 612
94 1033
94 390
1012 1228
268 42
644 658
756 1177
235 1318
536 1662
409 1654
71 1923
82 365
187 1954
1109 1485
68 1603
678 1302
980 860
1262 1190
919 732
64 202
1253 1323
1116 930
758 986
1510 1225
1475 1515
118 520
1977 45
516 1717
376 432
167 886
1721 1930
1044 150
1249 1391
100 625
311 1144
259 123
1520 1285
403 1888
1778 1593
885 496
515 1075
1360 476
1966 1127
679 1519
1347 1090
529 495
573 1434
125 1099
1531 361
404 1069
632 1198
38 1653
402 705
266 342
1798 985
1068 1003
978 1084
429 1885
241 409
1111 1326
590 1659
1737 1280
955 33
1732 1177
1556 819
487 1217
1453 1658
112 1990
59 1208
219 1774
1443 1852
665 725
1233 1184
386 1605
713 70
824 140
1828 1827
1903 1399
1260 430
1356 828
1542 744
863 1002
1654 30
1601 52
857 327
1646 528
1179 1689
1884 1321
768 1793
1255 918
388 423
1895 1060
199 134
1686 60
1819 1190
1412 1382
1627 706
1848 327
1355 1889
1708 722
1301 1901
304 1168
1397 69
238 582
1707 1876
589 908
1161 135
1209 5
852 1780
1637 264
937 1905
261 597
1085 1264
1887 572
902 305
491 601
1059 466
297 1261
349 702
1734 1294
880 1860
1558 1470
1521 1257
1890 1532
1108 1142
238 1527
687 367
1618 652
305 366
1432 756
742 443
757 1887
1862 1965
696 19
937 1057
1912 383
804 1419
1376 607
409 1540
772 1410
797 1061
1673 1069
1414 1835
957 96
638 909
1515 328
979 1306
1252 1763
932 986
1422 410
1325 174
699 1998
1633 685
1494 660
1393 1334
1502 1058
93 1255
155 1269
679 725
299 409
517 1608
790 1964
458 667
148 1703
893 900
1618 125
1029 1216
1569 186
286 272
738 1601
623 455
1954 1098
464 304
1761 629
1332 1577
499 1993
1470 378
1525 1802
1781 1655
537 1978
875 1013
210 536
1452 1510
1503 228
1255 1769
40 674
1859 953
1255 1580
848 658
1740 417
1433 1906
649 1695
783 1318
615 600
139 1479
868 1056
623 1916
625 1800
1986 259
262 1760
411 154
1297 1862
1574 1008
1173 1991
1671 1388
1065 706
1643 640
295 266
833 1240
1019 1928
1238 282
1937 1029
339 533
920 1261
857 519
1407 1612
1447 40
1243 550
1967 1729
1647 846
1586 1764
691 1643
212 618
783 948
632 138
169 240
1161 726
66 1918
1716 908
1512 147
1642 906
1728 554
793 623
1083 1063
617 1235
829 1375
344 790
1948 920
919 36
309 451
657 761
972 254
761 140
377 181
1966 863
1165 837
1669 1449
413 66
161 1080
1842 152
1203 1764
1681 1044
691 1518
515 1831
827 1571
1844 1290
1646 130
87 619
246 1178
1886 1385
1027 366
569 33
1438 1361
1939 1509
1706 1361
831 658
1668 1886
1755 69
382 41
787 1785
1041 299
1818 591
174 458
285 1400
1126 1027
482 1533
1212 1884
1092 928
98 1514
1751 1830
815 639
264 562
45 557
1240 267
1257 481
567 1561
1501 1796
364 327
1796 1936
347 244
1818 1306
540 1495
893 945
1040 1565
431 451
404 1876
107 1815
986 1781
1334 362
825 232
472 391
1373 330
470 605
585 1478
1436 876
321 927
1393 1448
1556 34
968 517
970 274
706 1153
1410 1173
59 914
694 1353
1786 140
1641 1074
105 1442
1880 34
597 522
1275 734
1441 1973
1173 1706
1882 977
566 43
171 510
1465 1135
628 840
1111 901
767 1754
1934 146
1172 1117
780 755
1898 137
158 548
801 387
1831 1592
874 1556
265 1302
537 344
1608 225
1815 211
844 826
1876 465
1089 1036
1242 1985
1800 604
318 71
102 1921
1305 211
594 1836
830 1728
1603 1599
91 876
532 1476
740 1546
182 871
206 1289
147 102
375 1393
1344 1427
1520 152
1051 1918
766 1843
594 1891
600 1425
961 848
452 1497
1128 934
775 359
82 1652
1086 234
424 550
1996 657
1849 923
451 1421
441 800
1347 69
1498 1938
1996 1744
1718 410
1839 1087
1329 1546
1464 1349
796 1103
457 463
389 1843
889 671
110 798
1356 1466
1729 522
533 521
896 1572
60 1267
1874 731
60 775
1556 1224
147 990
783 1065
785 1271
389 1711
1406 1166
290 722
958 392
1243 996
991 1539
1157 26
1114 1978
1568 849
292 348
337 1161
1940 432
204 822
1390 1950
1250 22
458 618
1635 1714
871 1926
1455 1665
842 480
1350 198
1316 1574
559 319
1299 1310
758 61
128 981
263 177
504 94
753 1422
817 1293
1692 1624
1581 1279
660 1443
1219 434
254 1834
882 1886
1570 1244
1889 433
753 858
1402 237
1495 1874
47 1601
320 1958
1384 668
1874 136
63 1918
1347 1283
558 595
989 97
1891 843
531 921
1452 1402
442 48
137 882
704 847
1085 1870
707 1896
334 968
1187 1847
1798 622
1473 1969
129 1562
1345 663
992 236
1492 1269
1242 813
908 1967
622 1028
1002 1203
243 1249
1072 927
518 975
942 1406
822 325
1143 1354
1269 672
1874 1145
1144 1633
795 1381
1946 1884
1529 1237
727 1076
1997 1353
1311 1104
289 1501
1198 934
282 1656
76 1651
33 461
535 1815
730 1908
1604 1083
1709 455
565 628
323 1470
1533 1276
1682 1263
1281 1153
819 1048
1257 1716
462 992
1286 1366
925 1121
211 860
926 952
703 2000
1723 652
1201 809
606 1709
1054 105
638 1889
952 212
527 1965
1580 1149
628 822
1884 1232
1184 346
364 1058
1855 1357
727 761
1584 244
818 233
1502 319
376 1752
304 1787
424 763
588 1622
831 953
348 449
587 1052
225 1740
1900 1247
395 1975
710 1764
49 1944
1549 1154
1964 770
1447 1953
1017 3
1553 810
1777 1152
1246 311
1761 1688
618 1012
1519 1971
472 1033
166 287
1260 508
1757 807
1675 619
1660 1086
576 920
425 181
460 11
881 13
676 1326
1464 1383
1312 146
1601 200
453 561
1340 1638
1771 1165
1844 1192
1227 907
891 1300
1112 1175
257 446
698 271
1315 1361
974 996
903 881
1040 1886
1396 1164
1776 708
1596 1712
234 1955
83 872
1215 1498
1977 1326
1393 737
838 1263
1735 376
1277 94
1611 1743
1603 127
1344 156
488 768
691 24
442 1660
1723 1970
1718 1003
1515 1157
1590 428
969 1829
1848 1964
1512 1419
243 1989
1891 1047
617 613
1665 357
300 780
299 710
1399 1003
1609 42
1169 1652
1076 1237
568 173
708 306
1212 50
1354 1351
1410 1182
342 1228
1314 644
1271 1323
1856 1975
177 743
1625 1630
1402 1333
732 1999
702 262
1112 647
1795 237
1384 892
445 1214
644 1368
543 1070
1292 527
1303 399
1370 1927
819 1860
1291 1492
1182 669
902 1617
1878 1936
1374 875
1857 195
561 1196
609 1886
729 729
793 1785
1349 64
90 370
852 1178
331 1035
1684 885
132 1054
18 705
437 695
1713 816
803 1013
279 370
1729 674
368 467
1761 443
206 886
793 1883
1867 519
1494 1443
99 742
901 176
1312 1006
11 494
1051 544
1263 649
1172 543
1231 1759
259 241
477 672
413 804
23 801
641 1054
1897 874
1465 1105
1839 1979
1503 1149
1092 578
1481 1161
647 588
1260 397
1548 519
498 953
137 1872
1778 649
1134 1449
948 1977
423 1094
759 179
1649 83
228 1935
299 861
38 1938
1398 976
630 1285
1164 363
304 721
650 1273
880 11
75 1526
1704 945
1620 462
1872 769
694 1479
165 1874
555 763
1641 1396
257 595
892 167
1060 1715
1043 1609
779 1693
263 1663
133 1984
1672 1284
1238 575
1935 1934
1778 81
1538 147
832 1043
1873 1459
425 1366
686 1701
963 41
319 1143
1309 41
341 748
484 643
889 424
102 1438
1536 153
1481 1993
822 1714
1789 232
1541 1264
446 212
1026 127
594 990
1372 262
546 1889
762 895
1607 573
1570 384
1703 482
309 1051
1527 1496
1020 289
357 215
901 1832
242 1301
1592 187
475 240
481 1671
1654 1605
151 691
1314 1294
509 1606
95 1746
1308 205
405 1396
701 879
618 908
1493 855
583 1251
241 1933
728 1952
1242 676
484 38
1440 287
482 420
781 1621
1330 1608
538 1282
195 1735
1576 382
478 45
587 1854
626 1476
815 322
1278 108
714 1681
1106 261
1339 1360
1339 883
1419 1057
628 1771
1654 878
1682 522
444 1210
848 583
596 1130
446 259
955 1719
408 1047
473 810
98 186
847 1739
1624 1376
22 749
1894 449
1059 584
597 1690
683 1845
1278 1319
1067 952
638 1287
12 1836
1817 836
1378 1333
1066 389
1612 1786
1438 1147
1780 1264
905 1087
191 1618
1292 1720
1379 1149
222 862
46 1776
255 760
1419 876
1365 1428
1586 232
722 1838
1907 581
593 1162
953 1141
1932 1533
1152 317
58 887
1570 880
1039 1050
793 832
1180 1006
1396 1062
1068 1759
1799 1671
1309 197
1861 418
1309 1596
1909 203
152 108
815 113
1258 438
382 734
940 1266
1121 1605
880 1368
1341 658
1583 1360
1497 330
1965 231
821 678
342 1825
1859 1617
890 1039
1342 1537
896 733
117 1102
30 166
510 519
718 112
455 1619
190 353
399 1345
1149 1457
629 1919
335 395
762 1523
372 207
1760 503
1058 1391
517 1991
1619 1084
1251 755
184 893
1151 164
1434 1454
1307 274
1286 828
70 1085
1471 1529
111 36
575 863
1563 527
474 1534
1051 642
1025 940
1562 173
473 75
1661 337
586 1508
428 1226
744 1164
649 838
1032 154
4 1165
1989 1744
1668 1398
1892 1800
1104 1808
1390 663
1496 1818
1718 1205
1863 353
1411 1787
1036 106
115 1827
760 1974
999 107
215 446
61 1619
396 385
246 1240
1400 1320
123 1662
489 232
862 968
1466 1824
259 1411
1382 1313
1869 473
1049 123
1923 474
842 1100
1335 1138
1112 1697
1814 1497
1575 650
332 1102
799 1291
826 1843
704 1168
1437 233
1352 1719
1082 1117
1391 1365
1954 245
913 1818
771 900
1413 209
1588 901
816 1182
586 376
520 210
1656 469
39 49
684 1144
1091 1174
1025 696
33 307
1260 189
679 539
1995 1244
780 428
1023 564
1273 1206
1217 1953
1769 211
1861 553
173 724
1983 1799
1800 1422
1880 1475
1007 1350
945 1713
288 1636
1467 517
614 1151
1283 1783
1363 307
1277 1190
119 1703
1503 660
1259 1504
171 8
1777 475
1437 506
948 313
566 976
1255 1219
371 1311
1108 1531
1102 1070
579 1206
1447 740
564 1691
1290 748
1436 549
1952 1971
803 247
1468 1607
546 963
837 1855
718 399
1668 1696
1728 1155
1844 498
347 362
277 1978
1479 1199
1706 358
819 1516
1093 1872
1881 1855
1038 1773
840 1162
1825 1383
1794 324
617 1310
466 42
944 1673
298 1112
1073 1405
330 1785
441 559
1260 407
386 1252
949 821
1866 1064
244 1364
1524 1575
1399 511
153 559
876 442
1364 368
320 704
236 749
451 284
1905 474
95 1688
1251 253
373 1606
143 1222
328 208
83 1130
1037 1223
584 949
872 99
1087 1390
1046 763
1187 765
121 486
1319 1755
1564 759
889 1604
1711 604
1685 50
421 545
1631 1315
460 1557
872 1444
574 174
1684 1257
777 862
140 1205
1092 29
1549 36
1334 31
1618 27
1616 1411
1366 450
214 606
30 1741
514 1720
1892 1751
186 1780
1253 877
818 1397
1618 404
1368 1935
791 1825
348 1373
1197 450
53 1415
1013 756
669 471
973 1578
1298 348
1106 1394
784 360
4 1823
295 44
510 154
278 1476
873 638
1000 1102
1959 458
1522 1114
1526 271
1994 1825
450 366
581 1724
1354 983
1278 610
548 1690
830 1258
1739 35
1829 827
105 167
1238 58
170 1091
717 246
343 472
1775 52
390 195
1831 435
1833 1621
1131 100
789 44
945 1046
1309 68
469 1538
9 1229
292 1486
1934 1874
667 1306
627 244
1437 753
1158 1887
601 1694
1329 1038
561 592
525 400
1218 1192
1855 262
636 404
1157 1186
1625 1026
867 1406
1216 186
981 1330
679 242
1507 917
1349 1958
565 894
33 290
1809 853
1408 787
1173 170
572 594
334 1763
171 902
440 1711
1042 825
1182 1380
1996 662
1994 1601
290 1028
734 1721
1608 1338
262 973
420 1221
1031 582
354 1468
1830 636
1629 114
227 57
1638 303
1391 970
234 1215
596 995
35 1218
43 1153
1432 1667
881 1072
1407 1569
1138 1679
1144 549
1020 371
782 796
1577 392
197 1380
1079 677
409 1369
62 62
337 1916
452 437
298 1978
456 722
1457 523
128 949
142 1315
299 348
793 12
618 1485
1520 818
143 1928
1996 725
1925 1255
591 711
1419 639
916 1436
583 467
306 1111
365 776
1206 1390
277 1757
931 543
1154 154
1185 1727
1653 673
1663 1916
561 1351
1690 924
1511 47
1159 1856
745 116
1967 535
1090 263
1061 459
697 1687
619 411
1248 319
1934 1659
891 1158
1314 745
497 777
1985 1319
1363 1040
2000 1515
1716 323
1567 1676
536 319
940 1166
1189 1968
22 86
856 1997
1736 27
408 1993
1291 1739
893 150
629 1958
792 1204
121 1683
43 933
243 1992
1383 206
1238 1221
332 754
849 1390
870 1131
1030 576
512 796
15 1299
1348 135
630 1429
338 45
765 619
355 1453
1965 825
978 732
913 1057
1333 629
932 1361
63 1210
1720 1252
751 1258
1943 1164
464 1203
1127 118
287 24
894 915
977 1232
796 880
1047 837
855 907
1453 325
655 1531
619 189
648 1865
1123 1556
421 1166
751 834
231 1933
1523 105
1620 1734
414 1849
1194 63
1680 797
1645 23
1785 168
198 358
681 1185
1514 1944
1762 997
33 1913
1515 72
1050 1975
1279 514
1702 1886
1270 148
1422 154
1910 1143
1082 1018
1218 1866
1739 1112
1394 1458
46 506
40 1696
1890 1323
1455 614
109 1872
83 945
581 179
973 528
404 229
1853 420
377 1937
492 463
743 1455
1894 1070
737 1885
464 1635
1488 633
1643 1030
1719 1527
350 1273
108 114
409 737
1311 851
122 209
1560 1062
1706 1525
1116 1273
1811 1985
1642 1684
1201 1718
404 688
1143 1133
975 1637
792 35
157 925
908 575
25 1623
581 485
1170 394
219 476
844 807
1954 1357
1678 1311
293 1291
293 1301
614 422
585 1910
80 693
580 475
413 178
536 1646
721 131
920 1813
167 221
1734 1638
12 1801
316 562
606 206
1014 1397
1903 850
185 613
1704 713
1330 1839
1949 1948
205 1470
97 198
864 1445
1541 1432
226 229
1622 1532
1961 1346
516 1251
539 666
1595 504
386 1150
1720 1479
1351 391
1280 1310
1527 1891
1393 534
632 1270
1492 1824
1784 832
240 9
196 1108
275 1355
62 373
606 899
1316 111
942 1234
1335 674
685 1554
1795 1050
1260 1778
1298 1796
1562 892
654 780
1595 318
1037 1661
273 85
49 1782
1196 1263
1372 1822
1922 1584
1065 219
214 1153
1806 1696
1253 314
829 1769
1368 566
242 1528
450 816
1057 1254
362 81
1839 223
1270 633
1810 1056
1265 205
406 315
1069 806
1241 560
1569 850
701 534
610 1705
1310 1765
1022 553
1732 1097
1258 1417
918 508
156 746
403 982
1203 555
148 1098
344 1337
1251 1389
1345 115
84 875
536 866
292 426
665 1423
1191 692
650 1833
1796 311
322 904
1074 747
1783 1245
1390 1667
301 1514
588 1335
1515 1572
1514 758
456 788
1536 1630
672 1833
582 1101
185 1572
399 1852
1498 1876
1500 182
745 52
356 1511
814 1350
95 769
691 1604
1823 1568
774 755
1445 1776
1714 1466
612 1789
1362 771
663 1121
741 1868
1164 1890
203 124
1661 113
754 1747
1971 1444
1393 1361
1143 1292
30 1172
1998 1719
1054 764
1381 275
128 1108
937 792
518 856
1893 156
1674 894
1633 652
1227 1754
344 1938
783 407
918 1277
1498 785
39 1312
949 1666
208 159
1575 1030
1676 1952
880 1894
139 1026
676 1473
747 1807
1013 428
1871 1745
157 1494
1112 1921
441 1753
853 999
1013 546
196 308
940 1585
507 1033
299 1296
1246 707
240 1827
807 1979
1677 824
1990 441
1541 1230
1524 1809
988 359
294 1288
1026 409
998 1074
883 1951
1158 538
1074 1320
1591 370
1009 1573
1316 1120
1391 760
1123 969
1967 222
1759 86
1024 366
362 674
688 1621
70 886
96 738
632 1400
1340 223
888 1722
1474 1246
1219 123
1574 1591
216 740
327 1282
1046 1725
161 579
409 1919
1115 503
746 1191
1488 1446
123 1169
104 147
733 1982
570 950
1219 363
1324 1352
1233 1980
1805 900
1424 1706
745 1705
943 881
307 228
1707 3
957 1751
1144 1996
1900 425
1728 191
390 664
1999 41
908 649
1622 705
509 1217
1802 669
196 1379
1659 1508
1399 1745
554 584
1568 1249
1392 1763
931 1546
1681 774
1984 787
955 677
1243 976
1692 138
760 1378
1389 1716
179 1890
1371 582
1456 1170
150 1671
314 1525
752 1500
1597 1624
178 1834
1770 1728
387 1913
1187 230
858 1356
1885 646
354 365
1017 319
418 547
1293 1683
337 747
937 200
1044 250
410 1279
897 1308
1754 936
609 1668
771 1166
1737 1906
1689 886
659 1253
1533 1105
1285 1223
1737 280
622 533
1266 353
1617 1286
1317 851
1248 253
1612 1339
136 1349
143 1910
1839 736
903 795
284 1877
1697 646
1556 385
1899 953
724 36
1426 1700
642 1672
1959 59
457 18
1551 1642
1071 406
386 4
10 1028
1872 761
339 669
8 978
1396 540
414 574
719 878
1160 1374
1270 955
497 49
845 98
1789 882
1423 535
791 361
1563 280
1939 451
155 68
1698 128
1469 1676
1475 134
1488 419
259 485
59 916
845 254
1936 1531
625 242
477 583
129 1886
166 1122
699 1235
1251 1559
195 712
523 4
697 1354
1745 1339
990 323
938 1370
1781 745
1735 1399
170 1068
1754 289
1105 1955
7 491
491 165
1919 1773
703 1159
984 1133
639 1678
1772 1874
203 1723
400 904
947 426
8 850
1637 738
1141 1240
1357 1697
891 722
1657 976
1102 1295
730 1098
1513 1753
787 749
775 1988
902 611
807 986
1510 721
1071 1082
1834 458
592 576
842 571
1633 1407
848 129
602 489
1572 1228
1488 268
216 853
301 1298
213 1553
1065 6
1198 1717
1259 1603
1195 201
1533 644
279 1046
1683 1272
98 351
498 1477
1513 582
1326 1852
115 475
1048 980
543 77
1551 1937
1094 184
354 992
972 1472
1812 1029
424 1336
340 1018
403 939
165 1837
559 431
1048 1446
164 263
1268 1305
820 335
329 1276
1348 1913
1749 876
1771 456
1678 695
314 1061
291 468
1844 1905
124 175
552 855
1227 1379
1101 1395
1392 1082
643 535
1159 364
1999 277
888 1680
1993 1241
297 1979
669 1582
559 447
280 1337
1114 1918
119 614
561 1010
1267 1826
708 2
707 743
32 1089
599 738
1572 1719
470 763
1482 796
995 1571
1374 1785
255 854
926 1872
755 190
1237 1392
1098 1874
117 464
169 1900
1967 1454
1763 1347
1948 379
601 1600
681 1254
944 164
1540 523
339 21
1579 591
402 56
791 680
1807 396
339 1087
393 1412
203 1999
830 1263
337 487
524 417
1098 994
1406 568
336 375
965 1205
1107 374
1844 312
898 43
1884 591
787 441
978 609
626 340
439 149
778 1912
855 1627
1702 1695
1148 59
873 397
1025 1409
1500 783
1054 1330
1743 1695
1315 1488
1744 1343
1245 1916
357 1180
750 659
1407 550
573 1036
45 1930
101 1063
572 1988
655 1657
1149 1136
1996 305
1507 1001
1853 1724
565 1271
1452 916
753 1770
1483 1505
1981 787
548 1303
1081 1037
739 1622
283 550
1712 1764
1982 323
1216 1448
439 1148
794 745
1940 1163
892 1431
1174 42
1675 1461
1239 1172
864 1147
548 549
1113 365
1885 79
1534 1769
19 1686
360 537
1928 936
365 113
1222 1668
1751 1181
1266 1296
578 560
674 704
473 597
1603 1502
1361 1968
764 259
454 1156
683 1624
1298 1523
236 1997
49 343
320 302
1933 1005
1712 1699
1444 898
758 167
828 407
156 1132
1694 1572
375 1146
1907 83
1596 887
52 1491
1792 1371
1820 1611
388 1539
954 1391
1255 386
621 1591
1255 1169
257 161
1286 1731
417 1570
828 1865
307 568
1414 740
1966 427
1746 1366
1368 412
1848 1785
289 997
1804 642
991 776
1430 377
312 1030
1788 1374
1166 229
192 957
1120 1656
1916 1492
321 998
890 1944
1349 1385
1358 1686
668 1633
563 762
608 670
1616 1632
713 1796
1950 1795
1220 122
293 808
774 1172
1702 1529
1151 1633
1862 1554
126 1691
1109 586
387 234
913 1961
148 180
542 442
292 426
1250 968
1123 193
1958 1173
1990 333
1177 648
1449 1758
1887 1216
1512 1544
205 1283
368 1039
471 1115
577 1427
1216 1691
393 1301
877 537
862 1606
318 1310
1680 1819
490 1995
1295 211
78 876
1525 1681
912 1247
1141 1835
864 136
21 1799
1105 1281
1327 320
1267 376
308 401
1930 642
298 1958
576 1537
1232 91
233 1298
1303 1967
16 702
1440 655
1461 875
1223 820
564 1248
851 1621
1918 97
88 900
78 752
538 1544
1816 669
1613 1387
1906 991
1374 1935
1737 1348
1543 842
36 1707
1622 986
12 636
1052 1743
587 882
1401 1760
740 429
1284 1111
1103 213
1026 520
704 512
1700 1498
88 1124
415 270
1677 1886
1087 359
1845 226
1317 1967
1799 631
1739 66
160 1094
203 89
1493 922
1479 990
371 1058
1279 736
853 1326
869 486
493 1080
277 1014
580 1494
1036 1380
998 1929
469 463
1907 907
1837 1327
341 1175
471 1693
1755 1440
860 1320
1872 1799
1613 609
590 981
1680 882
88 1869
1100 227
1671 1495
1274 25
639 791
1436 405
1780 1764
1969 731
1060 1964
1727 1132
972 385
348 1325
358 246
43 152
1477 1360
610 178
1863 209
1849 312
1445 386
251 1415
529 1562
1703 725
804 471
536 16
530 833
1834 1503
1027 1394
1297 51
132 569
53 646
415 670
1239 1040
1871 1988
1269 1314
150 1324
1744 957
573 1481
1972 790
117 420
1416 1112
363 967
1171 1659
901 946
465 261
1028 213
1232 1845
1211 637
401 1905
155 487
273 1084
270 721
1093 931
1312 1510
898 868
1341 968
1804 794
1111 650
212 242
1715 863
1554 1249
1602 1280
1808 1620
1316 609
674 1184
205 260
18 1853
236 766
227 1090
369 319
935 1285
290 1881
1932 227
1060 466
1930 1596
869 681
1505 1389
743 1440
807 1634
1793 467
236 145
379 1389
1779 1224
131 260
627 1716
655 531
1152 214
1643 1188
535 970
1582 924
1454 1498
279 61
1238 1430
1100 492
794 867
893 172
1651 1053
1450 286
830 1213
1197 1616
1098 1468
990 1384
481 682
830 741
827 603
282 516
1181 933
1475 1727
1051 1499
834 407
1000 1463
437 1441
280 702
277 1051
1833 462
144 1733
1706 116
1594 1278
452 383
1990 597
1748 966
1132 1
1988 599
272 1940
1159 829
88 1821
1981 1386
956 357
1017 190
1407 316
837 408
31 617
162 702
1250 830
267 1200
366 1107
862 1814
1548 532
1721 1579
1542 1809
252 35
1372 146
1394 1743
580 994
948 627
567 413
628 1018
1000 455
545 1941
1892 865
915 1863
1591 1042
861 820
1169 824
1343 1976
1680 1503
1297 1899
1629 1882
404 7
328 1539
1325 213
1410 1212
664 1363
1574 48
1598 1407
774 124
1270 773
313 1899
1957 161
67 1893
226 63
1784 1563
1077 754
586 854
1574 1536
1052 1113
1431 562
1418 211
1573 1567
1531 1269
1322 1532
378 1596
1133 950
953 562
1635 860
75 1627
313 324
473 851
1060 1473
1439 1938
1296 374
668 193
1014 1534
1098 739
1079 1550
634 1346
1378 1677
1706 1175
1177 735
1594 892
1564 1809
1621 1084
1127 313
1313 114
705 736
249 1920
1774 605
292 1648
269 225
1279 1152
78 1107
1977 1409
1035 1400
978 1451
399 634
906 1597
1403 713
627 1042
188 1548
466 1400
1699 309
1407 1234
1825 986
1466 877
435 1071
1555 500
185 1482
1606 1111
1805 1615
953 742
500 596
157 44
816 1576
1450 1755
1734 922
459 934
1342 1662
218 273
1372 1550
789 955
45 1614
1734 1790
89 546
605 629
1137 1915
348 756
662 1872
934 1401
1700 836
1985 1656
1932 312
1110 1954
1660 1330
494 510
1552 217
434 1560
1654 920
1218 1483
1376 1553
831 1411
1784 1388
752 1741
1149 666
739 1112
188 705
912 1824
688 955
373 1443
17 1874
199 1353
42 817
1750 38
330 1488
829 1942
1236 758
428 1282
1912 729
873 481
302 139
1570 316
625 203
129 4
862 1810
1682 745
1960 1899
1828 1044
1440 1877
1356 1650
903 1362
1355 1484
1944 1481
707 1012
558 1717
171 375
1667 1454
1252 806
568 835
1878 1974
1387 1985
1577 847
1127 638
1467 560
1446 1196
1367 999
1424 1427
529 545
1518 682
341 1025
14 147
1214 1200
782 1281
1108 316
1500 1024
298 1935
256 43
1738 1202
535 1451
1554 586
329 479
921 1164
1932 143
725 1636
1746 968
1985 1414
117 1779
297 1872
1465 1459
1839 1174
1361 56
1750 595
1391 1116
548 1793
1920 1034
1426 37
1715 1076
915 1801
1949 1075
1403 878
515 226
1577 1131
1814 1138
44 713
1073 1843
64 236
834 615
1354 329
922 1438
376 1940
1029 1658
555 1270
1775 701
1011 1546
302 157
1564 1929
1758 1261
756 335
1315 190
430 1795
67 432
449 372
1121 1417
1764 209
665 628
20 1076
1902 838
175 402
429 1227
992 1998
506 1094
1458 1452
1560 788
932 721
699 962
272 1574
352 666
1450 576
255 733
985 1844
1292 1953
1426 509
263 1762
426 941
659 165
355 326
537 1884
1805 641
350 420
356 107
965 1540
1451 1813
1044 336
915 650
1987 1550
1403 422
567 1286
148 1893
880 1235
1811 429
1109 1949
101 1922
448 1594
602 683
1765 666
1531 1888
731 1049
1317 1449
775 331
91 1101
1776 167
86 1421
1801 1837
243 397
973 1159
1934 243
240 1334
1149 321
460 1442
335 1493
1401 357
1739 669
1259 1650
571 1192
548 841
1956 1426
1451 683
134 1875
1844 1727
267 174
573 1923
140 710
425 1817
1452 159
1584 1450
348 1800
324 1500
1649 151
35 905
1978 451
1554 1933
721 1857
1712 1216
473 1373
1725 549
1209 532
1452 340
20 871
597 1847
1034 110
1221 222
238 32
1597 356
221 1224
1974 351
605 309
1273 1150
1025 1970
1111 172
327 1634
1168 1251
893 1000
1733 953
1846 1528
1126 1273
480 1432
1940 401
1542 509
1762 1663
1014 911
1392 72
579 1538
1227 1258
1868 140
28 329
1495 138
81 1246
1120 1153
1347 990
1458 818
1561 348
1639 3
890 759
1752 1559
412 178
1480 96
1116 1781
1761 1121
475 77
1604 1533
1445 1607
1961 1884
1544 631
1902 460
418 1436
39 739
31 528
272 197
1879 103
1735 653
1423 374
1413 98
95 694
21 294
1927 1853
1180 1697
1530 656
1127 735
1641 518
1932 1850
1408 1159
772 1614
1437 945
1413 66
1738 40
1503 1163
1620 1702
1408 1812
1798 17
624 1719
1563 1194
1145 115
203 726
378 459
577 629
922 1735
82 1881
1433 1431
1959 380
1353 285
844 1397
578 1763
1857 947
1882 1060
397 569
705 1395
81 1521
1867 1495
1722 1288
347 1546
593 1652
433 933
325 1949
1571 497
223 497
1237 422
253 1752
1003 453
1848 1731
1761 359
612 1045
1315 1199
775 205
1803 250
1471 881
984 485
310 1954
1607 1346
911 1585
1078 859
1336 1474
1641 397
1504 1038
967 1175
1479 46
1939 856
1061 194
458 156
1925 985
1690 337
1361 1166
537 80
144 827
807 245
1619 753
1223 719
1724 306
1750 623
216 1594
587 1939
74 830
1143 256
1425 341
1336 141
1777 355
588 694
937 28
924 217
1758 594
552 151
116 1749
1649 1064
250 46
142 1170
182 231
1478 379
1 992
1255 800
1861 1877
1692 683
1586 177
1069 1932
424 347
328 1607
197 1636
1946 536
234 1006
775 307
1475 1775
853 576
96 1733
831 342
186 295
1635 973
1486 639
59 1336
170 1712
1679 160
522 802
554 584
107 750
411 523
466 1902
391 1811
1717 363
1619 320
1342 411
1456 678
1998 1164
221 81
1122 377
1988 644
842 427
12 1380
1178 749
93 604
1194 685
1245 1357
1653 1187
40 701
706 1328
512 72
294 130
766 1389
47 807
215 835
1631 1608
1320 847
682 865
1242 1123
73 1257
795 619
943 251
1341 1672
471 1864
693 86
681 1214
299 722
1566 156
868 172
1771 178
1476 972
391 1629
1018 8
1368 645
723 1572
994 723
407 802
1227 1106
1198 1443
74 1117
1387 1183
598 48
1821 129
1899 1374
454 1126
974 434
1376 392
287 1105
1437 126
751 1705
210 139
1913 1833
90 184
1668 21
1914 356
1294 1578
8 1080
143 146
1124 303
1698 1056
1670 794
1575 211
1827 736
1383 575
210 1519
1638 1168
1992 1792
1845 1185
1128 1863
1595 1525
1702 546
1377 1691
1707 306
1591 1370
917 233
1178 537
1595 674
498 398
1475 1022
162 892
843 1099
1279 1968
1651 654
1352 198
1146 591
1452 193
788 122
498 1993
1242 884
1823 378
1050 1376
1893 411
1296 1151
1660 522
833 1180
1581 1767
274 492
71 1766
1787 1244
1404 814
449 1985
741 1617
633 1775
1158 932
158 996
1423 813
949 1155
275 1699
694 1351
601 736
1674 518
405 784
1125 524
1401 647
739 827
593 967
1541 360
1504 281
30 370
1569 1649
397 1241
1616 942
300 607
1363 840
505 339
482 116
932 734
742 402
152 1853
364 1565
712 408
806 896
1220 876
1622 93
1453 280
1022 1289
99 372
1604 1900
1062 607
395 1706
550 526
1878 1485
1523 1447
1469 1876
1015 1391
1440 1202
1223 1172
929 1264
1254 1493
940 223
540 1043
434 30
1336 235
1972 516
1199 11
1082 787
502 1024
40 953
1879 1248
664 1968
790 1376
589 449
129 1501
339 396
1244 1773
1047 1813
1255 3
159 36
1022 519
1094 821
1279 1894
1165 549
1064 1039
379 1666
812 1497
1635 157
1942 1043
1559 1759
664 303
1316 342
1172 959
183 237
444 1711
911 1917
1037 1099
1707 1344
660 1560
123 161
1772 570
1094 919
367 972
1795 1999
1523 1652
690 101
1088 1348
1258 1219
368 73
1273 522
765 468
250 1688
1406 1479
1922 817
1219 1205
1572 1706
113 1163
1332 363
176 232
1415 937
1223 6
901 1197
482 1383
918 683
617 77
1871 1331
1135 1542
283 1086
621 77
1816 1248
536 1878
623 442
866 1432
433 1893
1011 490
1254 1853
1865 2000
654 88
393 1258
1279 1588
1696 1284
1457 1579
1402 1682
1309 436
1418 864
1824 235
547 70
1941 1157
1987 628
785 508
1014 977
679 177
1005 166
1156 1504
667 1984
740 1117
1373 36
1716 521
4 338
1090 1893
471 604
410 977
1622 1957
97 1714
1468 1172
1281 375
1460 1417
1174 115
736 917
1659 1663
877 1298
1192 1887
430 158
417 1933
1790 1063
680 58
398 1052
1028 1340
1534 1708
596 1837
1348 294
1313 643
1458 229
1453 1537
32 406
683 523
829 1960
1924 1452
1291 1983
1565 930
182 841
537 1988
1954 1247
233 1728
930 1196
638 402
1691 1026
1413 615
584 728
595 35
1552 383
1447 1070
1944 1376
443 390
302 1992
661 1908
1502 322
1454 1421
541 1283
1285 460
1470 128
1376 1654
1863 1151
301 896
1325 443
1790 365
1466 1426
270 310
1341 17
831 130
1780 996
1614 526
82 951
1968 1424
77 1376
1661 1104
764 486
1164 1658
1826 306
1098 1958
1709 1534
1156 1552
363 1047
224 1154
641 1153
215 1235
671 99
849 1517
558 372
672 1263
443 967
490 264
1 939
1741 345
1414 1152
1442 1072
1826 103
26 1746
831 1970
767 751
613 520
1241 215
1167 348
1982 1531
1529 1357
32 1442
999 1263
1770 750
1261 939
1521 206
1724 331
198 236
801 1797
1460 1963
1520 465
1463 37
266 1879
1224 29
1243 502
1944 730
677 463
1199 410
280 53
1176 867
424 408
1100 698
1580 1052
1567 190
1667 953
335 1775
754 484
1863 812
382 1529
942 276
371 1192
691 182
121 743
570 1090
1422 302
930 1806
1023 955
438 305
1997 441
1849 391
246 1534
1438 83
91 533
168 1103
1394 1081
718 1613
1137 1089
597 695
1398 1568
1939 1243
1149 62
1577 1543
1248 667
864 817
1578 1773
1722 50
827 692
1551 1513
77 1847
505 253
764 262
7 137
937 541
1430 763
1358 371
1303 1282
1386 1878
1568 61
982 1124
1529 1822
1152 830
197 1291
1154 1924
1886 242
1855 1243
1711 744
1389 209
1175 395
1593 14
1977 351
1495 20
1543 680
1780 952
1945 1235
1485 347
1448 1244
1145 1128
1363 864
839 1798
1844 1275
1053 840
904 1664
456 441
1889 349
1506 1773
22 1825
164 775
1369 1688
700 45
1928 1432
338 1175
1926 1776
364 310
1516 287
1296 1790
1781 1278
971 540
551 131
1434 270
688 131
794 274
279 764
890 738
1425 1023
590 10
1490 337
1955 1528
1529 1598
1264 1610
999 297
547 1412
1326 581
754 124
458 782
1822 1396
1474 1430
1269 160
1560 1258
913 335
800 1291
497 575
1401 1573
197 1194
1220 768
1525 393
947 1768
564 688
220 678
1686 952
1399 978
207 1071
190 171
858 1505
844 1714
1119 724
1869 801
992 1298
434 154
40 632
1319 26
66 1377
818 1364
1495 1307
1112 1873
169 1715
381 1953
454 864
618 730
1023 398
1419 1517
1763 1138
684 1724
927 1910
724 862
190 440
390 1345
382 1682
1708 448
1510 300
1773 189
1580 1131
1777 1806
107 1342
823 1021
681 767
512 909
831 1225
796 24
1370 1618
971 1753
1705 434
59 1587
1519 997
1581 1431
1412 659
68 1515
304 1640
1803 79
1199 600
1127 1869
585 267
1094 983
1314 750
1443 1297
745 997
1494 1716
1549 228
115 1839
1719 1183
1626 1392
268 776
957 1917
679 777
1708 1803
1277 953
441 735
730 742
1123 767
1226 476
1711 886
1297 1844
1144 1009
1574 363
919 1229
1571 1930
264 774
968 936
101 1087
1024 412
1559 170
1217 419
576 1164
1861 160
1257 1821
1296 1230
322 1101
284 1291
1184 1562
1679 755
177 1927
1316 1069
38 1917
649 1264
460 1781
679 1368
1926 248
82 94
811 670
1506 1239
1440 709
817 703
504 1587
1318 959
492 804
559 1913
1179 1881
1917 474
1585 1426
827 607
1314 564
589 1220
1734 1408
1895 641
1354 235
1005 1463
1294 348
887 1907
24 1940
1853 753
566 695
1832 1877
705 137
933 644
808 1353
145 1641
536 1737
515 1478
1337 1171
1566 301
1974 326
1924 414
177 233
1285 513
1661 1813
840 76
1866 493
1437 1935
693 190
1756 454
1674 1469
892 1750
352 873
1662 137
1515 594
27 78
1177 1594
79 1502
1381 931
1890 1971
743 1280
224 1343
48 1045
909 1055
1254 53
702 1398
1813 34
620 1689
939 453
1025 662
1606 171
419 521
712 578
1366 47
687 695
1921 1397
1260 1821
1144 521
969 373
585 1685
1344 1711
229 742
341 799
298 11
1833 1905
1323 284
1524 1989
808 119
649 1059
1489 1258
111 663
1796 758
771 116
1523 697
479 1064
390 1621
1651 1257
1799 176
270 1283
761 1013
1467 666
905 1354
1946 1557
1555 1919
235 245
43 1894
1829 1888
1167 138
1705 559
488 158
1784 940
1108 1453
60 1861
1475 271
824 1800
920 780
626 1079
1013 332
1340 783
237 514
369 477
291 307
1357 1394
1418 579
1839 1416
564 1069
1554 1701
565 451
1579 873
1478 750
1108 789
854 152
884 1890
1049 562
1199 518
1379 1421
183 1582
439 276
718 778
1372 516
1491 252
1263 1841
274 1008
1173 1188
82 1331
1074 1407
1627 1512
1786 1516
1144 782
1080 1854
1326 428
1456 1324
1383 343
1263 1003
1780 176
656 1320
1905 1193
552 1540
113 361
1353 1954
1380 1922
666 769
270 1662
1548 1988
1078 1061
40 1493
764 1366
37 1709
473 374
736 1749
1370 1930
891 577
64 1283
68 846
951 1959
1728 719
313 1784
45 454
576 1998
430 1718
1895 973
501 896
100 1040
1441 1159
814 572
1295 409
1675 1071
1026 1058
1289 1134
577 416
1624 1025
68 1539
1229 167
1489 1122
449 459
1791 752
383 845
1854 1511
268 1451
1736 1191
888 380
1446 1672
261 1741
1110 1286
269 1761
211 1843
1111 1242
413 3
976 326
792 1184
1953 963
352 974
1410 1477
764 1078
711 1032
1399 1110
1918 589
1235 179
972 1084
1767 909
1921 697
1460 1939
773 176
1692 1323
1746 1172
268 1853
1279 1615
1823 536
933 466
1670 433
1774 851
1156 193
420 289
168 1868
384 1292
55 878
529 818
1626 892
379 423
551 511
619 1466
1457 1549
1249 1756
1237 1390
1956 673
33 237
1409 771
910 1100
1311 890
368 1399
729 404
47 1396
1323 106
1006 1301
1536 1759
27 353
1647 242
1126 1636
1396 879
209 435
167 1057
1628 1421
672 1694
832 1179
1455 1379
611 1599
149 857
1737 1863
1492 1739
838 263
308 1092
1982 557
1954 1246
1445 1626
1027 420
1688 1046
177 1752
1754 1287
1596 544
692 1532
699 1798
453 1483
1067 572
679 464
504 1074
1468 408
741 757
1920 781
1353 670
5 1786
523 467
746 275
278 385
240 408
153 1995
1487 65
1588 1082
1715 942
705 584
451 1037
352 1597
834 741
968 1026
1542 1745
1252 374
209 893
1652 845
1452 384
893 1793
1723 1998
816 933
427 1210
554 1356
651 1782
448 300
730 655
1014 890
481 1923
1264 119
1827 705
1348 999
1506 91
292 667
822 1436
1454 85
960 164
1409 323
391 1704
1065 545
2000 1584
269 23
1913 882
512 164
1544 1292
1519 1882
1220 529
1576 463
879 1878
250 461
1061 1458
1268 27
1879 970
462 521
275 133
1124 1937
1471 708
305 287
1015 1569
679 755
1446 736
1355 1818
1013 883
551 1172
460 1667
925 1826
596 727
1444 543
1308 1709
923 123
1729 1581
25 324
1925 1168
1380 1215
1430 1966
1760 237
1694 1989
1868 1592
126 24
1085 922
1009 1083
1342 1133
1738 1205
1561 615
1708 101
1218 1097
1067 1038
1183 1870
1174 816
1318 1083
1933 1869
1157 128
1963 1841
857 1371
837 92
229 1394
1924 854
1419 1831
179 1461
1134 620
1027 687
211 1218
899 502
481 881
561 601
241 894
1711 1652
1220 437
853 909
1124 454
162 1256
471 474
1877 1445
1296 895
1891 1445
421 46
1214 1734
1515 1902
1558 1062
1650 1611
162 1319
207 1780
529 374
233 426
1600 643
1095 1457
992 838
376 1525
1332 1714
663 907
1091 146
1213 1661
1820 169
1231 1543
1409 486
1519 1644
293 1004
766 1782
136 1569
1777 447
387 185
1373 265
1039 1418
1975 943
189 1378
2000 1977
807 270
51 263
533 643
1005 1179
1505 420
162 1039
1307 639
176 1700
505 366
939 1827
596 47
1081 1881
1259 1594
1444 595
1156 1010
18 508
1903 213
1687 541
1703 1199
1618 241
968 1453
1708 414
1959 698
1078 109
728 11
736 464
1895 1161
472 309
1638 1508
693 1917
1730 920
1432 363
191 325
1006 867
1232 1423
12 234
1266 1010
989 202
1398 1029
1398 767
736 1122
1380 470
341 474
1780 1874
893 1398
1388 422
1722 726
1944 1995
727 1503
759 1044
1403 722
650 1298
325 155
262 1647
1684 1088
1175 142
1586 811
1900 1625
1839 852
344 407
1206 505
659 1924
216 1298
1651 997
255 1596
722 701
746 906
1119 301
406 727
1426 1683
343 1521
1032 394
1522 922
442 1301
562 190
60 1557
272 334
852 148
339 1838
704 1587
704 1110
185 416
833 1073
1759 1654
1379 110
92 1219
1687 1755
56 177
638 832
431 901
1720 20
1663 1366
1033 381
432 1591
1309 1460
236 206
805 426
38 1158
242 1898
184 659
1473 1933
1337 625
1161 1208
44 288
1835 617
196 1665
1125 1121
352 506
101 1170
505 583
57 709
983 1307
170 437
454 642
1759 1158
957 1109
1306 1210
606 1002
1556 289
1441 984
1969 1673
193 286
1630 1950
1936 171
1211 888
1730 516
1583 400
1081 1710
1109 923
1420 794
380 972
401 1867
1852 1507
1523 1197
648 124
1446 1587
449 1386
797 1896
1490 1974
1430 1699
569 1787
1863 971
1004 1923
109 1316
5 865
1313 792
885 199
36 1728
1128 192
110 741
1372 1211
635 834
1852 533
11 1353
1665 1012
1760 278
13 1644
990 1999
1025 1144
823 804
1118 911
493 1305
1495 328
1796 113
1813 1311
1441 946
721 1187
939 1882
1884 596
608 1168
822 1103
1666 470
686 977
1181 1445
62 819
1629 620
200 840
1586 1794
1470 960
1568 147
267 43
1593 1050
1715 776
1994 948
562 214
729 1247
447 1981
1685 1973
324 1633
1218 496
867 1664
1896 244
225 743
219 15
308 277
1550 151
923 1724
923 1710
626 1154
401 1093
798 650
1351 567
1730 1212
27 1151
981 1859
1048 557
243 1489
1129 1541
86 1250
322 776
1809 270
1940 1383
801 1155
934 1451
705 322
789 1373
59 49
1847 31
40 184
1140 1490
887 207
26 1913
1483 925
1902 1825
932 1078
1339 120
547 1729
1342 221
897 943
675 274
151 161
490 1188
1908 663
1617 863
1849 518
325 398
991 543
446 1792
423 1818
1532 188
197 574
1174 143
713 656
1512 1388
1687 544
1524 1164
127 1247
175 898
1461 718
1279 239
750 97
1230 501
1135 753
1965 55
1506 1481
1846 1043
1171 688
1905 473
985 359
751 1882
1432 1986
1026 450
1956 549
515 1739
1785 1753
487 1004
1950 1681
264 1777
618 1659
1962 980
1926 939
1405 782
958 1154
1766 1720
714 126
881 1358
402 914
371 1804
916 1927
20 1686
646 921
87 1529
634 431
89 1650
178 1047
345 1974
1512 1674
392 485
1484 1039
988 1139
804 151
84 1330
1934 60
1703 1009
1652 739
79 531
14 817
1438 936
793 454
321 680
687 641
1929 348
1880 1695
1942 509
1618 1731
995 196
322 1672
1583 802
798 960
1636 697
116 781
766 117
552 1277
299 641
1696 1537
1091 1854
1942 197
340 1900
924 1899
1988 1305
1867 472
922 1723
1011 472
678 1906
1491 984
1344 967
1485 672
1448 846
1356 1579
1871 749
1047 1952
1800 473
1794 1826
253 297
1356 271
1481 1122
1447 1580
68 163
143 1911
1626 1159
197 900
1318 1210
871 1507
265 1368
66 265
822 1256
318 788
1244 1855
1295 1475
357 1808
633 1094
1969 1986
912 1195
1051 107
20 49
659 1657
1242 1538
1992 1979
1921 370
1821 1500
1317 451
426 564
1048 1925
833 683
1421 157
1878 894
811 1160
572 170
776 520
1733 725
922 1761
4 1168
1216 1961
1122 410
750 484
269 392
833 908
1297 828
313 1118
1021 252
1342 1510
1361 680
310 668
532 1062
1151 1199
675 1599
36 1925
618 748
489 1147
1616 1011
1536 412
1134 1284
171 1180
231 183
1323 888
1446 902
60 882
876 1230
463 505
1418 330
1341 1455
1955 1962
1797 210
1409 755
557 1552
1919 828
1428 448
923 1446
1772 1551
1098 810
113 1772
1793 1023
1907 800
891 1356
253 676
733 1136
1650 120
789 712
1596 1433
671 339
1141 295
346 620
237 447
1520 514
70 205
557 876
1102 930
236 871
1041 410
75 937
412 1812
1237 707
441 392
1130 1858
377 1988
376 1098
607 165
1597 347
735 918
919 1478
450 1173
1391 201
1187 1875
440 734
1344 840
1398 1281
133 1221
1228 1617
1330 1471
319 1447
994 265
1220 852
1640 450
928 1441
1656 1984
96 1777
1116 1363
680 201
1396 1768
239 316
797 412
1876 949
229 1439
298 1682
186 1178
1438 1507
507 1744
541 104
63 848
1225 1543
1527 612
215 336
1998 1329
444 963
924 730
1280 1269
79 997
162 1835
1903 1754
1333 1214
597 641
1146 103
1763 1465
1241 198
150 311
454 912
30 170
1171 509
1238 1549
194 254
1634 1294
379 1248
119 1684
1606 1668
672 1431
525 649
893 660
1137 1427
1398 16
1063 1549
138 316
463 761
1021 760
1480 1674
1369 1707
1047 1312
1576 846
1370 1125
1356 1380
1785 763
692 668
1885 192
1015 867
1183 56
11 1991
1194 850
1209 1231
385 1620
1812 486
798 599
1269 46
1052 30
150 1958
1617 186
617 1584
822 324
2 1407
1436 1131
663 474
1767 153
1039 1955
1924 1256
647 1161
569 357
668 103
53 334
1944 882
598 322
266 95
1385 704
466 606
1335 1684
1200 1868
1865 1315
570 238
1773 607
808 1877
1527 319
192 625
909 1200
386 1200
1087 649
1353 1819
477 1298
1773 848
232 1050
1464 239
136 272
675 261
1519 1436
1992 1896
59 838
954 1483
1528 213
754 634
701 1746
1553 1336
726 1259
385 1825
919 1642
788 357
1564 1283
74 1288
1870 167
1128 981
1144 933
479 710
1262 1371
1294 350
95 755
1609 877
547 693
1701 1327
1093 361
1356 38
788 1175
1687 1817
484 1719
1206 368
301 1888
1702 681
1267 1363
3 1725
716 1524
1570 266
1 946
339 274
1317 1905
318 498
42 349
454 1107
99 1775
439 1423
872 1487
163 49
1268 1124
1444 1808
1903 976
122 1789
1740 1920
1521 1874
1375 1421
456 1691
85 654
1875 1008
1922 1871
1857 968
211 110
1599 1476
24 287
1493 1691
1050 856
294 545
1461 1622
212 136
1597 1975
1105 434
450 1720
673 1721
984 554
724 1201
1436 1789
1563 1134
1624 739
1448 1116
1594 280
1703 1379
1450 760
329 1588
1966 1626
1379 211
29 820
459 1342
1944 819
762 836
1949 679
1612 547
1725 1420
1068 87
699 608
1781 413
139 1665
1328 987
685 1623
1119 1994
411 1664
1849 1981
1232 1519
328 1612
955 1917
484 367
1464 1388
278 1159
441 987
1687 748
1982 286
342 809
777 1187
1308 1134
1611 1369
1800 1675
818 292
1932 1638
909 1974
1800 1657
1546 1988
1599 957
677 984
181 1461
1384 1050
1495 908
1331 1459
77 881
1473 1054
626 1946
702 897
804 21
1673 602
1368 1794
1908 1296
561 119
723 1895
306 1583
1729 248
1055 48
305 883
1094 700
503 1948
758 422
111 1780
1485 1375
1688 1859
1812 598
1405 565
1405 469
1399 798
1842 1534
1241 1964
1646 267
402 1574
793 1416
888 1880
1586 105
474 1916
669 1748
707 333
1665 1672
987 844
744 1368
579 498
1654 176
1852 1188
1113 1180
1458 1709
126 1356
1593 1661
1196 1235
1063 357
232 753
1582 1762
1983 1922
1055 936
1631 859
26 159
527 1810
1465 1606
134 1652
1900 588
1031 1202
1771 269
203 42
221 1383
1381 1657
1211 1750
270 1720
209 699
853 1023
1983 1544
1475 1707
637 1670
137 1200
87 447
1639 746
1884 1787
1221 19
848 1046
1163 780
1875 1355
250 1716
1327 746
1148 414
1292 952
829 1316
1627 33
1370 145
1367 798
1718 1007
1044 136
925 540
381 786
1643 187
1270 1934
867 119
1214 1275
643 411
846 1713
664 910
1520 386
1195 774
1084 904
672 378
1585 372
536 599
225 190
164 1847
605 748
498 80
287 1349
195 190
78 473
411 457
1358 630
1919 256
553 772
1124 682
1246 1317
1620 775
1640 78
1743 549
185 1336
1013 1419
1595 308
1029 237
713 269
495 534
462 1719
735 1695
1206 1283
738 1233
630 994
5 1087
1981 425
267 1986
325 494
512 1205
1121 1113
627 1852
104 1488
470 1837
735 861
1885 1806
473 210
1427 1575
1588 1040
1596 712
1476 24
342 560
419 973
98 730
1142 1793
1658 1171
1503 1244
1025 1125
772 1327
1697 938
310 286
1176 1504
1425 1585
151 1644
1175 455
1763 50
428 860
46 49
1696 931
366 894
809 1557
236 511
1118 268
1757 1041
520 250
522 254
399 1502
204 198
1052 415
703 268
1382 1942
567 828
738 1194
1967 185
594 68
1401 1528
255 1395
1450 109
25 1127
1074 213
100 1182
863 1889
366 53
929 635
123 1447
847 255
253 153
1347 1708
1662 1876
48 97
139 1947
1663 772
77 1703
1234 1551
1147 268
1784 397
1398 367
1705 412
938 1641
227 616
783 467
459 1403
1166 1473
864 272
440 883
461 947
8 579
1848 916
1517 1569
1192 926
751 1067
899 1358
1707 588
995 56
625 159
1150 1499
570 871
614 1433
955 1973
831 1022
1266 1819
1799 832
21 853
666 118
853 864
327 1158
683 1741
1090 1667
1305 987
1250 1496
1811 1293
1489 398
1380 897
1411 1512
246 1111
342 1939
78 510
133 1629
1983 355
1828 1788
13 390
785 697
267 972
240 898
778 1531
23 1486
818 925
1538 258
301 27
529 173
1758 1496
5 1960
1763 307
790 637
1194 1704
817 362
502 1131
1853 1974
593 1845
1355 41
46 626
1334 1493
1692 974
1280 1006
1607 1680
1177 1684
575 1753
415 1088
291 528
1543 261
1074 821
326 386
1147 1193
1804 1434
1556 1297
1922 1184
253 950
16 265
1327 1215
1452 1291
854 557
346 260
1406 1912
1349 1278
1524 211
672 1649
1657 1943
260 1659
767 1087
397 344
1380 1864
1957 882
583 1264
1534 589
1532 526
1862 147
904 536
829 356
1697 889
399 173
1181 351
979 1327
1322 1644
1922 68
738 695
905 184
812 554
903 692
1231 1763
1323 185
507 1561
1009 1131
1344 368
754 207
1816 987
883 82
62 1645
953 1406
214 1429
1530 542
1212 1339
301 1519
168 905
304 50
163 1587
1449 1887
1178 844
144 80
84 1489
100 1077
1686 1274
510 87
59 267
1565 1048
1401 1053
1793 1812
563 1214
1009 1123
1069 433
385 1079
1506 1879
665 19
1670 1187
1025 591
1721 8
1724 401
1678 669
463 1607
1303 946
1913 922
1045 1294
1756 1779
409 1043
273 905
911 410
807 1635
1840 956
1838 1705
106 790
477 978
1864 1597
1147 49
655 81
1860 1932
1758 1552
1701 1250
757 215
1382 1070
853 1428
1415 1084
1581 1861
153 1916
1498 459
1492 729
1314 1166
1602 1729
1125 405
718 1427
1586 246
439 1421
1315 1572
1222 414
520 229
1897 1465
1920 1068
1302 1281
21 1256
676 1602
1194 1304
1694 444
938 994
1256 1695
1707 603
760 1670
1812 665
935 221
1559 1759
1700 944
133 1428
1479 199
1632 1383
871 1293
936 549
1738 1510
476 223
1131 95
1625 908
1175 338
1406 1152
1322 1991
1643 1867
1159 741
1860 1197
458 1568
243 1650
1831 1043
202 1607
693 653
1965 1319
570 116
1517 1321
1486 819
1895 1264
288 712
807 1503
1431 1343
1574 433
184 1900
1296 1953
1260 413
15 898
460 733
780 1360
787 1252
20 237
1752 610
1681 1207
1261 1137
296 699
1338 993
1885 633
609 1982
1840 338
1290 11
1576 1434
924 678
1009 1228
1464 1875
915 1996
972 1482
827 283
1221 1404
534 1629
1911 1832
1023 826
3 1747
43 1814
1472 1148
1835 935
1212 1505
487 1370
757 785
403 1324
1870 1965
1332 1682
1097 1115
1754 1933
1848 501
856 747
300 294
1690 272
1615 828
878 1465
669 1344
1765 1853
924 167
953 864
1032 809
1446 131
1629 1319
1558 1333
1997 186
598 290
576 21
1991 1775
1850 1335
438 1918
1253 1878
835 1978
1859 290
524 1823
1594 626
1273 1153
308 1923
1164 646
1454 1598
779 1971
684 618
1636 1148
179 1114
1471 1169
1107 291
1405 1888
793 415
884 500
1541 103
294 341
1192 1755
1188 1787
1480 1276
441 2000
1128 90
1736 121
1625 1946
1927 431
1353 1039
1542 1663
172 1570
313 824
1177 1658
623 1257
1132 891
1782 1643
1729 985
704 1537
1094 797
1333 1175
1485 1556
1098 1447
910 402
785 889
210 1107
896 1650
307 17
1794 592
1025 693
349 659
275 353
1459 988
711 477
89 871
711 1960
480 653
1689 937
1625 1520
1153 364
623 616
243 1438
1328 642
1305 876
1530 1376
706 902
669 1493
254 85
225 1854
524 1359
150 642
1757 1334
1818 727
1718 1798
399 777
1758 1078
313 1693
731 1506
280 716
875 50
1867 108
1780 1199
635 539
837 1497
838 879
1718 1048
412 1069
827 1969
1258 1904
1263 95
823 249
1660 1538
955 573
206 533
589 679
604 596
1958 871
141 365
1217 923
1510 304
483 654
222 1398
104 30
620 682
1685 81
483 260
1665 1485
446 1113
1832 63
1955 689
60 654
1165 1635
617 674
540 839
1643 481
1183 1895
1365 242
722 1544
127 563
13 134
277 1195
763 382
163 1450
298 1457
64 102
1773 1251
261 186
745 637
570 375
1129 1653
1114 636
1388 198
70 379
1244 1518
1984 762
540 1060
44 245
685 1125
1325 2
593 215
709 1306
1846 1436
1718 870
160 777
346 434
1401 503
1742 271
1325 1725
501 879
1117 203
511 1217
1861 847
5 1380
1355 53
1656 1501
1657 1639
1777 85
455 1880
776 47
114 7
1996 228
926 1733
304 875
60 1200
1387 1529
169 523
14 1198
523 524
1632 1062
1483 227
1244 1160
1190 1991
13 1780
1288 780
781 1413
859 488
115 574
1921 79
452 690
1780 1473
614 852
662 714
1771 803
139 9
623 1182
497 663
1353 757
787 950
1792 1577
1707 434
664 649
7 1087
1753 1543
1507 847
387 1993
91 1501
712 1819
514 1845
360 997
773 31
1354 768
1035 1480
1621 862
1164 488
1708 965
830 1799
24 651
262 943
304 115
1550 558
960 1190
1178 1421
1180 1249
675 1762
1397 1887
496 1373
53 32
1635 692
979 1294
649 1213
1883 1801
217 352
927 603
1576 500
609 582
712 46
1926 1928
653 770
270 731
1239 1015
1940 1174
612 1425
1489 782
1707 1137
1856 1218
417 482
440 1764
5 1741
204 1744
356 930
1495 501
1196 809
1495 1863
414 37
614 1074
443 108
66 1168
467 1518
871 1414
537 1553
1081 440
11 27
227 1221
1165 151
229 1180
247 985
1657 801
946 1329
1444 777
1702 92
1731 426
1649 629
1698 8
1400 498
1269 911
1590 136
348 885
67 1832
1181 184
849 544
817 1356
847 707
1000 1260
75 1891
496 969
1646 1485
694 542
558 352
1298 659
436 110
317 1959
1143 1566
272 720
134 1921
1232 1930
1455 489
1484 1900
568 10
511 1509
1064 877
1737 1702
1736 1354
1513 1573
1621 113
1093 494
1600 1144
37 1085
1329 68
1083 230
1378 977
374 853
1762 1045
216 196
1388 788
94 1112
915 1296
1599 533
1252 125
1641 4
1520 906
1475 289
847 1064
1297 1266
1742 1277
1947 1722
44 1314
463 332
1316 796
108 302
6 1537
471 1237
1902 1831
585 1330
439 1831
664 622
927 145
1303 831
724 1763
1671 1527
1060 29
1510 554
1766 218
1561 398
73 1674
97 45
1278 1331
1177 1223
1339 1767
180 1983
989 900
686 407
1840 1504
378 1830
1309 1394
1476 733
142 1969
36 199
1032 1795
624 1856
716 974
1796 1118
881 1646
1865 1023
174 861
941 843
1248 615
1349 164
1605 1116
141 1305
604 1688
244 1538
1804 1755
1056 310
936 706
1090 137
1002 720
292 375
282 1125
266 510
1621 1960
1898 1792
29 1907
686 1145
538 1498
295 1613
948 1057
475 870
1602 1175
563 1069
1172 1457
486 1402
1772 1103
869 1717
238 1313
1591 275
923 1093
781 669
1638 1293
1796 1080
1503 1566
1418 91
386 714
1085 1469
470 1654
642 510
502 484
852 534
157 1005
902 267
384 699
871 696
1874 1310
1505 1520
306 1093
456 1801
1370 1021
203 1338
741 253
1019 609
1323 361
1475 1851
1167 1313
451 1690
553 1361
246 1443
270 965
602 1461
690 1681
1521 1269
1216 1554
1904 1121
1170 1741
589 170
12 384
889 1038
1733 399
1066 1636
1211 325
498 148
1507 764
503 1173
383 700
1322 1755
1450 420
449 1158
1926 1275
1809 892
394 1355
974 398
487 1501
615 550
55 149
509 128
1150 957
295 1011
755 80
1171 312
1656 683
1658 996
885 1213
435 1719
1078 1792
126 1254
1103 1200
1296 1448
168 1844
1205 1688
1059 1253
1774 1657
805 1830
455 270
1342 1958
1846 1838
942 1363
1170 1361
1038 1148
1797 976
1163 1051
1147 911
299 1638
1551 1789
462 473
1734 697
1947 1246
506 122
1519 872
714 858
155 648
1222 948
672 484
427 156
802 1564
1236 1283
1699 1014
1467 1285
1788 1030
1238 323
1954 1304
587 1936
80 896
1685 866
997 659
1332 1310
306 793
1939 1726
688 1879
1912 443
1689 272
716 1577
728 1754
1230 1244
980 1911
1555 584
1810 1506
795 1044
650 1834
511 581
984 333
1125 694
1575 139
1877 497
1423 1730
1380 1511
1734 1831
647 1917
179 1562
550 1897
350 1487
63 1332
1971 1932
972 644
1702 601
117 1120
294 353
1503 173
1562 1157
1268 471
869 1238
782 1009
493 142
1851 1734
1522 1540
1784 1758
1897 1181
1737 1263
14 1451
974 732
1731 379
362 72
1069 919
1803 1697
1542 1820
1030 670
263 347
1909 1599
1189 1805
192 1264
1896 654
1811 1145
1512 1615
706 1769
1264 425
55 1644
679 1263
1478 1452
1650 435
544 222
1619 1933
208 922
1822 1402
953 224
1678 757
1495 709
1527 412
118 916
1518 1662
201 1581
1403 539
1854 1191
442 828
1996 399
1685 1100
809 493
1415 683
1999 18
38 64
903 299
1316 1319
1298 1997
1981 822
1343 702
525 755
359 1685
1118 539
1050 1791
512 1509
1965 1588
1235 371
325 1238
835 1333
742 1905
829 737
445 1204
485 1830
312 730
668 134
951 1405
1 1249
963 1023
430 228
1525 481
1598 508
1805 549
972 61
518 290
1999 1395
1043 1681
21 1720
1713 1774
49 1096
1849 506
94 1503
1547 1307
738 211
690 940
3 341
619 988
841 672
140 224
1258 862
191 1116
1607 294
5 1722
332 291
304 814
613 1246
1983 37
1054 1355
1737 354
1117 812
1486 1528
717 907
1441 1610
1967 903
1462 856
1673 1106
1661 1813
127 9
622 195
1273 650
1346 822
395 512
1041 1612
1383 645
987 1660
833 1456
1600 1823
394 713
227 1540
1660 1590
793 1775
549 727
882 496
1635 1166
511 493
296 536
1064 1503
543 1130
836 1101
866 30
984 269
1723 673
1194 869
1687 86
195 223
986 714
1341 114
463 424
151 895
1243 1435
1736 1999
241 1268
589 1192
1377 501
1004 1027
125 112
278 793
614 1124
1529 1102
1549 1298
953 262
452 263
877 765
1411 788
383 195
1061 733
1406 380
845 1143
1230 1132
1790 1753
1623 1163
1319 1793
31 1987
643 1412
293 651
78 796
737 913
49 798
631 392
37 177
1690 467
726 98
1067 1991
285 1256
709 1423
490 372
1556 601
1759 844
660 491
1266 1937
153 240
102 1976
1255 1503
72 479
436 556
1652 531
452 1664
1952 1114
814 945
659 1986
757 147
375 883
1349 1455
1287 1229
363 596
469 979
668 179
740 1256
1123 335
1880 45
1672 1997
980 142
161 499
427 1195
557 1958
1186 788
29 1199
1309 1624
28 259
668 476
265 1397
254 1216
402 1807
1404 783
1381 576
347 1851
226 648
1744 1781
512 1587
1715 1423
363 1779
505 708
644 658
674 1485
276 245
1807 1645
448 1511
138 1232
523 321
689 1576
714 1475
703 819
321 139
792 1389
1591 482
725 89
1911 1608
1182 1585
738 1008
802 786
1281 1658
617 1422
959 161
177 141
129 835
548 129
329 59
406 1342
695 1120
464 1995
1826 1068
760 736
1044 1830
565 987
477 1842
1816 133
628 1628
1083 747
205 1106
1325 1598
1713 1716
1301 1995
155 1861
1286 1865
1031 1952
765 1665
1561 275
107 1725
1532 174
655 195
1701 1776
1733 941
1551 212
1960 280
274 1894
1465 858
1376 844
295 355
1873 1927
1827 140
880 1297
1993 1842
1894 963
1702 1410
893 1128
57 1414
1710 708
767 1731
111 528
1649 1128
692 154
1049 1783
874 972
1844 1386
307 642
1960 352
1028 1500
1306 1283
1599 756
335 1717
739 363
1049 482
1751 368
1139 1317
1133 1783
742 933
793 1888
529 232
754 590
543 1902
1448 186
1658 413
1412 37
900 1354
285 89
1878 614
635 206
272 175
272 1768
105 1624
287 1286
1779 1227
806 1806
1650 1654
69 1492
898 1702
944 292
619 1524
1842 1104
1817 976
582 1199
364 1343
432 1113
640 28
1642 404
640 840
565 1133
22 1901
478 78
539 1896
753 447
666 536
1670 446
1595 1618
380 1369
1602 1912
1429 1077
1523 122
630 200
786 1971
576 1486
1017 1650
1759 451
1744 550
335 1194
702 1115
1641 1882
1088 1124
1938 1623
783 642
805 1730
1274 1573
92 238
1368 1835
1087 102
993 270
1743 1224
1505 1224
48 884
479 204
1577 135
985 1388
171 1341
56 1600
64 536
895 1450
995 1173
880 334
1410 1904
686 1373
1586 200
40 1403
1162 1188
1948 1034
879 981
674 1760
618 796
613 992
864 1996
1877 568
1604 673
1803 819
213 1902
990 1991
649 1110
662 572
1870 1586
730 1057
1516 397
56 1919
7 716
827 1190
719 416
488 527
10 1332
368 1783
1948 1223
1968 1267
771 907
1410 203
786 1565
311 1415
397 1785
1495 1105
1593 471
969 628
115 731
1163 1710
1945 891
957 723
1958 1789
377 314
531 1623
36 1132
357 1721
1830 463
744 881
678 1353
1915 797
1696 410
1690 1060
1801 202
1238 1516
827 1082
1531 59
891 334
1450 761
1842 2000
1293 1236
1334 1902
1800 993
1039 1747
204 1447
1483 829
1645 1884
1385 94
1860 1592
1089 1514
468 1400
145 1417
680 73
1532 837
1877 1817
552 826
1056 411
1964 438
161 1666
1726 1990
1468 459
1767 871
693 735
360 1863
1090 1169
1145 1498
914 125
286 925
1507 65
1338 1281
111 1829
1221 1641
1039 1107
203 1404
596 1171
1839 1934
71 380
1734 1232
417 962
1842 1798
147 717
1657 354
296 1138
909 1309
61 68
1559 1834
448 30
125 1799
103 1312
51 1980
603 527
119 1397
456 1389
1146 1264
1568 1504
1293 73
282 85
123 1987
1898 1702
1554 1945
1394 607
1423 765
1386 1332
825 79
1155 1408
186 378
1689 1147
642 1519
373 1169
37 1146
525 180
1725 1404
83 518
1834 1144
826 12
1735 1124
361 195
1383 1902
508 1957
1170 311
577 1862
1012 108
1452 1447
1549 379
342 248
1441 1025
751 1535
1697 1366
966 509
1277 1463
1588 513
947 424
1491 797
1922 1112
95 990
207 1027
1580 490
1449 1475
1986 162
1883 208
894 68
459 1761
440 634
295 1921
428 986
528 1502
191 1919
1541 329
187 1022
144 777
454 1496
1950 521
1725 1591
391 1869
1960 1367
1034 284
756 1450
108 1390
1201 872
1444 1732
1916 1986
567 930
1345 1474
905 269
1303 982
1370 1764
719 926
1723 1232
289 660
658 395
656 1500
11 81
29 1222
1935 969
1691 71
1765 1530
1598 236
1264 1885
757 638
1757 585
95 1682
507 1347
791 725
1010 804
372 1901
164 1147
103 449
1835 975
637 881
1937 1220
1172 490
1898 934
165 1231
1885 963
1318 168
1245 249
1691 1112
1859 301
1175 101
554 1205
802 196
556 1601
927 445
34 1101
812 733
734 929
1528 1679
1529 748
1274 1384
17 1156
625 308
1999 627
1791 236
1731 628
1268 945
1111 674
1573 906
768 1919
1033 1503
1919 969
3 574
471 1855
291 100
654 241
624 5
1324 58
1198 1685
237 1097
1569 82
227 111
1878 1363
887 307
1544 1955
926 346
705 1502
1106 237
957 1526
1259 1918
575 147
1583 1909
1146 749
757 1618
1960 1206
1987 268
1000 1117
939 378
1165 166
1935 157
1002 541
950 408
1848 1874
1954 1630
703 1045
1418 1111
1873 829
901 688
1423 1337
1904 275
1341 602
565 241
1709 1662
736 1865
649 554
991 41
708 113
522 1570
451 1118
743 1404
779 33
146 1088
56 760
1118 1262
1696 322
1193 903
456 1426
1473 1332
381 513
1003 1252
444 1866
1817 1329
332 583
251 1690
639 764
840 1498
120 335
661 1079
1515 496
86 941
661 980
1057 166
1571 192
1649 837
1909 799
1005 1036
1103 900
461 1102
1271 540
1363 1236
358 656
358 1342
372 908
729 473
291 346
1506 1191
1682 113
446 1188
1626 500
1625 529
158 1164
1099 1895
1379 840
1813 1738
131 1175
1822 823
644 520
1451 1024
1112 620
1400 365
1196 17
1707 1005
947 1539
75 1813
975 1174
952 310
296 1396
1552 445
1388 844
1372 1878
858 1198
775 1875
1667 939
687 1916
485 881
534 1416
1299 599
952 1631
1005 1698
124 1352
175 1691
1832 384
1116 1309
1135 124
1528 576
1633 982
1 1711
1336 1634
855 1550
902 1789
278 1503
780 544
499 653
775 231
1303 685
721 1770
775 1669
1036 1134
938 279
1449 986
1501 1665
1193 1191
284 672
1775 868
527 748
1083 1795
1420 387
301 942
651 214
1189 1485
14 359
289 1093
1961 1949
1081 745
1927 1145
612 1131
1645 100
1480 878
1651 1245
1862 1192
1307 490
1199 1745
331 798
1681 369
386 718
1050 1052
1532 251
1512 1693
1588 1276
251 942
1080 771
1255 560
1574 175
1543 555
591 1543
1116 1995
238 426
790 504
1256 1915
1997 1541
423 1913
1317 1644
742 961
1291 1851
1680 984
511 1005
1399 1775
961 1168
118 990
1864 304
20 787
130 35
1728 757
462 1107
146 871
1166 790
1306 429
309 1155
871 1048
901 297
1721 1336
1485 1523
221 153
1866 1304
233 1046
497 1202
17 233
1864 275
181 786
1440 595
243 1377
1240 734
17 1354
286 1851
1906 695
563 319
356 466
252 1856
3 1798
1805 1416
1465 815
1393 425
608 1678
1624 346
843 267
863 149
1854 1147
841 1610
1038 1141
779 1393
883 755
1958 1319
1062 632
1442 1133
2000 1009
1429 1265
659 1173
565 699
1704 925
346 1752
1904 339
976 141
181 1107
1619 891
363 633
1886 470
354 1123
670 1999
1477 1733
151 1994
305 1343
1321 805
107 720
232 852
1709 1241
1534 1071
1234 1833
1921 1869
490 86
224 1072
407 207
1012 842
963 878
948 418
1193 1004
1408 1133
1160 1475
593 745
1180 246
1507 676
44 128
1552 283
1963 550
1649 1152
1721 581
1304 240
1668 1503
1983 989
896 1168
334 104
1374 1031
980 228
369 206
773 1364
1652 610
1292 1866
1589 48
1509 584
1309 1483
556 612
272 1519
1276 853
1381 1948
357 1619
1831 1415
673 1840
1874 1790
893 1441
1806 68
1749 728
659 1415
89 539
354 1846
933 1958
202 1004
1797 1998
1184 1615
423 737
410 207
1720 1576
1353 1449
1409 599
1263 1211
1848 289
1189 1699
1888 339
697 559
659 945
62 1835
959 1454
1392 1004
325 405
152 1047
634 1521
371 1191
1457 172
248 819
453 679
1867 30
970 1598
1616 1006
1223 1816
637 1416
894 1918
410 1007
1993 1784
189 377
522 880
1711 21
339 1294
98 1937
393 1746
1392 1743
1035 1713
1320 145
199 656
1068 694
1202 321
1134 886
994 1437
827 1454
534 1036
863 537
1843 870
1800 1689
1934 1700
91 652
991 1887
813 1455
623 1505
246 1540
1571 1227
707 3
585 1578
390 1174
684 720
1168 60
1525 1252
188 982
831 1207
366 1134
544 783
1321 1099
448 1485
202 199
1815 1310
1786 1995
10 1893
487 39
42 328
682 1125
1714 105
1210 5
1034 1645
1655 1876
1890 827
1491 1862
1507 1130
1075 711
806 320
3 1842
829 1245
1274 1769
781 1202
587 1041
958 894
16 944
1576 153
347 1789
495 1459
943 247
90 1819
601 434
1687 1013
1174 1720
1898 465
558 1144
1457 260
1429 1807
1180 696
403 1050
1569 189
1029 1084
816 1859
1360 1788
1554 1697
39 347
777 1676
244 188
764 1375
979 1713
1108 1414
1351 1677
405 1007
1561 1715
107 384
277 162
1910 98
1101 1173
323 1669
442 1949
173 540
88 1977
634 1874
986 973
873 193
1709 137
55 1452
1116 1819
1555 1230
1636 1825
121 1347
1313 329
1975 977
1705 473
648 1083
572 478
320 443
1474 1626
1631 1906
746 1439
1140 157
984 1365
36 419
983 462
422 1083
970 448
1129 1191
366 1908
1026 58
1046 987
1400 395
1802 620
1705 392
565 98
1080 112
507 1721
1815 861
688 1371
181 18
1378 1126
83 1810
248 117
1433 1273
91 322
1096 1528
1098 764
1543 353
570 1628
1778 792
1242 1699
1874 1861
1279 1145
596 505
1790 934
776 1274
492 284
1511 1737
300 283
878 583
1045 1269
936 1162
1650 1133
1659 1442
790 1784
1004 1838
462 1498
301 1955
697 1728
869 1647
403 8
1479 1540
1473 1544
887 1480
1657 653
1611 1998
90 903
1208 904
539 1515
1473 410
1241 1619
1627 156
320 1290
389 644
672 1928
1840 748
976 1186
942 625
279 1892
1201 509
1788 40
1517 947
24 869
1432 64
894 455
788 1427
623 631
524 862
1352 1208
1931 251
156 1795
1870 199
197 392
1220 478
1631 1158
1866 11
93 1987
1901 1886
459 1414
1871 1335
341 253
1093 527
534 1567
1272 1350
358 1525
806 902
741 623
1720 485
548 1203
1607 1255
1552 1753
1557 970
1058 1330
414 373
961 374
1461 1502
1956 412
1398 636
427 95
111 1933
678 1240
979 128
83 857
843 893
485 766
1835 606
1372 1701
1730 981
1785 1244
662 1994
146 490
1251 484
1665 1694
619 134
1823 1639
1030 1327
1003 81
212 435
223 1351
934 478
1846 613
1809 1387
1614 1525
1167 1094
392 1228
489 132
730 983
1835 1984
1503 871
1963 860
1945 1876
353 137
1839 1809
1383 431
570 198
698 544
1276 1122
1132 892
1564 1504
1805 840
1338 1459
1850 1226
1722 691
1032 519
373 443
240 664
313 242
1199 929
202 937
1487 1944
1575 117
1231 1336
142 1841
766 179
1159 35
1601 1971
1676 434
855 499
990 464
1458 1960
682 1995
1264 1018
1135 586
1806 1230
598 806
523 836
1103 1988
400 562
47 1481
561 1423
1734 954
146 211
1508 1117
138 1391
305 1369
738 1103
806 480
969 792
1397 398
1918 1599
1033 1688
129 1615
952 1413
1780 1907
480 1967
989 1747
291 1415
1401 1628
1086 1757
103 1245
287 582
1227 544
1330 32
636 1083
161 20
586 1463
1835 351
850 973
238 1054
1764 1164
1125 420
465 1799
725 177
1364 756
1608 993
1532 1032
504 314
257 1251
1131 1088
613 832
1230 557
154 1362
1099 1536
1715 1559
62 117
1842 880
144 1765
462 1292
453 139
1244 878
786 1432
607 1338
952 1484
57 886
669 1086
237 1724
98 294
1198 229
732 681
1554 904
1314 850
282 1196
11 1535
898 1323
315 1941
171 679
1775 1653
520 14
497 385
1153 1571
633 730
1939 1061
1070 600
1077 651
1669 1787
1564 864
1706 671
1820 259
356 577
721 1280
1106 1263
134 1081
1400 1641
492 737
1947 923
149 376
1050 947
1560 243
1801 1571
172 175
216 330
1733 867
315 418
1011 557
85 184
821 1073
343 640
1332 1467
959 362
1849 1879
644 1391
1745 219
1641 525
463 86
1089 1525
1200 462
231 1899
1703 1934
1220 903
621 498
1952 908
836 1197
1272 1412
1645 1026
1512 1708
932 290
1772 1183
1356 602
1271 1092
365 561
252 540
111 207
1073 1857
1276 1087
593 1196
836 1257
1654 129
814 94
1465 1490
833 653
1521 112
1840 1200
1767 1951
564 829
630 1155
1249 1161
1434 1851
1009 992
1864 549
1572 1553
640 263
1013 570
1794 970
534 1997
1193 1516
1257 687
118 948
579 256
74 1261
910 813
732 832
1495 792
289 921
372 1377
188 871
1921 457
197 1233
216 1636
211 1392
865 492
1325 1531
1137 1609
536 87
588 1005
1159 620
887 956
1265 1396
174 518
1591 597
