p td 2000 8000 
1769 1244
164 1740
1927 816
1805 970
1689 1352
729 1110
1153 138
797 1551
919 648
377 476
720 1890
867 360
422 1688
1624 394
982 1682
285 1738
1586 606
620 1793
231 1725
555 1645
1063 1839
1368 1740
148 1915
1983 291
103 322
764 399
1118 1313
435 1755
26 396
1979 1389
1580 681
1537 444
1863 244
790 686
1962 1281
168 1398
399 1987
432 1816
546 1294
1309 317
995 1419
1110 1208
414 1312
1984 1184
1530 1580
544 1481
243 285
189 1869
1845 594
241 1481
1979 761
1177 238
468 1129
1816 1925
147 544
699 1633
1662 655
858 252
460 885
293 339
573 297
1650 210
708 294
1858 1100
183 1306
1436 1970
1250 1858
1693 1677
1092 721
1916 813
971 385
564 473
1399 90
1374 1710
1277 861
1920 5
776 488
976 309
834 1180
272 1189
337 917
333 742
882 1645
1299 178
1220 1308
1125 873
151 67
1060 1937
523 824
1566 1587
1406 1914
1787 1317
1312 1617
777 1471
1033 1235
720 840
1596 411
1373 413
1148 1040
1483 833
1061 176
317 1633
1958 1643
1706 1762
893 229
765 694
1678 1592
730 1595
35 388
1991 1947
1622 209
148 619
741 1977
1748 1412
381 92
550 1950
1365 674
1331 1498
776 315
144 764
1162 1772
1942 631
148 661
1217 59
1769 875
1117 99
1504 522
300 1771
1506 1368
1677 574
448 214
1366 858
616 1072
427 213
1151 1674
163 1855
972 1695
1766 405
1899 232
1210 1255
926 1565
1989 1889
267 818
515 405
1079 1511
557 802
382 1810
741 1268
391 431
1863 863
890 435
690 199
666 1098
245 443
1505 1917
1258 1835
1955 363
982 1877
65 808
1262 373
313 378
793 135
668 958
1091 1941
1520 1235
1024 1613
810 1738
416 199
673 1087
1421 1952
898 700
261 166
1488 341
1475 172
1691 1577
479 1336
1911 325
177 1249
640 888
1214 1854
373 444
1643 139
37 1905
1638 276
598 1312
1025 1064
858 361
880 761
316 1216
1738 714
313 1089
953 572
950 637
1932 1225
1043 1635
1930 1443
179 155
1147 1253
1034 135
1529 1139
1178 1822
1640 71
1794 1273
1989 815
47 638
126 1566
1886 139
717 1731
1447 220
740 1881
311 355
473 1757
301 37
1633 533
1082 1642
1318 202
847 1802
1907 1683
542 1959
1318 830
38 1540
1050 1852
137 1211
331 566
1725 1717
1972 1733
142 438
1676 669
141 193
1779 1356
517 1481
88 1343
468 1454
694 571
1304 1027
460 1225
1596 117
557 1546
1817 1603
308 1011
895 466
566 1619
53 1528
1040 339
1712 1849
1708 832
1451 1110
1714 196
1568 510
534 1134
339 1561
1657 55
1889 370
1438 1216
1340 1071
1879 122
284 366
1285 175
1361 405
1091 1723
1577 658
1612 14
1999 1927
310 466
417 1305
1376 1296
19 993
200 1296
1886 319
756 1757
755 365
1705 313
400 96
321 1485
1094 1914
672 812
1870 1710
1551 1102
844 1903
1086 312
1395 1451
1090 358
634 173
474 1565
458 668
1990 1937
457 1098
1598 1452
1085 998
412 626
686 22
897 1920
1807 210
1647 1527
1885 63
698 1180
652 978
1687 126
1510 65
1986 46
22 1419
1222 1024
368 55
1104 344
492 85
362 1947
1280 603
1434 817
1550 692
209 642
1450 944
374 1485
1126 200
565 194
977 1731
1173 828
81 400
94 1464
1528 798
1383 815
1856 1044
989 1226
143 987
66 1466
1163 997
1136 312
1824 835
298 817
1132 223
8 1338
1470 1021
1127 1587
1368 1675
1056 1814
236 482
1762 935
1983 829
591 905
1486 1420
718 1815
1751 1441
1511 1374
348 682
1678 1072
38 277
1172 893
1040 540
1297 500
1145 1129
1465 1354
1040 1646
1119 1607
195 580
293 1287
678 1934
1634 571
53 796
1023 337
724 1066
1099 1945
1665 530
734 1675
1097 41
220 624
693 1589
1676 1532
250 847
1229 1744
1673 1230
539 348
92 1419
745 1678
576 1412
1078 39
1042 932
109 647
348 1304
1657 1947
402 1522
28 1551
553 1831
30 1401
1684 1439
1701 1035
1713 667
1652 1703
484 1127
614 1773
623 1521
1763 290
1140 458
51 1292
985 1028
622 867
960 339
1551 1379
439 328
608 1901
968 1507
519 590
685 1411
104 82
353 580
1026 1006
1989 768
1136 1894
251 1439
1196 1472
1097 711
1761 70
1906 1785
1493 1707
1400 330
407 1528
353 125
354 620
364 1979
169 401
502 1935
1962 1342
741 1078
325 1078
91 1735
813 768
1928 1266
1609 377
1854 265
270 203
1404 1833
435 1052
1660 269
480 1254
1068 90
1814 940
1815 1813
1057 248
45 348
107 1297
1509 229
330 429
1716 128
1634 692
718 1657
521 555
1210 81
660 381
1449 691
1492 42
40 1033
1594 1117
1696 823
216 1209
679 1337
1956 10
1923 1052
156 945
36 1198
69 1647
1121 1584
1612 1358
474 1146
63 196
856 756
632 1478
1536 1420
5 173
175 1460
1032 636
1849 676
574 750
1881 1950
699 1153
110 455
1794 1506
1652 1374
842 951
819 1787
170 1069
351 69
1492 1992
184 1564
984 586
243 1423
847 1624
1442 1786
1682 1744
1383 721
1337 1037
887 1681
776 863
1344 781
929 1162
393 178
1442 1188
153 42
1086 300
1939 981
114 1414
803 93
528 733
1797 1279
128 1616
522 379
80 1764
316 287
1670 1057
862 1199
1282 1275
1021 1309
1407 1988
1670 228
1321 189
130 300
105 1200
247 387
1023 1788
1209 1940
968 397
1416 740
1602 1584
78 649
177 352
685 1001
1435 1385
839 583
265 1992
1103 1113
1306 1363
1272 1131
1771 423
325 791
1135 444
490 829
1100 1783
93 333
237 915
1877 1767
1896 1034
740 1401
1214 693
522 566
1042 1246
512 1834
1397 1273
921 1279
1032 1379
1090 734
856 949
1266 865
1476 1729
1243 325
64 1491
164 290
322 343
1694 705
928 1533
1201 942
1466 1515
1341 1194
1322 1821
180 886
1356 459
702 1601
1809 703
1121 701
903 23
451 839
1355 950
1166 1619
876 573
1608 1794
294 139
768 164
914 1228
1012 780
532 1320
292 1489
1850 1808
1175 280
1069 357
707 77
87 1028
1793 1980
1579 1168
1442 1343
1311 810
1717 472
434 98
1605 76
1316 1188
1319 1492
1631 340
1970 37
58 314
1131 214
187 480
1122 936
1485 1042
1054 1465
38 449
1557 705
1128 41
1162 1296
766 1327
252 856
1488 1448
270 1439
1163 96
1458 1257
1814 1880
154 1419
405 1182
16 527
386 237
912 1433
1787 922
1776 864
1284 419
995 413
1127 1739
487 1139
1661 1983
1566 699
981 1024
1133 1632
300 371
1881 259
641 1951
1445 1748
1707 1211
1857 1415
706 1871
1337 531
967 1302
56 1896
503 1872
782 759
1697 1929
277 826
209 1179
165 942
279 1105
884 1497
606 843
944 1176
320 1626
908 720
1453 81
1214 994
934 308
1134 1594
1151 1397
1892 910
719 370
990 1449
780 731
1488 1885
1610 1539
1176 1889
291 643
875 694
277 77
547 912
1992 1147
1638 1322
1220 92
910 954
1835 1021
1093 1047
216 1151
1276 454
637 968
335 1162
1373 1673
1378 395
1713 1894
1514 1711
1101 633
1969 1163
1689 1202
1768 1278
683 756
147 1485
424 619
1260 642
1744 969
76 1166
830 72
754 313
1354 1898
1105 1564
1567 1994
1349 131
1398 1014
467 512
752 666
1683 532
500 1100
1509 837
1711 1572
1890 1055
1606 1962
1789 1009
1660 830
1355 946
1768 938
1564 551
928 23
546 1674
302 607
1914 326
1348 1964
282 405
132 1307
634 1222
521 855
1564 1538
1263 1286
986 1406
52 730
1168 296
1383 808
551 651
145 22
872 801
197 781
1980 1428
338 1463
873 1802
1894 713
724 1058
1311 1008
969 1902
135 1671
221 567
136 529
730 1380
1775 25
1111 1240
374 841
720 884
1374 1682
1229 320
534 1879
55 1070
1156 1483
1338 136
316 1048
1109 894
791 250
301 848
1785 1458
1949 837
796 426
166 322
346 1491
554 703
1424 547
1324 1944
616 1986
1361 465
914 1097
1258 1508
97 1983
995 1347
955 361
230 33
387 588
465 706
665 1079
1693 380
1311 666
1016 1883
1932 1908
653 1133
330 26
1314 152
1405 696
565 1181
760 131
1197 1287
497 1899
1230 506
1738 1390
461 944
584 1242
407 1476
1802 881
797 1048
671 1629
892 1394
1279 729
987 41
1026 592
1942 1345
796 238
125 1640
147 1309
1474 1288
474 706
1751 658
1588 137
1034 116
1052 962
897 1638
899 984
1793 1634
746 926
1387 1240
1326 1209
1973 1105
1083 1258
400 1100
70 511
1634 121
30 1942
781 630
1369 1736
633 1528
120 1997
1554 1749
130 1481
1273 1449
831 1980
1743 24
297 1532
170 1780
1266 669
1234 712
736 542
807 471
1370 609
25 1770
1927 1612
382 321
77 759
897 226
1562 279
598 1495
413 1223
451 870
29 804
1588 194
499 1669
1633 17
645 874
1956 466
1684 1169
1872 1575
1489 1223
2000 571
918 1447
1406 1085
1375 158
765 782
386 180
437 1536
912 1317
1248 680
1444 1510
401 1132
1709 307
200 1164
792 876
1602 770
241 1607
1535 558
345 1872
1711 1657
272 509
1478 1396
16 404
172 1807
695 1922
547 1642
1073 1065
30 82
150 1507
1570 386
1539 1748
929 187
90 733
109 943
275 290
1474 622
1433 1185
820 640
42 1180
1049 593
677 384
841 1119
424 290
938 966
1376 249
1617 429
1037 240
1476 1492
1714 1765
943 1005
113 1048
1734 1485
1649 836
629 68
970 740
1651 930
640 1962
644 122
1572 1909
1536 1209
124 1858
725 1322
379 696
1355 1240
494 446
1219 1916
264 291
1421 1819
217 1706
1910 985
1406 1451
476 662
112 645
1727 1002
1317 1491
748 1768
4 352
1900 209
164 884
922 410
495 253
303 568
1480 6
1791 1713
1616 1632
411 1375
686 496
51 74
791 560
422 1742
1421 140
758 1167
1209 509
191 1374
1662 1780
888 890
779 1453
58 140
1468 815
1736 706
1286 457
1593 1455
5 672
585 679
158 98
299 181
687 1564
1963 988
1285 108
620 590
559 762
1434 1967
789 1086
303 1921
1343 930
1872 1987
324 1166
1478 619
163 891
1785 511
1575 1339
191 640
792 336
1971 1312
1438 1645
930 1155
1643 975
168 766
1212 1312
1799 517
125 1984
1426 1142
808 1251
1439 1283
549 1866
594 1467
742 477
358 1499
346 1459
1473 323
899 338
1291 347
221 1415
817 374
1955 704
1848 75
1780 1238
406 684
1991 870
832 263
648 313
269 584
243 620
320 1475
1544 1021
1847 817
75 847
1776 988
1713 1857
1666 238
301 635
712 1482
1426 333
380 498
1670 255
578 406
1058 818
609 1680
161 1033
879 1114
125 234
1497 896
763 520
1762 783
106 421
692 303
247 1284
218 807
1324 789
298 302
276 1537
365 1735
383 1992
1601 240
1675 1866
1045 1852
861 39
1606 21
1173 808
264 190
1771 532
1578 1753
1356 1348
713 1909
256 1705
489 831
888 963
680 1651
522 302
1254 1501
577 682
43 1568
1733 1032
1688 1598
1266 617
1319 1246
1012 699
1844 1784
1775 775
1802 534
103 1891
1091 1203
657 1827
743 510
1356 860
515 1272
1708 1185
1559 1588
1394 1366
500 139
1753 1910
770 481
1821 1082
1517 121
1303 1830
1229 1301
133 1309
1560 71
11 1204
1461 1492
568 1473
444 739
657 198
1939 1195
977 1630
1783 1988
1789 400
991 351
430 7
1586 1595
620 1499
1572 772
477 1013
518 1028
1564 1405
422 816
128 1688
1171 1916
1325 1587
1691 170
1912 1887
741 1164
216 1683
383 981
1228 1095
873 1138
1972 427
745 349
1511 550
439 747
445 1175
1141 1397
1400 1203
1001 790
1038 114
713 1606
1741 1384
1731 1545
1595 1851
702 1817
1245 1403
771 1241
1283 963
578 1514
1419 1931
1175 496
1418 27
1019 1538
55 1426
907 453
284 1315
1092 712
1773 440
605 1768
280 16
1078 1726
53 1993
1921 1627
665 613
994 1757
1037 1832
711 533
1181 68
1168 131
1686 1743
1495 377
1802 944
1790 217
346 460
1447 382
1832 83
1886 162
771 665
716 351
1716 309
1985 1538
982 1860
838 1831
528 473
521 1421
1135 1582
208 1774
247 809
772 878
1717 1285
406 1268
866 1572
1061 1694
409 656
1620 608
1336 1885
327 178
1017 45
35 112
308 1726
539 1123
1532 724
1669 629
706 1122
614 1558
1355 448
1678 1564
1184 1959
793 1476
1939 810
1740 464
1736 717
1372 995
1220 1170
975 1332
1897 1167
1102 271
1885 1948
479 371
1052 1439
1372 330
1544 428
640 1436
1872 1132
1567 81
1970 685
1513 745
1200 304
415 801
319 1731
1429 413
1241 43
1565 1543
338 1985
476 1746
1900 1654
1973 117
471 17
1013 513
1697 817
1749 1429
1669 542
1321 54
1996 495
1995 930
1452 197
1424 632
139 827
1918 343
678 919
202 1911
926 1500
1767 1740
41 48
1213 892
1138 1974
1489 1617
61 1071
197 1141
523 1832
458 423
1325 388
1740 1958
1849 1128
1780 1016
1427 232
1309 1284
272 1652
1391 69
1669 1400
1 733
1760 1998
469 45
829 1055
720 1869
567 1710
1712 1772
657 1722
1844 778
1928 1302
844 1651
842 1053
1867 1233
69 133
1417 265
1159 1096
580 40
1733 357
1331 1061
35 281
144 1201
1830 1195
38 1165
1917 1074
459 1094
1977 893
1645 721
1457 1356
638 834
1327 611
698 546
1908 413
1377 818
944 1865
1024 783
1015 306
1385 1455
1265 1934
994 1721
48 1117
887 405
142 430
1039 1697
409 1841
534 932
213 743
1922 1364
960 572
669 735
655 1760
1352 1260
89 284
11 703
227 1587
1449 1845
957 1026
1176 897
1577 1650
1184 456
1723 480
1131 379
968 627
1165 199
1948 1791
62 1016
1320 1024
1660 929
1063 288
1010 294
1345 252
1014 1316
436 1472
997 8
342 407
185 789
956 1454
1318 1271
1307 1891
617 584
1358 1207
1030 161
132 567
1902 400
1287 1629
1121 847
43 387
1918 274
237 355
1198 1578
1319 199
922 891
1217 983
1844 1425
1941 1034
363 1606
1860 438
191 1779
870 1415
30 652
1315 534
1654 1284
822 1881
1029 387
1465 1332
334 52
667 1941
1170 769
1575 1595
1085 1399
313 1324
1823 1548
1536 1708
1828 1486
1965 1715
1592 1713
942 1555
928 375
1477 947
1099 1154
1157 1253
863 1213
1434 1366
1678 888
1374 888
802 1997
1385 592
1358 176
1584 397
993 1264
479 1021
1623 1168
836 1435
1789 1803
1627 52
588 230
961 858
1489 160
883 801
1046 1037
298 1601
1405 209
995 5
1016 48
1401 461
1132 858
1925 328
406 1803
765 1330
1925 331
253 1891
1992 649
167 408
103 1888
150 362
288 88
159 81
914 401
1816 657
874 343
1311 940
1950 1395
312 1044
1684 213
225 264
769 672
1944 757
189 962
920 212
1245 663
511 810
908 1763
230 1383
184 470
1909 128
948 1734
1164 218
525 404
1838 1254
1716 1711
226 1841
905 1828
1156 1808
1241 319
101 1178
503 714
609 847
1622 1486
706 1684
972 1650
807 709
1380 707
975 1406
171 1684
901 1247
1885 52
1702 1057
1397 712
727 973
1830 1834
768 1508
60 868
1130 1228
1229 636
1355 1958
1689 625
303 1264
780 553
266 376
946 136
852 1784
624 1420
461 62
98 833
938 1182
1655 189
1367 938
1924 1100
21 1324
1073 562
138 651
1437 1822
1647 1100
123 865
1029 1923
1489 1280
852 502
1006 1807
1405 1752
1436 494
78 1392
1014 609
398 1764
1355 688
1912 1305
474 477
1520 338
1182 1159
1177 612
112 861
1043 92
1279 1032
483 1198
285 1201
1177 770
1183 1112
1182 223
1187 316
1702 877
781 38
1804 912
901 1612
1788 30
1224 1069
187 753
1738 104
91 1406
389 640
1614 1507
1819 1437
681 1043
1764 1552
595 1186
1076 1015
768 855
454 533
1804 1044
1212 411
429 1734
771 224
1281 1704
580 252
1052 1780
1255 1027
600 235
485 1120
101 1663
1234 346
1225 1284
1575 640
139 1490
1189 1674
106 1418
1780 1420
658 915
461 1861
766 1846
11 1946
77 803
539 1380
191 1201
688 1105
1102 1587
1969 273
637 243
202 1677
211 744
212 441
1195 896
535 1614
1734 38
1470 367
699 1352
672 208
1539 1112
378 1376
848 1912
1361 1473
151 1877
1871 1433
474 904
364 824
1784 1564
1471 1139
476 1224
567 1776
1322 1533
985 383
288 1135
1015 1059
312 688
659 1919
1302 880
796 1146
843 1987
284 1283
1181 505
1170 1542
764 1845
391 727
536 826
18 1788
352 84
668 1358
214 1599
1409 941
1104 197
6 193
431 74
1035 1035
1768 1266
1451 506
135 633
819 1728
993 1847
1674 537
599 1237
1020 83
1405 457
1567 1879
490 1009
474 221
1105 365
265 1617
1508 101
762 1410
1984 995
1218 569
204 1665
1327 789
513 1243
1635 1672
1567 518
415 860
1596 156
1837 1937
1234 879
237 897
1649 436
386 1955
167 664
1157 1202
1189 170
339 745
315 1552
1839 442
1715 1465
1983 1819
1405 83
1823 404
847 1126
701 1552
644 1371
1032 238
537 729
1481 974
306 135
993 1515
141 758
1342 499
700 497
1768 778
1199 536
137 1825
1118 127
1727 1912
689 1374
1410 540
530 1356
28 1286
704 1588
254 1454
1423 552
1402 35
1227 1983
1942 1237
1291 1904
1462 1729
1724 294
1745 306
93 1992
1365 932
1238 238
128 1559
1230 1915
1386 1850
168 958
1644 1637
380 1050
1881 1007
170 817
1087 529
1790 1581
1673 1680
761 68
1675 1478
1093 130
547 1896
1498 1183
1829 1488
36 731
389 384
1394 1902
73 832
1119 455
871 895
14 116
1978 1216
1546 230
1565 1445
434 1514
120 1993
95 1172
1167 829
1967 157
1678 1576
939 1033
1991 256
1050 1918
1958 373
1848 609
393 937
1703 1862
744 392
254 1007
45 961
728 1484
846 1543
1389 1987
736 261
74 1841
1199 963
1482 1599
1858 687
1782 515
1966 1270
1136 1606
592 1383
1345 1487
1370 293
70 495
883 1967
504 417
1085 1847
317 398
224 3
1126 1623
592 1451
1486 1952
958 684
1671 1611
1757 677
1242 1144
1059 1207
1688 498
185 728
575 1461
1924 1702
1 1811
1269 1200
1567 1828
1094 405
532 466
1527 1395
320 503
1074 80
1557 1378
1305 1910
254 1957
1903 1783
1394 1374
1553 1722
875 68
969 777
1264 1648
366 28
380 1100
847 1341
1608 1510
985 66
1745 1481
894 1935
159 470
483 1757
152 68
1775 115
1138 492
1862 1235
1555 1422
1527 1280
83 885
366 1709
381 53
1067 54
66 149
77 210
424 1810
199 1851
1822 209
586 647
1027 1090
1524 351
971 180
1470 1463
1999 142
1540 1807
193 1645
1222 778
1251 757
953 926
339 1735
1592 14
228 1757
1501 979
1964 1903
1605 342
1885 1469
1419 111
1997 733
268 224
1447 1477
470 525
749 1148
247 562
1133 1838
1759 1019
757 948
300 1486
1633 888
69 578
73 920
1547 1152
812 122
317 542
773 154
1988 221
712 829
221 1072
1864 203
1926 632
1404 1791
660 1230
1301 1136
1675 1132
1442 1784
708 1291
1799 596
1356 253
1472 312
1411 1935
84 661
686 912
1225 127
1414 596
1621 86
1461 734
1486 140
1583 182
1879 220
1171 83
433 871
1628 1778
856 374
1716 1947
641 1156
991 1400
1491 822
1901 654
1220 1005
513 1662
1964 366
1630 1898
388 1981
492 94
1608 1489
332 1808
249 386
1068 1544
1047 1984
1259 364
88 1277
1368 1827
427 1353
1310 856
842 1199
463 703
1473 1027
958 1661
1022 146
1203 206
335 233
1396 1323
781 1637
443 970
1624 600
847 1101
492 288
873 1871
1204 1796
1242 1043
1241 778
763 1754
1285 1187
1842 371
611 624
43 297
1112 1362
311 1288
1410 1798
171 1077
108 1457
1840 166
256 103
211 989
896 101
900 732
1864 1222
1771 1849
1032 494
598 1781
555 1636
639 1433
1192 569
1658 1452
336 478
1360 575
650 1589
683 1726
562 601
1961 1345
782 141
1768 1584
1042 69
1472 759
403 1928
339 1989
1776 617
1156 1131
1555 578
826 1728
981 1461
666 547
1243 1037
60 742
1403 577
289 921
1815 141
1012 1271
1041 1253
260 1055
239 1525
1322 1622
1479 1342
1149 931
731 1159
174 1753
471 794
934 433
359 428
1502 426
1068 633
512 1207
170 1539
1634 538
428 695
894 579
304 1297
1657 1122
1371 1717
1107 1249
672 264
165 70
1175 6
1075 964
534 1769
344 689
598 780
1928 1211
613 239
1251 1548
908 94
1731 26
1602 1456
1496 1773
456 138
1325 194
1942 1032
466 271
312 1958
796 1217
1809 1562
947 1948
1241 589
251 1860
1727 1460
835 475
1798 939
1457 749
498 836
540 281
577 1148
268 536
1554 1930
1504 897
1359 760
1488 30
241 563
263 1741
699 1065
1835 1257
1325 1907
983 1653
1772 1911
252 38
1606 1241
1967 326
1841 1344
754 628
1691 237
1943 1641
164 1297
1851 1428
1302 1207
1408 1226
1832 1084
1408 47
1437 990
1048 879
769 839
1003 219
693 1666
1990 944
1254 589
514 605
845 373
1822 857
1377 652
1164 75
1324 228
71 1368
881 1692
1061 580
1462 1338
974 1824
1673 38
976 365
230 786
999 927
1534 1926
1646 870
1699 1134
1538 728
225 440
1056 518
1574 1330
1951 1846
1531 155
67 93
1070 830
565 511
477 551
1483 1362
1086 96
1017 1429
1577 709
1328 1149
1780 678
1778 964
810 519
44 503
552 1041
272 1277
629 965
289 1712
1231 1596
842 1107
1142 849
744 1903
1162 1380
312 1288
616 557
296 973
232 406
880 928
311 1737
148 1847
509 332
1765 516
1971 1182
468 1448
980 147
1422 1582
1931 1635
1990 1780
1421 462
1455 139
1326 1827
518 501
1325 677
1439 1048
1778 1531
836 983
359 127
1313 1165
58 1880
1452 1892
151 705
918 1151
1318 110
1544 1835
132 189
1466 1059
1658 1032
1870 184
1848 574
1455 1469
873 1096
837 903
147 783
1800 798
698 1633
266 183
1941 1366
583 1957
564 572
1593 1776
531 1365
960 1993
464 1654
1971 1411
751 1531
166 1021
1727 940
368 1746
236 760
1 482
675 1484
1483 1805
1217 494
1113 1036
536 1140
1126 386
1405 1451
226 770
1241 59
1406 1019
732 294
1262 1118
892 96
751 783
989 566
1197 1638
337 45
1601 307
1202 695
806 648
169 1301
531 1522
38 779
846 299
508 1345
204 1451
1270 589
1298 1304
34 781
1708 491
997 340
1154 808
529 58
140 393
1409 646
1282 694
370 1018
521 718
1467 108
548 1138
727 1275
1125 1838
150 1025
545 26
1531 1153
707 859
1852 308
1017 1399
234 150
1510 162
1805 895
1983 1824
1599 1052
1713 1956
1955 939
558 661
1662 1929
549 981
443 1060
288 365
1015 100
63 697
1903 576
1271 19
609 1655
1453 834
605 885
1124 1424
1773 1587
1332 940
291 1880
658 118
630 1928
277 282
1828 421
352 908
1903 1398
661 477
1136 937
1856 894
1373 41
236 559
553 1521
1276 1163
407 264
193 1913
1544 76
842 1817
910 1971
417 1206
29 548
1770 1478
124 755
1893 16
1805 1538
643 1161
1246 1047
556 662
577 386
126 461
1467 1291
1315 1947
1334 536
1731 436
71 874
1304 800
1465 342
202 1811
104 30
1053 1578
272 1271
1255 1954
1825 1695
17 859
1592 880
711 1338
1577 1832
1965 1888
1657 716
1380 1942
1 1734
1026 215
1534 863
1167 1545
1221 1719
1667 1790
1023 249
426 798
1175 987
1118 175
1102 1131
1733 756
1960 1598
18 154
706 368
1911 1563
670 708
822 1328
839 1359
186 2000
1389 755
520 1014
688 1174
1184 509
837 1845
1806 146
1477 1239
1922 777
249 78
1201 1547
897 189
940 46
573 1831
1848 554
549 1790
481 265
1788 635
1253 720
1458 1459
567 356
1416 1704
1470 1769
1963 408
1132 1356
1795 438
803 1788
618 50
925 477
1671 390
137 1046
346 586
793 838
1377 323
146 1842
1975 1110
1638 827
962 708
1105 900
806 1181
94 118
943 297
1661 1083
1861 488
1505 1635
32 656
153 1737
145 1390
187 1771
1209 1407
226 1108
1927 1995
1074 1465
814 1379
155 16
1579 778
1378 236
766 40
238 918
1766 1343
444 168
1168 101
1854 1569
1449 568
779 1289
172 1008
1239 28
381 787
1963 412
381 632
179 581
468 1420
50 769
1283 929
266 1113
1844 1152
1441 1287
1316 1425
690 1781
1883 1110
1262 1454
1477 311
192 431
1632 1125
1125 1903
1017 191
367 1142
879 853
309 1459
540 1507
1241 1366
984 1189
33 1137
1904 1285
926 1216
711 1164
1047 1705
1070 356
82 1575
75 287
906 1107
283 274
1876 342
1446 748
184 276
274 692
1192 1929
418 1391
1018 877
1249 838
402 1650
1056 487
87 1456
1839 708
1119 1260
1581 228
154 1425
1550 1673
1583 42
1320 620
370 1023
1624 1197
1495 1500
1731 1819
1250 169
1615 149
510 1986
1678 1741
854 1773
833 1000
275 1273
1279 506
1053 896
598 367
1534 415
8 1811
573 261
76 758
1093 1593
876 468
1095 501
1971 215
350 1366
1819 1501
1958 933
1695 1136
122 615
1753 785
1889 921
1477 986
1042 1317
816 1674
919 1910
1826 1557
1678 261
1785 353
429 1185
1715 814
1626 911
157 1238
593 1314
440 131
631 672
1761 532
534 273
1490 1168
47 1374
691 375
465 1492
1954 871
1940 753
492 613
1418 1932
426 446
1092 1989
1106 1951
1945 1165
801 1240
1926 1035
302 1654
1815 787
1042 27
1734 389
1192 1023
597 1159
959 1481
1648 606
274 958
1750 1306
174 1151
1155 1218
984 31
1172 184
736 1756
61 1970
46 1026
726 1889
928 232
496 727
1719 1239
1346 1451
1947 1413
425 775
1073 1226
1930 728
1795 1136
740 1494
1134 862
90 363
1581 273
582 1687
1729 473
1386 1273
767 1476
924 373
384 1879
450 1382
1573 1679
1785 1181
1368 979
199 658
516 428
894 1826
406 1864
572 800
1059 972
818 1197
1133 1554
1879 1780
46 283
1199 242
1465 1
24 1443
1610 1539
1365 477
1120 1467
1608 254
62 949
300 254
1085 1204
133 483
115 1216
1932 1229
1861 433
678 254
392 274
957 1946
1422 1223
1355 1668
41 1846
1480 1610
466 542
728 929
1341 19
1094 1895
644 1541
1889 638
979 1001
457 334
506 465
1735 352
386 920
821 676
1649 883
1284 1637
860 909
847 1342
940 1661
1193 331
1794 692
916 919
927 1196
573 605
1817 1736
1790 494
1674 1447
775 1030
1315 712
530 1276
1375 537
569 1107
385 914
80 193
58 318
202 394
943 1944
351 987
1698 1792
1726 1939
1129 1578
1123 1332
231 1504
1196 1589
1767 839
1201 1619
111 1329
429 601
1569 876
1785 7
792 487
531 250
313 934
1260 1270
1846 680
412 901
895 1670
1839 1559
1338 351
445 1321
1007 245
43 153
1955 628
565 788
1278 1879
1140 1743
1206 690
1111 1145
786 1604
291 611
752 1808
768 1619
1666 1331
910 947
485 377
508 134
1737 1429
180 1104
1177 148
1626 278
592 1552
1586 1508
218 524
201 299
236 962
1892 320
145 1182
231 1493
1894 1213
593 1862
194 1053
958 1163
1885 1848
1828 1264
1525 1571
353 1507
163 660
263 1690
696 217
1736 1327
817 1522
3 1195
496 1657
532 1694
1044 459
910 1354
1298 399
479 1733
1881 1546
8 1263
536 1121
905 874
1647 1279
30 246
661 1503
509 613
1494 1728
1144 194
310 756
1511 1997
832 419
981 1768
601 1951
1910 128
40 1084
964 407
1536 1870
754 929
1907 1047
1778 786
1633 511
848 1682
628 654
612 1693
1273 1812
244 511
536 900
1849 1791
602 379
562 1100
977 1988
78 919
1793 897
238 137
1349 1165
396 1505
982 1354
953 594
1975 1299
426 1517
783 987
1820 1251
1851 1695
480 1885
1190 535
318 4
833 1667
1117 1201
1897 843
998 1933
1077 1710
1056 1212
646 1002
318 1442
330 1358
1233 673
130 363
1452 568
1602 1871
1770 637
491 1653
1172 996
640 649
1907 149
39 1276
180 1699
212 1193
1425 1046
522 653
40 1969
815 1242
863 1305
418 242
412 1438
546 893
1488 917
1091 1518
1915 1141
1599 150
1074 88
298 1245
1300 979
1617 1161
1163 890
1764 655
613 289
373 558
579 1933
248 1223
1652 1395
582 564
1580 1517
237 711
634 597
233 866
335 506
719 92
1567 1550
1228 1250
852 674
1407 480
321 1913
191 602
196 701
1141 1675
754 1975
341 1318
897 1862
1954 1223
1754 165
1900 1337
528 598
165 1684
1447 1769
1741 1132
80 1331
435 552
1812 1108
63 1859
98 1343
1314 1276
1750 979
1887 1265
812 1586
1718 1362
91 378
1008 1996
733 1815
1120 1448
1400 969
1330 1922
815 674
1636 1718
389 1817
1781 1423
1640 245
1864 872
188 287
379 1905
416 1110
1095 988
1748 1146
789 1741
1105 1468
335 654
240 1370
1271 630
259 1876
669 430
1520 1643
1849 1620
90 890
1886 1868
1152 424
1325 1104
281 626
1121 1749
1118 967
945 36
449 898
26 1687
1254 104
1699 1304
1221 1298
751 1828
432 82
1530 921
1466 537
1568 1332
82 1
1277 1918
675 1803
1171 1591
706 1944
575 728
187 694
1081 218
966 1277
435 1285
292 197
1177 1812
1977 106
1271 491
551 333
1456 603
282 1626
603 57
1174 737
1842 1566
1781 1268
991 319
747 1080
99 1899
907 1728
825 75
882 730
1711 805
1308 601
779 1009
579 727
1489 573
585 451
140 561
1677 505
1379 868
1658 1069
604 489
1487 474
1599 1972
1113 1484
253 146
1430 690
92 1099
1281 1305
1429 1316
33 1127
1138 412
660 1121
598 896
1604 1630
304 968
159 537
415 1700
822 9
1014 1189
604 1282
1022 1516
1763 813
781 1497
429 515
1925 1232
1148 343
1648 1743
1506 1415
669 1354
140 1843
1676 633
1525 733
1673 935
1393 1318
904 1442
793 1453
1443 1862
1005 344
1812 867
1763 24
463 1953
7 1731
961 1817
524 1643
886 573
758 1815
786 1770
164 1587
388 1077
341 811
577 1744
78 1452
1716 392
169 1990
1687 1768
1095 553
1812 1175
1424 1856
827 1966
130 886
783 1959
1229 53
973 1787
1063 1649
1976 1348
1351 765
849 1606
983 1966
1265 911
1746 1843
1285 1075
1303 942
60 1669
762 419
577 138
1054 1144
288 59
101 1373
1987 899
797 46
1594 181
1786 689
860 424
970 487
1336 693
849 617
669 1927
1407 1813
1306 60
874 1868
1369 795
503 1785
1018 1445
1716 41
119 855
296 655
539 339
1219 384
670 95
558 1651
1892 1842
1440 662
1878 669
1046 301
196 130
1431 832
247 666
1008 406
1887 1977
1830 833
263 1990
669 664
1078 512
1933 291
1134 1207
1020 516
1198 1814
632 130
1280 403
1817 486
712 1755
1434 903
179 1997
1229 909
139 1433
62 1028
427 1396
275 1714
136 576
993 969
954 601
1608 1098
817 1495
638 846
149 687
512 1569
1318 1201
947 1101
541 1279
1821 639
637 470
1679 1428
1244 1192
55 118
492 1732
792 704
1535 235
11 1485
1846 1578
537 1296
1551 1277
372 1996
1193 1716
1331 1679
1117 1124
1469 1743
1914 1098
144 675
789 598
122 1526
1303 1560
90 288
290 1204
1068 552
534 695
602 1286
941 1732
1655 426
760 1670
578 359
461 380
264 1363
1300 288
282 687
843 829
1118 1320
1458 189
1150 1978
1792 1758
489 1743
670 541
584 100
1523 19
1352 1709
1797 1831
481 1780
1587 180
1809 1006
800 674
927 211
1605 829
1593 1523
730 1394
1365 1216
1830 779
1660 105
1326 1781
1791 144
1266 1271
1667 189
1247 1214
542 971
1666 296
1023 885
1729 68
756 1709
1185 1921
1720 1663
155 237
260 1903
7 598
63 1127
1846 1479
1762 198
1843 632
326 88
649 497
1668 1590
1954 1704
1306 220
462 712
1559 141
984 1855
1330 1818
809 1475
1268 499
805 1228
936 271
1568 512
871 1136
1223 310
1296 1380
1731 1149
1074 1761
1052 481
945 836
1942 1343
1532 1031
1266 1749
1040 822
1689 533
231 1249
731 1709
873 1738
1967 253
813 1265
863 1049
1866 1098
963 1121
1966 1642
86 1189
1930 1219
1832 1002
569 1088
59 1154
461 1550
1074 1646
1262 948
1426 1275
1537 1315
1920 308
1333 1275
1684 503
987 1707
781 1152
1377 350
1964 240
818 1945
1943 1224
1328 772
1481 579
1143 1078
1160 968
1550 1907
759 220
378 1710
1299 623
150 1964
1981 15
1992 1027
1212 1440
1645 1067
972 1328
303 1256
400 1421
1759 1026
1670 499
1581 754
685 1400
1926 1828
560 623
1 1752
10 1216
976 1542
1849 250
224 124
231 725
1834 1151
1775 757
1625 1194
683 1607
1372 838
68 729
1398 67
156 1420
1286 1691
1375 251
1597 456
1239 426
1855 43
1269 735
413 20
1842 1830
669 563
130 1361
844 110
1044 1432
1824 841
1270 1736
1072 969
1613 447
235 179
1628 1165
808 1129
940 820
1986 281
917 1215
1724 1747
1058 4
1771 1550
375 1914
1621 1742
508 610
990 903
1542 941
669 1109
715 379
143 306
241 938
631 334
59 1465
1761 1900
96 20
1963 620
1001 513
1027 1339
1415 1476
806 1115
1221 1262
1940 707
1996 1485
224 233
1357 1133
1376 1145
998 578
1550 229
820 969
247 332
931 1524
863 1517
1469 1146
1560 1024
1399 1510
155 33
52 484
1498 1201
168 1010
1241 955
124 718
1878 1617
926 1895
819 1744
224 1954
875 528
845 410
58 290
1601 1245
1826 800
1376 314
809 942
194 1663
1723 1921
1543 754
1376 671
752 661
1327 1652
577 90
1540 857
1562 1595
813 1016
1189 823
1873 1629
1432 1630
941 197
988 1015
130 833
726 675
1217 684
970 1339
1144 711
1066 1846
916 1800
680 329
862 1142
1541 981
1782 1938
490 311
294 1103
1305 1530
546 1064
643 88
1458 1332
1407 1254
1500 588
1808 1603
571 1654
921 1871
1269 44
130 1764
1700 1926
943 1658
408 1462
1584 336
864 323
1322 388
496 820
355 1528
743 220
1757 458
1012 199
1485 514
496 1353
815 1417
1799 1608
1356 522
1307 1694
782 421
1906 118
371 795
1562 1887
837 829
1377 762
846 802
241 103
241 1022
384 650
1682 1870
1557 856
106 783
1967 569
310 1857
1480 1623
962 1661
1261 1638
304 370
1589 1039
678 1013
1152 1896
1924 479
47 386
1818 1184
1 449
13 1678
1114 228
129 1552
1080 1767
1888 1065
1131 780
1205 1277
1759 1632
849 1551
1054 1077
364 1810
1672 1420
1692 1301
1216 228
1797 1233
1565 1194
1028 1910
293 1269
345 1715
1494 1366
1147 1112
230 1381
1883 575
1638 1204
1460 1237
422 368
689 1439
1890 863
1236 1835
972 273
891 607
1126 1156
39 196
1078 1174
672 1446
1564 1580
870 1964
1638 419
1032 1795
206 371
1446 12
641 406
313 1592
471 495
1271 346
1268 72
1162 205
400 879
1441 1731
1039 120
9 1132
1957 338
748 1198
697 1762
779 752
1194 1131
1713 1629
1926 1519
265 1942
1676 1421
1535 1725
1540 501
1745 1583
1225 310
1684 1949
125 1957
1343 679
605 1459
1347 975
1248 255
490 1362
1215 1938
961 1493
1629 467
1098 95
219 1979
1659 1604
545 1645
154 17
431 1197
969 1040
1991 472
1526 1923
1165 1873
1119 1251
1531 753
1585 49
601 1460
1688 687
104 86
1720 193
1568 23
680 529
390 1982
745 342
172 900
1559 1454
142 419
116 1663
366 1004
1585 407
65 1223
34 145
829 1616
1502 694
856 343
884 1309
1080 766
1818 28
55 829
1769 1221
166 211
773 1913
693 193
77 1429
1528 1055
146 6
942 192
1427 1213
488 1530
1789 1289
839 1948
827 768
1537 1453
1829 1208
311 389
1906 1241
1361 1989
368 1191
859 406
1052 1604
267 396
1378 238
1606 303
136 1311
1493 1905
908 1277
1846 51
315 473
1831 1987
613 1211
124 1562
283 1277
689 1977
898 1721
742 235
1376 1813
862 339
225 1062
1542 290
1563 1462
1937 1755
1770 1743
1959 1357
1388 1676
730 1769
1695 1226
1684 556
1958 193
1221 1715
1825 1392
922 178
1347 1272
613 1225
438 1759
119 1610
262 290
1660 945
1817 96
1730 672
452 1078
1301 1747
1028 1078
1324 1244
4 1490
1454 1108
810 1399
1206 1189
1999 1225
1082 1831
152 866
582 1896
1313 982
960 262
1937 603
1966 1710
1022 1725
1518 679
1393 1751
514 158
1002 270
821 1437
501 1835
1114 644
738 551
1776 1910
34 1691
1205 689
264 1851
1894 671
226 457
1707 1095
39 988
1 1922
152 1371
1509 1947
1408 1523
1409 1441
639 122
947 1900
1336 193
1090 172
827 550
1403 37
53 965
1864 1596
520 476
1885 1048
1207 111
584 132
1575 1108
208 1116
326 622
1232 922
575 1194
823 1205
1615 1693
1114 884
343 972
600 397
341 255
1524 1760
221 406
1254 1169
1084 776
613 966
1991 1151
977 932
433 19
1898 1729
1038 1980
739 836
1387 1513
389 260
949 239
1460 1379
1526 249
500 1050
714 145
1669 131
1907 512
1140 1894
1843 202
1119 1181
942 1469
1900 1529
470 1965
698 1246
845 775
1500 1157
1342 530
563 554
1910 589
571 533
1058 895
1471 1036
1795 1700
45 1162
747 1782
312 441
807 705
213 1996
1245 885
1991 1841
569 1285
993 1811
1035 1873
1196 499
645 199
1045 1040
644 638
160 1326
1118 546
1007 332
1314 633
1346 833
1859 55
562 604
1542 1949
1120 1148
1984 1889
96 684
1055 933
1349 974
902 100
1800 1570
951 1370
1853 983
560 821
902 74
1878 1775
1432 741
660 1249
1610 1448
1123 1360
585 1336
1667 1468
1554 1934
695 209
712 543
808 563
520 527
1098 578
1276 1682
914 347
1806 1739
1757 1605
26 1127
618 41
928 7
728 1964
1334 1930
1068 1803
1215 1059
924 1079
1886 94
1254 1246
1661 1566
1995 1232
1205 1751
318 1527
1178 1256
1071 1029
1524 1004
122 319
754 1075
453 1024
1245 1409
1349 1227
1414 157
637 1350
1212 1421
695 939
1851 1328
1095 405
1227 1851
1151 1962
583 1648
20 403
839 446
1891 271
1166 675
1543 1944
698 1719
1602 29
97 1837
695 1097
1431 1727
1720 267
1531 364
1677 1015
1454 415
192 423
694 303
1462 125
1518 764
871 1479
1352 1438
848 754
1165 1320
1144 614
1738 1155
1539 997
1915 135
1173 939
1849 1630
1998 1886
1051 1800
1028 1891
1870 1463
1077 208
219 697
814 379
884 1837
906 472
931 212
1619 1702
1952 1670
963 359
1637 899
1857 1141
224 325
1133 1547
807 894
1856 1581
870 1082
1656 289
1536 1589
28 1624
768 26
17 773
1609 1248
132 309
1393 615
68 747
1347 1572
1411 1282
214 968
729 1474
1694 1530
32 878
263 1085
1157 1217
833 968
1384 114
926 1263
1309 223
815 295
499 1020
494 456
428 1501
24 1175
184 1432
1319 207
1075 272
608 687
441 343
1031 313
1763 571
854 609
1565 660
312 384
1258 148
339 859
133 40
1932 1757
1406 1515
1355 68
825 927
1561 1026
944 1896
1050 165
1693 825
46 1857
1808 562
161 566
1305 877
410 594
569 932
1494 1459
1814 1712
1758 156
559 1025
881 1615
468 782
300 1523
440 1379
1398 1431
1566 955
1476 1522
114 292
1294 691
575 845
1096 503
205 1138
1799 1204
835 350
1461 1058
781 1897
1078 1397
1907 707
1956 887
1441 736
669 1339
1200 25
1769 114
31 190
163 53
710 1598
1597 1979
824 321
1 652
1088 1079
1933 1849
1777 81
707 1669
1434 610
1313 865
1299 1193
1089 507
165 630
636 1276
1180 539
1213 1665
1781 1253
66 1069
992 460
1997 1117
1902 1042
444 898
598 1278
507 1454
988 1344
1648 1860
1882 141
1411 810
161 509
349 919
1463 940
498 134
255 1705
1819 944
1304 493
1580 349
1835 1338
968 439
1538 965
1458 1979
726 471
1998 624
1144 676
1157 546
847 429
588 1393
1582 1420
866 205
72 453
1412 1757
1579 248
1081 1332
1424 644
908 841
276 1983
1562 236
97 920
1706 1849
1348 1883
1626 920
608 716
193 714
53 1318
1232 464
715 1412
1287 456
1118 1191
986 1604
1970 229
1368 663
1565 1860
132 1116
609 1919
582 718
11 1769
1512 1044
749 848
1264 492
608 476
960 72
1828 949
17 752
209 1969
1936 271
652 998
908 1561
1626 166
889 23
503 1864
309 1646
884 1778
1215 1966
132 648
1601 481
1514 1908
1188 1379
942 1477
621 1508
637 1979
1009 1403
339 1511
805 1840
41 819
565 1386
1197 897
447 1812
462 672
854 57
287 1237
628 109
1602 454
922 39
1432 173
1179 598
1300 882
1466 1483
1219 753
902 1314
1456 1349
1359 1584
1439 1313
1511 1337
856 1400
881 1867
775 292
896 308
1363 395
438 1332
1272 672
94 1591
1771 190
891 1794
1481 1754
609 273
849 1618
411 1328
742 1794
1976 236
1485 965
1244 1897
162 1071
1980 755
129 1937
1257 1610
1926 1149
1560 566
1494 1111
1099 1426
99 37
1048 1438
1723 1675
440 1745
977 633
1508 1807
1567 1990
1753 1141
1314 175
354 588
92 1503
1430 318
366 487
1407 604
1941 1962
865 1687
1201 1687
106 1278
760 98
431 1837
1945 1140
1415 1665
537 247
592 1444
857 1132
947 434
422 849
1298 792
1943 1106
235 711
973 632
1093 331
1972 1911
1948 1281
1510 990
570 119
370 1254
586 1249
1038 1421
1867 1239
180 1778
1050 233
1274 1277
642 1668
5 271
1021 534
1377 553
55 1819
1687 332
1576 500
1344 237
766 588
1939 1059
1902 738
1523 1481
1012 1613
982 503
31 1976
1145 1836
1650 1202
1188 868
121 159
999 874
129 847
1369 48
1877 91
449 1344
867 744
342 502
1280 1489
1713 2
1047 979
1685 1137
1969 1087
1251 63
470 1938
1871 1078
997 691
1250 1345
1332 775
1324 1264
523 468
1874 132
642 1090
255 530
799 1055
269 818
1807 537
1403 1850
1697 1390
1171 1733
1740 1123
417 1732
470 677
146 519
977 494
41 1480
1023 241
1084 187
1837 221
71 1022
858 258
1601 1081
459 303
639 14
1398 1764
1103 1858
21 1778
87 878
291 1594
421 1018
139 1714
61 95
1400 1533
796 1396
360 1217
1672 251
249 785
809 1145
1535 372
1207 806
1928 399
1826 1530
863 934
955 1067
654 985
673 73
1222 79
87 743
1003 1624
1656 1708
1498 1948
1004 54
1619 345
1053 1997
1284 1693
493 1517
1371 1934
995 1460
1578 506
1412 532
1246 892
1341 86
503 1411
1584 915
1190 1384
491 801
1428 276
1358 493
629 828
596 613
747 276
687 102
581 471
770 1284
1315 814
450 405
1164 1799
387 535
726 1979
648 1691
787 1807
236 984
517 1833
1485 298
1061 1345
967 1993
1348 493
1182 857
392 1754
465 1112
1661 1053
466 1385
1968 1416
1569 1830
71 7
9 845
606 645
843 1004
1577 1209
1424 81
476 380
1404 1626
1265 1310
637 933
826 1043
1320 463
1349 469
753 622
10 669
1584 1541
461 787
1439 791
992 1128
652 1213
1191 643
862 651
1839 516
373 1511
132 1391
1846 778
139 198
756 531
958 118
579 1908
1902 423
219 1049
1502 770
484 585
1683 1831
263 478
1668 1841
1378 316
517 1822
249 1014
232 618
111 1338
428 1104
849 1138
1846 1999
650 344
817 1848
676 344
128 1594
1502 127
1285 67
966 153
748 863
1174 585
658 1798
777 1192
129 146
1765 1613
237 1836
1099 1740
1075 1539
447 1819
1621 1086
1825 1777
488 1798
1362 1568
516 182
339 1596
1899 692
739 1169
1610 1028
1103 1186
1024 1238
1546 285
1135 523
1016 1682
288 1426
1049 1567
1932 912
470 1439
1749 1636
867 384
93 1671
282 1954
10 1614
24 1980
1231 1511
234 541
1205 1922
1173 249
1224 1518
253 515
44 1904
1321 812
174 1031
1689 1363
1508 1179
1614 134
1559 1033
1668 1282
118 640
533 759
1965 35
1393 984
489 1924
1212 43
409 1401
1810 1709
1673 1834
123 1924
1011 110
103 281
1082 348
1226 1390
267 210
902 1889
682 352
1478 1833
429 734
1222 313
471 1201
70 1424
1797 1804
704 265
882 1206
565 567
1115 1964
961 1741
751 1771
871 451
1377 1373
2 729
1452 1864
1070 1806
1176 1548
87 919
1986 1513
1644 1098
1094 32
815 886
969 1962
67 781
1430 822
939 1691
932 300
1899 1022
1494 974
1613 209
1739 637
629 1847
484 382
439 1439
108 593
230 375
933 1967
898 81
72 1182
1015 22
616 161
445 748
265 1004
651 222
673 996
566 1794
1953 794
1516 1418
1653 1754
1525 302
1376 1191
1056 104
955 331
933 615
939 1358
1321 1990
462 1434
772 1056
235 685
1743 1932
1647 1154
869 1196
671 1666
1069 1293
1768 1584
910 1658
589 362
642 483
1362 1828
1414 506
1630 1321
1307 357
1959 1201
632 152
95 1099
227 1341
421 397
1586 659
1777 85
535 338
1709 1011
927 1732
1816 1023
424 352
624 1903
1317 1046
1608 1784
1541 551
261 1522
1931 467
820 368
1046 869
1580 1207
1406 147
1501 334
1287 1543
507 1193
336 1921
816 1087
758 1598
187 874
764 1177
1093 1294
742 1019
1562 320
285 127
961 1215
299 1397
1108 1738
1030 1570
1793 783
506 1204
317 1208
1150 839
624 1111
84 1617
588 39
338 1985
1654 1865
1743 1645
223 851
197 674
789 793
1406 762
1999 1258
1958 1918
30 87
387 1717
1821 575
1104 1772
1430 1578
296 128
1250 927
231 886
1517 1500
968 80
1365 1710
1177 215
1206 279
304 667
1142 1499
1566 1117
547 1072
1126 453
1137 373
483 866
309 1700
237 91
1729 1378
1281 477
871 530
704 1849
300 536
767 1892
146 1369
1748 213
16 613
438 1882
330 885
1661 817
1674 95
900 828
1720 359
817 1789
1603 657
536 1809
415 50
1531 925
1271 463
1999 15
765 1640
1826 103
1457 471
1939 166
310 820
1269 1152
1533 1376
1655 487
1191 286
7 966
69 36
1813 1958
903 1304
598 1645
568 1630
1343 634
1487 1582
1505 558
219 70
1942 1433
465 1475
1897 115
676 1541
973 1148
1488 1192
907 1017
737 959
1504 1542
350 1521
241 417
344 552
982 1253
1420 1434
1740 1784
1213 374
439 901
1960 766
1798 163
1075 1802
1840 485
545 1983
834 82
1614 1656
1903 1281
431 657
788 1610
421 588
772 263
919 1606
992 672
491 1308
72 43
749 607
1218 307
1380 1866
1762 1534
528 736
1965 611
1602 1184
1864 904
1732 167
744 1403
355 678
97 228
1745 530
1681 1172
744 114
799 217
909 952
136 1084
587 1125
621 1427
520 1367
606 1408
644 414
1219 1446
112 787
1209 1814
969 1012
961 816
778 228
1980 1617
1271 1209
1178 655
1584 589
553 1521
1796 194
1351 334
1332 544
353 843
118 190
1306 512
836 114
1483 899
182 1053
57 1852
793 149
720 1808
441 610
1699 1066
163 994
172 331
193 1815
1213 1956
369 1743
1985 1141
1402 1647
734 967
122 210
1354 1478
787 1838
233 1118
1455 659
274 1201
1683 1288
359 1629
81 944
1460 1609
262 1465
1097 880
1366 1610
797 146
1392 1168
1690 1507
354 1235
774 1833
257 1148
1982 1298
973 1819
1658 918
962 993
1710 1335
1881 1670
1419 1292
1932 1211
1048 1331
1292 1991
1602 1551
1130 658
1992 191
86 456
1148 333
589 1592
321 1309
999 1234
65 991
94 801
1580 1095
1693 598
223 304
1943 972
79 1217
922 322
924 48
693 588
749 252
1907 1620
131 652
1823 855
585 1462
1398 1830
1189 596
1116 1831
811 907
1391 565
776 740
334 1205
1735 1047
241 750
1940 1973
842 99
1658 1456
1579 191
582 1909
1430 1028
42 1044
335 60
1737 1039
558 723
195 1087
1211 285
6 1700
139 681
1996 1642
166 1701
1521 88
219 263
1566 250
242 475
1572 1605
1450 668
1836 771
27 1688
1418 1736
1316 52
826 1135
675 1206
293 1976
913 1230
1825 1245
579 919
209 1384
1625 917
1436 1209
227 973
873 1499
75 764
426 12
844 714
847 1533
1011 780
253 1024
20 1640
1489 1586
106 93
406 1991
1714 1170
929 1980
1998 682
1796 1120
962 939
1897 300
1209 313
1704 316
1354 1607
600 747
137 778
547 317
1502 603
1258 119
168 16
379 1960
1435 1212
1881 9
1354 1443
1899 1411
540 819
1097 1986
284 1954
881 1315
313 1706
22 1379
677 1499
985 1408
1038 1581
1954 1926
1144 1626
888 833
800 9
1980 1335
405 1214
1349 1816
723 1472
1086 589
1869 1310
1962 294
1826 418
372 1368
807 1316
973 1881
656 1739
1791 1347
636 1006
10 1097
867 1657
621 1578
1968 202
1199 1630
1244 93
517 1634
866 1046
1252 1479
1520 321
185 237
1817 1444
913 908
1422 529
1110 1458
481 1776
684 1632
1832 1191
969 50
1807 1471
1050 606
488 570
1549 297
1520 412
1282 1858
781 744
1590 247
765 1012
1859 1219
1374 329
551 1984
1033 1953
299 650
680 1789
1228 1039
1867 1199
810 165
504 782
854 850
291 1735
944 1213
1202 1709
471 1397
1695 1063
1438 1930
313 200
1078 1348
1330 340
252 1988
1688 169
832 842
566 404
327 1502
316 1008
457 574
157 1778
595 1532
1131 1812
1621 1353
1483 1036
1404 743
657 238
861 136
1837 1676
335 1343
507 1785
933 1239
1275 389
981 84
778 863
1530 838
143 1902
1280 1202
1712 1491
879 1837
282 1999
1260 1544
334 1432
622 1114
820 1065
344 1164
1215 94
1602 278
837 1614
1931 455
514 1374
291 708
798 620
928 1932
1011 132
1355 1566
772 75
35 1152
1245 1745
1519 28
1705 153
1703 165
436 1996
658 1245
551 1851
1854 1429
1374 170
387 1119
1930 1346
601 1125
1126 772
1866 1562
309 429
879 625
291 1686
388 933
1671 573
1731 1608
1501 1422
1608 1709
889 1600
803 355
1705 1995
1579 1064
1711 1082
1331 960
1012 555
671 715
21 296
760 905
1438 1572
1908 1101
921 1441
1455 1448
998 1062
1662 9
1167 782
1936 129
1144 950
1403 1598
1007 392
41 1667
402 323
1617 958
782 1135
727 978
212 1101
67 45
535 697
201 119
618 154
17 1178
825 1919
1643 505
764 734
1189 1331
123 1777
1447 132
134 1406
288 757
918 1733
1320 484
1446 1074
1093 1103
657 1991
449 349
1116 1822
1492 1022
1176 1313
1007 362
1201 859
1495 334
1457 740
206 1419
691 1192
651 1511
717 1241
1997 1599
1091 1136
1606 1231
432 626
640 1798
1603 1816
638 524
1066 1104
438 405
297 1412
1885 702
1588 1677
1370 1721
1847 1016
767 1800
155 1712
629 939
447 921
250 1914
1521 840
622 105
1439 370
847 1670
36 1596
1479 1199
729 1812
1625 15
688 1241
1344 1309
910 1392
1022 1151
1819 681
1397 400
1486 857
1954 14
243 1668
554 355
363 1166
855 618
1772 620
1639 393
1816 538
172 1867
246 1021
92 834
1188 1516
605 1054
41 642
1511 1277
356 1856
774 385
1726 1719
928 962
463 371
590 554
1181 1746
893 1169
1070 1756
1394 1293
1850 1713
1328 1323
1166 1918
64 1678
35 642
559 834
767 1732
1846 101
1758 1029
645 593
527 864
1929 146
257 195
4 40
1224 280
1321 44
1630 310
197 111
1172 1204
1846 770
1740 556
704 45
831 34
187 65
1378 169
833 1239
200 579
1407 763
318 1772
1221 1978
676 226
728 551
63 286
918 868
1047 1647
585 1160
520 1391
694 751
1739 71
322 1194
17 686
1120 1260
401 562
1375 1262
168 1670
80 790
53 1935
1539 1382
541 892
713 1399
1471 62
586 749
381 1636
1144 1882
983 585
1098 647
1687 1816
1864 976
1494 1387
333 1844
180 93
1822 668
1379 1128
1943 297
877 1151
196 876
1527 376
1255 718
1855 171
1701 892
1624 1711
676 1687
1784 1767
1853 1403
1291 352
965 505
1747 1339
1470 1855
1921 1494
662 1090
711 1816
1082 1148
896 1323
679 453
1770 1869
1390 265
114 1034
1020 1438
1521 222
1462 805
1936 1160
1432 1343
550 1996
673 927
1331 201
604 1246
905 1392
66 319
655 1840
944 20
1934 861
1646 99
973 1923
969 1252
1184 1547
1273 618
725 1213
619 8
1701 484
1234 422
1528 1014
1783 442
1028 862
951 40
349 1652
506 544
1957 1370
1694 1187
1852 1860
616 1631
2000 988
199 655
368 204
728 1944
471 1533
1029 1041
842 792
678 1452
1589 874
1626 1318
1118 1754
766 1048
1378 962
476 1515
1791 446
1011 1516
1081 1928
667 938
1216 362
1026 137
302 1175
118 278
807 519
966 911
1728 402
867 32
1182 1606
498 1605
1621 136
40 1830
190 1193
1267 1280
1288 666
512 1282
1482 1052
1994 1669
371 217
1982 1694
29 1963
1231 1090
73 1506
1097 1956
1577 1507
1886 626
837 350
1644 1011
819 642
1098 1705
160 48
1886 774
215 1333
303 1246
1580 540
213 1210
585 1838
501 1062
1141 1772
1988 156
1116 585
1889 1403
1801 1501
1239 1389
285 1547
1931 1198
754 846
1822 339
1033 1239
1929 1157
1060 63
589 1406
1664 1936
548 278
1522 1705
1191 1291
83 352
1202 1377
700 1847
454 532
569 160
1784 74
301 613
1205 1001
895 823
1831 485
974 860
938 1341
136 1610
1193 51
1208 1743
58 1773
231 673
966 214
947 1492
507 518
1892 677
1899 1617
1904 1909
888 341
316 1517
372 1325
888 527
567 1334
1161 1753
952 1996
1974 52
518 1671
59 563
1406 234
1849 1714
953 1070
1884 331
1291 792
1363 801
1202 1346
1659 891
1075 1446
1991 1904
1236 1425
1903 1617
1191 87
1363 1251
1567 466
1920 687
85 967
486 879
1271 1442
1371 1482
553 1042
1048 184
688 833
887 1618
1054 1347
481 672
1918 1549
413 1650
1399 1143
898 1548
1270 1857
832 294
1327 1875
1710 490
387 852
1374 993
944 505
777 569
652 728
1217 198
664 1196
414 672
1247 834
339 982
941 130
1523 538
850 1292
1365 263
1414 1297
1472 1849
1208 1089
696 1117
1823 966
96 1839
1726 1673
1159 1354
1375 975
780 1265
1393 934
52 1080
946 1328
660 916
1750 1224
1982 1967
590 1853
1338 1036
246 933
1652 902
1539 251
1339 1437
1356 106
885 1862
12 1361
1306 307
214 1894
1300 1081
1711 429
1174 81
1946 665
1087 1341
13 1326
575 1538
1782 994
1154 38
1352 1826
1368 449
1933 994
40 970
1152 1337
1242 894
1707 240
54 1162
1394 1716
105 889
1504 223
188 871
1545 1643
261 1254
1273 339
1293 1593
97 11
1255 604
1540 898
1123 950
1280 1177
564 501
1057 378
1172 511
500 469
805 897
1561 1584
1765 6
881 1459
1210 369
1558 925
109 994
176 297
267 1661
966 1169
1602 1989
651 732
1979 582
1231 211
1779 1810
359 1377
801 939
863 1788
1441 705
240 968
1798 1896
1916 164
491 619
673 1013
1905 721
1032 538
984 1051
573 931
1922 152
1624 307
276 134
1691 1712
984 1835
415 1739
552 1483
1432 1908
1048 880
1749 1499
326 311
466 458
1930 51
415 850
1703 773
557 1626
1834 928
556 1621
217 1547
360 901
957 156
1695 64
234 1746
1332 1057
311 1677
878 1372
1489 170
452 1212
457 1693
1480 1859
255 891
1310 1353
732 573
1600 1203
1939 355
1947 1021
1821 1935
1869 1793
1837 633
1201 785
794 950
315 836
885 409
242 458
532 1218
1991 764
1714 1394
269 1939
19 961
1386 1811
41 1179
1837 609
393 1564
982 389
1210 1623
1526 1623
960 808
1411 835
1843 631
1329 1906
1004 181
1893 1354
1053 1180
1954 1978
116 1288
1521 1586
1517 295
1609 439
372 81
1142 1769
1516 1863
391 1467
793 1955
1429 1727
318 1686
552 1998
561 1937
1989 1173
272 1104
421 119
756 1819
1231 1921
509 127
1480 1359
446 455
1988 713
1917 9
972 1331
1269 706
27 673
234 742
659 183
210 497
1324 458
446 512
1393 1972
985 1923
1786 408
431 521
426 364
768 936
1081 912
404 1167
1716 479
246 485
538 1672
825 630
82 1119
1657 288
500 1580
29 513
1398 1752
1170 157
88 1356
186 1204
1381 1910
1537 1927
853 1486
339 220
143 535
208 193
1413 1826
965 1689
1850 1135
1699 868
953 1887
562 227
433 1376
26 1077
630 1410
502 84
696 418
244 982
867 1900
649 16
1867 1250
1916 826
1574 875
733 402
192 772
1560 85
1081 645
1982 1651
999 653
589 1149
1306 1181
36 332
1132 1168
1373 162
594 1606
723 948
1822 871
198 1597
741 378
1275 419
639 221
1928 941
886 1333
675 115
1200 331
760 1293
62 1785
1874 1683
640 1578
736 670
1036 811
1109 238
1910 1824
242 1878
992 195
1030 1028
396 748
1431 1178
310 1510
926 517
1494 1479
1783 1293
1852 1769
1802 96
556 1933
1081 915
572 1514
888 719
624 1449
953 1747
273 607
816 1322
1125 1736
1879 95
941 1207
921 1537
171 1084
1424 880
952 197
1295 1947
1379 1361
1799 1425
1895 367
285 1962
585 1307
1239 866
1826 623
1836 1138
631 151
234 137
381 218
1289 56
307 1522
1572 677
1195 1697
188 107
666 1450
738 1969
346 1160
748 1083
1826 1270
1299 1563
1566 617
253 387
1303 1802
1500 799
767 490
1988 1480
1324 217
1613 1219
1644 1975
1509 1374
917 400
495 781
343 979
1332 1900
1746 1909
364 295
1573 1877
1346 1551
1563 766
1112 765
182 923
1519 190
1319 693
565 1367
361 543
291 893
1132 1744
170 888
1800 61
1426 131
1904 1075
302 48
1667 326
786 954
666 1183
1670 1329
558 1121
1294 1796
228 1511
656 572
542 543
1721 1514
1648 1653
1381 101
1191 571
392 1286
184 1518
1437 1828
1611 164
1003 1631
805 1706
1187 926
203 20
1474 321
363 802
922 1136
1503 725
1502 269
1735 54
638 649
478 625
820 302
1418 1182
937 1398
1717 456
1668 67
1502 177
1383 1412
705 453
1936 950
1483 1588
659 604
571 542
1417 933
135 961
1599 1593
1579 1663
1846 147
1627 1414
688 950
1366 1299
117 1148
1260 1021
1717 1118
600 185
1724 552
1151 1488
1202 311
1868 747
641 162
1398 1400
302 1676
81 1630
774 832
35 652
1204 243
1997 207
1373 1271
921 442
357 885
1746 1900
51 407
508 1765
897 352
886 1080
1656 1122
744 888
1857 1992
778 1759
105 1776
144 1601
420 1443
310 241
548 530
1989 931
854 704
368 170
1632 1638
218 918
1894 1593
295 1851
187 1748
1867 38
1739 1538
1611 1105
1570 184
1323 1152
1355 1677
561 1272
1820 867
1871 350
26 336
1115 1020
1118 788
707 1920
304 1329
547 756
1214 332
351 651
134 665
1861 1282
85 1774
976 2
497 264
1629 771
125 966
1705 1837
1127 168
168 560
1468 1730
261 533
333 410
388 992
1204 396
206 1818
1695 566
1769 1275
1278 1457
1378 217
1533 1510
1992 1835
1366 1100
1236 238
1309 1415
441 756
34 1557
1952 875
29 1722
506 1928
1507 1364
1176 1805
1406 539
1207 579
228 1393
1664 820
1429 1600
274 475
1941 1738
994 552
1773 929
1242 390
2000 929
79 689
311 756
1751 1980
1788 1412
1467 1982
1339 506
1853 214
221 101
1826 151
1469 1638
854 1255
535 1632
490 408
1225 452
726 48
1296 914
782 1983
723 95
1720 322
390 175
1127 1906
167 340
1091 862
722 125
310 626
1417 430
274 27
191 1102
694 371
1122 1372
691 318
179 960
301 1037
1101 1483
911 296
704 1565
975 987
163 723
1929 1141
1629 1441
56 1805
242 1051
1482 1643
496 463
855 1579
1305 256
1941 331
1593 139
547 888
1356 1001
466 1431
20 905
1541 1045
603 1283
248 1907
632 496
23 164
1289 1622
1822 1832
1243 11
1676 390
1678 959
1017 1703
276 336
1493 1415
1188 1959
1368 1520
336 784
1900 1418
1215 118
403 604
940 1894
1825 1770
982 1961
832 853
778 1200
3 519
516 1200
521 539
54 890
1392 557
1366 165
1322 371
494 1387
1505 181
1384 1157
966 1387
1667 1290
1188 1171
599 95
596 1021
1503 587
686 1022
1735 300
530 1950
709 1551
1715 1253
1465 721
468 1538
1738 312
368 1244
1864 53
1149 84
91 452
1710 725
1214 1637
479 1500
771 1368
832 1022
193 1718
988 128
187 72
1638 677
1531 239
1135 1273
1072 1919
827 326
925 1571
703 1889
1062 966
1802 678
900 242
702 652
503 1397
393 1531
1869 1060
1895 289
1022 773
1916 1382
999 713
390 664
1287 1200
1294 1397
38 270
1577 1155
237 1878
1331 1308
1890 857
335 254
261 1814
1501 915
40 1425
425 237
1579 376
51 107
129 596
782 1694
1992 1661
322 1532
999 1531
1823 627
57 1364
766 1969
587 1247
1349 1622
147 911
1147 592
561 1403
1048 1371
619 966
1233 897
893 1883
1298 912
1282 1519
194 905
509 1580
128 1749
359 548
1627 641
926 1805
1048 94
1925 1294
1094 1657
1703 1262
1313 1670
1348 1485
872 75
590 1944
656 231
172 1382
446 885
1100 774
261 1922
1950 940
1992 1591
1470 1371
1206 1949
206 1086
1359 238
779 65
106 1519
959 1650
1717 858
828 1223
1080 1380
832 1054
1115 1575
1320 934
27 1084
1365 224
982 525
1200 38
506 781
1848 361
1551 1276
1337 1880
1788 601
904 1930
768 1820
1046 986
1642 747
30 354
1672 1956
1484 1527
1025 1722
1247 1298
369 1330
28 907
751 1847
812 469
624 18
1415 1781
444 1332
1901 56
1634 538
278 82
582 1057
1940 1153
1950 601
165 1898
1605 1236
1542 1833
1055 907
1745 965
1194 389
1230 762
1738 265
11 1963
765 1270
1295 668
66 946
839 931
767 1770
197 1080
1988 1709
446 1455
1532 1629
1068 519
930 1446
1556 1970
1040 240
568 1443
1015 771
1736 456
499 218
928 628
1223 1231
1779 828
1464 393
1456 1978
9 1956
1877 656
455 1495
1355 303
819 1765
1695 1211
234 1100
181 433
348 356
1676 1709
430 373
13 410
90 1474
1250 567
1869 692
1181 220
211 241
157 961
144 1377
1943 1066
1453 1050
321 1705
799 262
827 468
1712 54
954 514
1907 89
528 1470
1075 323
991 1931
665 1121
440 651
1212 1406
1201 889
1412 1687
1491 1744
1578 1066
1274 1569
523 963
778 1998
534 1403
452 1818
298 1068
1747 1958
867 1095
10 244
1611 1361
585 463
884 377
838 148
1932 1099
1252 1567
677 41
929 86
549 1925
1075 1934
677 1441
920 1901
739 335
1889 1642
627 1088
1064 287
909 363
1378 1525
594 1466
933 828
274 937
1334 628
343 862
304 872
888 103
786 288
613 17
1787 675
151 986
1058 753
1317 312
1349 1729
660 120
326 391
520 579
883 1360
883 1356
811 1533
1941 1326
1329 1419
1703 960
675 1844
480 522
672 873
266 1488
848 1533
1114 207
1110 1521
154 794
102 186
1940 279
1853 1476
306 1824
1373 298
1608 831
710 107
1787 958
989 530
916 806
1060 1511
898 888
1877 1175
1674 11
574 281
1906 1208
92 1069
1082 23
844 229
1772 1884
1411 422
1635 724
196 1798
1044 992
569 507
1909 989
1431 1809
1513 1494
784 654
1593 46
424 829
253 1436
103 1194
914 159
1547 1880
246 1986
268 1264
1357 137
1264 237
1096 391
948 966
1544 278
1636 1827
1376 1911
1451 496
46 237
1597 1071
620 1690
1765 823
417 570
1300 709
125 170
1551 541
1691 406
132 296
723 1591
1140 1770
1812 1664
1172 1636
682 828
1016 1477
113 262
340 1685
1568 1453
503 1495
1021 1356
502 366
946 1231
965 1015
1230 790
960 645
390 1899
430 1003
695 1285
1437 1705
24 1707
121 288
1022 1941
358 1985
320 184
161 220
270 1484
147 568
1878 921
1125 1945
1653 932
1440 950
457 1741
1255 762
1149 1156
1558 1453
598 1516
948 309
1940 1028
1137 119
1254 520
401 1654
468 661
1080 819
1484 1382
33 1965
842 1510
1398 858
771 1245
859 376
791 1236
1946 1640
515 1629
1216 1109
66 913
1346 1456
1051 1975
314 1428
1281 623
1584 1018
307 1062
817 1641
1961 1949
1630 1757
174 81
498 1702
1789 102
1419 567
1747 41
816 655
310 1660
1640 180
1728 1929
863 287
40 620
1054 1214
1074 796
1743 993
1543 1545
1111 354
938 1692
288 1250
1189 277
724 118
1469 390
1901 1633
130 483
90 427
314 396
1885 1289
759 319
1174 24
757 1212
1070 1468
936 1651
1612 1444
413 1152
540 485
143 967
1600 466
1909 1422
527 377
1842 187
1556 484
102 142
1976 98
1892 994
1079 733
86 1401
548 1675
711 1761
41 506
1798 567
1560 608
1018 251
1149 1094
510 1531
113 331
1040 1465
599 973
1896 892
1747 1365
1749 800
948 56
851 181
789 6
1795 1112
209 1832
688 979
210 1174
1329 565
1226 1199
1781 1462
1264 1683
569 371
1204 31
127 320
520 1117
1277 363
1282 1894
1833 389
1164 1017
1558 9
1146 1893
630 518
325 1005
861 380
1392 100
833 540
1497 756
1186 87
182 235
807 1903
42 1066
62 1256
1000 319
616 833
617 1551
1037 42
1473 1479
116 820
1627 79
1585 1864
1252 1499
553 1449
1953 1733
1267 580
716 1695
1369 887
1515 726
28 925
1118 1441
1175 1678
53 1337
625 486
265 1782
1040 1686
1028 1930
444 763
1025 646
1822 1748
1962 1842
1731 455
1730 1982
1358 417
1322 215
770 759
1482 175
48 122
430 1360
1975 196
1699 996
121 276
413 773
5 579
890 1525
606 645
402 1910
1512 283
231 1307
692 1942
1954 1630
1736 1122
1498 430
1276 449
1685 1094
509 1862
948 1916
667 230
890 1376
1858 642
28 359
224 501
1514 1856
816 1451
1765 1431
1270 58
1790 473
1072 531
1371 1867
746 50
1990 29
758 1553
646 710
1401 1098
751 398
818 1002
1571 1651
908 532
1144 62
157 1626
933 453
578 784
405 1944
541 174
1553 976
171 1100
273 66
1909 1517
1609 306
479 392
1588 174
1591 1943
1239 1807
967 561
178 1212
1705 1446
1606 591
381 843
1491 845
1193 423
437 1569
1867 1039
1489 75
1302 1204
102 1556
1312 1856
1115 829
593 380
1695 1720
1822 896
2000 1814
1302 877
283 364
1530 412
666 713
1640 681
1722 1112
499 846
164 1454
639 956
1066 515
194 1693
606 397
411 1674
1141 1156
323 1972
406 907
1043 1254
1552 817
170 588
309 193
1586 1662
1897 1787
671 754
457 757
1087 1594
961 1009
1132 1052
1083 1782
1098 1132
1804 1671
1653 1023
1959 1320
18 1635
1899 545
1191 1559
328 1265
341 1684
264 312
756 15
1620 960
211 223
87 1726
1302 1070
931 828
1958 1088
403 1298
355 306
1494 885
404 1931
256 1075
464 1318
280 1440
243 1069
1694 612
794 973
353 1306
1498 1004
1471 1244
72 1477
1189 1525
1623 874
1096 1235
757 1870
1558 1937
548 210
453 257
357 1937
1197 182
1240 1769
619 709
651 404
599 93
1097 887
1235 1533
961 829
1594 1257
1766 620
350 569
1381 1669
761 1279
1252 241
1581 1478
1049 815
774 1890
1329 161
899 887
1616 1458
471 535
1544 1535
1549 1176
700 618
788 71
80 585
1567 1803
1007 551
1839 1019
1005 534
1119 50
328 1386
1543 858
1084 1970
409 367
1041 1867
1351 1400
1599 779
1437 928
1427 1168
1951 1289
206 1673
1532 1402
191 1047
923 1128
182 873
377 1141
280 1678
1971 715
1131 359
1005 201
1473 1430
154 1781
1187 1573
1523 720
326 190
1486 1700
1398 1546
1336 1700
1426 603
1706 1033
1843 1120
1468 1649
1726 1557
1112 1101
1535 1670
1621 1749
1068 1946
330 761
1946 1610
1529 1650
1385 1694
157 1831
1131 1299
1648 42
1750 300
806 1649
839 1655
477 1811
632 331
273 1933
1669 754
973 1958
904 896
1129 646
333 61
823 1182
881 605
1688 1950
923 1526
1779 269
482 1209
940 662
206 1335
1869 991
1241 1669
610 1008
560 136
332 814
120 1229
385 1440
565 361
548 1082
963 901
300 1251
503 1307
753 275
1922 488
1864 361
471 1117
1911 210
1524 1909
1908 1298
1697 1341
609 388
1568 249
1014 1276
649 344
933 292
1571 731
1420 1376
451 363
645 393
1031 837
482 1056
199 355
344 825
174 1709
1424 339
708 139
1890 1760
1373 1855
36 656
72 526
1765 1820
1339 179
3 654
459 413
650 1008
91 1278
477 1604
1258 1132
1566 171
949 1152
764 1366
373 1401
819 1755
1428 1623
281 1488
61 1228
1982 1260
578 725
760 1871
787 1469
1163 260
999 1837
1669 1958
737 584
1476 1731
1568 473
362 636
1786 476
1033 1386
1169 213
1902 1197
1432 1764
1755 1450
1175 1
947 1615
1172 1633
545 203
1339 708
236 990
152 350
1056 1475
1315 1052
144 678
1953 1389
255 636
558 157
1665 299
500 1131
758 1682
290 1901
136 942
146 387
1589 894
682 1898
391 1628
1024 538
128 591
1961 1250
1461 241
1226 4
1878 1788
244 636
1252 49
1879 309
653 1893
738 1095
1622 1974
830 471
795 499
1974 933
176 998
1143 1317
946 1635
875 193
983 937
1778 1434
165 1316
737 77
343 1296
1367 1144
1255 65
82 1864
1331 245
121 938
1122 683
1938 144
1975 1945
588 1951
279 858
1925 302
1579 407
1513 1227
729 165
478 396
278 252
1686 1514
973 320
1910 508
86 602
587 1730
1257 184
1626 9
895 1894
434 1029
694 1983
1396 1853
651 827
1347 481
1078 1718
869 1421
558 622
519 461
587 1472
1247 188
98 542
952 467
1557 1358
978 1552
195 649
779 35
967 821
1859 113
1760 1976
280 228
1616 163
1212 1234
1136 832
1736 1600
792 1543
1736 820
396 4
906 1953
1498 1518
588 1614
399 843
1765 897
838 1980
1910 1561
229 652
183 1541
997 50
1312 423
1264 424
1398 1073
599 371
1108 1551
1257 14
638 568
1650 1570
1854 1385
1954 410
335 1314
1588 794
730 670
984 563
1094 1070
1242 1992
1423 1451
695 494
1868 477
795 361
960 1205
1876 388
499 802
173 36
355 1733
883 645
1392 1923
1468 770
1739 1472
586 1259
1963 496
1378 597
1396 1158
1810 159
1425 868
1746 1204
1632 79
1296 1324
576 1365
152 82
325 977
1203 429
689 228
1509 1188
123 231
24 1256
677 802
365 1117
1807 1237
499 400
169 667
1300 1554
1919 1851
1647 1360
1836 76
1456 1978
987 1953
778 1349
1111 790
1806 885
934 512
555 1538
1158 729
140 1887
1531 513
953 172
1615 1999
1134 77
1742 1369
1411 455
704 1228
881 1299
801 156
1878 1474
336 1836
1310 617
728 1784
237 1156
1758 1161
614 1319
520 1117
627 575
1030 1274
433 670
250 819
1540 114
631 248
1724 1436
1358 709
1970 1498
1956 16
369 1057
738 1902
1776 1821
1564 332
1800 370
1249 1749
560 1834
398 789
1001 812
1325 1389
565 771
23 1731
130 1674
1962 1473
197 1216
762 288
877 1280
1562 1422
986 960
1268 80
1299 1475
235 1973
656 866
182 257
770 1609
1384 331
1094 1196
1047 1736
1511 1767
1459 1557
1124 1600
1538 235
1427 1781
307 1053
1381 1402
1074 1454
164 940
1037 432
830 402
48 1879
1616 1364
815 1109
1328 1155
1469 1775
1347 973
1456 17
865 1863
721 660
474 1476
1866 616
1377 1746
188 8
1207 1513
181 1484
1578 23
290 1946
586 818
872 1020
884 1244
1534 692
118 1600
1715 1905
722 707
1573 527
614 1467
424 1471
1840 327
1037 1954
1071 1105
1635 430
161 1840
52 9
1223 1710
1739 815
304 599
949 1005
1854 410
378 209
866 729
531 1044
689 1934
1918 1258
32 720
1168 1950
1146 1508
1533 1144
1784 900
62 210
757 229
900 1716
55 1780
1532 441
226 90
121 998
441 675
1224 689
532 324
1523 940
966 1023
435 443
1750 251
3 1376
387 565
1048 535
1644 1888
1198 49
244 864
641 626
958 904
1341 1674
570 249
496 1891
1695 1927
608 396
54 635
1893 421
1249 1795
1790 1842
1254 734
539 988
984 1934
1207 727
1989 716
1408 555
224 1570
961 1002
1438 1495
1062 593
392 239
705 159
1799 1225
386 737
646 514
1621 1944
865 742
1952 716
659 1749
509 1599
1723 711
118 661
934 1225
1357 1167
229 1540
1998 888
417 793
230 1877
759 1611
1819 146
1480 69
832 290
988 1078
1031 1151
693 1583
1117 964
1613 173
835 1143
1080 1027
84 12
1814 774
1472 27
573 342
1023 810
568 1979
907 834
1735 1062
1725 318
910 1347
573 1499
1793 1268
659 1264
1049 27
538 1004
1622 707
806 586
1662 280
797 1004
499 1835
682 491
747 1275
218 50
1810 1709
958 1323
1919 550
1466 714
613 1856
149 1274
1052 1686
1131 690
674 131
856 1568
1446 1905
535 1326
132 1968
633 525
1110 62
1666 332
1336 23
1197 11
875 1118
1221 310
449 763
606 826
667 1812
1697 1921
1899 1389
848 245
1933 136
582 334
1679 1682
1119 961
1191 1036
1450 1835
116 953
1632 1093
947 1129
277 1954
1848 1672
731 813
1749 1689
31 552
199 397
1323 1102
1353 380
357 1596
792 1237
722 1258
501 216
1764 1962
580 310
1727 609
658 1239
548 1644
1378 610
919 536
372 1330
1746 1569
1777 1724
1860 1644
871 1553
1421 200
1718 614
1016 607
1021 599
1087 1856
1100 1400
422 454
1576 692
1939 1411
1211 1660
1907 1966
1046 1743
78 1793
161 1652
1830 1168
773 1618
1286 1442
1133 1420
1276 45
1672 1133
1746 755
666 1934
42 1423
536 300
1598 1350
1660 1826
1493 1519
1251 603
1093 1837
307 1290
1533 45
80 1391
1855 1986
672 1693
700 56
1765 1686
376 121
1091 662
1447 158
1761 122
1059 1701
1601 105
834 385
1032 1763
1604 1657
139 1382
1585 1312
1172 1497
159 1370
1715 861
1162 879
377 1852
1263 781
1391 1910
350 1587
149 886
1726 1454
1088 622
1616 1320
1906 1304
1690 897
1826 517
1821 791
1126 694
399 1871
1600 436
807 397
1724 177
1334 1332
1059 474
1364 812
1132 1867
380 562
1818 190
1929 805
369 1526
1681 1208
84 1218
1699 696
1085 742
1573 1550
1698 854
1486 1507
41 4
746 1344
25 1282
1501 660
1233 994
1568 1115
674 1745
1153 1733
1369 1084
402 577
658 1559
648 1508
1422 1199
629 1052
576 1407
58 495
37 639
262 878
663 1369
1850 14
802 16
1391 1724
86 591
182 140
907 1145
308 1934
1058 1690
381 641
396 498
277 1237
1585 1724
1063 801
1126 1018
1514 1381
457 1303
145 1272
1174 1645
700 1482
291 1546
293 260
1000 309
1823 1557
1879 953
458 858
1671 1972
1188 885
332 1555
1142 1862
1174 828
278 741
613 1645
738 662
1825 64
281 1227
1534 340
1749 323
439 890
798 1270
388 1711
1769 1250
1055 102
1027 443
1792 277
1848 1887
147 1888
556 1597
1787 1474
1317 1785
154 747
1333 781
1169 21
87 1624
615 1663
1193 198
1330 1757
516 1268
260 1850
1141 664
1543 295
901 99
1021 1861
1223 895
880 1674
489 1936
1774 304
425 1054
1596 70
1078 347
644 1051
57 1336
1180 1574
1782 785
823 1101
507 922
1117 651
1960 1299
1553 950
1083 1218
1090 333
262 1032
1726 1015
896 1012
1471 1812
1857 601
1485 1232
205 743
1877 1904
302 219
508 214
52 1397
1061 1577
291 807
1029 921
1778 1915
165 1125
1466 276
703 1575
73 387
700 1994
40 1996
1875 93
1450 1449
304 1792
1104 384
157 804
680 1013
132 1264
712 174
659 896
1579 59
388 1368
685 1093
281 601
687 492
594 1998
1855 729
369 1647
979 675
1078 310
719 905
306 47
1678 279
1362 1569
1147 1507
1965 295
1509 1763
601 110
1884 751
667 258
478 1610
456 689
1358 32
207 1054
1893 850
1933 467
964 393
1919 651
1936 22
1740 1279
853 599
477 1373
1459 949
273 1995
1446 1373
244 244
1604 124
7 808
272 1877
1723 1038
1176 1132
1226 1787
803 626
1130 447
670 1337
1582 1480
837 1841
607 1768
1720 1904
1822 777
1739 90
1894 633
511 593
1203 646
1924 994
658 782
1478 313
44 1220
1361 1255
1906 1085
533 331
890 241
750 1377
387 160
517 1967
1207 1921
1187 1365
160 670
709 1613
1550 1922
1549 1417
658 191
338 1983
544 414
981 1669
199 759
334 517
784 1637
1712 1913
1668 1499
140 1277
931 1875
158 419
1362 1869
446 1913
71 937
984 1289
742 1698
1872 1580
1499 1483
522 1043
153 257
116 1817
1133 549
777 936
760 1132
639 1782
1436 1596
1988 565
567 1704
1221 1684
1041 1537
272 481
900 824
498 689
1600 1400
1109 1829
1334 338
603 446
1348 343
315 784
814 999
966 1837
74 1156
262 923
1840 1855
770 1929
1378 642
512 1352
990 1889
1959 1964
1234 1557
1943 879
398 955
1853 713
707 126
1386 20
1197 417
1995 402
1393 1135
1688 187
1801 1099
1553 1509
1195 164
778 648
963 1611
245 229
483 570
1993 436
941 455
83 1561
1872 831
1695 337
491 1584
704 1338
1663 1595
1314 557
618 586
1411 798
1865 1372
622 903
517 687
1358 1853
958 1511
1504 1508
1342 1634
957 1047
1081 1100
802 1665
1193 683
1468 1539
379 1816
245 248
1478 1832
1957 975
1826 280
1645 1454
1640 1153
1757 511
796 342
1747 1230
1562 349
1697 506
545 1207
960 1637
1749 1699
1332 246
1339 902
392 1813
1548 1544
346 215
1628 1847
1212 624
567 809
608 1462
1591 114
1483 1010
858 284
443 641
697 1023
950 1655
1606 778
1962 99
1077 232
399 231
602 1714
1324 305
515 229
522 1437
513 1255
828 406
658 1392
1084 1733
1250 911
1498 620
1588 1157
491 1377
716 1341
383 635
1536 1651
443 316
1065 1695
1565 338
1629 834
509 994
1588 704
1785 281
1395 1776
192 766
1320 1807
1180 801
197 1796
1705 71
105 1612
770 168
939 275
1393 1343
499 1540
831 929
1618 168
1774 1365
1279 600
1791 1317
1466 1824
803 32
846 1014
1093 791
282 1806
1380 341
20 1587
422 1338
1621 1179
357 1712
287 1973
1778 1302
792 677
707 1199
372 612
1560 1609
868 665
284 766
1977 1226
593 632
1946 1523
670 258
1684 1393
1456 1966
345 1559
461 344
131 565
1516 91
195 1467
1198 1571
651 1166
545 1425
67 888
728 1730
668 1147
1877 1964
990 1112
12 149
1808 11
1448 580
937 1864
1324 728
291 124
1847 1321
723 888
1264 1964
1201 1477
503 1581
2000 1557
331 985
316 1785
1576 937
1125 835
98 895
581 343
1019 181
1536 987
1610 1634
1314 111
550 952
1906 203
1483 823
1667 1908
853 1422
1657 1957
236 1997
246 162
833 1885
555 221
864 1716
1883 292
826 985
924 821
1668 1569
335 832
1902 1125
1365 521
47 946
396 1849
578 104
1485 1554
1063 1576
1835 1503
895 1452
574 800
942 1804
1974 553
994 810
1582 8
885 54
391 863
1974 197
1618 1531
1975 182
1176 10
1806 833
1694 1391
1668 931
1929 1379
1954 185
679 659
515 1852
1361 346
165 307
251 1393
1142 322
1636 825
975 974
1467 1294
932 1627
1258 1021
1811 300
1835 1521
1105 623
1009 844
646 1247
1808 1493
88 1693
729 1381
1944 1737
1278 340
84 1807
1343 1423
644 1496
778 1062
1653 685
915 922
984 1749
1748 1127
172 457
1934 1811
1494 1256
473 1791
1016 46
1327 1425
273 358
613 44
1286 1322
2000 7
914 1437
1353 1040
940 891
1667 481
1965 394
1013 752
1965 1437
288 474
1917 555
485 1649
978 1886
897 432
1170 1953
976 1156
1333 1898
1858 1226
1918 846
420 732
1121 292
55 1844
381 313
302 766
1277 1867
1328 1547
60 1503
190 1114
16 1751
1731 1230
1069 546
237 1273
1608 58
22 351
1121 1435
1299 539
1980 1168
1695 672
467 1760
1605 715
1094 1602
1433 1151
1341 148
829 615
1332 571
1073 1470
575 1269
907 1844
1565 683
178 1971
513 72
1834 113
1520 1403
1172 1522
1073 762
688 1172
608 132
684 1844
267 228
629 508
1498 312
1989 301
612 929
1973 342
386 1354
763 360
812 1572
249 1158
1560 1943
1859 201
1419 806
347 858
1125 838
961 540
247 1764
168 958
1133 1633
98 223
2 1975
129 401
360 1450
677 1674
302 431
1093 1008
858 1716
1996 1711
852 12
1507 1816
53 1272
1394 1439
1057 1277
1248 909
1646 1269
1022 955
1723 1388
981 1275
700 260
1418 1280
380 589
967 157
455 719
915 1734
515 1292
1682 147
1700 1958
1207 994
572 1721
1484 215
1498 1904
323 1020
1974 387
448 170
637 105
1752 1961
899 30
1023 756
1649 389
1156 1807
251 1118
122 1983
619 1856
442 1351
1321 446
1238 458
275 598
1560 195
1403 1434
856 54
1272 548
561 264
1157 1045
1137 1538
553 1047
239 1294
469 578
494 1887
1107 468
1105 1031
336 1493
1047 136
74 465
1234 874
254 837
1054 923
520 1596
977 1036
241 1207
918 977
1587 1475
1644 347
1952 782
1565 580
724 1831
385 820
493 87
1957 846
1922 419
1910 876
81 1829
1584 394
149 1032
1535 76
897 759
1257 1679
1740 610
1110 1265
513 1972
419 45
575 1066
1589 951
1653 1899
952 505
958 1387
1987 1292
1510 1932
155 1912
214 148
390 144
1458 1787
1285 167
449 1216
342 240
197 306
81 199
841 1397
1722 1879
657 1358
997 1979
1935 797
994 1452
123 1903
1293 1878
1459 169
1436 1094
1034 987
1470 434
1461 381
821 1004
66 1745
1850 1637
326 856
127 1216
1174 1005
1755 765
983 761
1536 178
120 488
927 518
1129 1044
1008 234
41 568
1585 712
712 1365
209 202
418 1361
1639 809
1699 946
1979 2000
140 784
179 1371
963 1819
705 1598
1011 740
681 1952
1700 498
926 1569
1775 1115
1227 247
1735 460
177 249
542 1411
1330 117
382 333
1956 1066
1319 25
18 956
902 1575
340 353
1626 389
781 1191
1489 1381
1926 1046
350 717
1265 1295
27 1033
567 45
734 406
1110 206
1170 1992
1052 615
1936 1946
21 998
1998 1090
1180 339
1011 1662
351 1330
1138 863
555 421
1952 798
816 1765
469 1253
352 1761
213 67
82 1575
1659 1940
386 535
1887 1767
328 1205
333 1844
1404 898
168 1756
696 496
1487 689
979 1387
51 843
1041 1812
1200 517
1487 1854
48 9
301 1068
1850 1549
359 1707
230 902
322 261
1544 968
789 1223
808 26
1939 1409
1353 75
1307 591
942 585
1026 1643
1097 944
1213 910
434 1279
1448 1139
800 5
252 555
1740 444
1971 548
366 1395
376 44
1821 1865
29 1887
1951 171
1186 840
324 965
744 710
1381 879
1353 1174
648 1251
1066 958
756 1745
922 126
1343 154
1101 1747
1613 1151
1332 1545
784 1236
766 687
308 403
1100 1172
212 791
1345 343
444 308
427 1692
205 847
1666 557
797 1341
467 937
1405 970
1396 946
214 325
328 499
1461 810
1134 760
469 1389
1979 1224
1964 1056
374 908
1987 1357
958 1407
175 1077
192 260
1327 731
1419 910
273 286
1974 600
1588 712
1979 1262
1915 1783
948 1561
959 424
1074 476
590 1045
654 12
907 428
237 389
1495 1135
455 431
318 86
371 449
1541 943
798 270
1258 934
333 1388
1544 1889
1526 1363
1169 412
1373 717
1721 193
431 1242
1716 150
96 791
712 1457
1819 253
1397 1470
1819 1093
1803 651
73 1463
983 1268
1190 742
1248 1175
1896 398
1084 455
1979 843
1938 1848
1730 1618
953 1153
771 1269
874 1732
440 1934
1493 253
825 533
781 1814
90 1538
1550 599
1894 952
537 1860
1284 1676
1206 593
593 377
1459 1091
1750 86
71 1662
957 1564
1638 464
1834 1950
549 672
116 1682
1827 823
817 1976
1384 211
721 1718
643 1987
1004 367
1209 1236
699 1152
1579 858
677 1029
171 520
1254 1507
122 1380
1366 613
117 1294
1599 355
1783 1372
885 19
817 1153
60 1493
1196 867
1301 1554
1594 463
902 1366
10 1372
1088 1644
1913 869
572 1228
1538 1607
687 1434
579 1066
925 593
1299 1968
1877 997
846 1594
991 1029
188 556
1667 185
1862 1070
197 646
385 709
1347 1775
1526 1664
