p td 1000 4000 
579 52
71 256
335 716
807 751
517 174
70 621
761 425
836 97
643 623
444 543
339 992
359 623
652 252
985 775
562 330
30 514
641 844
880 361
641 424
915 616
86 442
75 894
297 819
895 262
651 177
295 828
358 553
890 707
265 777
513 727
116 57
380 533
728 794
814 693
938 595
283 80
286 748
989 957
479 462
941 518
619 183
782 89
357 948
24 966
747 680
90 4
591 490
168 224
875 711
703 794
847 236
237 869
664 482
624 942
273 191
794 448
647 713
228 770
557 731
890 441
393 915
510 146
17 861
177 60
360 407
222 164
61 877
406 515
516 332
85 361
766 901
887 258
545 752
840 626
65 684
731 679
578 590
745 629
134 714
199 192
466 122
980 366
146 302
518 797
367 313
779 699
753 364
522 299
355 993
133 314
654 421
452 773
519 299
127 927
558 623
775 289
993 213
914 988
363 458
877 28
529 459
985 43
174 642
653 881
77 786
56 810
471 224
395 948
737 760
934 282
979 377
842 341
681 549
234 822
508 970
585 299
955 248
959 155
285 770
702 208
836 862
126 146
168 232
223 297
954 220
977 523
150 335
321 32
740 15
225 18
934 531
417 247
199 826
549 279
457 352
725 31
196 62
65 280
313 212
901 220
469 332
820 575
528 236
852 472
552 510
737 655
994 294
185 587
737 201
923 542
410 577
400 352
822 446
287 254
37 303
125 165
809 843
415 990
668 613
954 520
437 909
646 840
775 544
903 828
304 710
55 678
369 431
614 671
270 938
165 847
650 6
424 716
676 176
203 500
606 377
122 66
700 286
472 836
698 285
669 427
346 153
936 681
945 52
861 220
973 410
773 162
54 224
307 525
350 430
183 660
70 972
97 431
316 91
339 436
426 682
598 483
545 938
997 489
936 729
294 901
429 447
284 410
776 588
735 800
8 715
594 502
319 686
634 335
345 311
806 925
690 981
910 120
622 375
579 850
588 948
830 617
601 216
654 944
104 715
854 255
506 964
775 295
805 661
975 547
670 514
146 701
713 105
186 822
690 710
671 627
169 908
920 525
930 557
812 729
433 247
887 15
480 161
556 529
871 193
846 174
621 624
993 970
850 68
674 712
253 642
484 609
72 690
217 748
276 436
872 220
563 575
595 896
412 657
206 270
534 816
325 892
379 269
392 744
881 391
345 244
368 326
535 727
665 558
853 707
489 681
106 484
126 402
868 865
117 387
598 109
3 102
49 802
421 583
407 456
934 225
980 282
121 326
778 140
293 382
697 924
219 142
638 321
560 347
391 798
822 866
946 901
797 356
691 388
577 551
270 466
513 506
24 636
237 631
732 470
14 525
191 441
29 670
334 487
285 621
848 916
573 117
110 272
868 536
310 213
179 660
156 94
482 439
695 39
397 915
42 795
301 346
186 125
8 704
359 378
811 575
489 408
657 262
114 891
125 12
426 837
835 361
649 701
172 159
381 175
236 810
864 736
786 244
140 191
87 983
297 88
126 83
977 546
300 749
864 254
134 618
668 572
957 47
911 470
892 101
997 630
164 722
137 517
646 236
450 969
560 114
986 596
57 323
373 794
937 967
760 854
453 246
270 341
956 693
109 324
404 196
775 811
143 361
146 684
594 491
918 505
519 187
789 663
584 891
40 568
968 139
394 780
431 158
845 274
185 290
42 629
98 531
188 856
442 929
251 180
681 741
52 613
412 442
539 385
812 869
923 126
955 171
652 838
916 802
496 858
396 447
237 418
182 551
480 208
918 34
134 147
155 174
74 994
509 216
161 768
935 86
598 560
768 938
284 449
281 729
516 423
662 366
926 202
572 769
950 364
823 901
378 695
776 969
756 603
544 616
850 933
919 756
641 244
786 884
127 251
177 586
961 343
489 424
773 311
225 337
34 984
873 585
514 253
571 993
960 207
693 512
426 467
475 511
371 894
890 547
411 718
95 359
590 815
478 957
351 14
402 391
787 343
371 344
949 36
830 280
678 422
820 364
474 310
818 705
339 889
966 796
486 919
169 634
389 82
124 255
246 438
571 110
923 685
201 127
624 724
830 535
291 481
41 965
169 275
455 191
540 813
505 276
97 630
296 805
386 221
346 62
703 133
251 247
637 621
218 657
462 498
763 546
241 542
930 828
575 634
822 433
283 778
458 319
564 819
763 495
759 730
201 656
498 722
966 996
557 783
85 248
952 916
156 330
23 525
791 211
32 315
681 65
670 686
24 455
903 507
73 30
932 440
85 104
955 804
230 943
250 932
475 1
475 185
49 975
519 600
807 880
645 83
824 140
810 679
613 926
107 819
22 993
490 313
676 15
140 5
248 528
370 525
321 811
499 352
497 497
252 669
296 22
387 918
418 85
687 36
595 479
81 568
27 680
431 117
954 821
44 849
548 777
366 436
284 187
823 330
399 858
50 549
286 633
720 876
506 229
443 976
83 166
58 216
184 857
971 270
454 62
704 436
295 729
661 148
589 755
448 250
396 884
393 960
742 939
184 333
553 387
880 589
148 996
285 128
106 771
781 152
513 159
563 497
238 804
522 188
386 691
84 351
958 286
273 206
550 948
196 566
79 13
179 79
463 602
749 599
37 939
118 13
81 892
450 584
438 51
594 364
782 469
617 678
36 479
854 747
136 82
463 447
585 216
790 997
583 511
362 773
226 596
57 303
383 208
213 812
573 222
512 191
910 477
326 563
453 984
369 989
363 55
40 52
704 808
200 806
748 214
530 426
328 656
367 604
133 179
519 176
77 602
162 335
326 250
848 74
611 809
273 858
547 350
143 223
161 641
37 287
898 281
337 259
606 699
247 950
952 95
153 195
622 565
636 540
515 734
426 368
370 287
184 726
136 962
859 932
189 448
203 405
957 194
66 142
646 447
879 857
961 288
251 61
942 394
146 341
92 524
821 239
11 640
616 980
84 299
118 404
658 213
453 190
579 404
359 299
838 121
373 316
876 267
167 263
73 246
217 887
976 230
799 905
974 875
650 610
318 264
216 535
178 468
557 903
773 904
888 660
682 697
806 966
734 267
864 867
201 789
838 712
16 868
922 312
577 31
202 805
340 733
515 460
848 223
935 964
894 35
7 636
164 790
477 419
49 790
720 377
640 801
90 144
544 25
936 559
367 904
22 632
954 231
623 947
244 335
559 417
176 606
552 566
993 235
703 259
931 102
850 186
978 883
963 445
70 254
36 609
99 319
589 598
510 533
821 570
568 460
693 869
361 798
831 832
132 424
938 158
703 966
627 624
37 647
510 135
691 316
151 233
859 85
680 352
155 286
608 386
821 146
261 632
278 791
986 836
283 695
567 313
970 853
192 345
74 477
953 79
192 968
616 886
7 557
278 939
314 196
988 386
283 319
332 644
390 129
251 872
894 813
291 373
634 351
465 33
247 771
418 865
405 651
49 287
819 294
23 431
470 307
507 878
154 390
894 256
538 228
828 594
735 358
31 690
160 541
410 958
872 35
459 78
882 774
512 166
368 744
517 624
150 150
80 759
934 445
435 604
231 876
525 303
782 301
39 683
637 269
458 464
183 906
536 638
886 334
805 427
417 43
918 841
783 602
846 739
809 551
422 758
655 462
253 743
77 726
249 40
137 790
495 950
756 995
84 330
684 262
835 858
868 855
577 434
944 723
968 973
85 476
441 750
324 260
770 184
940 869
989 27
535 612
909 2
439 226
266 157
24 57
540 280
928 253
734 782
643 49
295 352
330 868
999 525
41 688
47 109
242 377
622 604
46 671
217 487
594 403
700 247
108 352
116 45
370 334
408 737
705 558
309 956
231 549
797 911
329 802
650 936
929 282
105 910
186 136
390 854
807 869
55 575
629 219
637 121
138 264
241 19
280 778
46 689
763 378
904 199
924 785
812 30
912 659
19 540
74 361
350 869
683 858
558 548
649 568
610 895
550 302
258 121
622 797
984 34
773 745
490 835
283 930
477 111
885 365
480 767
645 634
200 816
809 52
83 233
788 433
508 652
281 979
284 616
350 307
22 860
353 921
80 581
884 181
420 592
14 107
423 382
897 388
300 923
744 817
269 578
733 245
53 572
708 603
867 117
698 469
135 243
514 509
157 693
312 741
955 733
38 601
305 235
766 93
240 780
861 699
148 782
715 3
554 21
914 943
674 967
49 399
866 889
395 433
886 72
446 870
890 275
637 149
457 887
765 298
856 532
409 897
707 367
848 620
290 659
9 195
442 887
664 912
580 350
350 67
780 411
565 359
714 332
843 457
795 345
690 467
321 100
715 236
463 360
978 1000
131 692
376 321
650 282
390 2
761 126
60 787
953 921
978 72
283 802
69 398
374 221
741 520
852 164
757 844
549 326
636 555
975 952
276 721
39 703
896 231
70 769
373 806
916 641
456 588
110 370
533 233
562 73
717 146
522 564
240 173
639 14
945 509
91 362
588 785
989 571
898 569
615 291
635 677
224 627
38 483
185 788
981 785
176 411
61 899
89 571
679 912
936 416
40 245
437 472
433 216
925 747
631 727
247 913
630 300
704 529
117 84
744 152
49 801
115 634
744 37
788 824
151 605
294 697
435 916
875 861
364 773
989 580
798 91
100 959
13 395
180 894
60 350
752 862
867 259
821 274
33 850
131 995
93 372
345 399
392 71
372 723
486 640
241 179
850 442
159 595
94 822
199 429
66 302
562 605
822 53
462 243
135 904
694 960
40 82
441 128
46 136
242 621
810 918
13 535
805 729
295 92
774 546
746 143
603 570
311 189
24 983
123 841
366 819
702 586
250 600
825 531
160 426
672 560
19 81
30 85
730 447
541 639
735 960
37 151
7 84
380 483
260 682
775 890
95 850
202 975
394 111
613 860
452 876
109 833
601 940
266 292
139 29
347 903
889 813
292 836
329 381
490 443
727 152
90 313
13 182
158 254
519 828
116 543
427 261
748 703
168 853
978 300
205 621
198 316
789 854
11 495
678 752
574 910
891 280
828 245
929 749
658 857
703 149
557 464
26 884
149 964
267 155
589 569
241 874
823 979
853 928
606 150
468 94
40 941
58 299
212 287
649 512
296 757
728 70
445 561
14 365
53 442
206 29
319 527
511 739
466 935
20 574
354 155
332 986
631 327
956 804
127 576
493 765
102 672
231 818
671 892
427 935
794 826
399 518
127 507
954 758
705 960
94 387
312 210
822 788
437 115
826 367
432 983
45 911
924 285
229 226
42 364
757 276
131 745
450 830
851 70
630 425
441 118
788 403
75 994
444 372
876 935
84 855
793 993
65 384
607 742
35 61
107 828
225 139
445 72
417 743
773 70
836 323
344 914
424 124
859 684
295 347
669 216
768 786
301 325
349 725
500 369
762 814
576 749
397 831
728 889
967 132
233 310
157 768
130 242
256 832
440 679
758 62
29 15
748 721
606 716
55 383
133 102
489 249
218 880
452 767
733 518
915 33
782 522
499 556
791 484
140 130
675 431
820 984
225 851
984 864
401 220
82 811
201 434
316 297
453 751
942 478
983 827
471 677
760 455
438 22
776 946
861 656
243 213
162 848
894 556
862 238
649 64
890 215
110 860
785 91
174 552
63 594
233 464
331 175
100 818
241 971
60 966
241 390
675 587
175 602
131 84
467 713
209 961
319 32
650 180
709 565
546 189
869 234
918 88
469 741
723 190
590 352
203 101
167 641
228 154
988 90
869 829
899 606
363 87
895 3
562 480
24 398
701 190
611 202
262 811
914 108
215 476
116 14
372 135
2 375
311 839
422 671
939 749
898 98
396 934
759 434
391 338
874 449
684 647
975 189
88 409
285 744
97 806
574 156
440 547
216 682
447 38
43 191
114 470
806 433
595 175
20 422
245 681
627 347
108 888
852 907
907 320
50 764
161 938
79 419
366 573
993 305
676 114
381 37
876 361
626 613
37 177
891 442
467 827
639 678
690 427
588 665
765 610
986 158
514 625
171 651
364 543
237 695
150 835
781 721
451 536
213 866
847 245
180 890
190 984
418 546
977 96
478 154
484 404
977 897
863 958
419 982
582 28
347 749
736 263
764 658
231 896
573 123
341 906
336 262
912 627
369 987
900 284
760 518
328 477
767 81
566 264
765 716
663 922
678 695
59 67
876 88
475 520
92 502
544 531
115 444
956 755
371 158
331 423
660 337
244 437
126 766
894 760
160 910
423 2
288 196
523 546
249 438
670 977
186 813
547 308
779 961
353 255
912 142
413 572
817 119
954 973
798 842
497 835
31 504
829 494
931 136
451 923
892 600
110 607
419 660
155 190
42 885
645 296
877 471
821 915
854 607
766 848
267 225
22 357
773 924
369 445
710 736
390 276
937 175
709 425
980 215
45 686
206 55
820 110
515 91
348 619
573 212
599 626
73 790
841 203
87 798
917 679
726 388
612 821
748 966
530 594
782 447
529 607
398 907
125 994
698 421
242 622
990 95
429 134
240 646
829 366
195 501
870 543
873 44
692 932
865 912
281 258
631 678
108 186
41 705
428 707
124 514
154 575
684 320
874 828
667 928
707 358
359 170
259 541
341 39
108 358
590 59
74 761
716 871
130 597
261 552
62 619
29 557
692 180
704 486
445 888
334 563
245 89
920 93
58 853
323 839
558 369
390 317
566 441
36 393
766 165
720 540
907 479
897 758
181 264
241 868
206 452
265 696
310 71
610 576
169 746
115 203
385 594
911 773
411 574
65 463
598 801
412 499
853 798
225 298
411 819
132 749
667 600
582 497
846 872
725 686
251 56
611 822
658 746
387 707
438 960
585 281
534 973
452 338
848 665
832 402
501 296
640 59
311 292
753 368
890 266
61 488
591 484
664 633
387 145
416 623
881 770
9 766
228 20
411 787
712 179
645 372
571 737
972 720
279 82
156 946
619 948
954 89
986 626
35 67
894 132
589 363
447 822
301 553
503 228
390 665
39 387
534 391
877 717
424 512
753 105
70 3
292 410
91 307
981 786
82 695
619 521
2 143
190 546
460 63
799 103
343 688
416 178
781 679
979 751
489 718
989 493
979 504
75 751
253 491
162 998
340 790
568 471
65 166
740 206
140 718
28 697
278 883
671 522
812 438
322 225
515 601
884 540
317 372
668 169
399 485
146 30
448 202
855 401
298 162
59 512
161 554
755 543
356 757
393 19
581 319
2 181
226 705
55 971
408 503
481 588
729 97
476 500
271 581
965 278
41 216
385 73
224 450
846 28
443 295
911 224
354 768
954 691
284 632
105 832
41 147
390 188
651 767
87 556
935 45
44 825
824 897
495 171
591 762
596 418
917 763
988 970
213 995
487 392
682 896
338 404
92 69
420 293
919 621
283 502
538 856
706 349
956 54
85 508
684 231
354 437
373 283
502 571
302 307
74 880
609 770
250 470
339 394
737 817
925 678
20 270
427 254
513 636
380 868
783 468
670 995
20 328
262 829
179 84
809 503
862 769
606 810
594 438
742 934
662 928
964 440
3 575
318 113
468 730
649 366
226 395
46 740
249 974
415 664
679 66
579 541
609 685
277 357
952 765
760 919
435 975
151 692
228 660
528 934
342 343
455 67
8 149
999 695
336 73
532 690
160 871
69 139
423 513
954 11
64 806
807 749
568 20
82 687
967 977
963 162
177 756
331 263
418 542
201 529
476 799
239 94
831 434
91 798
162 618
280 113
687 716
652 920
439 796
606 883
430 627
65 140
826 778
193 636
185 248
150 102
881 826
544 485
843 558
412 182
896 893
8 486
397 898
193 640
399 844
625 91
187 225
72 67
950 842
250 822
276 127
929 689
253 915
144 435
524 986
670 946
625 960
822 525
76 696
549 791
147 317
300 774
78 605
874 159
72 14
8 83
623 599
573 202
275 503
346 802
787 30
436 391
26 49
951 495
353 24
798 921
241 254
593 613
387 264
811 497
351 600
925 461
961 507
262 540
709 878
273 836
475 410
434 675
880 790
772 157
838 644
62 416
908 856
539 14
656 59
803 38
890 512
682 441
196 648
856 189
393 950
22 239
323 969
512 698
387 523
782 977
891 848
167 853
347 210
567 897
373 750
12 221
794 384
949 83
561 555
653 359
183 426
392 489
25 852
493 146
769 518
484 453
966 130
834 89
429 482
993 962
996 63
653 549
529 217
251 126
461 122
692 977
455 4
600 566
683 145
394 710
929 969
827 850
807 802
575 773
511 721
516 216
865 554
394 121
812 561
338 384
690 407
502 892
890 609
987 751
23 479
227 550
936 543
649 377
577 69
200 933
74 454
459 849
311 894
356 315
603 623
40 331
645 682
135 723
962 302
617 663
635 228
430 886
777 727
424 448
662 884
62 953
849 248
596 531
68 392
625 449
168 363
583 129
162 80
457 898
189 945
631 308
728 335
777 288
465 282
402 88
380 184
47 370
501 625
425 444
478 980
816 38
153 302
458 519
639 286
683 638
415 889
630 774
524 228
660 580
901 311
716 860
24 687
834 39
76 745
205 676
637 276
126 777
676 311
641 776
653 584
920 421
54 244
361 48
345 931
96 857
703 266
868 933
578 158
832 725
260 533
84 654
804 607
517 517
384 698
724 154
675 980
487 307
146 231
72 509
624 146
535 436
356 254
487 40
41 904
273 798
808 248
126 160
352 968
454 542
463 850
352 884
974 978
536 276
536 475
838 74
437 179
573 335
190 590
783 903
677 133
597 584
544 5
265 851
619 4
792 419
432 846
176 181
612 446
953 793
548 319
403 504
504 979
453 691
452 122
488 734
433 602
340 690
111 79
706 597
715 43
42 663
470 148
723 809
667 640
484 275
925 16
465 320
63 263
119 253
599 610
305 903
64 625
830 230
346 779
72 205
827 337
56 596
227 203
636 577
46 403
382 76
459 182
430 440
398 493
629 437
171 995
66 878
114 272
60 177
576 961
810 19
462 366
537 980
463 972
649 193
422 140
171 103
854 649
540 323
460 734
456 873
605 67
649 630
168 656
408 991
190 647
504 855
177 532
522 182
887 744
454 843
440 724
935 770
429 707
332 668
132 932
223 134
220 609
630 339
38 672
834 697
529 406
343 299
78 431
258 918
766 360
411 224
328 637
321 813
334 838
525 262
130 343
800 253
865 338
574 499
181 390
701 92
802 544
32 316
726 513
98 576
194 969
276 650
234 484
486 661
136 568
207 648
887 413
124 571
268 845
959 1000
984 797
427 43
820 811
279 752
877 380
68 760
190 127
949 519
853 67
167 994
604 815
699 515
964 318
230 913
392 884
691 567
798 465
457 709
274 617
774 42
257 540
519 620
1 397
907 74
958 992
774 691
64 322
209 299
344 640
630 902
813 354
811 601
593 857
695 132
547 928
989 681
2 835
261 472
533 571
633 90
549 398
122 639
634 36
560 969
468 163
260 926
29 875
185 505
593 825
211 977
727 217
157 483
714 922
414 250
680 975
524 193
718 428
783 366
969 720
877 890
364 989
61 226
362 25
618 40
500 404
114 613
494 869
746 177
460 569
27 556
919 309
439 878
304 269
863 760
98 638
655 735
970 539
899 955
554 814
358 266
985 257
799 10
361 409
435 354
672 130
704 891
520 194
514 720
630 925
489 708
988 521
68 338
986 518
191 652
431 797
794 280
62 367
13 992
467 713
161 943
675 905
835 236
401 556
632 114
502 505
555 456
256 639
235 81
562 254
440 949
110 521
20 513
45 167
655 74
415 604
311 655
256 945
16 587
655 549
169 217
633 949
135 253
663 288
979 424
451 601
528 157
87 199
542 1
991 409
1 710
602 558
200 315
725 170
457 769
798 779
98 114
178 539
10 183
938 992
475 843
952 487
919 428
694 691
279 287
446 789
485 528
66 324
141 421
854 19
605 217
136 520
311 362
69 7
536 383
447 169
61 663
318 932
208 900
975 549
736 216
372 700
373 521
896 717
353 331
147 994
122 584
943 335
130 89
988 272
320 500
7 928
302 653
799 647
357 793
980 989
119 298
161 722
701 294
512 353
617 508
951 241
915 176
836 798
835 324
360 866
659 883
765 613
969 186
49 213
758 706
983 893
190 247
878 723
676 168
517 101
895 244
37 321
708 320
766 631
602 84
470 899
504 666
690 83
785 612
660 819
373 694
793 649
390 398
529 558
73 265
593 12
112 473
868 831
398 991
16 644
875 750
557 315
480 639
619 81
485 500
22 182
455 689
597 260
319 301
525 385
898 770
588 519
255 552
141 641
887 163
490 631
702 465
88 121
776 966
908 233
943 5
929 914
880 155
793 414
990 420
238 44
561 518
953 666
975 907
171 322
10 886
559 323
540 878
153 701
40 972
752 162
832 660
366 897
629 655
314 143
16 745
970 461
720 652
253 452
833 146
328 708
139 400
469 846
814 472
518 780
73 200
177 701
922 818
853 795
743 39
256 352
629 350
259 663
974 955
515 917
159 667
634 650
967 153
508 901
953 74
288 271
211 393
326 740
12 307
801 705
469 511
875 281
287 832
105 929
847 674
853 639
513 417
582 622
323 288
139 620
697 321
702 397
442 127
268 704
555 602
388 666
496 500
434 739
194 345
550 409
969 66
472 253
612 985
415 246
976 489
943 807
695 649
134 646
260 331
608 76
49 514
285 787
937 224
381 502
504 109
471 289
327 779
128 693
725 537
182 672
605 147
816 261
622 659
463 521
45 845
462 313
876 70
433 630
802 655
223 215
354 803
73 981
367 425
790 462
858 466
734 135
784 888
773 878
213 681
644 245
277 573
268 728
119 182
530 887
816 258
195 682
292 691
77 681
611 783
353 878
441 145
505 298
34 804
255 187
857 920
152 823
146 301
723 690
544 515
359 124
888 73
398 308
235 898
721 728
416 548
857 207
838 287
115 460
989 323
124 500
809 960
557 150
918 448
508 76
810 954
263 605
863 298
254 403
33 100
742 585
30 842
650 126
701 414
681 654
649 274
986 626
847 429
515 341
24 666
241 56
942 872
573 979
361 446
220 208
244 999
198 942
206 384
87 301
11 602
790 154
651 235
241 186
635 837
200 171
432 826
269 629
144 282
412 181
893 123
526 317
36 309
470 730
595 727
539 925
819 161
440 152
979 699
498 543
833 391
744 276
687 942
246 319
502 620
341 336
542 594
706 154
962 633
541 690
967 870
535 164
21 469
574 478
534 252
865 49
610 41
677 753
18 441
812 198
479 147
981 940
290 203
607 360
995 270
507 382
446 493
288 127
582 213
434 693
788 326
999 326
250 964
311 65
467 195
876 79
288 440
790 395
185 802
247 330
103 414
935 270
814 272
119 647
746 490
683 928
286 478
744 429
305 809
750 676
111 555
533 140
793 471
12 967
613 77
725 23
898 429
968 174
385 532
212 584
29 863
933 371
789 168
963 431
55 569
854 586
678 697
155 117
371 591
234 178
93 570
739 300
317 767
551 679
479 835
924 138
167 416
153 627
388 164
751 787
843 625
790 711
213 445
307 111
654 774
547 404
804 315
287 883
564 242
12 379
574 182
828 93
567 49
537 753
735 999
653 861
456 908
325 859
342 608
153 433
619 210
249 53
69 148
749 664
984 58
678 550
9 234
894 812
626 441
228 137
176 314
981 46
657 253
382 371
756 459
860 179
694 885
21 749
349 533
928 48
824 48
963 112
988 690
172 710
375 152
832 563
563 647
763 199
16 516
419 59
724 423
705 793
936 38
973 347
810 551
9 496
379 404
984 859
636 86
94 111
694 940
555 616
797 465
502 509
687 325
408 276
139 58
440 145
96 366
845 25
1 212
635 800
646 992
336 538
650 982
382 140
619 21
863 577
94 44
822 856
844 727
840 795
433 925
995 820
176 889
514 67
258 221
634 433
852 810
327 400
599 874
21 653
439 458
251 784
134 398
980 624
248 512
135 245
644 249
768 346
979 724
479 379
562 552
732 927
366 951
307 891
703 96
811 906
387 71
769 423
453 470
637 932
427 129
545 266
620 726
884 407
5 300
260 919
771 738
580 639
495 573
131 372
154 982
570 840
861 477
882 752
464 879
591 922
933 553
448 960
42 449
825 223
651 474
316 349
346 525
148 428
684 908
812 323
3 480
406 608
921 177
65 703
805 813
822 843
313 908
880 770
817 5
807 787
297 388
182 312
946 34
545 555
294 307
953 845
533 415
693 416
234 682
653 501
17 902
756 50
274 322
287 991
610 274
608 887
97 648
951 729
722 778
837 182
255 704
231 508
937 905
607 584
501 269
95 389
187 825
592 920
31 264
267 369
434 158
530 477
220 621
463 858
658 510
383 539
733 625
653 101
367 111
88 946
724 628
951 268
496 117
322 316
122 556
350 342
6 865
161 716
850 825
673 913
46 186
935 909
313 527
558 252
13 161
371 888
821 897
764 821
446 39
197 779
387 353
468 224
415 646
316 435
161 638
691 194
212 3
638 141
7 559
139 933
299 67
289 496
70 980
408 787
948 121
914 551
835 507
684 300
355 52
82 542
968 785
856 40
270 723
432 500
560 317
446 226
455 463
518 970
596 46
455 128
576 968
796 412
483 593
112 973
247 75
377 65
788 579
78 250
261 352
393 116
888 188
649 195
945 59
725 320
886 492
346 320
560 226
884 557
591 865
172 824
166 421
358 143
42 733
11 421
303 999
536 927
349 854
8 598
58 362
703 960
429 750
563 695
565 110
995 818
621 219
546 669
932 753
7 300
882 806
318 589
826 6
972 52
834 487
373 684
587 217
923 705
797 33
444 931
240 306
422 881
832 53
576 361
780 179
836 332
164 77
159 28
428 326
502 37
276 537
48 513
85 433
503 116
509 410
544 714
127 138
781 606
666 171
491 590
386 653
575 140
765 42
912 440
364 51
362 698
468 426
449 991
503 147
919 181
935 487
725 5
533 7
475 515
240 643
153 782
456 109
221 354
877 745
227 744
229 411
351 744
671 350
298 775
419 44
216 292
45 493
635 788
903 307
603 212
631 642
652 752
164 755
238 871
422 584
770 740
182 581
948 519
738 264
914 295
770 32
163 760
896 778
998 299
698 51
762 379
785 808
939 257
419 805
394 657
49 663
763 307
598 201
68 533
336 796
94 634
353 843
487 402
292 820
565 632
204 51
948 787
507 970
498 96
833 895
709 852
762 781
103 753
846 483
802 559
73 610
942 693
478 565
151 394
452 695
579 469
443 591
728 137
30 546
98 437
662 169
757 826
92 655
48 952
644 447
471 847
582 61
355 170
11 915
349 821
442 443
429 910
473 213
597 913
405 941
201 385
9 108
204 408
708 387
389 457
49 395
667 51
76 729
613 680
162 509
912 958
505 503
87 523
955 480
948 45
792 218
141 471
777 761
28 347
684 160
397 574
263 545
652 148
161 812
473 215
168 129
182 14
805 234
164 542
785 253
53 233
506 812
325 864
69 637
32 715
615 514
920 134
125 498
433 519
920 983
417 431
347 519
275 800
951 34
686 523
249 834
510 595
454 145
298 593
947 633
15 708
540 109
195 835
935 970
750 427
708 929
362 750
91 981
74 727
664 141
794 126
167 463
302 864
121 234
425 321
99 647
208 463
974 966
390 989
459 28
243 670
745 340
33 452
669 519
943 73
382 687
640 817
770 532
623 524
798 459
764 989
979 203
662 161
750 985
475 25
779 262
779 526
179 199
269 448
190 886
254 564
364 957
199 255
276 71
270 789
327 279
564 89
91 451
343 610
808 517
430 61
156 98
31 657
65 39
958 714
467 350
921 110
352 828
925 698
834 476
545 146
250 757
545 123
83 932
824 402
395 39
169 820
150 349
332 317
583 377
367 47
628 634
984 174
300 786
207 359
879 275
541 516
273 211
974 252
90 506
314 393
952 473
82 653
416 910
63 966
15 96
492 737
605 296
711 677
904 285
240 814
658 780
79 316
335 458
124 250
891 720
700 132
140 403
922 874
829 437
872 822
858 400
427 203
915 195
737 788
335 734
514 684
35 997
716 784
766 547
960 540
973 182
988 901
425 971
924 853
426 85
718 582
789 222
900 438
423 610
978 277
152 648
895 890
504 824
556 179
469 519
286 931
843 151
805 170
425 671
496 340
829 95
367 204
821 333
726 613
511 488
348 345
842 663
939 705
606 801
197 655
362 665
629 704
896 432
864 824
868 347
217 795
284 49
333 207
671 724
174 419
716 582
543 810
443 26
442 897
318 325
663 159
612 160
161 698
274 204
690 402
531 356
277 340
840 390
532 702
216 648
510 590
630 687
759 667
736 695
492 265
11 268
213 194
934 882
318 464
936 911
92 354
115 797
845 166
85 360
637 615
788 544
667 990
253 629
23 595
190 978
167 695
588 953
40 890
844 730
562 759
711 478
15 234
134 481
845 400
175 494
562 594
789 432
947 671
181 650
556 59
689 907
882 460
977 483
917 564
91 33
716 553
425 374
144 681
720 139
270 237
636 304
974 539
632 496
267 120
666 872
259 946
258 434
712 884
568 256
325 88
370 164
724 34
767 5
228 246
973 533
320 552
762 580
643 818
120 945
47 715
905 428
155 985
258 301
356 675
93 741
696 652
630 586
818 943
644 231
572 111
352 905
485 85
177 561
949 385
143 115
233 884
74 164
54 832
594 154
732 613
547 127
392 175
599 549
694 284
720 927
39 772
243 226
216 303
916 802
516 810
717 708
13 595
505 159
452 878
839 883
771 827
448 517
28 676
171 737
410 267
118 693
230 747
438 752
969 97
588 353
579 403
320 475
180 637
407 819
676 436
768 506
894 963
788 810
511 997
583 129
694 704
933 722
643 69
891 821
60 205
876 984
904 819
329 957
684 561
617 206
738 227
864 13
212 627
197 340
184 271
326 57
825 439
110 921
258 582
313 82
211 247
494 341
100 342
7 322
657 436
778 65
968 185
637 155
735 637
47 504
92 81
559 756
562 841
488 451
349 835
629 954
626 999
566 377
705 504
694 419
866 362
672 980
126 415
301 332
808 180
691 672
413 77
135 624
331 660
974 932
15 932
385 864
705 879
393 590
538 111
90 384
103 398
2 750
982 995
191 366
961 861
474 97
175 437
676 926
558 289
406 79
327 2
961 204
345 886
359 352
123 418
532 653
556 172
941 907
980 856
674 20
225 214
735 599
77 239
963 9
748 411
899 569
788 472
267 271
405 852
852 359
403 990
650 285
458 965
944 71
688 673
207 263
808 294
762 176
467 658
420 253
844 404
818 149
937 166
462 495
303 886
860 690
806 74
836 948
195 362
430 432
989 400
612 563
185 387
191 809
821 964
31 848
458 332
312 256
265 619
21 447
232 853
281 436
719 283
413 987
129 250
325 768
675 465
814 782
786 169
395 367
395 878
108 127
334 256
220 144
695 544
349 768
596 766
281 508
546 845
938 932
380 514
536 642
125 401
750 550
541 805
155 977
800 867
304 118
711 59
753 826
760 127
770 308
375 49
219 719
570 181
25 154
87 457
465 107
246 681
42 813
911 884
209 439
841 164
140 818
542 8
9 49
331 678
706 648
464 981
113 691
78 439
218 419
883 522
79 471
597 68
120 268
405 402
332 586
366 879
137 9
719 213
744 686
688 214
569 61
114 278
893 934
956 615
225 935
855 935
657 809
585 193
366 944
10 825
983 825
422 349
698 379
248 110
726 853
999 289
700 629
919 367
240 889
273 98
971 82
822 65
565 352
995 892
643 650
513 978
447 751
569 971
845 988
738 17
675 790
342 713
820 270
255 54
288 944
835 16
399 593
341 757
333 821
248 221
459 760
354 688
932 730
570 231
567 579
501 402
215 378
677 496
151 992
197 966
424 865
218 965
50 209
80 820
912 217
204 445
993 831
753 31
218 294
373 937
368 129
508 725
590 227
518 972
127 667
548 900
241 147
604 358
324 503
961 407
134 476
78 900
39 701
882 439
522 43
977 697
834 780
611 281
374 984
387 669
155 698
366 18
676 555
514 78
120 96
783 57
548 282
168 689
737 539
217 265
203 995
804 87
798 95
844 871
844 157
888 849
924 298
519 231
602 254
641 247
466 453
116 716
753 4
346 952
962 975
198 631
934 50
608 480
622 981
309 853
102 669
940 522
426 474
550 83
701 511
783 204
457 276
54 997
720 225
359 708
656 758
506 58
8 446
818 926
362 696
664 939
568 836
210 867
113 655
588 963
766 158
986 976
689 746
108 2
236 642
411 201
141 141
608 503
1 383
723 442
708 729
617 389
817 362
170 549
863 40
245 636
928 223
579 339
626 999
69 81
213 2
873 972
744 978
941 776
80 605
491 311
559 860
873 603
406 895
163 908
978 435
336 341
568 423
904 482
385 735
955 415
482 111
737 73
919 631
272 20
964 506
978 736
973 594
446 648
611 174
42 811
562 163
878 788
232 80
189 750
208 892
374 538
423 344
677 454
937 208
449 525
830 347
203 65
773 973
923 474
458 433
747 206
22 495
804 213
213 892
805 195
785 553
964 804
884 931
716 548
534 918
689 225
499 458
308 957
465 329
36 497
398 877
618 26
299 249
402 670
771 331
981 100
583 757
654 59
19 495
173 820
661 547
591 330
891 610
366 896
453 738
211 704
444 794
780 830
690 195
59 633
696 430
715 96
750 303
875 384
444 268
231 494
408 544
958 377
625 563
923 878
911 53
790 877
969 30
386 189
505 997
891 715
489 984
166 146
569 363
170 744
357 291
638 365
809 538
40 171
807 46
569 862
961 974
933 192
89 501
50 698
501 35
900 756
998 527
689 464
800 552
740 206
594 336
312 426
356 893
104 588
803 316
576 901
385 560
139 142
975 182
123 275
594 762
434 239
267 442
678 731
849 657
838 912
327 252
996 564
582 66
346 182
66 407
804 990
693 966
11 415
652 555
691 33
963 710
76 420
273 701
445 487
803 479
277 787
199 660
218 861
204 643
804 251
974 877
338 21
570 309
850 179
719 76
734 40
594 470
861 69
263 464
382 947
783 93
732 814
170 227
829 928
979 584
950 307
911 537
864 985
717 186
603 13
935 324
169 874
765 790
970 963
334 581
428 481
784 383
321 833
254 513
794 49
45 653
287 171
175 452
756 868
811 402
237 175
472 348
996 735
313 369
757 769
590 606
174 348
52 134
271 724
510 836
228 219
816 89
664 695
956 957
896 177
972 807
624 283
106 160
59 106
283 130
782 208
81 352
352 815
986 506
790 942
599 502
18 865
406 138
410 446
766 311
817 963
453 214
467 62
814 404
510 728
244 738
747 141
448 373
405 503
527 424
841 356
122 351
930 835
375 514
477 370
123 741
964 319
841 460
544 104
761 959
481 115
951 435
982 61
198 797
128 111
776 519
678 614
946 194
35 705
470 282
926 344
919 108
144 556
401 513
16 919
105 117
575 198
652 622
944 280
627 772
118 417
186 392
822 772
213 408
873 238
803 634
516 486
264 21
49 309
342 604
970 211
218 371
275 298
729 507
85 999
439 232
202 14
647 634
764 805
115 100
267 209
152 986
556 465
367 437
521 161
322 290
155 186
270 560
100 313
859 443
230 478
993 9
837 309
908 586
238 527
22 355
674 164
216 590
960 121
144 996
275 378
970 254
245 891
70 647
603 495
344 208
377 109
218 281
363 339
250 550
749 838
475 585
763 280
751 282
259 933
901 416
999 74
344 401
736 307
306 803
419 473
702 707
63 699
802 412
575 725
507 897
141 480
504 440
310 829
20 334
219 514
810 983
871 215
234 893
803 448
635 634
704 870
541 867
367 257
620 185
69 736
741 328
812 419
379 614
761 257
269 520
486 711
507 903
660 892
835 953
517 429
716 440
432 9
721 956
405 473
948 563
998 24
766 92
447 143
544 856
61 93
665 395
257 938
789 345
480 71
980 457
3 695
756 639
778 328
764 398
378 558
562 367
496 775
94 917
273 583
259 128
299 923
18 225
513 936
259 483
704 731
26 317
968 39
872 671
22 280
730 419
725 828
397 701
69 753
857 980
833 314
488 546
190 771
329 755
329 463
597 104
971 305
464 554
539 538
348 430
906 946
