p td 2000 8000 
1330 1630
152 866
1148 410
1301 1610
38 285
575 1948
1396 1898
263 1485
1136 250
1607 1843
1839 893
932 1147
999 888
1378 885
452 1978
1522 1974
1509 1107
828 970
1351 705
1363 1541
543 746
1849 718
254 637
1089 888
323 725
1979 781
1991 1618
1951 1231
1376 1908
645 312
571 834
1664 1066
1200 1915
1062 211
1309 158
548 1185
201 518
504 1461
193 1949
1571 903
960 1296
1203 1276
1493 1070
1528 939
1808 325
20 1477
1489 765
1568 873
1263 1211
1178 15
128 44
1895 1293
1791 416
217 603
98 192
1500 1533
1199 1555
1008 1972
469 1132
1319 1503
95 612
1828 1233
1955 463
186 1323
369 640
1805 1407
1723 353
1573 858
1356 841
1615 1296
139 1686
272 719
894 1728
651 1066
1276 1437
510 413
458 127
935 1203
1132 1339
882 498
728 159
298 91
967 751
753 206
279 1588
1090 1495
146 1775
1010 8
1813 886
229 1897
261 177
1679 986
1374 1258
1806 1917
1648 1560
1183 1004
1367 1076
1427 1632
1523 1055
650 559
1559 214
1161 1711
1528 1148
1001 925
324 791
152 311
328 1325
997 796
694 614
1520 318
1600 1378
914 1828
322 1855
57 1766
1494 1197
142 973
2000 1787
1151 1331
1852 877
1068 523
1608 205
1278 1597
1027 1597
958 451
1965 509
626 828
993 740
1799 1838
113 330
1127 607
82 1494
2 819
1246 688
1459 1437
116 1573
1489 91
1173 1963
341 1496
1821 1905
1616 807
389 333
1735 263
515 1987
14 335
864 989
1282 1913
1241 1920
399 1650
722 329
431 1349
1055 1363
1215 776
267 178
1281 1316
802 359
971 1266
1620 872
271 484
1447 764
72 695
1064 1758
230 1002
1500 800
1013 49
165 1297
256 109
667 1871
1452 36
1553 506
115 1467
1958 1314
1590 1355
423 652
134 1161
1960 1261
1521 1553
1535 592
254 1303
255 982
64 1504
8 1780
1615 65
24 647
1391 1852
785 815
1886 649
111 156
806 671
1262 1782
908 141
482 489
1648 1809
326 350
987 441
925 678
1384 1196
1716 47
1663 1785
750 1456
414 1673
1418 168
543 1146
689 151
231 287
65 483
333 1222
1355 110
1716 12
1689 921
1806 1031
6 1989
70 1085
1340 1808
1971 360
516 1354
1076 1048
588 1682
1779 287
796 70
1977 1671
1669 1809
309 786
643 1731
1409 1303
19 1842
1838 1244
863 443
98 1053
506 1658
688 678
259 1625
1503 1967
1114 221
178 468
640 63
1778 538
1058 53
714 755
29 1783
1849 842
890 51
1121 1169
537 563
557 165
1934 1348
51 789
845 296
1092 762
1804 1120
599 1541
905 1655
61 128
529 1033
1104 688
562 1745
174 1212
1060 1304
1051 1138
10 62
461 1570
1251 1841
247 984
1850 1898
264 1585
1647 589
1881 643
1582 1214
1433 694
1531 1133
694 1691
1189 163
953 536
219 636
779 1264
1620 814
1463 1870
1826 297
1808 1970
297 1792
874 1038
219 195
1545 748
1576 946
570 45
1452 891
740 1730
665 368
819 1481
1140 1369
1857 841
1515 1528
1693 441
1904 190
1250 867
1840 516
1495 1906
591 1724
1177 720
140 301
505 1308
772 863
1833 1615
962 1581
871 1480
482 263
990 1423
230 998
1594 1979
1636 1114
1113 1496
1798 1945
1866 1237
750 1150
1320 485
1443 227
770 396
432 1536
527 1481
1738 1902
427 850
1257 1028
852 1480
28 747
2 1037
1299 640
822 720
1631 32
1998 1581
1372 23
1226 1165
559 550
371 505
777 1783
1718 1778
1711 445
160 1833
1935 288
382 1070
294 1864
1301 312
295 1206
220 1232
1083 1021
245 869
1200 1793
1315 1138
1413 603
413 538
863 988
1140 409
1137 1996
1012 1949
675 190
1787 105
1423 1124
1817 683
1075 196
1558 624
573 1557
1184 206
1682 443
1704 489
761 1029
252 421
284 702
1060 767
1377 365
959 833
611 741
859 515
873 921
1050 1427
1853 383
256 1833
1606 758
348 1205
1296 1430
573 549
357 1499
1461 178
402 1018
675 1695
1159 307
1582 409
197 1527
426 1171
302 1026
576 1807
1037 1057
1706 1875
739 1468
1674 1857
891 80
283 201
1837 1840
334 1438
551 1835
802 790
855 726
1419 1070
1112 254
749 385
496 457
1844 634
90 533
249 1260
1149 1537
663 530
135 700
593 75
1527 1828
1156 508
114 446
1479 376
700 816
639 315
1043 908
570 120
516 1250
52 1507
1012 1766
1105 1704
822 1356
1364 928
1638 1676
157 406
1567 681
161 20
1363 1647
824 1098
1231 1545
105 99
1392 1961
198 1178
1541 1859
1759 1466
117 436
967 1322
573 419
1075 1684
1146 1585
296 870
342 1281
1074 444
18 611
291 337
274 1294
1641 395
1016 1099
573 1017
1189 1871
1199 739
1072 1565
1837 280
1108 1511
1097 297
1251 695
124 558
751 768
610 955
1508 977
917 1711
133 249
1225 450
1677 1943
97 649
525 1128
1599 1192
723 1277
1260 1359
376 1591
722 540
816 903
372 1415
1087 1677
289 289
6 270
563 1265
1415 326
1989 1299
877 1611
81 586
1746 828
664 345
865 1891
823 877
931 657
567 412
196 822
1506 1066
1029 363
1616 859
717 1483
1577 497
1781 931
1987 524
596 1978
620 1152
1233 1909
330 377
282 1261
343 1394
1477 1910
1425 295
605 60
1445 1388
1564 539
927 503
415 1809
293 37
7 913
833 1768
1622 796
1144 1263
1133 950
393 1032
1226 1084
1781 899
1412 1020
1959 534
1561 1097
1123 1597
312 191
1238 830
362 1321
452 1822
1207 1526
1054 391
305 86
1755 526
136 736
1825 141
1886 1469
825 436
1470 953
742 1730
1966 1506
1217 1904
1688 999
1423 1442
1863 1118
134 187
1204 93
1677 825
1735 2000
1015 1977
704 83
962 20
1851 1230
336 1628
300 1707
1094 1688
736 247
898 1832
1593 1869
1888 1938
605 1618
1223 437
694 1847
625 445
500 1095
24 1066
590 57
78 1753
1055 1880
1884 120
1154 904
985 935
1443 1484
1641 1036
1171 448
1753 902
1119 1534
1657 732
279 1842
1628 550
1899 1299
1578 1795
1386 1679
1798 1583
989 276
655 1625
1055 941
1030 1290
1978 1148
1344 694
846 525
1048 1590
1168 1020
2000 1889
453 1490
288 1232
1186 1976
1133 1737
1997 558
1227 1502
1202 1617
1136 782
813 1093
208 1795
1694 1132
382 122
887 718
452 152
1208 181
944 213
67 731
579 1325
331 1641
25 1203
641 300
1184 1573
433 744
1839 1586
1874 1651
194 1844
704 1724
1920 312
1238 529
1304 300
270 197
1327 633
1161 979
658 1078
1632 1946
989 1368
904 1201
1337 1105
1860 1391
84 1282
512 400
636 1379
653 365
978 289
152 1737
1159 1993
690 95
1738 1274
17 337
689 248
1716 1960
1352 685
461 408
250 1371
870 323
967 1932
349 1004
1586 209
1908 1204
706 1688
109 1563
1470 268
396 1410
1988 787
1216 1554
544 1950
636 230
465 995
819 1849
1153 1680
46 1802
222 953
1591 1857
1136 946
299 1364
1759 339
506 1010
839 182
13 832
1997 823
1155 895
1428 905
520 1948
1306 1649
1375 459
1572 624
998 113
143 1547
305 309
1428 1612
1065 1061
820 576
459 338
647 1930
1599 33
1739 51
971 1814
1389 739
1923 21
780 1099
796 874
1955 132
1946 1119
991 1928
346 613
266 1496
148 541
1520 1911
182 2
1700 1159
360 632
1519 410
741 839
133 1773
608 1122
353 1743
1341 1354
198 1270
1547 1497
710 147
1856 1569
722 989
1676 265
461 1490
580 327
1005 1140
1953 905
1909 1375
1954 1118
1272 1296
24 1432
462 1058
624 660
1850 1435
1831 687
595 887
498 1209
212 144
1777 1743
683 822
285 442
1036 642
1099 1964
1219 795
504 1474
1559 1097
396 551
1432 1170
1398 191
722 829
1667 1050
1573 1808
1873 59
176 1234
1082 557
1092 1877
1654 291
374 126
1321 1262
521 1104
1 915
1593 281
1503 464
563 1664
1670 1
1393 1232
1650 1907
58 851
1496 646
23 775
1267 472
400 1149
1179 1696
1054 1183
1930 510
1349 1308
1625 1171
1883 1244
193 1283
485 1114
609 934
1603 1098
1478 350
937 1129
1516 1783
972 1148
36 240
1656 1342
1052 360
1027 175
1173 1917
1805 1765
223 564
229 672
532 885
1895 969
1871 119
1031 104
263 844
43 555
1430 296
93 1295
1458 1096
1611 1290
1108 418
245 604
1190 1235
1669 635
1075 401
1049 123
1006 1229
369 1064
1694 809
1058 1138
1826 1998
1827 1189
2000 1272
1244 688
1518 1138
852 303
1501 1979
1066 880
1563 1954
491 726
1807 629
997 1882
379 1711
1131 197
1272 1217
398 846
1105 648
208 1116
1835 305
513 857
48 105
759 454
1904 463
1769 178
1565 1075
1071 1413
1158 1303
941 929
595 1260
531 628
1158 359
269 530
595 1344
1360 1055
323 1620
1965 1086
256 1339
1914 358
1998 1498
71 1660
1329 121
1091 145
1237 1411
661 391
1983 717
39 384
1346 1340
1753 391
1277 1961
1169 980
1875 142
1088 878
1014 1889
1685 84
1211 906
1429 46
1944 1409
288 2000
1380 1685
182 1110
1040 686
446 1325
127 1339
512 1089
245 312
598 956
1227 1285
1171 997
1926 669
1342 862
590 663
1806 1052
512 455
1572 87
907 1035
650 771
1610 1204
1283 1669
1030 1961
351 931
1727 1256
572 1562
210 756
191 699
1792 1891
578 1007
1683 1997
1183 1349
930 276
1520 1182
1 1761
1097 844
1581 262
1559 381
1215 915
1474 1059
918 1356
739 1919
580 1358
1378 1059
682 1530
1788 15
1131 1802
397 1123
1080 1456
162 878
1075 818
841 891
1888 857
1175 1660
335 1530
76 65
496 433
1289 518
1186 1551
976 1439
740 644
1205 1762
1028 1309
1708 1127
524 808
1084 1526
1044 68
287 1485
1496 1267
935 585
643 1406
939 155
1131 681
1540 1484
1918 809
513 1270
1787 37
1499 198
1705 365
350 861
254 1940
1149 1461
1837 707
1469 367
250 1819
1539 1254
750 1281
340 1334
843 210
501 1638
260 1243
768 1210
1502 324
285 1943
1522 1754
777 1137
1880 1603
829 1036
1675 1643
1341 1126
608 956
801 813
1932 530
493 1869
29 1072
1309 1199
866 1946
1683 1845
1915 1098
803 1367
829 887
1409 1796
568 1442
1193 1159
1171 1141
119 325
1977 127
1483 888
1901 1982
1109 1202
949 493
1237 589
622 438
88 1417
380 952
1718 1384
640 1065
1860 248
1533 1553
469 1017
1810 1625
746 735
260 1825
1138 1949
1197 1087
214 743
1333 1507
309 597
755 354
1252 1690
1290 283
1177 782
576 353
914 1635
1219 1996
29 1141
79 1935
1026 1016
33 921
1274 255
108 320
1066 37
60 1507
1033 332
1516 1474
1501 697
330 76
151 1514
1896 1001
972 1251
1111 743
1979 1996
670 1184
35 1761
1487 52
1609 1388
496 419
1320 101
1855 1476
797 1606
735 1191
873 1708
786 489
350 586
74 471
1954 246
1003 1648
919 1784
579 787
565 142
1447 764
1716 1264
936 1429
915 1281
1788 1868
474 545
1939 1195
403 1916
1490 818
416 1382
1568 1456
1416 989
1357 1329
907 321
1495 992
578 366
575 1579
904 341
570 700
1434 690
1239 1334
578 1497
1664 1369
704 1808
98 1400
1233 1463
449 1595
1308 1565
459 703
776 40
1535 614
1300 1586
1499 1912
1350 1189
474 1276
754 1120
550 376
777 689
1208 1558
852 1587
1851 1200
1964 477
736 1714
1255 1685
1371 1885
291 810
1896 1170
1142 1855
801 451
558 1640
490 806
244 991
583 438
1989 528
1447 14
1826 1397
509 1515
691 501
1820 108
1115 1962
1166 674
1046 276
1748 845
425 1935
961 884
12 1829
844 186
1277 998
1451 482
1846 1969
1634 207
1713 1272
1823 1332
1634 1829
973 670
1766 1201
525 1315
1337 1065
36 600
14 1451
166 1661
809 5
84 1046
1841 1431
1726 537
429 1112
1738 474
1855 1005
843 1700
21 1831
1295 654
1423 1091
1833 736
1136 759
1990 1379
1121 895
383 857
1863 1362
1778 207
1511 1362
861 115
189 950
1674 694
465 1552
200 1470
274 1345
1109 1732
1343 1750
1535 836
1971 367
1952 1712
446 865
256 1316
478 193
1988 667
1808 1158
1022 1735
1009 581
1780 451
804 252
639 396
239 1712
472 1833
1407 758
1414 1881
471 1761
1511 59
1931 1104
1800 1864
954 771
673 22
532 357
1846 1031
437 961
1685 536
718 903
1957 928
1334 1424
859 467
1682 1057
663 1880
1175 1700
115 1616
37 1391
804 1690
1849 66
1482 1017
1093 861
304 1185
31 977
527 1917
616 797
1510 1304
1142 1408
1038 131
872 1237
815 1174
785 110
435 1344
652 878
418 19
782 512
1923 1960
866 1723
451 34
1788 1492
1804 174
869 762
864 1432
1027 1579
1514 1785
1654 1494
299 895
1945 1193
376 1474
813 1506
1015 936
1432 1494
489 421
419 524
1475 800
768 71
1649 1688
520 134
1614 1946
1077 1158
392 225
1514 1110
286 838
1767 1610
1766 340
236 1117
1867 1684
704 1500
686 200
1903 688
532 211
1133 1034
244 702
673 605
846 95
297 1220
1104 379
1908 529
1070 988
333 1402
429 1775
1555 1375
352 425
1621 1202
1017 1215
46 944
1993 37
407 148
433 488
176 691
1639 1820
1097 216
1184 1914
1739 668
1572 116
265 360
1725 1107
1803 1197
1931 64
1399 88
501 1418
1854 921
998 99
857 1408
258 1328
401 1556
977 1374
1175 279
1631 1640
1795 945
448 1919
1199 1736
1653 881
1577 254
759 42
301 969
1966 1617
423 1521
1793 1386
1517 721
1388 1045
1139 1840
946 1174
1524 1286
217 1828
1418 924
1085 1068
98 1861
1690 304
1809 770
773 824
1037 386
1457 288
818 459
274 1418
1601 354
1499 608
1580 299
1824 22
132 837
624 1006
198 488
1605 1726
1550 42
267 1879
1865 1500
1686 289
1987 1112
1118 510
150 487
1020 1807
678 1508
946 1425
843 718
241 819
1737 1795
1063 1766
161 1659
493 257
644 30
1202 501
1402 103
1044 342
437 1029
116 1498
349 1020
1145 1795
394 97
958 362
58 360
1523 153
970 1494
853 1892
351 40
595 1859
852 1398
766 608
374 1487
1096 1972
1719 1213
125 156
539 142
348 749
1467 1773
1188 1078
1404 1203
1443 413
1462 1876
1466 1951
1964 1178
288 1719
1845 483
1905 824
840 1061
531 967
598 741
161 1700
917 1021
1783 1328
1979 1631
1185 268
288 1538
1785 1435
1058 990
550 1125
493 1508
239 1900
1773 1862
1156 770
324 1395
27 1284
1518 1969
431 148
217 1488
424 911
371 719
587 342
1460 399
1331 1987
657 829
1596 347
41 1746
612 260
306 350
416 670
712 1199
487 950
643 1946
1614 1227
1475 666
565 1528
1132 1099
1219 870
909 587
284 1900
1764 1237
1408 1051
844 1228
1645 1886
864 1679
5 878
746 721
1540 122
151 1054
1057 1631
81 842
404 930
1321 965
362 718
1825 653
1108 316
1863 34
568 1043
243 112
1634 673
1693 1084
667 301
179 1272
883 1056
1152 1645
1565 1570
1891 1719
1043 662
1117 141
1980 846
1834 1826
1255 704
1206 1148
829 1870
285 1188
199 730
246 459
338 354
679 1399
917 1804
653 688
1949 392
123 879
1104 1859
138 960
1424 1915
1868 1857
1012 1389
1741 184
16 525
674 1028
82 30
12 304
1862 330
135 1794
1175 1902
373 1886
857 367
706 339
411 640
1198 1820
977 1545
1593 1542
192 1412
755 515
1941 1951
1641 572
712 466
1810 1382
860 1275
1619 1850
1262 1559
1380 380
1610 621
682 1143
1313 1799
633 1091
1576 29
1078 1883
75 442
909 1138
1289 236
981 76
738 819
1238 1606
206 412
1930 1087
1976 783
823 941
1011 581
1705 714
1875 714
261 396
469 1380
980 1087
1985 1672
1477 1500
1273 911
1274 711
1554 1183
1965 1823
112 1452
351 708
614 839
332 1519
1536 1779
1038 51
134 234
1937 1360
1307 1468
807 876
1278 442
1271 1485
1123 693
450 134
582 1520
674 1798
1538 1455
212 1291
394 1238
1258 1915
376 260
661 1194
141 1517
289 1881
1336 1099
514 944
1615 1171
1816 86
580 82
463 345
983 183
1029 799
598 1121
475 445
625 1158
484 1691
1980 297
1629 453
1030 876
1135 638
1842 1176
1158 308
342 1413
151 344
1807 536
947 680
1397 1257
433 17
512 938
136 637
764 1612
1796 1453
116 1626
1043 1115
1499 1037
1275 972
930 657
1627 897
14 920
389 689
1823 816
2 850
1847 509
1646 337
1724 56
622 1782
965 955
584 1207
109 1557
471 738
775 357
1623 15
1394 1525
78 1976
216 1524
615 1487
441 262
925 1450
708 434
117 990
1017 1570
1637 1731
66 1367
1207 1962
577 1411
959 1028
1210 72
814 743
48 201
87 1760
1478 20
1508 82
313 1799
1088 120
1616 1144
939 1567
1708 1526
191 631
1822 1954
839 1994
278 804
1694 644
1089 1907
91 889
616 1057
13 1329
770 509
797 1858
1854 1250
1870 425
1828 1036
1537 530
1409 55
1880 1770
1791 1523
1622 153
902 551
571 607
1208 1821
1115 401
981 1464
1787 631
9 1428
1548 1054
156 547
1944 1984
477 1120
630 1878
276 1787
1159 1313
551 234
1862 1723
1196 841
683 816
1509 1413
378 201
1056 1382
757 689
1146 125
908 729
1677 339
954 1568
830 1395
1955 1110
1623 467
1569 1719
1332 614
6 1385
221 138
1693 1692
1593 740
588 1471
1980 727
907 1941
1899 15
538 916
1134 1170
264 225
191 685
441 422
2 549
906 1799
275 1102
442 72
709 1058
1376 359
1831 1163
1073 1442
352 34
1904 430
1736 1629
998 35
1887 323
317 963
999 1660
844 702
238 1389
1687 1069
687 187
1134 1114
414 519
1585 1825
1086 260
1569 555
40 929
1825 1676
369 628
1649 1960
1995 1102
1142 1360
299 1347
1095 1213
976 838
676 254
278 1231
660 1504
1327 992
456 1710
221 1626
1267 1991
1664 969
408 681
1663 610
809 1708
1811 963
1376 1180
1903 1665
429 62
1548 519
526 1209
461 1581
1747 957
1233 1049
598 312
543 129
858 1338
656 860
707 985
1929 1320
1283 412
1174 1892
554 507
131 1101
239 799
172 1444
1401 1536
939 1716
907 1736
1420 351
1150 1782
957 577
774 348
1404 1346
2 345
997 146
834 1013
287 1641
291 940
1009 295
1283 997
1895 1086
1208 137
1944 1100
1399 1910
1648 1224
1209 546
599 1523
1462 1042
1967 1241
1671 675
1150 1157
95 706
1946 180
1179 703
640 850
1077 1561
1807 1486
1173 1092
912 1122
1778 1853
1143 1788
487 721
568 1979
921 667
1898 595
501 1125
1140 365
157 1942
1014 1828
170 22
1811 475
255 257
1478 202
36 1974
1847 666
98 1208
914 1231
494 850
1947 1285
615 1590
6 1876
1620 1152
880 1521
101 329
1339 1654
1785 714
1493 897
1796 316
230 1700
1600 264
1244 745
1093 1313
474 356
1284 1230
1583 1369
1199 911
1854 1180
1301 1748
979 1834
1208 564
206 1154
370 1435
807 1611
1815 1486
1576 1508
1985 593
1614 1958
1223 1459
1217 1646
315 505
1115 1256
1494 1897
954 475
227 462
1269 293
1712 54
1088 310
463 1157
1383 1386
1711 1978
16 866
616 178
1932 737
1525 1922
1164 1994
1332 1235
299 1481
311 1868
1343 122
1833 148
303 1208
116 377
116 973
386 378
203 1311
778 755
1596 562
1832 751
488 1588
1926 1208
1854 1029
1264 1986
1 1458
1866 1923
1251 1485
1610 1087
1842 106
827 1729
5 376
1015 533
300 693
202 589
1335 298
1151 1093
506 182
206 808
1296 89
1197 332
1386 119
498 226
733 738
1197 347
1297 575
1225 62
1281 1114
539 1538
1180 1620
1078 939
240 441
1882 1587
135 215
310 4
1134 1079
1877 767
124 1422
1844 811
804 1670
614 446
674 1669
1538 1067
875 189
189 879
313 1385
1322 85
1678 1938
857 446
1273 1539
1845 1765
815 76
701 381
827 432
1337 608
1252 616
1373 1434
812 1953
427 1749
1026 1513
263 1995
422 1918
623 1359
1740 51
1566 188
1436 1083
167 1373
1960 1801
539 667
1335 456
414 1440
1741 243
1931 746
741 1348
1908 483
1826 18
1052 762
73 1720
1554 329
1383 5
732 500
793 702
795 1018
299 1620
168 1663
1993 1982
1048 1862
1306 732
721 1909
453 1238
841 1642
1091 1679
1536 236
1845 603
908 876
1706 1080
1309 823
1428 428
451 233
1266 676
1700 90
187 913
649 1530
813 1696
1671 29
1455 427
1198 1320
1126 825
795 1974
466 23
1750 673
688 1953
1998 1947
113 1179
846 1929
360 1294
443 718
470 1533
371 858
131 1112
993 1310
1712 513
269 1038
402 822
73 328
207 548
581 210
173 393
527 1508
722 2000
1386 736
317 575
576 766
614 421
864 652
518 567
1663 1764
1198 1234
61 1975
1590 130
1925 1963
1923 1270
149 1703
1273 844
424 865
1716 1066
554 1908
163 1801
1971 387
1214 170
429 1441
1389 1777
758 829
900 780
983 837
585 367
790 1968
826 932
1870 1835
1330 1690
1146 141
646 333
811 1726
1419 1430
1559 19
895 12
731 1315
916 1104
1233 1486
886 1919
1427 1480
822 1669
1308 811
573 570
266 1689
1835 227
466 266
484 1753
663 457
1454 1503
1796 6
216 268
156 529
1784 193
237 440
1505 1635
976 1793
953 190
1800 1554
199 1438
1756 1582
1670 145
1538 1239
1209 1508
640 1993
1982 1778
174 1585
1123 919
1270 508
1590 339
1601 1955
147 2000
1865 1974
1465 1691
1282 525
289 1312
1745 1253
5 697
1843 769
226 1078
173 569
1413 47
1787 954
1326 1776
205 521
392 1446
1922 1206
189 950
759 1758
1167 187
1879 224
916 1073
1231 268
1679 1577
496 1346
898 123
318 1933
1269 1218
822 521
1936 152
589 1930
584 1943
12 1637
365 666
1448 1787
1145 1345
1728 1510
791 1706
1481 918
1100 6
697 136
349 1606
1307 400
908 1932
856 1280
1212 1187
1898 356
563 1460
965 1067
869 234
1091 107
569 243
1713 897
833 1923
297 1700
1521 1856
179 573
755 1284
1192 1602
968 1340
337 1666
1650 509
1988 714
1023 1523
1838 855
1924 454
341 568
643 81
826 161
1645 930
1867 452
38 1427
1469 465
1383 1037
455 1653
1697 392
1579 222
447 1884
1077 114
1816 1444
717 1189
309 213
1283 192
1988 1910
691 1097
1963 834
1257 1095
161 1913
1780 754
391 182
378 1945
187 575
1613 1309
1868 1148
1177 258
313 1903
1955 979
1714 628
642 1339
1130 713
1435 246
972 1970
1302 485
1469 127
1033 1257
727 408
1198 582
524 1944
1746 1373
1310 570
1407 1243
1341 168
434 1504
139 639
626 1328
1639 871
1336 1579
1494 546
1157 644
784 456
841 1778
1505 1016
561 972
1399 687
1541 396
856 1969
1431 646
277 1741
31 376
1979 847
286 708
1363 1312
1830 1634
1741 1068
568 225
595 831
734 877
239 1380
212 741
1625 1070
1790 569
1372 819
1739 429
515 679
98 684
1370 837
453 259
1125 1016
499 527
409 891
840 1568
331 1163
1292 1749
1950 287
361 1372
15 1258
1177 1151
1705 100
1139 1509
1879 594
1594 83
308 472
75 352
437 97
1241 485
788 1737
1019 1428
1384 1931
53 1191
995 456
4 1270
434 1659
1862 326
1548 1384
1647 1156
369 154
1987 1878
1478 929
309 1713
1546 550
863 747
1300 323
1093 301
1771 528
1615 1711
302 1766
181 1851
1957 1132
337 1345
738 393
1611 120
1436 1403
1105 1541
858 214
312 241
1945 1961
1447 1768
1658 663
91 534
161 1522
1753 1061
1692 1074
1769 371
46 1584
1925 1774
1770 167
1426 1503
749 951
635 199
253 1702
1611 947
740 339
580 989
623 753
1516 1702
390 261
1520 88
389 1898
321 979
785 205
97 1883
1226 829
970 125
350 987
78 851
1908 1041
130 925
1328 1143
1104 545
1086 194
250 992
1110 1093
111 19
405 1947
784 404
945 1632
413 1749
1413 1319
1054 1834
251 839
964 137
448 1608
522 985
1173 1827
1970 1275
1567 700
1170 511
1164 1991
355 1932
479 1511
1083 1413
827 990
1051 122
470 1151
556 1469
840 1739
1650 1252
1691 778
433 918
416 1718
703 221
684 1067
1159 681
1457 984
1652 826
1125 532
838 1382
643 934
566 147
1956 169
348 1261
576 1800
1268 313
760 507
520 598
255 91
1957 470
33 1499
156 1293
1949 1123
237 620
1550 1222
1217 116
773 1283
760 1212
1688 1767
909 988
868 1059
1724 1877
1283 621
362 710
602 960
345 1358
481 1773
312 1226
1120 5
1436 260
652 1455
1579 1699
1070 1191
531 751
1408 209
1339 138
162 613
1340 1360
1644 389
1093 585
218 924
133 693
535 1522
1651 1010
995 1335
1351 1547
660 98
1679 1624
1883 486
419 1466
804 1149
1552 1167
693 1795
1410 1174
254 913
111 1102
1444 1918
1011 1144
1321 1009
797 832
538 270
1321 1621
1371 1435
243 1670
631 1170
732 1275
1389 1197
1646 842
944 546
821 1120
489 276
1117 621
124 417
1880 1624
719 1561
120 1543
1853 406
725 725
1910 150
879 1129
408 1057
130 733
1224 618
186 1823
1347 129
434 1920
1437 1748
1517 438
1977 478
801 1389
53 1446
807 456
1321 1171
930 728
1666 384
1521 1893
1137 1124
1912 927
1348 580
113 376
705 715
680 177
1564 1454
1242 1782
1913 1139
686 900
1533 1948
1714 1497
1565 1102
676 633
631 1331
201 1554
1304 68
815 9
443 98
925 518
315 311
905 98
169 1260
539 1028
1202 1468
32 206
99 1304
567 1943
1952 260
1458 1795
1740 1312
755 1995
1927 879
1374 939
1836 1399
273 1127
992 1629
1472 1828
924 287
82 289
1085 1698
993 383
655 790
18 1322
1592 1261
1471 692
1707 287
426 1227
8 1675
1959 258
1528 119
139 1206
1468 226
1528 853
146 969
1331 432
1830 838
1013 956
1910 1777
1314 1584
1573 1194
942 640
150 878
616 864
916 1998
1984 117
289 1146
1760 1333
793 1627
1621 481
22 663
1335 819
5 420
1594 1035
429 1855
1990 558
1686 1841
1407 1825
926 808
1407 1757
153 65
258 932
1093 1788
128 665
1979 43
679 1028
1854 1106
746 986
1301 943
1424 954
1959 1953
1369 284
79 1343
371 1594
469 996
96 1351
316 222
982 605
756 103
1388 32
1205 1519
1386 745
1283 1139
780 805
1108 319
1386 711
1263 775
1178 1006
1434 184
529 738
938 370
1757 1388
48 1135
917 1982
1386 228
1165 41
517 286
1939 1747
390 185
1194 1752
855 1264
546 11
102 1477
21 504
581 983
1980 1886
881 717
1096 764
1371 745
678 99
781 658
460 1677
1469 1898
125 1920
373 691
71 248
1192 1883
1997 1858
1269 1505
1095 828
524 222
98 1217
248 980
591 29
1685 1449
218 1643
970 4
1727 1703
987 7
1488 295
80 216
786 40
1992 995
378 359
1507 397
1101 1714
1983 1571
615 1461
1990 451
725 823
933 1140
905 16
1666 1912
178 1117
1010 202
39 658
1417 1725
911 1689
52 1881
1747 1684
1343 546
328 261
1468 1414
641 659
1814 1515
1290 536
655 323
1049 701
668 1444
1026 613
276 827
1189 1795
1761 521
581 1324
1262 1989
76 1139
707 464
565 1720
368 1127
506 41
1940 1910
766 448
209 1831
101 1299
640 1853
753 1889
305 1239
1639 1584
1093 1067
645 1546
532 668
1930 1753
1145 649
1795 93
884 1996
116 1830
1561 1079
1604 1232
310 1905
1493 1239
1261 1502
1658 1114
727 1054
294 1814
1711 856
49 1465
1231 1509
1227 463
639 606
229 1527
1707 1856
1969 888
60 830
980 349
317 1378
711 984
70 1255
1876 1453
944 1165
566 1875
942 560
822 1382
1223 725
193 1575
1693 748
321 1859
1153 379
848 990
1266 787
1653 138
605 1336
700 580
1528 982
685 1740
51 1800
263 1581
1513 1309
863 1698
1564 161
880 1383
426 235
1531 183
1950 586
1705 837
756 1598
1519 17
540 1572
723 1263
1084 966
1558 1122
1254 403
1349 738
728 1777
161 1800
1081 628
1488 1850
500 149
295 1070
248 82
141 1463
1776 628
1252 370
1148 1918
1628 379
1045 530
213 1361
876 696
1448 1721
641 1342
1010 1871
747 1246
124 560
905 236
890 1436
1143 1302
1232 140
198 1364
799 1598
1196 415
108 971
362 1076
1470 967
811 1028
917 1213
1228 5
960 913
913 1516
1211 698
462 1756
544 1043
818 911
1994 1407
1929 1788
886 1953
773 617
549 753
36 1111
506 76
1607 726
240 888
1979 669
524 1927
1261 977
956 841
1727 1267
1656 1450
1215 1706
638 618
540 1519
609 514
1736 1999
1466 422
663 1416
658 551
1182 402
1446 1250
773 871
223 979
923 1404
1812 1772
1685 902
1515 560
817 1165
1339 846
371 287
988 1291
286 4
1672 416
837 1616
798 492
1351 1229
194 1896
1890 1352
1068 1842
1554 187
487 1966
1436 1982
1909 602
852 1751
72 163
946 949
1338 330
1321 79
557 865
1749 784
1694 180
1745 1660
1627 1682
161 921
699 1148
800 1584
1433 90
903 1273
576 1095
1388 523
648 1637
266 597
835 882
1467 1038
1186 42
512 1748
336 1743
107 442
1067 1727
366 222
942 1209
867 155
1608 1191
1621 14
155 1491
1402 687
1006 1833
1611 980
810 375
931 769
1494 729
956 543
1668 1925
758 763
839 1247
670 1884
1288 663
371 884
804 561
1815 1258
1162 407
1102 1654
1367 1511
616 1016
1840 234
1938 1822
1632 645
1443 612
293 1444
692 1087
20 560
392 20
408 1162
182 514
781 1578
490 492
468 1873
416 150
1044 1921
302 1127
1401 323
820 404
135 1055
1241 1862
401 684
1319 802
604 1031
728 385
116 627
431 948
1371 64
1469 699
1134 1145
1959 1940
1145 1564
407 1758
112 301
132 451
1808 1657
409 1915
1325 1396
1232 1589
455 1873
1872 218
501 707
359 343
1395 1721
1135 1166
389 348
664 1986
1713 406
1254 257
1089 1745
169 473
865 1591
1897 1108
884 157
126 1441
1669 1388
1650 745
1753 238
1996 1626
492 124
424 134
386 1569
512 463
782 22
1584 148
1040 602
127 1139
1166 1501
1147 488
238 138
1193 1674
345 1311
967 1681
294 1732
765 1316
955 993
213 815
1458 1459
398 468
1060 431
259 749
1967 1699
960 1906
1619 356
703 508
1706 955
1097 1650
1441 1692
645 1080
1084 500
606 463
1922 1694
213 1885
592 1287
273 1600
461 1351
1429 1085
258 972
83 707
1213 1531
226 1561
415 1809
1767 143
887 1266
782 1639
445 1496
1910 1348
917 1583
1745 510
676 141
924 881
1217 1170
391 1273
27 1610
1357 1144
898 1659
1424 29
1944 715
902 1443
210 109
489 76
273 641
561 274
567 1408
1493 31
603 511
844 1142
809 1058
1828 1617
20 1233
1073 360
1146 1105
621 726
1081 794
1996 1550
254 1431
1436 481
815 314
1425 406
1445 1622
1627 106
621 1316
469 1418
1094 1924
1679 1536
195 429
1532 83
497 251
69 1327
757 1588
691 793
288 384
363 1360
1443 747
1560 9
238 1600
1286 1543
1766 1263
385 1582
529 1366
526 1711
485 614
938 342
1442 1740
673 1674
1531 1123
695 908
539 1650
686 942
1740 1792
594 1515
1205 762
1968 331
1701 1621
1842 1489
578 758
848 1235
1942 659
1607 1951
930 1962
42 163
348 235
1220 1855
282 924
982 1514
1320 1568
856 1696
1589 125
433 1110
883 1449
474 1924
138 1843
1136 1503
1267 160
1127 538
326 79
760 1583
1063 519
1496 1368
1841 1701
492 33
1791 1785
513 616
661 777
473 1798
1299 97
1367 848
1693 1163
1713 1791
1574 185
881 1199
1757 67
1225 232
425 742
1296 1927
673 610
1725 310
484 37
321 1271
1464 1303
13 1730
961 476
957 90
78 928
343 1510
408 1739
1745 408
1562 255
1461 1951
511 313
721 530
1824 854
581 1220
1197 473
587 1278
1005 588
890 292
378 1841
1286 413
495 693
240 59
1776 216
431 1958
232 1196
1060 1939
1237 623
838 52
1464 1988
967 1942
1186 528
1325 1295
200 682
1280 925
348 1046
1090 1961
1109 1521
324 845
374 1880
1415 1351
389 797
1813 955
1969 1482
1443 1329
1784 548
1183 375
1834 608
482 1049
977 1520
314 1377
1164 215
870 158
1945 1794
1446 473
346 957
117 648
923 322
66 1944
240 1981
1824 816
1361 420
580 1451
860 57
481 1868
1964 1137
1506 1335
87 517
750 889
209 1211
462 1321
1220 850
1781 1047
462 636
1602 1535
913 1567
454 9
678 1158
1009 554
868 1690
319 1287
208 686
1541 892
436 179
1340 1955
1012 1128
985 1932
1797 417
297 1344
1342 766
1496 953
14 1918
472 1345
1903 152
1926 1688
887 1682
174 1553
181 453
1089 100
833 1123
382 232
1147 347
1076 1972
1214 744
2 237
1688 1825
337 649
1690 566
1882 1471
1379 934
551 1791
1436 641
593 419
1718 1997
633 882
1941 176
208 1662
915 1870
330 1221
1672 1422
841 1706
72 1732
455 239
871 673
1269 1647
295 93
206 1428
1353 831
1382 1069
827 1774
26 1266
1317 1891
836 1794
665 534
525 1017
96 668
158 83
1425 1392
1986 713
1035 621
422 571
372 18
1779 1285
17 295
189 1149
72 47
1807 634
1375 1388
1555 1036
601 316
858 1942
1098 242
1964 217
1128 1215
573 1736
1291 39
149 190
614 184
354 121
916 30
801 263
15 265
410 1316
55 1285
1625 1662
1564 1059
1713 1874
689 97
720 791
950 875
83 1351
1840 655
676 900
406 1435
424 1442
1444 316
366 1246
424 1929
1852 1327
607 1161
655 1639
964 658
701 1102
90 1175
1466 1182
853 1166
1519 1065
1608 824
1860 1097
271 1755
639 771
318 1396
386 1767
1501 1143
695 1773
1154 44
1732 1365
1646 726
1388 78
698 59
1731 951
469 751
1417 1569
1402 334
354 838
1769 940
449 36
382 465
471 1245
768 1627
607 239
1379 1597
1017 1173
1202 1151
291 1944
753 909
303 1438
646 806
1335 836
1463 1869
828 849
1916 494
303 436
1524 1269
829 1567
667 763
1067 283
858 887
168 571
633 1390
1343 718
1279 1846
675 523
911 437
1901 77
884 1093
1753 1840
572 107
1955 1833
1163 368
515 1211
1430 1468
1790 310
1319 903
602 1025
1705 977
1289 155
877 1482
1023 1838
1779 275
1081 973
807 1968
346 1105
869 1060
594 110
688 119
775 1849
1664 1059
141 376
1019 1837
796 878
1163 1823
362 1990
1718 716
256 6
437 305
1458 292
1107 1555
950 420
247 100
1045 1441
767 1484
357 394
672 1384
414 639
1492 1623
148 36
1706 1807
1638 320
1206 1219
1815 1373
1902 1030
279 1816
1311 1071
594 900
1643 703
1517 970
1679 1528
1769 38
155 1253
1890 418
1826 1396
1949 671
276 1253
1241 1885
105 1443
1719 1219
1197 750
177 516
1080 1849
1938 94
199 1801
1691 1167
1038 1787
893 1115
729 505
1393 1110
1530 417
817 784
1603 844
284 1328
181 864
659 225
145 195
1590 412
1808 670
1008 1415
1709 1397
1174 467
1749 889
1895 710
699 1875
235 1627
1318 1403
448 884
1524 384
668 1607
1783 952
1977 1765
321 10
1423 471
1481 1435
762 427
184 1283
414 1778
1315 862
146 1609
369 546
2000 1812
1970 94
1043 803
1100 358
434 608
370 617
466 316
614 1627
1044 179
268 1568
321 1195
1268 303
290 1729
826 1026
362 1682
1897 1310
1399 1373
893 1609
325 307
1563 1082
413 1301
1915 1967
730 173
1486 112
158 456
1954 1162
795 766
1421 1438
1816 1632
68 44
1207 1082
1602 688
83 1814
1882 1539
1994 169
68 1351
1615 1897
467 1398
562 1673
1910 70
94 1075
1573 89
1202 1273
301 1729
1026 943
1630 1283
168 1042
1214 96
699 1069
766 142
1390 1841
1379 935
1108 1553
501 1022
331 1510
657 1147
1911 1278
740 344
570 718
1318 1900
904 893
1172 1217
1546 355
1463 21
830 53
8 673
611 1906
1331 1435
1769 9
1516 1950
1956 1974
1835 1403
1147 59
975 355
1569 71
702 1802
1994 1522
937 439
1582 1978
1309 1976
338 1478
548 929
1966 1056
1385 1197
1411 941
1009 817
1384 101
1494 159
438 997
465 711
1669 514
1008 618
161 1830
340 1575
283 1845
1389 876
1154 76
1730 1438
1843 495
1679 43
1120 702
1934 1922
119 421
428 938
1272 1164
1748 2000
450 426
344 1607
284 1856
388 1949
1003 213
773 1880
1094 1760
786 59
1427 884
1726 1811
368 1707
603 1627
1181 1528
86 174
893 1211
530 995
1880 800
743 1996
1330 205
415 1431
1519 770
823 1878
207 1041
317 1237
1685 1714
1676 1962
944 515
377 201
289 162
596 317
1838 1145
1821 1238
270 426
1917 1683
1942 1291
96 1614
352 640
896 1036
875 49
632 655
894 667
315 1358
1279 984
820 1687
345 218
926 375
1528 1314
1864 323
860 925
859 1031
1122 1968
206 94
1281 1657
918 937
402 743
1738 1284
1867 1750
1139 1484
1593 356
1824 77
1014 1365
1736 225
1410 1473
1395 1151
299 814
921 1111
225 1974
377 210
891 718
1044 1008
1523 874
1625 1548
1915 122
579 809
1522 1346
1077 1001
893 1646
1593 1843
1915 1914
1848 958
369 838
1195 1495
261 42
491 1466
1731 1966
1492 274
147 1210
1143 491
1388 1985
123 833
626 1589
1447 1021
829 968
1904 371
635 116
1084 959
1406 178
1448 1931
1915 1182
1241 1888
1418 594
568 600
634 1659
1281 1100
1352 582
608 812
186 385
192 175
1830 611
583 580
503 702
1957 1591
148 264
975 1116
565 1698
891 1407
1274 516
300 288
1102 516
430 422
939 1263
1475 369
444 1843
1806 1447
351 1282
1661 992
983 287
1554 29
1978 1244
1683 196
597 1015
1840 1995
1230 897
1144 1078
1251 1786
441 1968
508 799
1804 131
772 574
831 1098
817 946
297 559
101 767
1041 1673
1812 980
498 4
1731 1934
1204 706
668 49
774 1563
227 530
1077 1263
1163 590
1042 86
212 764
656 75
1879 1188
1425 1961
1859 798
334 1552
316 776
1819 1521
1956 1840
1372 605
1155 759
1555 1057
1064 701
931 109
405 1011
1582 245
16 1488
229 1698
1388 1771
292 1930
1291 190
1470 830
559 619
16 721
1032 1760
1600 1048
228 642
293 1996
1638 1748
857 1397
1916 570
226 975
687 1412
674 1460
338 766
222 1046
1024 1741
17 1445
699 1802
1601 1991
987 941
1087 1891
448 148
1445 1604
1502 901
1216 971
1992 552
201 1913
1505 709
173 1085
1458 1476
1768 1698
598 491
1614 1286
79 999
569 1758
1510 1156
1184 1656
360 1565
1410 612
547 599
160 246
1242 1766
247 199
607 942
1764 1876
289 251
1722 87
1844 1290
1763 630
510 1369
1377 537
1826 928
1961 1612
1764 1943
1246 328
1056 1040
202 1274
970 749
1742 174
1123 1161
822 1249
55 198
359 420
1292 990
830 354
1764 1421
1645 1209
868 246
1158 1884
1767 1347
224 1171
1694 440
1572 490
1258 795
1356 633
1402 470
1169 1838
1612 1876
1910 743
522 1227
406 712
484 469
924 867
1261 1514
78 1145
1835 388
778 1175
908 742
1515 306
1636 1454
21 541
1083 851
1905 941
228 1387
1618 1280
957 1816
246 1374
1879 137
1680 432
501 387
1989 531
976 1547
1950 1372
14 1144
1139 1769
984 519
1243 665
1709 1248
961 1936
813 1129
581 845
440 756
367 977
541 1441
120 1137
1667 1606
1256 311
2000 1630
629 893
1087 1598
1006 1984
1381 307
1808 776
1412 1184
325 1867
1449 1177
695 454
1353 1603
32 24
1852 922
606 1785
1417 345
697 139
1578 530
1186 1757
1368 617
951 1387
66 1953
1444 1305
740 235
1301 85
851 1642
1527 855
1746 541
1874 675
1325 1703
646 1576
205 1185
1534 172
541 759
733 1773
843 598
709 149
325 5
456 1090
1040 294
136 766
216 315
658 371
629 877
501 213
531 661
1882 994
1782 681
501 790
106 1582
1714 1958
1632 1809
41 780
1505 155
1837 163
162 604
1210 390
1855 1867
1860 1889
687 560
174 828
1921 904
101 318
1309 1837
740 759
964 343
23 29
1241 273
134 1018
1903 195
1375 1488
868 670
1375 705
1923 1131
1729 819
1390 1312
925 966
455 176
242 1495
324 1968
219 1893
1127 689
1288 1709
1730 1460
1538 863
1884 79
1671 335
499 1794
1626 1860
913 202
969 915
1272 408
112 1091
224 1999
434 758
861 1258
493 1792
1547 654
1490 1103
1038 1107
582 1790
413 211
914 549
1477 100
1214 1635
659 82
802 1427
1458 1465
962 827
1617 330
1144 70
1057 982
1023 196
649 337
283 1843
601 1720
1424 1629
1511 93
158 1113
828 1601
1002 1596
1795 542
361 90
1704 559
1232 1269
1422 7
1230 1243
322 306
1175 1740
1457 1020
92 1354
11 1301
1933 1871
1384 1198
1438 1733
603 1711
467 430
1052 1132
1561 758
928 746
504 786
1775 169
493 391
1939 649
514 919
758 1103
830 358
422 2
340 183
191 309
824 1866
1440 1220
1853 159
824 81
116 262
786 711
1238 1608
1809 916
1048 148
496 906
1095 690
1429 19
1667 333
1561 1216
703 430
1692 833
1818 539
1208 684
483 1909
1999 1498
1583 909
1420 1975
1069 681
101 1192
1712 1862
1430 475
1229 1467
1169 270
1396 130
1778 1955
1132 336
1797 1057
972 547
1082 759
217 1741
171 1075
929 291
992 938
1823 1039
1366 486
1477 1327
377 1239
1431 509
717 597
1857 1868
776 1101
234 294
923 1402
572 1080
380 1074
1137 1951
1211 1669
91 801
407 647
1992 413
933 1837
406 157
108 1088
430 683
1944 409
687 71
1612 261
636 1198
1008 327
469 498
1151 99
552 210
161 1712
1165 230
887 675
855 1868
673 12
1603 1123
1456 473
1424 441
1003 1646
598 1920
949 1994
2000 1603
358 37
1414 27
865 1855
1994 915
1022 1079
929 702
1923 698
917 1753
158 1830
807 1798
700 1704
716 436
1055 706
1004 280
821 468
1459 1467
108 1295
841 1175
184 809
960 169
568 1996
1082 1722
274 1627
749 1415
1804 5
1847 1676
323 911
1051 1959
1142 1637
1892 1390
1395 1402
1117 593
1563 1314
1531 292
1851 1201
436 1987
656 1285
1487 1561
1895 1698
1841 923
679 1831
902 1074
1177 518
205 511
109 517
193 1255
692 959
235 1326
313 1290
62 1118
1719 1515
1071 1354
1963 425
537 354
87 498
1510 671
1525 191
708 1068
501 359
1771 748
1670 1063
798 888
1384 1770
1159 1461
1356 1606
61 220
1547 1215
1050 1444
629 531
614 86
960 170
1556 1749
401 734
1284 1044
184 1606
269 564
876 1792
960 354
199 360
1882 249
1859 623
502 1571
1382 780
1626 158
1970 805
292 341
238 125
1297 965
1728 1841
1722 1756
746 1134
1893 949
1815 487
1431 447
1323 549
1922 1865
1505 1224
965 57
1017 30
1140 780
446 382
387 468
764 1664
335 1371
1153 1317
819 582
1354 1353
1803 963
1249 1859
911 1565
208 1621
933 1766
1734 1579
520 1102
9 965
1712 1634
528 614
1975 862
1008 133
455 1434
500 602
422 1730
1248 666
1935 1806
359 750
645 153
826 468
1863 30
538 54
41 9
1521 661
45 394
1018 1703
1302 1526
1298 37
223 761
374 953
983 157
791 67
1843 823
369 275
249 1510
698 1156
1900 1332
138 1263
658 188
186 142
1754 952
1163 576
659 740
830 249
1615 1266
526 1218
964 988
1254 112
1188 1680
1528 402
1595 1038
1983 379
90 49
445 493
1966 628
1594 1689
1009 585
1254 1
173 288
1409 290
1425 1555
1992 556
1703 17
845 143
462 1468
1768 1687
722 95
141 905
1529 1015
731 1609
397 44
1040 1873
1195 1397
1894 96
651 1799
1529 1631
1599 224
1519 1708
1112 1689
759 139
1791 351
1272 289
634 1386
905 831
7 1423
264 1233
292 872
1488 1725
1084 981
785 356
616 1237
5 1074
441 768
820 1900
583 516
375 396
1191 778
466 1088
1016 1
200 987
848 1732
1258 1303
368 1624
31 1539
156 1040
1703 1982
1221 462
61 1102
1295 941
871 1599
1323 1432
376 1996
396 1891
118 1181
445 449
454 789
1885 1232
776 690
191 856
1534 1190
447 864
216 863
32 1740
182 1739
825 470
1500 733
1552 1652
169 1847
732 593
1876 162
153 1676
1299 1590
676 1163
370 1328
24 102
1967 371
186 1523
939 1268
1642 1171
1367 146
885 367
1773 546
1544 864
1524 996
319 1951
1726 1326
52 375
623 78
1367 1423
1117 290
1600 1741
406 1185
642 256
432 574
218 1903
369 608
255 1180
868 125
514 691
1530 1007
359 338
1254 1030
994 1522
901 817
776 913
1792 1150
446 1814
1596 1172
865 1859
750 1573
1591 1922
1384 1233
635 194
1437 894
224 209
150 1520
19 947
644 817
1983 229
1282 564
1789 1659
417 249
7 679
205 913
608 1821
567 1154
375 843
605 234
803 428
978 1006
373 1072
1549 342
1958 358
1841 98
1779 1078
952 555
522 962
892 1855
594 1385
259 391
1102 1190
1043 1583
433 796
1510 557
1955 827
240 823
1567 1439
1013 917
1205 1805
180 1557
1190 1031
1087 1637
995 1550
1758 407
1602 803
1770 1645
1750 1719
1707 270
1327 1847
1211 1162
779 1791
1039 840
979 672
1003 502
57 1086
657 821
149 647
1302 853
523 1129
355 1522
1388 183
1599 231
311 727
1323 1621
1706 1999
941 250
951 26
987 1412
669 173
893 1814
1835 27
1856 901
1731 1030
1395 114
491 1936
262 1430
1819 1531
1384 1509
1298 1922
328 747
856 1365
467 1646
1633 747
1852 1553
1236 1896
1385 1050
30 180
11 29
570 1067
142 301
1751 998
889 1695
1794 1692
1573 980
708 221
721 1146
753 1033
889 865
869 542
99 725
1287 1821
990 1065
578 509
1008 409
442 154
284 729
1027 647
1465 1285
1788 412
250 1021
1293 613
423 1319
1575 877
823 285
1420 1438
863 951
772 1529
1347 1127
172 632
142 677
881 1257
1472 1318
472 1459
1674 522
498 1576
22 307
1744 1855
1310 1775
547 414
174 429
1628 362
240 978
315 165
344 1210
115 5
969 974
1539 1252
1558 1636
856 1276
1126 254
577 1831
154 1181
1022 841
576 1038
1624 1005
20 837
220 660
1988 289
1379 1401
948 1129
979 1894
135 920
307 884
1478 868
18 187
1957 16
1064 168
1153 739
1384 386
1534 65
1372 1735
1023 1610
801 930
1487 1562
497 1838
1248 1212
1667 1250
674 361
1112 1567
97 1132
360 1604
1393 1122
1987 14
937 1829
549 313
992 1066
245 496
306 240
69 1969
1124 516
1627 1046
706 121
1809 895
282 1418
1208 705
641 1170
481 988
1489 1668
884 214
1171 903
61 1472
1108 2
1489 939
563 1769
1267 1614
1045 420
83 931
1478 452
1735 1067
622 813
1467 199
1997 1602
1636 588
579 561
1573 786
862 317
222 1832
1327 1048
1082 429
97 1874
1136 271
928 304
1411 1932
815 1541
178 1318
1612 825
406 1365
511 1491
1029 225
1805 455
1691 1482
665 1744
1375 729
333 256
716 1228
921 1158
1446 392
764 1933
1779 962
880 498
1315 155
700 919
124 230
1342 540
731 494
1146 731
1231 1477
1202 630
58 794
1012 1290
355 320
1408 457
1786 1624
1706 1146
353 804
7 1533
1987 233
720 1785
1640 1334
900 1306
608 1788
1941 1081
941 1684
1886 753
76 629
1151 12
739 111
1853 1214
824 1389
319 1584
900 1696
1411 1631
1215 451
845 1758
1859 31
1959 52
150 1545
1244 1403
822 1161
449 672
197 1353
809 376
753 1663
1584 1294
1568 89
1134 882
418 383
889 717
1673 950
457 1922
1676 60
611 871
437 153
1971 1472
747 365
1947 1285
1287 1802
530 997
1530 1711
1195 158
1207 181
984 1997
751 734
528 1503
1555 1480
1814 267
771 338
1259 1748
1427 1448
1041 1328
868 1292
550 348
1175 1625
82 1486
943 1971
1236 1861
1952 653
1314 371
1715 1972
41 1735
1802 952
1401 1983
332 152
1904 297
802 1025
1137 540
1605 28
657 1172
1738 987
1028 277
456 707
1242 746
1490 559
1035 1454
806 1044
874 1413
1201 563
1369 1114
120 218
1466 175
1830 1271
1377 19
1829 409
784 1034
1174 1088
120 526
1331 337
453 1175
1630 304
1500 1022
1058 1345
1361 238
1775 755
1013 277
1313 787
891 852
27 1522
743 1927
1450 1528
452 493
1280 1187
1732 1710
466 45
1341 1096
1575 1325
639 48
1 181
782 1020
1352 192
1365 1740
1829 1659
1019 1733
73 814
1873 1832
1887 422
639 780
1475 739
611 1297
1064 1118
108 467
1435 629
451 47
521 1365
997 530
1671 1484
720 593
1703 126
6 78
992 1834
1308 1072
1525 1325
1241 676
98 198
542 1572
1226 841
1445 1802
893 243
173 1232
1968 372
1936 632
1618 1244
695 105
1172 32
1743 68
26 721
1457 1481
328 349
1267 1097
20 826
67 97
1348 507
536 1684
14 625
1645 1150
90 970
1221 983
448 1995
1768 1410
837 1442
1868 564
766 329
147 515
829 1737
818 648
1277 1185
1813 1427
1408 1575
1860 1993
1400 1244
841 186
1806 1594
1100 929
748 1291
1510 1202
505 1680
1860 1039
278 1341
1639 1162
1004 934
468 441
1573 34
266 1141
1928 943
313 1208
89 494
1995 312
1547 1980
389 1677
1367 1990
169 1810
1308 1497
1672 188
562 1033
686 1293
357 1760
406 1391
473 161
1375 667
407 477
647 166
167 709
567 999
1959 1701
1823 732
1765 868
247 1315
393 413
1084 1206
1661 1385
1142 51
1752 1215
1661 1073
1426 44
1831 1717
1625 1132
1437 1013
1758 1227
1093 1103
1401 12
1959 1470
793 169
695 1221
1822 843
1324 1995
1260 947
1518 1051
116 468
1273 907
1161 1181
1569 136
1729 590
438 1040
1236 1864
1549 853
1509 46
1357 267
1751 181
1542 39
1970 574
1120 1449
1265 1035
959 1057
1755 1088
1471 1130
41 1408
487 1531
1137 573
256 1695
1844 427
1413 33
1503 174
553 653
736 967
588 889
1063 499
527 583
779 620
649 1677
1843 1603
1983 313
1999 1587
812 1579
47 189
962 5
1621 1359
1910 1052
615 1884
1472 940
210 630
237 16
1039 977
478 94
1809 221
857 404
1406 736
894 702
110 1820
311 787
100 285
1191 165
1407 1640
1394 1600
1768 1601
1298 816
1659 1816
109 19
1653 1029
324 1746
1411 1757
934 971
357 1382
1322 256
736 707
201 1883
1585 1016
972 394
359 1605
160 1907
380 805
1946 807
1625 854
1362 50
614 608
627 1579
1116 1999
1718 1339
1803 883
1911 1510
1266 495
957 245
1379 596
357 1505
1823 490
132 1539
1931 1100
670 637
203 625
1900 1598
400 1663
1432 889
1734 544
1510 211
377 963
1827 1968
1257 226
404 1166
1412 1780
152 18
628 1646
486 1638
1535 1289
1977 371
205 1390
782 12
1268 1837
689 190
367 237
988 1122
125 35
1236 1450
10 1527
337 138
354 1041
1281 251
1543 1688
1321 1881
1756 287
499 1966
407 1148
1414 14
1821 1349
610 143
692 1915
789 1372
490 1245
1922 1093
678 77
1321 1255
458 1681
1331 1413
1092 616
627 1816
1877 1402
364 277
711 435
932 1432
1126 955
435 1238
1307 1728
1504 1116
1132 165
1378 1856
1794 1935
1014 1091
643 1671
356 814
3 294
1371 1241
1717 544
1082 762
1127 1329
1818 1024
1987 1327
1350 198
1612 442
993 1418
1518 152
1211 58
1081 60
470 43
140 1629
1728 745
622 1487
991 310
628 945
1005 261
1088 254
1035 1906
1314 958
1158 1843
1854 1331
1983 444
158 429
393 650
676 320
328 605
1632 328
1230 698
459 313
659 1002
981 1539
710 1308
838 741
313 375
114 248
1619 1944
39 64
1184 954
1326 1499
1338 1661
1232 626
749 1267
21 1833
1373 551
1459 1818
757 3
89 1681
802 89
183 1276
771 373
120 1142
1174 627
522 353
1307 98
175 1394
761 454
1372 1041
782 1232
1900 1941
1005 26
1963 1066
98 429
1801 908
1002 1147
744 106
1239 1201
1601 1683
720 684
664 1112
1807 1870
1069 648
1345 1436
1237 1861
721 1108
165 843
1050 1897
1150 82
1773 687
1139 1119
150 811
549 1658
97 1616
712 135
1460 362
991 1070
1966 1235
833 850
1506 1260
1407 1626
237 1979
904 750
428 1406
1716 31
1574 1544
180 1263
1953 1770
887 1442
1274 878
1662 843
1417 406
573 1092
1722 916
839 339
136 137
767 1561
1171 470
1003 580
1469 1601
783 1211
126 760
1273 238
131 934
306 157
171 541
1704 946
1031 1040
492 476
606 869
407 1552
369 636
443 1743
403 1386
911 1899
337 1868
541 220
184 1815
227 1328
499 921
1807 187
893 1779
1111 1342
1168 233
890 785
1281 1146
1172 1859
59 1105
1936 1112
841 118
105 66
1908 1519
1985 1601
327 1758
1137 1804
1273 1971
1839 347
501 1040
672 1408
1514 949
1966 207
1455 1093
681 1017
1517 1879
1440 359
98 763
44 310
1010 926
1284 1559
1124 376
1793 987
1095 519
1319 1775
404 820
1272 1429
1991 1240
389 1272
1720 1116
337 1635
491 351
1182 67
1424 834
1841 54
84 1927
455 117
1495 837
237 1290
1768 601
1054 689
131 1664
1348 1172
599 752
579 965
236 1854
1719 893
381 1395
992 1283
1496 1336
951 89
1383 911
381 1768
160 771
701 1214
1297 1050
110 1948
1366 1271
253 162
688 427
71 1099
842 1661
1316 930
201 1474
1457 126
1619 1926
1443 1543
267 201
869 444
596 1540
928 1784
1256 294
672 1417
770 948
1768 197
1816 1307
465 1343
1355 1302
1783 1113
1751 55
413 597
106 633
413 645
1748 964
818 830
774 895
396 1974
288 206
1335 1372
84 593
175 1367
1216 1168
1597 919
589 617
1137 469
1501 1367
1855 772
1312 268
556 528
1605 666
1879 264
337 1003
67 1243
1254 1171
1662 970
1591 119
274 848
1987 699
1182 1360
1313 1378
1277 1948
186 2
1211 429
919 551
228 157
1404 531
809 1048
1306 1263
1926 1579
847 127
1630 867
409 1925
1258 1612
997 1489
944 301
1274 1175
1191 1950
774 1707
1149 805
750 471
154 1253
871 1327
798 425
1411 716
335 1033
1119 1713
731 1489
1630 966
314 1631
1352 1735
541 1986
554 1167
1176 1042
1205 852
1356 159
545 1048
1513 784
1728 1615
737 1413
4 1511
32 776
1032 1591
153 1592
1581 631
1892 1438
563 1751
1476 1856
1539 649
1837 19
1738 901
327 1684
1039 482
80 1246
481 1355
896 1048
484 1395
461 777
1393 974
1940 1955
142 683
315 1775
1724 1210
463 134
1604 898
11 1266
1452 1764
1009 500
1483 1659
1188 1748
1239 1907
1151 1443
875 947
1286 646
529 1919
1191 1622
468 302
1625 932
1248 685
830 999
402 809
12 1641
837 1423
369 1634
194 1581
705 596
901 1620
562 1155
1864 1421
1032 1086
1815 1628
332 774
1752 964
810 830
1743 260
1778 509
492 709
426 472
1971 1013
395 1345
1850 473
1623 65
449 1809
55 61
1049 1903
1804 356
961 1353
538 1178
1257 464
468 858
1899 791
1175 1833
1576 655
1604 1541
442 313
631 931
453 1757
238 1535
805 1999
412 568
423 1279
1853 293
839 664
698 464
1295 850
1523 1195
268 342
1302 214
1220 954
939 1408
813 1628
561 221
831 831
946 734
1083 1097
1986 650
417 1853
1974 973
1773 1492
1121 1820
1678 727
102 921
685 1735
1537 1680
401 1408
997 1172
125 1546
1583 951
996 439
831 845
968 1194
1842 237
778 706
575 1116
1302 723
335 1979
832 329
1053 1395
799 475
688 1392
1275 1582
1919 814
1231 286
440 307
586 562
1320 975
1371 1536
745 1433
557 1373
1796 993
380 1543
1804 1982
508 123
1623 1665
145 1631
25 23
542 1052
1807 1178
278 1006
1131 484
1007 1721
1268 414
289 723
1580 639
443 458
1102 1138
183 1133
1974 1957
1217 1571
495 723
1479 424
1176 1759
1708 809
1527 1578
1594 823
970 1065
1828 1912
873 1368
146 372
798 1639
966 1393
671 1855
1735 127
340 1929
1946 928
49 1243
1523 1878
1128 380
371 1672
1150 485
1500 1954
1849 1409
1377 631
63 1674
1035 1360
1573 1635
735 944
801 1436
709 1889
312 826
1992 1107
1837 775
957 1467
1089 1676
1710 1644
485 935
4 527
497 1799
1575 638
1871 1814
956 198
634 1058
1329 892
176 1563
1424 428
909 1674
1098 1832
29 232
1623 1757
1310 1883
1544 414
1991 1895
829 596
399 697
623 1453
436 450
1284 174
1179 597
283 1812
138 725
933 9
1141 758
699 1375
1221 1771
1849 1602
1289 624
1988 1969
1195 617
686 1259
1561 989
1718 736
1051 280
728 1547
620 346
1830 1791
1860 892
794 488
1069 1355
742 899
1283 1199
1809 262
957 1574
1034 1104
1810 1664
1539 1720
166 1710
1479 1407
1199 1903
462 936
439 1765
627 574
244 1002
1995 634
270 712
394 689
614 1798
745 309
1792 1935
1384 524
655 1270
1078 1215
1442 239
848 1953
640 1917
1818 1935
795 12
28 696
211 1660
1474 1013
1769 634
1653 37
1541 1802
1676 68
1098 864
1067 497
140 229
411 306
949 276
1453 1164
1031 53
701 635
124 1925
191 1417
5 1793
1494 989
971 1065
1224 1293
1114 415
1718 407
1422 91
149 1318
85 848
1155 319
990 275
1465 288
1865 1017
1152 1845
1675 1805
1050 1754
740 1601
55 1923
361 1258
190 5
1822 1761
6 1469
1209 309
1056 1288
1310 520
1388 1977
955 372
1083 1152
557 361
1070 1956
906 741
1533 798
1105 40
869 444
1713 628
1262 1865
137 1298
89 75
740 1293
360 1482
1456 164
1732 621
457 1231
1599 472
1283 923
956 1302
1835 308
1885 602
459 644
1701 1592
1424 1663
911 753
722 55
1090 1818
698 1459
806 1744
576 1329
1634 758
1737 431
1115 1682
1042 95
321 1617
1135 205
124 1020
1264 150
620 426
824 588
531 155
584 1171
83 1296
207 1171
1875 1029
1872 1922
206 374
1028 184
91 777
1442 1477
339 1107
1845 1843
1301 1376
509 1479
460 705
1354 1416
1380 1286
1088 1038
1080 842
1740 217
169 380
314 391
931 1704
1092 48
236 511
316 225
1389 1995
546 208
183 1727
138 462
1466 690
1002 11
854 1121
1747 303
144 1671
145 1673
441 1125
130 815
751 1660
1737 166
115 1273
203 884
306 340
272 1924
693 1099
220 1513
661 841
173 1422
503 425
1715 1316
52 665
364 1528
1376 331
429 101
1507 636
37 1375
1516 213
820 1753
1161 650
1139 1470
1771 439
778 973
266 309
72 1850
455 1840
1703 1211
1571 1008
73 187
1585 279
1161 1409
1421 1888
822 510
1832 420
1249 172
1144 713
1518 353
1936 1831
1637 1612
1973 301
1064 1803
1737 1480
1077 307
1681 1109
1379 487
1772 1643
586 947
325 1939
399 455
1302 129
1395 299
1938 1346
1151 253
964 1526
1773 999
1385 640
555 1784
1114 849
372 1751
1412 1373
537 335
1307 1493
964 1938
1165 766
1268 1937
742 1847
217 1334
1662 1201
490 1856
1952 1336
962 789
682 1052
1052 1065
1550 1888
296 1778
576 1986
454 442
1459 1550
1938 636
196 172
959 1430
1271 120
1285 601
836 239
1945 206
1178 58
496 1209
863 1107
566 805
1595 1299
1039 184
1603 1236
1948 53
768 128
1180 447
1809 399
1418 695
1531 406
1368 1920
703 864
1618 1018
1456 1602
2000 711
1230 982
1089 251
1923 249
590 649
569 1418
1273 735
927 1735
1269 1454
1897 1028
477 1434
1507 170
586 1164
1520 784
1649 1308
1716 974
577 1176
435 1572
662 1078
1703 230
375 409
427 692
1626 766
1907 98
351 1666
1871 1692
1490 752
803 208
1854 1015
962 1605
939 160
697 756
530 81
1609 1016
1017 416
428 1290
1786 320
1352 1443
1122 1738
1169 665
887 1456
1984 1154
1559 1586
1885 508
1071 1296
953 728
1540 1199
1760 203
1053 993
1691 1337
1675 538
1173 1162
798 202
1958 935
1911 1712
1014 228
660 1315
956 897
132 1120
431 66
1704 765
823 157
1505 17
1527 1432
1871 1555
541 1296
390 1288
124 211
476 1312
1265 143
303 554
1630 506
700 1691
543 1115
862 648
1468 1173
1889 1961
1014 844
1030 1312
256 1835
1486 1606
368 1124
1756 99
165 1082
727 915
101 1574
1854 1991
703 1805
403 933
377 131
1551 1179
1435 1044
522 1620
1718 1022
1965 589
1797 1874
1488 1854
281 1009
1041 621
1246 1162
1965 603
985 1008
893 658
805 1719
591 312
1319 100
904 431
103 976
114 942
658 1026
1910 683
771 244
705 206
60 951
1337 1282
1526 1429
371 202
29 1361
1658 1537
833 1895
1039 1367
1002 649
1562 1875
196 946
371 1660
1209 1594
1296 813
1534 703
765 1714
1771 588
671 1951
1323 234
1227 1185
937 1102
1164 1177
989 1676
1344 1410
939 756
1248 1135
1131 1533
1598 1616
1132 339
1084 682
1451 1099
9 1172
944 1287
1107 217
6 951
1260 557
1959 1372
906 305
570 485
359 233
1923 254
158 867
47 26
1190 1900
316 1789
1096 13
327 1858
1015 1272
810 232
1341 664
1942 238
483 1416
51 284
1051 1994
704 702
1444 592
1530 347
1973 681
199 664
142 1302
286 366
1432 64
1335 1149
1730 1997
1983 1450
306 177
1565 1036
419 544
1265 1858
1213 157
1264 471
1497 1111
933 448
138 1160
1069 1401
1669 792
1144 482
1875 723
708 1203
1443 451
1339 1005
702 586
670 448
533 317
504 1532
120 931
610 927
697 1561
1636 1905
1851 1385
1163 667
1046 1870
1739 1766
1630 1337
2000 390
1451 1502
771 1270
1604 331
481 1815
1772 916
954 1773
1878 54
1237 1838
1396 1563
1172 1786
1577 476
1767 952
1444 558
1233 168
1162 188
1165 969
1609 865
1205 91
1975 1705
688 1087
285 707
2000 1910
1170 2000
387 1898
1161 1592
1535 190
1880 1174
1386 1997
1229 1549
1640 1155
1815 1290
1158 1940
364 610
1036 1565
1349 1755
895 952
1760 330
520 1212
196 1908
596 764
381 1921
504 440
374 1523
234 1873
1127 1873
921 1437
552 933
1237 204
483 296
387 1853
1057 1134
934 873
972 1759
1393 321
1035 1112
1009 1280
1772 1744
1929 1769
826 639
1958 527
1925 789
806 1698
1534 1398
1597 1314
1680 679
707 1595
827 692
1088 1628
152 1120
244 1142
906 345
1567 1137
576 1045
354 466
490 202
1227 1807
545 91
1700 487
1182 584
1227 630
513 1596
1280 872
939 1682
1722 471
1608 1194
754 1314
1929 650
1851 721
1376 662
1246 695
357 1784
340 861
774 1971
1345 1004
1932 470
682 1925
1084 902
600 1293
735 164
280 807
1618 1179
1154 442
4 1048
467 1418
196 1086
290 742
1978 1058
648 1611
110 1351
726 1357
1667 1565
1804 1083
720 1979
401 816
813 589
1137 1005
1303 887
1750 1238
459 279
1391 212
703 1590
432 1578
351 192
1416 125
783 713
134 1322
843 438
1101 768
583 824
262 846
536 1359
444 798
1126 409
1861 68
691 659
739 927
611 1495
1715 1194
1933 1106
1165 500
1406 1008
1055 1420
1188 773
1788 295
1747 1088
1390 523
315 843
896 1410
396 1676
1737 379
230 1663
1775 1011
677 1938
1999 639
671 224
1060 1310
1689 1168
1387 1445
1328 190
1992 18
1883 1667
865 1112
633 1232
1723 393
1352 1286
907 702
1350 1622
371 513
685 13
642 1628
1036 1947
59 1316
919 1623
413 1646
1999 873
726 688
97 983
276 823
1619 1380
1717 1772
1393 1860
42 1766
1471 1359
888 59
311 470
1622 1717
316 1093
347 1647
1445 1376
241 1675
1244 1568
1576 497
114 895
839 255
1429 1537
1589 590
1105 1062
186 1798
956 1257
1920 129
1932 1838
495 827
1220 1468
1033 1923
1010 489
1933 110
1332 215
129 1780
1959 618
837 1408
1247 623
1109 1721
396 107
499 1282
1402 1067
1349 642
1722 340
1788 1847
161 822
1215 1577
1243 957
1149 1045
1858 307
1655 1564
609 1360
626 153
680 1534
1558 996
600 617
967 1506
989 300
477 1034
297 1718
490 1663
816 757
338 665
16 1636
1983 999
361 179
1935 652
636 1359
1873 380
568 417
1480 400
723 473
1556 192
679 310
1246 1551
641 569
1982 1337
106 1528
1037 1390
741 694
956 1673
1495 1821
1670 1931
219 1663
299 367
259 49
1248 460
812 341
1891 1732
281 1463
1387 1116
1314 831
958 177
690 1988
1537 1682
531 1772
490 1878
1070 1545
1445 1067
1661 1142
1282 1723
1228 990
406 1632
1697 1856
1445 260
860 1424
631 527
175 1502
171 1299
1460 1695
758 154
243 1350
1292 1011
1615 1931
1242 1951
236 716
1251 1839
1181 313
1635 603
120 1435
1960 1167
279 1480
634 1313
1821 1002
1245 210
1160 1807
905 1978
1053 1892
1077 1913
1507 70
254 1804
1824 419
531 1224
1411 605
1663 775
291 1629
1067 1711
483 996
1999 1040
884 1372
302 752
622 742
561 1796
1130 1901
1227 1370
1689 1326
1904 1786
956 1490
221 881
612 1449
889 1845
1682 542
219 567
1022 702
1910 1695
221 425
730 676
1564 569
187 1562
921 935
667 1773
929 1142
1600 1746
1498 1821
1056 836
1565 1161
546 253
421 855
466 1327
1130 846
1956 1172
1019 1289
1045 279
1806 1685
284 1707
1332 1034
955 1454
722 1157
1814 978
421 405
359 1073
905 1680
369 992
474 113
760 931
269 248
1659 1915
904 729
1600 814
1832 1062
1498 1968
293 1705
777 1110
1099 1120
1868 1504
1530 1746
653 361
1839 1952
1114 654
326 534
223 423
941 1385
1125 169
744 1898
925 620
762 10
222 1542
483 1355
675 92
944 1902
1147 170
291 1107
1967 1673
434 308
1897 1091
1032 13
201 1270
162 369
1118 1686
110 726
1793 710
1500 619
271 1412
1096 236
1239 857
293 1142
1894 1046
1465 759
1167 1984
1959 931
1853 215
921 930
1202 499
1812 1363
913 1521
1618 4
1403 890
1435 310
1502 348
774 86
991 1914
755 937
68 644
907 1411
1513 1166
452 1080
1583 1581
1735 1623
771 4
1397 87
1819 1019
1249 330
334 965
1647 680
1991 183
1254 1899
15 132
622 1436
640 1262
1752 256
1142 390
474 978
819 780
931 1577
666 1014
394 552
93 1673
163 95
887 911
252 1221
1370 652
1847 1033
1263 1947
457 569
546 477
573 352
551 1927
188 1821
1897 1709
591 599
1777 891
1526 582
1730 368
881 1339
183 1708
943 1897
604 1683
1648 1485
1417 1316
1651 417
725 71
167 817
1938 736
898 1613
448 1552
777 1319
521 1089
1055 417
351 1919
235 1224
1540 1359
1367 1429
1712 1118
1060 1679
1662 1513
248 1167
664 1773
1770 1706
323 1612
46 511
478 1001
286 1486
1252 1741
611 1635
1671 1256
1538 1957
1041 121
1086 293
15 736
1190 1885
828 525
429 1703
593 684
433 1978
295 1885
774 420
1493 1015
794 1542
655 257
219 983
139 1240
1798 1744
1111 1184
22 505
1596 1899
1216 309
142 1698
936 737
571 195
653 543
436 267
1908 589
1698 459
1105 1954
1748 1362
1441 387
1184 1510
84 1300
1268 958
1559 189
702 1406
1518 1765
1130 256
1006 593
1536 97
525 942
1382 654
1253 763
1560 1884
322 483
868 1265
1373 1778
486 1014
352 1718
1641 1958
618 797
1958 1105
1040 265
1007 283
508 1338
1086 619
1842 1129
1856 513
749 1214
1360 1269
878 1712
1168 1552
1167 171
264 293
1220 970
564 1620
1927 1156
1565 489
1545 163
1426 1610
1418 212
967 1084
244 566
1771 540
1570 513
235 955
1293 1844
1408 1521
451 1538
1425 1156
433 1909
984 111
759 221
57 1216
1183 486
657 1108
1120 1068
534 1128
583 1790
1374 1251
1424 1331
678 1375
310 1778
552 1692
1822 781
1510 346
1390 784
881 93
789 49
1674 1326
580 1806
1616 1885
754 1637
474 387
481 495
1177 887
110 1621
449 203
1015 221
1705 886
110 1676
1684 1300
140 894
1502 749
1145 720
1404 1039
1117 1395
307 1734
176 1988
1835 1331
782 867
38 648
714 817
1034 1211
1593 1381
145 774
1084 1715
1871 229
1889 1597
1077 1013
935 1265
1671 1348
312 1428
1681 1312
1700 1797
785 1514
624 862
597 712
82 1213
103 1282
621 1748
1359 548
1530 217
1225 536
1581 1592
1481 1875
179 838
552 1359
390 280
1761 609
441 1587
513 1377
901 269
1151 200
765 338
1042 1512
1177 164
369 1376
352 1069
1394 1765
839 1874
777 1952
1235 1506
819 1699
985 1651
1979 1640
932 1689
940 929
1679 30
9 1836
378 1931
335 1250
614 687
1399 721
1600 422
1536 969
1714 1883
53 1508
1071 438
176 260
1167 1132
1287 1598
1772 1713
518 1027
1049 188
1080 1011
1640 1770
276 461
143 423
282 1328
1905 1160
934 1264
1709 1336
1310 925
508 780
1407 692
1543 334
415 1287
348 357
1840 1335
988 257
1817 893
1636 1056
1942 1116
1532 480
1327 1538
1863 1285
229 360
1663 214
1809 713
714 1256
1411 1510
1290 583
1017 968
1026 1821
1357 777
1542 1375
1554 1027
1760 224
1972 1459
1415 172
1335 1695
984 713
873 854
1595 1880
1339 1659
1043 479
38 1343
661 1659
153 1735
1570 305
768 260
1698 1913
634 1652
1475 489
1426 16
454 1325
767 1803
796 1344
1452 1802
313 537
28 1360
1442 120
327 1866
1535 1492
1173 1272
725 1210
1995 841
642 837
1185 1781
1863 600
444 1417
203 1722
1876 422
1818 1736
1808 825
188 964
1227 173
30 434
1152 876
1636 820
171 1406
1670 153
661 596
1334 31
1111 118
1843 1190
1471 323
1417 1529
1405 1102
1294 731
1033 1492
1585 419
1239 550
80 1615
918 870
989 815
130 1423
1289 820
981 1823
618 765
1014 1523
1686 715
779 1110
249 1121
665 713
280 181
1657 1477
1021 883
1446 357
1771 1715
1226 943
1809 1875
1107 129
1041 111
1182 1433
1713 864
1162 1222
1240 215
1003 1623
831 739
518 1761
925 1505
800 1822
1708 1220
920 208
1703 1466
1414 606
1299 1203
1535 868
1252 1984
304 1414
970 163
941 472
607 1347
1999 27
1656 776
1585 1244
595 159
733 1524
995 1475
693 1282
1682 1410
241 1765
290 250
1326 445
587 1760
270 989
173 606
47 1501
849 440
617 569
785 1174
109 1831
1908 1457
1687 235
998 470
607 69
1768 797
940 924
198 1481
946 318
1209 1278
509 1005
312 798
1702 1199
76 79
1262 1436
1557 1588
176 1637
1646 1302
260 97
486 935
1051 1462
1808 877
647 1153
338 640
358 1010
998 169
969 1093
1651 1000
1459 1345
559 190
859 1767
520 1029
913 438
59 1407
829 680
1900 1344
330 231
250 588
1298 1324
1025 1786
752 1214
359 1401
577 899
84 1999
1026 292
931 1973
1891 1527
149 347
1390 268
484 1541
541 694
1493 1365
1132 506
152 2
1539 1985
1468 1882
689 1444
400 367
144 1671
604 1360
634 1297
1834 591
318 901
806 1799
261 41
486 1995
277 1707
416 1453
1548 1263
510 358
1781 647
1381 277
1742 1475
2000 326
1207 1513
1163 1351
1679 1990
1351 513
491 1740
1467 109
364 1120
606 72
244 67
1286 86
1768 1827
1954 1968
156 1378
940 389
627 664
40 134
689 253
777 793
1556 183
1452 363
1537 362
1784 1854
485 1591
1978 501
1353 1185
1417 279
1946 693
1445 1487
1420 1662
1412 1683
342 1828
846 549
911 472
1487 540
409 216
676 919
1909 879
1253 1391
1705 1183
891 439
1365 1918
555 683
1967 565
1060 481
1284 1188
1068 1808
1450 436
1514 211
1926 1281
938 1058
377 320
1495 137
29 1360
1675 985
34 1703
834 461
309 266
118 1205
106 981
1 1962
1546 872
1023 222
1127 1359
1816 922
940 1920
1555 559
129 1785
832 994
1622 878
669 384
1977 1712
992 1864
1416 1158
75 229
77 49
789 900
600 858
1570 353
1902 1496
1107 1338
1360 748
1847 385
19 481
788 1675
1623 1506
800 249
353 1490
409 1926
1375 818
1805 1085
1194 704
1645 793
950 1723
1247 1233
1522 1711
1457 418
1788 1961
834 1432
42 520
1576 202
338 1723
1598 877
1477 989
1812 1354
1429 855
1740 1776
156 1909
1491 760
1139 805
1762 221
1804 1382
56 1860
1847 1308
742 1493
1348 1714
620 1033
1263 981
448 544
1242 1550
1104 929
558 1232
865 990
1238 1660
926 25
1075 1954
65 566
427 944
330 1910
391 1249
1560 1727
1132 1857
1569 1758
1509 1419
1217 1293
355 411
522 530
1848 1015
1268 74
1169 211
1100 55
1031 409
751 1169
596 646
118 1742
1006 786
1257 195
816 690
874 497
1110 1774
1390 414
382 1156
961 798
444 854
184 1957
154 469
573 1271
488 478
3 542
680 777
1117 1748
1906 151
175 187
171 960
223 727
714 1432
1944 366
620 711
1643 1834
972 1344
128 296
686 224
1018 1546
1016 1679
430 1734
1498 1373
1392 1217
945 1499
389 332
1428 1532
1430 886
1973 218
1847 1476
1082 1212
817 1989
1127 151
1654 369
179 1968
980 868
1993 1424
1397 919
1323 186
1422 172
1366 51
1410 532
1639 1495
1869 300
124 1392
1339 629
1213 1806
1281 1118
1799 481
1835 234
770 735
1214 460
1487 1527
1115 1725
1581 1380
1961 980
1800 1685
183 306
925 1322
1175 471
970 249
1102 1870
57 1341
957 1613
799 1710
1044 824
1042 1828
1031 1859
192 935
1755 337
1302 43
1656 1778
506 13
1963 1912
1269 1484
388 463
702 407
919 1390
798 980
1347 950
884 1920
564 240
837 1652
1186 1972
730 226
824 1156
1188 1106
593 1346
881 1
416 1817
300 658
1779 1835
1330 640
428 893
664 1861
690 1417
1709 1527
1642 1341
578 1315
913 263
1731 217
257 1779
868 733
1721 566
414 184
145 333
1300 1635
221 1471
1678 875
745 1577
1161 231
849 189
1920 1614
1866 1193
759 345
560 640
928 372
1223 1408
1228 1033
1960 1190
28 1701
1438 1328
195 777
1803 911
1951 824
1207 1789
1895 829
644 1060
648 1248
1068 542
556 1714
128 1518
1344 1310
136 615
1066 1242
1625 1230
1082 1230
1221 1344
1887 1916
346 568
330 209
1662 722
1638 960
522 1309
298 78
1521 415
1343 1240
294 848
1845 1499
1990 1549
61 453
703 549
1678 835
1945 1943
398 724
1239 1907
345 311
928 1565
1145 1868
1440 493
1725 1954
1219 506
222 627
923 310
1568 62
673 1827
301 731
230 808
629 212
1396 610
1995 849
1680 558
78 871
350 1101
1466 185
742 387
1510 1512
702 994
1954 851
1529 387
379 922
1192 908
83 842
1441 1928
1177 1338
199 942
112 467
1629 1895
1881 1224
706 1131
1196 181
525 1420
389 1444
779 1287
1206 970
1954 180
799 11
186 1258
1835 1959
1839 1956
1487 1403
1150 219
708 156
1252 1402
1227 100
395 1677
1553 1331
1955 190
135 1445
685 1671
384 1941
1095 868
1253 1511
1849 1518
1988 1856
1802 267
256 14
1929 1046
385 1279
1259 1219
521 1334
1084 153
214 1092
115 1073
1959 330
1195 1381
1667 181
1413 1512
710 531
812 1733
224 1469
1521 1428
1615 756
1855 987
1658 1247
1328 1554
1889 447
916 624
556 1299
860 1665
1147 70
1749 420
721 1548
1528 1346
1732 767
1235 108
743 568
1819 1265
1584 1817
878 1433
880 684
1019 739
1830 1278
1378 283
1212 207
1333 1073
563 981
233 1173
594 777
853 580
1884 1687
1857 462
92 1964
967 1206
1784 316
322 1011
878 1047
1762 8
1991 373
1154 1733
1592 1143
1161 827
1208 313
1595 488
1606 1219
285 634
112 1714
941 908
356 955
164 534
1508 799
1729 251
1336 208
1543 487
1042 651
686 1066
468 477
913 25
624 709
72 666
635 1682
412 238
97 152
97 1890
394 1180
754 803
337 985
1110 1925
472 377
178 627
1757 928
289 641
586 1247
422 1570
718 1222
218 968
324 1872
724 752
1652 1368
1985 1623
1162 1088
6 1066
1137 1397
1626 778
1814 507
350 14
805 1112
1551 1744
1386 357
425 835
641 1262
885 1381
1875 1571
1629 1237
108 49
437 1267
1519 859
974 1141
1152 1005
1501 1803
1027 840
1308 1765
43 901
219 1082
436 1171
1966 1715
1786 1632
995 1310
934 850
239 1008
1213 1801
592 265
1852 82
1761 1695
1173 1410
1972 1716
757 275
214 386
1113 848
366 345
1516 408
1425 197
1045 133
713 339
367 1099
608 997
1759 164
1390 761
26 1060
398 1133
190 1177
1022 1215
1182 1281
1939 1312
1468 813
347 403
1731 1505
1787 1498
1927 1828
1352 717
617 1281
1899 860
1732 1184
1171 1430
1683 155
432 1327
1645 239
1865 898
380 765
792 942
601 1632
68 1980
463 1635
556 1470
1879 1757
1891 711
1381 1147
561 1393
1216 1270
69 806
346 28
1933 1865
128 464
689 1872
674 1983
1349 765
1445 1408
524 393
133 1107
1944 895
834 941
270 257
961 1113
436 1650
238 162
903 178
1361 1856
1999 1569
363 1228
597 1543
891 1980
982 782
1560 407
374 1799
1835 102
1360 1258
1594 434
1290 1551
761 356
572 1926
1170 1161
727 625
1671 1539
535 1670
1977 584
1063 1001
503 1327
1305 1271
871 1141
269 1473
502 872
1030 1166
1833 62
1237 1105
1756 697
495 924
1289 1682
1975 655
429 915
1750 918
1203 1600
1762 1905
268 1213
429 1249
1675 49
424 1392
2000 1038
435 470
971 552
155 1957
622 1328
832 1223
143 1696
1650 1091
377 752
933 1404
556 1832
657 726
159 60
1280 1220
144 1678
1625 703
630 1342
154 1915
1060 1005
1242 473
193 1807
519 2
750 1050
769 845
1785 1108
1969 258
1171 1161
1790 197
1483 1361
1800 1484
303 97
237 806
861 1425
524 1823
1429 115
735 1294
1676 1577
1551 1571
1643 698
358 708
1795 1886
1857 765
347 459
1778 150
394 1781
688 1603
841 1634
1240 489
601 1953
703 312
355 1287
187 750
17 559
246 1041
419 1282
1343 1623
1012 1276
1298 1751
1962 608
1446 911
493 630
848 542
1153 1483
1740 731
1269 247
910 1594
1531 1049
259 797
1339 1434
1783 1252
418 1864
662 1971
485 1078
1125 475
276 257
106 1502
795 1978
371 1515
1338 840
352 1036
188 1176
1272 1590
1223 779
518 1079
946 1560
1439 1436
1022 578
824 1862
851 393
573 344
989 363
1231 702
381 1712
1226 923
651 684
305 712
1737 526
582 30
927 1697
1613 483
732 630
1399 521
960 994
469 765
1721 849
126 1926
1752 1754
479 978
725 134
45 1698
793 863
1272 1303
1731 519
649 1670
530 1085
1945 327
775 841
1774 200
570 335
1695 1609
961 596
387 611
1246 108
891 193
1879 1522
1521 622
1700 1849
190 633
505 1716
1572 1105
1204 1537
250 1997
843 709
5 72
1175 1431
1041 1759
38 1171
1459 1357
120 628
439 1228
1940 58
407 1543
573 1003
731 1351
1734 1850
147 627
125 973
720 204
358 1001
1282 605
1859 1021
1119 1531
1069 1286
1699 84
1141 1589
867 574
1726 1854
1031 1251
184 620
955 1014
1253 1630
1563 1885
1834 737
204 402
1944 1340
636 1737
44 1076
854 186
1479 1521
1398 535
326 358
477 140
441 1782
829 1556
605 1855
1539 1083
601 1061
1656 702
1310 712
82 1364
471 1680
310 1718
668 1647
1681 1307
627 439
70 1421
922 659
1872 1072
396 383
561 173
1035 1235
1360 1133
1928 646
1300 1777
527 933
288 1190
1391 1566
1754 1578
1461 328
806 983
284 14
1508 162
1422 636
577 1332
1304 10
1986 1500
769 781
132 826
1876 116
421 1125
343 1567
266 6
1116 1989
782 1910
1638 727
1251 1246
422 1348
1186 619
1481 554
1286 1300
547 1420
697 1759
1105 472
753 703
1893 1350
273 1892
291 989
224 1679
1805 544
795 478
24 784
1502 1003
915 497
202 1959
1703 842
57 191
300 929
1432 10
699 1773
713 1003
1249 844
796 733
970 308
1994 989
1501 439
1034 1943
1414 1875
494 832
1431 256
1841 1239
939 1694
994 137
165 1580
1520 1190
1493 483
1978 200
82 992
914 1850
1555 1014
154 273
1732 792
1512 1836
1183 1103
280 354
1674 1488
891 837
1805 932
1124 1100
649 1276
1982 226
1391 307
461 67
384 1384
1733 403
458 863
1432 5
927 517
1462 416
1629 1891
1553 496
457 849
864 1664
614 225
1394 1782
1766 13
1919 380
1762 314
1557 396
1511 1100
568 377
1381 1823
872 1138
1406 1501
876 1110
1025 1695
1519 641
996 601
627 737
1429 1366
1875 1175
868 1088
604 430
348 1734
1724 912
1630 1924
1610 566
226 663
1235 1817
1699 804
158 1736
1941 134
1739 942
191 641
990 80
1432 57
884 1568
1200 1606
1841 1274
177 1554
1024 1502
549 156
1019 1221
1962 1291
679 243
1808 47
1505 365
1367 1968
450 1615
1819 760
86 1418
288 1023
373 1506
1710 656
148 35
40 1263
395 1592
709 1952
13 1154
1692 1015
1228 806
1054 819
1973 333
821 127
128 1739
1599 468
233 1005
1675 1014
713 1712
576 579
345 1394
144 1223
1205 1334
1708 33
439 634
1792 1456
999 476
1134 385
332 1270
922 582
1195 605
869 1093
1142 1273
1416 1041
37 1446
1367 1479
1291 1865
1437 207
330 59
1318 611
1208 1071
637 1394
645 1031
1526 939
1003 717
1523 841
11 555
974 715
475 1142
1198 367
920 1229
925 1928
1143 1600
241 1793
1093 1396
332 1049
1628 271
1142 746
656 944
282 1170
1700 1245
1207 540
753 174
1564 478
472 357
1936 1376
1112 166
1376 496
1457 318
9 1055
1718 1949
1462 1498
741 1165
1199 753
6 960
797 1769
1515 1998
1942 1743
1079 637
461 1659
1906 1274
177 705
87 1266
391 262
737 1789
1681 1508
1008 1147
109 1736
47 588
516 1333
474 1472
580 1861
1329 615
1928 1879
1712 1595
1417 611
1566 245
463 1234
710 845
251 1937
1939 928
644 8
1697 1576
309 506
1136 526
224 1183
1747 1594
1935 1795
899 1614
326 1820
1515 756
311 196
621 1938
1832 777
770 550
903 1671
1344 253
331 1780
1228 91
1035 1192
432 278
362 1844
1623 1626
703 397
1946 1083
1969 814
776 1143
7 1915
1588 223
970 495
757 768
174 762
560 128
506 473
766 527
1597 1722
352 1244
1068 1285
321 1744
132 427
1258 1573
390 539
86 1187
813 1538
1535 947
418 1571
1753 715
1852 1271
1589 1578
363 1189
270 889
578 530
1070 1153
1203 310
1536 554
1283 1222
1045 983
660 202
198 1447
1906 581
524 536
1857 1585
1723 1025
1700 1372
1981 1762
151 1128
564 141
1029 1229
993 1140
1596 507
1794 1073
335 381
586 650
1963 1210
1011 428
1647 1959
924 1360
1350 51
1557 678
36 1306
1605 507
1845 1021
499 384
1974 569
1849 427
146 781
566 1157
1009 1039
1398 71
1749 1097
519 1804
814 56
1852 974
851 204
549 1944
389 1665
1826 1700
439 1242
541 621
956 1544
1723 1385
1429 545
1909 1630
226 1872
299 1738
1464 1222
815 1587
1261 451
1301 1618
799 1382
1822 1851
1092 1979
1791 574
1855 1775
1641 288
1517 222
1068 857
488 1011
1860 1373
428 1
1302 1947
361 1944
1292 898
1375 848
545 708
1788 723
1251 95
1960 1452
1079 857
1548 1081
158 490
618 1191
106 1902
1653 715
1037 622
1538 343
1479 1601
477 1393
945 986
1088 583
120 887
839 26
1071 1702
1672 1587
523 1642
264 143
937 544
1682 1866
667 985
970 1532
1634 1719
1961 972
1009 1773
1873 575
615 1749
1421 360
1019 422
1103 762
362 395
11 1554
1542 1457
1318 1846
1497 1061
1781 1769
1344 772
18 220
1111 542
1659 1737
1378 58
1072 1753
989 739
1523 1635
1787 108
703 49
827 1178
391 231
1642 1181
147 696
1310 1668
610 1818
1368 1763
299 1625
990 63
188 1626
1606 774
21 16
196 224
1210 986
137 1096
1753 1428
461 770
344 1574
662 1049
651 1301
1336 156
291 1010
85 1432
1946 515
1958 604
352 916
293 533
964 460
1076 1872
1574 1767
1265 601
1852 1388
144 1474
188 55
1354 545
1273 1086
1897 1647
1997 1026
1740 1858
1869 1973
888 1930
