p td 1000 4000 
400 858
128 608
666 960
888 490
229 13
539 235
645 873
326 852
463 200
963 377
373 145
862 775
843 977
994 450
676 258
64 691
438 406
253 485
367 484
313 635
391 818
116 352
165 565
186 969
748 322
613 621
566 409
260 475
236 633
376 58
882 44
19 547
548 4
59 482
6 754
52 140
4 730
635 992
602 580
942 467
130 998
614 525
678 471
940 388
220 741
659 23
125 893
626 757
621 861
433 893
970 621
891 468
737 310
410 377
975 168
93 49
412 250
108 864
990 909
422 815
39 849
478 864
667 631
139 135
361 872
157 876
436 797
97 852
564 331
945 836
301 249
779 389
675 185
298 260
818 944
585 336
947 750
968 251
379 857
512 859
745 953
438 645
716 416
924 412
802 390
372 517
310 939
51 464
630 712
347 954
857 816
423 22
656 564
184 957
662 683
999 725
324 542
26 398
982 570
829 510
773 637
267 447
402 975
999 836
87 303
355 743
523 692
52 387
448 855
557 759
312 639
488 126
889 113
4 701
37 482
423 863
525 674
527 44
139 427
387 547
287 938
777 260
917 423
420 737
59 185
809 338
294 825
274 740
584 74
990 11
863 180
300 504
679 512
314 49
751 543
35 6
256 922
451 272
561 143
778 493
248 549
91 419
347 483
569 406
355 994
772 26
787 854
851 707
872 580
345 312
988 15
325 607
205 469
81 916
586 528
967 884
763 840
945 880
821 220
237 993
584 481
622 650
104 536
779 692
892 558
555 37
943 326
432 633
700 576
168 626
266 126
117 541
588 408
172 615
42 451
929 361
751 626
760 591
313 950
79 525
432 408
830 535
806 756
628 285
525 258
989 202
956 761
761 139
994 79
2 873
567 12
246 878
150 617
425 864
494 517
610 173
76 229
401 641
316 475
167 95
272 340
267 75
146 22
924 352
66 40
129 699
707 432
454 254
873 970
712 466
718 600
303 282
851 190
243 677
873 67
341 64
940 855
928 230
168 923
746 31
173 421
248 287
125 791
180 908
362 731
669 351
354 842
48 616
71 318
933 933
809 493
241 88
743 196
588 389
227 756
955 536
447 781
696 478
389 69
515 332
363 238
194 92
26 554
74 117
999 592
228 831
726 282
59 940
63 816
218 341
315 682
992 225
375 847
915 77
851 742
614 647
282 750
868 611
313 803
771 522
159 816
735 75
71 2
104 672
351 505
121 683
431 921
116 91
815 498
219 725
918 300
353 15
347 930
361 708
952 653
708 681
90 871
762 830
569 167
541 227
332 741
600 828
96 487
441 995
456 94
139 139
327 923
884 48
967 950
480 564
112 269
603 854
106 777
492 102
734 709
326 801
855 631
223 664
736 362
647 95
707 792
479 758
309 206
658 838
228 863
617 964
462 835
845 800
599 444
68 618
827 451
971 151
250 979
723 423
590 809
255 170
787 821
416 55
410 364
912 377
913 165
114 500
877 904
680 662
230 249
440 449
566 408
512 16
2 776
533 611
690 777
621 307
305 966
767 777
607 603
166 835
726 798
308 703
62 961
564 595
451 504
923 647
673 139
579 55
645 993
942 355
405 330
178 97
824 934
942 95
607 437
780 357
747 907
597 481
337 472
582 234
301 199
834 500
600 692
584 519
388 570
592 20
329 297
947 103
47 86
812 339
918 866
325 689
19 346
611 555
909 565
399 471
274 690
453 435
251 639
60 802
797 354
827 751
379 392
62 932
620 51
102 236
763 315
852 515
226 614
789 16
105 919
124 859
921 604
775 438
376 578
703 457
733 968
152 456
674 103
482 237
948 368
732 387
737 400
154 135
873 834
920 100
419 142
948 250
394 981
291 138
676 913
983 596
738 673
937 2
278 725
165 461
792 977
342 180
665 989
943 37
858 991
665 98
878 64
33 297
259 348
449 709
457 582
154 213
639 921
789 788
28 811
447 629
334 63
358 224
372 337
713 312
554 904
34 605
694 323
522 993
131 318
437 748
829 401
748 334
199 212
535 307
860 915
348 804
625 795
616 975
342 118
929 942
247 570
387 417
25 296
693 181
775 914
826 155
248 855
839 236
105 583
681 989
91 179
999 490
89 455
429 530
424 578
361 32
989 356
29 985
400 780
598 857
719 302
164 791
643 215
120 839
658 79
132 556
991 229
137 509
984 595
707 255
66 619
540 787
515 816
747 424
999 627
796 921
876 521
48 153
957 851
992 719
498 713
603 595
761 739
43 397
661 689
600 669
414 727
75 791
794 162
828 380
819 737
58 840
630 91
760 96
895 155
599 261
220 32
694 229
770 854
594 895
456 51
52 41
766 780
264 182
987 197
145 106
226 329
570 219
869 548
483 740
991 72
347 177
569 373
652 821
476 618
109 624
763 477
965 588
451 676
438 766
871 811
466 551
496 202
406 467
451 323
561 59
896 109
219 760
386 568
274 245
612 482
299 969
300 377
608 771
251 975
137 640
153 510
355 305
456 162
387 544
805 43
998 563
975 475
360 473
550 529
31 547
100 448
60 947
910 242
74 958
87 92
254 22
950 851
484 900
205 114
162 406
374 557
724 145
744 32
646 628
997 395
246 338
35 396
178 883
919 606
192 903
471 258
533 812
333 291
596 219
570 284
694 121
680 215
352 654
62 303
130 545
561 812
321 230
881 720
642 964
602 391
886 37
969 318
819 608
419 644
662 657
658 643
769 895
52 335
864 410
248 896
394 983
680 320
807 537
7 477
398 406
811 911
743 342
921 689
731 650
900 153
882 254
956 225
166 638
535 90
170 217
370 710
969 840
250 911
516 69
211 168
729 16
268 379
734 9
902 513
652 324
176 712
921 185
572 600
175 590
307 321
954 705
670 293
216 724
493 950
282 800
768 635
671 831
577 444
675 543
520 832
888 515
340 654
630 823
797 434
771 245
91 12
552 813
704 862
720 813
437 679
936 419
532 577
828 27
153 304
872 898
821 790
618 92
863 548
878 777
293 865
686 218
161 203
636 199
818 618
731 997
530 464
980 537
500 871
742 576
830 617
36 17
312 689
67 48
592 945
591 23
569 266
259 879
984 44
752 362
939 188
451 946
241 4
324 870
880 709
298 730
275 397
226 452
375 27
369 762
562 746
529 394
802 797
629 714
430 240
533 547
160 739
61 766
541 877
94 875
465 224
257 524
344 934
724 541
24 337
78 759
312 453
130 999
413 65
132 423
35 697
308 645
900 45
685 703
94 722
91 388
107 503
504 814
659 532
264 742
811 698
244 216
949 264
647 99
594 79
734 755
975 587
55 766
186 71
538 744
671 54
918 150
972 734
381 716
44 482
476 419
449 997
509 970
576 853
159 445
734 454
777 858
370 344
766 268
567 488
937 988
812 845
58 349
299 627
710 125
727 929
665 289
640 267
691 416
751 200
377 809
291 803
819 775
119 134
360 594
802 891
768 192
655 628
316 325
596 193
362 675
368 57
300 228
668 450
858 759
30 749
759 442
177 954
699 287
641 559
608 375
624 723
164 2
400 170
858 875
547 668
547 190
753 643
892 950
937 379
86 551
680 638
822 127
79 100
39 43
279 285
835 894
112 835
312 154
26 812
843 261
375 635
386 650
725 242
164 171
776 560
507 113
651 687
490 730
140 109
20 836
585 267
229 762
94 692
746 996
40 488
192 190
791 800
58 969
230 881
839 190
133 55
42 479
991 929
42 412
80 447
942 925
949 561
401 81
858 23
886 854
620 482
558 173
154 354
610 799
943 111
291 228
595 956
844 119
527 810
304 890
927 122
574 238
307 376
654 188
995 212
739 543
370 425
757 802
821 57
406 198
805 195
831 348
185 142
437 377
50 206
224 548
809 753
159 788
72 691
582 437
580 551
965 932
832 455
886 82
844 911
560 291
913 897
479 284
519 597
884 4
453 226
827 45
316 561
894 966
297 374
442 148
118 677
41 34
264 529
503 508
910 265
822 462
200 170
378 746
633 458
252 730
706 126
379 971
703 368
854 339
327 344
9 32
108 433
484 143
307 939
748 841
410 273
231 936
68 910
546 557
945 122
59 857
575 528
991 982
79 11
972 126
972 409
47 131
610 688
730 86
491 850
965 833
661 905
69 858
638 226
812 17
700 760
398 989
488 55
623 577
854 583
451 506
84 430
685 756
237 407
597 935
883 84
395 483
150 979
604 232
624 197
351 470
350 189
540 939
730 911
581 884
860 267
157 846
216 485
213 663
883 840
546 481
643 651
947 837
766 430
640 488
239 777
691 125
650 635
617 794
191 249
424 335
980 938
849 959
64 315
708 703
396 344
60 681
610 138
542 102
296 795
76 22
920 84
95 680
903 785
101 515
206 201
208 195
701 271
488 141
732 133
36 953
182 732
764 786
896 239
748 573
164 119
924 166
793 516
396 603
527 911
97 929
374 330
693 519
234 420
814 249
97 551
85 529
786 762
504 828
674 462
625 277
463 187
745 550
652 652
896 172
939 200
210 753
647 479
381 633
142 887
655 34
395 155
753 720
592 289
293 677
305 648
158 319
422 821
172 486
500 333
303 354
914 857
513 966
485 416
444 544
671 19
84 120
195 326
530 788
803 902
283 246
492 568
440 520
284 478
600 723
318 803
254 418
881 132
931 941
554 437
617 454
950 522
440 140
649 629
422 891
857 803
123 523
819 799
79 222
490 873
282 570
249 352
271 276
789 45
219 414
72 499
75 301
880 9
951 453
827 565
450 539
544 96
645 191
316 38
146 243
264 382
19 710
986 676
753 422
244 330
86 446
922 145
655 751
608 631
791 653
153 432
51 378
7 411
335 196
841 360
681 876
54 837
275 333
908 730
318 393
514 948
661 751
961 790
131 375
81 700
279 82
199 863
726 276
568 131
118 834
232 734
738 159
877 106
703 538
547 139
742 217
541 981
36 245
63 645
779 536
961 298
903 766
965 238
558 372
177 80
52 865
465 708
664 32
267 619
330 80
765 941
388 309
767 788
262 634
34 260
168 393
607 261
207 901
126 850
546 55
330 119
421 255
547 950
637 291
335 784
228 593
520 40
855 153
567 160
127 155
741 467
593 410
380 236
130 896
262 45
28 641
205 86
487 904
705 377
846 533
384 570
670 200
793 40
690 731
932 985
323 192
932 766
121 522
736 255
752 146
475 468
894 333
564 302
264 994
863 539
896 491
539 387
764 206
61 815
818 344
767 409
911 98
125 968
925 843
847 701
140 541
364 9
163 845
889 230
597 892
181 683
775 814
805 699
246 81
909 500
344 715
161 137
192 198
684 260
676 173
584 286
222 639
471 223
321 84
829 881
939 45
740 173
677 651
427 467
669 912
434 224
828 722
825 37
493 955
807 632
80 809
791 171
58 850
822 600
305 959
46 272
164 844
46 161
863 903
192 405
807 428
394 731
968 885
675 571
851 436
558 84
865 330
18 960
177 701
699 317
95 376
858 430
414 189
139 488
435 636
241 444
379 722
794 447
650 366
525 255
832 500
122 56
992 283
938 503
858 372
3 524
12 157
939 960
553 895
649 64
143 468
191 683
200 619
139 408
895 523
67 731
621 27
51 567
220 658
686 313
894 627
936 599
567 251
606 793
203 759
849 995
629 578
163 144
747 505
180 128
897 792
703 379
117 526
823 981
74 576
189 532
48 967
621 89
741 287
391 238
898 741
342 242
697 407
746 16
387 586
854 139
936 473
542 899
213 52
377 925
240 233
990 771
352 105
866 818
791 351
900 544
329 551
499 493
623 804
450 105
742 264
565 987
186 80
211 654
873 696
209 418
917 872
961 19
625 235
178 147
186 157
403 663
384 112
865 949
119 42
158 423
75 803
779 653
693 627
384 68
681 655
183 450
789 130
754 396
382 373
8 350
595 51
396 286
795 845
763 755
611 611
177 327
579 751
559 998
485 927
269 103
439 519
525 622
504 807
623 305
742 303
374 106
791 86
124 318
221 820
908 822
567 393
832 240
199 970
891 245
221 401
749 567
363 354
668 630
833 798
117 929
769 807
593 409
795 28
86 44
56 64
247 348
764 978
300 340
856 852
960 518
487 754
89 18
511 761
777 981
794 623
554 364
40 549
320 267
299 503
282 366
711 504
926 645
787 633
218 634
220 294
385 8
645 411
486 418
528 998
173 8
682 828
102 805
132 874
325 318
41 349
388 110
467 423
895 841
241 212
363 931
689 133
71 361
789 905
491 433
273 199
824 632
64 569
111 983
917 965
329 787
663 151
664 679
981 72
315 226
608 261
329 94
955 18
82 374
381 323
567 924
286 927
88 190
23 905
103 744
537 773
636 771
252 412
95 281
254 956
282 616
284 39
904 311
449 158
996 457
941 920
622 254
774 232
82 549
357 53
600 841
640 864
286 124
647 132
893 402
558 182
993 641
24 54
134 424
143 612
369 211
163 791
865 342
864 654
684 290
987 612
732 298
346 352
517 789
20 526
324 328
503 286
125 779
111 158
436 979
247 895
799 244
589 747
570 959
357 261
959 795
456 732
933 314
745 969
870 905
929 998
984 496
464 261
482 909
616 682
600 694
409 812
882 920
102 434
894 566
86 370
664 659
888 999
774 835
134 41
110 246
139 355
681 596
892 447
412 689
938 192
588 608
180 980
236 682
572 577
944 684
644 407
416 932
207 525
254 55
477 553
905 353
556 104
309 862
540 57
832 67
546 185
901 728
980 312
632 177
473 209
96 624
60 887
946 87
12 340
374 957
648 140
947 312
291 89
558 825
755 116
853 919
487 536
151 630
846 927
728 299
376 770
374 116
420 404
566 750
854 800
797 922
60 946
13 858
679 664
861 394
551 160
955 504
830 818
380 874
511 481
454 447
662 664
872 426
284 466
453 199
659 429
607 59
341 400
185 26
342 259
223 389
340 995
817 165
30 428
652 999
166 946
21 108
724 142
731 680
652 985
451 115
882 739
136 929
466 797
833 538
672 273
188 965
760 650
556 992
391 429
561 756
931 663
295 88
400 354
567 215
109 845
198 808
703 893
535 264
656 875
990 68
657 288
805 180
686 356
729 833
393 207
685 422
338 721
680 785
623 697
545 810
909 395
472 934
870 412
544 927
430 133
259 542
399 921
588 686
215 7
83 473
914 188
580 276
485 431
416 829
586 136
143 798
29 416
43 511
361 817
908 150
159 827
615 87
661 827
988 736
120 433
538 389
45 38
879 90
421 529
982 521
412 803
632 255
689 765
712 134
320 9
850 338
21 668
17 31
584 281
836 103
504 838
719 708
54 435
6 860
963 530
166 925
525 871
757 577
591 534
446 66
227 273
680 756
333 186
688 557
429 603
64 890
544 673
124 793
559 138
699 60
442 142
497 905
143 356
599 373
949 655
91 731
922 744
52 143
183 597
756 66
166 553
740 205
190 893
662 178
665 350
310 861
287 852
280 407
248 675
957 242
691 484
5 926
68 208
641 270
941 706
207 356
843 79
320 541
907 617
207 727
590 550
460 983
366 411
172 494
592 930
365 677
354 717
103 801
387 376
123 642
834 683
187 234
204 57
377 850
447 974
721 60
847 785
42 914
10 442
539 658
365 488
53 544
200 88
370 2
601 893
274 824
541 445
6 75
169 986
344 321
73 552
220 937
342 54
339 351
313 572
263 695
46 240
228 23
250 273
189 243
819 203
403 414
930 203
606 250
361 417
761 282
97 223
575 199
514 572
518 303
134 992
200 50
663 556
135 442
628 605
410 445
473 379
743 344
626 72
256 114
342 855
900 173
339 160
613 352
224 89
703 740
638 331
47 541
701 215
101 887
529 40
495 901
919 583
181 768
882 906
195 874
74 929
628 50
17 919
861 421
744 727
769 782
704 351
271 592
786 943
308 640
853 751
632 319
580 301
928 339
120 714
319 224
636 229
748 619
447 768
458 20
923 667
376 220
257 140
769 916
920 467
911 170
763 401
222 665
196 667
220 863
459 408
375 113
114 969
714 95
232 495
185 966
600 570
481 264
930 401
750 249
682 670
945 99
495 732
133 176
185 782
785 192
331 595
942 457
206 853
776 559
911 594
542 393
340 17
853 266
562 620
137 189
161 24
740 863
507 439
76 583
733 572
104 819
780 898
459 612
703 259
655 695
566 732
300 47
295 1
727 261
645 487
989 727
235 377
243 117
304 969
835 757
34 506
606 727
400 398
922 74
874 809
859 177
659 800
37 375
543 117
477 849
230 299
347 602
873 842
820 487
737 312
735 359
30 191
807 189
995 905
18 496
771 215
749 222
234 611
909 142
343 262
951 527
646 826
369 108
693 80
310 638
822 187
543 512
938 264
864 851
556 203
935 868
530 540
177 457
704 642
453 524
452 542
56 689
452 997
910 768
412 500
638 4
318 635
215 213
130 249
906 778
461 982
597 930
875 799
72 760
381 581
172 159
673 26
81 847
808 92
945 403
719 145
570 37
541 442
674 222
462 269
421 726
649 856
589 941
761 430
420 832
772 104
425 605
857 606
466 161
872 182
365 576
763 935
501 966
784 888
713 911
189 872
673 103
402 505
364 175
504 734
868 577
764 203
511 663
451 553
168 156
493 277
795 740
731 207
384 614
223 602
800 579
514 530
970 641
450 357
402 186
913 48
12 938
273 330
987 412
1 167
397 580
147 792
226 361
737 194
428 463
313 452
492 351
691 13
367 392
762 648
636 819
72 588
80 293
401 51
303 742
380 24
153 452
265 360
911 403
566 923
708 838
606 914
175 814
730 321
365 954
855 977
780 43
962 910
620 616
678 853
5 165
561 929
858 706
194 74
313 728
302 573
745 521
89 795
779 207
158 165
905 300
903 890
204 5
188 192
818 566
180 355
666 807
574 740
408 861
559 314
977 128
358 195
183 514
81 94
310 25
579 578
924 536
397 760
758 217
102 825
425 300
799 818
7 384
368 74
743 319
527 741
952 565
265 11
366 246
153 874
90 315
914 187
451 65
778 679
590 120
73 800
696 484
957 305
920 751
523 83
871 964
446 924
872 432
10 9
68 920
28 32
982 454
885 853
597 808
698 454
795 509
135 35
953 455
161 420
898 29
761 177
226 210
278 235
697 323
561 364
152 353
185 942
234 148
916 781
403 677
573 246
823 208
836 786
949 938
841 496
339 108
882 606
69 100
734 403
968 176
474 438
511 275
601 475
555 695
176 800
974 897
158 616
955 758
174 483
428 526
664 958
843 854
664 622
81 921
208 501
538 687
123 999
34 475
121 288
220 897
527 407
634 197
904 983
7 257
636 853
448 806
118 571
546 622
953 550
839 510
83 485
565 358
58 808
882 515
885 630
702 794
469 677
980 171
36 5
858 280
509 8
740 802
603 9
932 905
481 356
369 648
795 77
796 997
860 135
71 993
9 822
21 595
696 244
539 51
648 276
815 540
78 311
513 638
163 234
781 17
136 176
46 285
846 135
907 863
863 839
779 296
37 585
714 599
714 674
397 510
479 72
361 929
241 191
477 783
319 603
379 959
756 872
838 6
413 544
324 1000
696 773
924 552
601 593
262 834
500 686
416 300
843 760
265 755
726 106
124 601
929 514
896 826
234 711
706 982
38 855
647 751
976 967
440 368
608 602
545 979
363 36
354 391
141 435
528 247
100 222
248 209
378 743
838 999
862 727
826 35
959 155
459 1
36 404
361 53
131 393
784 772
522 111
884 53
908 107
223 517
129 475
578 967
473 798
238 218
274 43
420 588
95 354
391 534
819 646
938 529
836 526
603 217
902 939
567 662
491 76
561 943
470 160
288 970
981 303
792 804
213 799
543 504
855 670
533 636
662 539
104 901
785 182
419 467
794 436
910 968
970 851
66 834
688 30
684 531
638 53
397 966
276 604
967 555
794 606
220 982
951 822
811 212
649 365
510 213
882 179
558 365
40 505
758 831
487 941
464 778
15 293
284 989
963 576
508 411
289 483
478 776
517 199
98 735
764 791
179 85
323 451
880 995
432 984
541 289
22 651
649 944
567 843
560 405
208 50
512 869
549 671
679 112
605 721
44 542
449 170
566 629
512 388
94 830
693 298
314 965
146 6
622 179
53 263
521 520
299 161
935 284
413 876
27 128
999 965
40 753
390 233
868 53
436 48
917 115
839 216
187 90
738 615
977 686
639 846
569 45
662 221
825 8
702 69
885 285
473 73
307 176
80 546
880 951
593 543
956 121
184 348
752 501
340 443
453 223
758 795
431 437
473 831
513 569
429 483
125 200
687 898
64 126
439 391
414 618
400 998
71 373
233 138
239 712
89 416
316 349
903 116
378 605
90 359
181 516
355 536
841 649
986 796
440 447
357 591
595 386
627 106
698 908
420 602
309 766
669 338
588 974
459 288
21 840
701 205
149 295
496 163
871 369
410 569
559 576
440 872
27 255
61 468
352 91
657 539
947 620
667 648
697 76
319 674
322 297
576 980
942 604
289 436
421 35
226 847
438 592
450 32
111 653
787 85
663 686
401 748
361 399
998 884
710 15
909 104
905 352
313 425
684 138
564 9
888 565
375 623
132 460
448 396
215 431
58 670
30 513
384 398
668 897
300 233
977 492
998 919
786 40
526 116
19 290
422 976
375 709
200 254
769 537
683 356
956 325
375 175
19 257
447 436
376 843
824 8
564 953
138 745
137 962
320 142
197 419
809 706
977 63
588 270
316 835
33 575
693 693
913 662
38 585
58 165
39 86
925 856
664 526
641 681
919 651
850 404
529 488
889 303
633 948
460 71
899 177
688 938
367 70
861 302
539 338
155 433
330 409
48 977
287 705
870 86
384 806
427 238
230 461
17 238
59 222
46 521
912 595
487 906
167 276
135 970
957 801
909 746
740 829
173 913
5 573
575 313
815 444
666 896
906 483
933 626
751 594
719 605
805 457
407 470
305 258
315 332
810 864
844 872
620 606
546 361
269 913
115 355
656 506
942 482
244 863
591 572
604 603
315 677
196 502
838 162
395 264
143 208
382 924
498 555
498 534
372 167
148 649
348 303
288 685
31 726
852 494
557 874
980 749
633 344
82 344
105 977
358 569
695 48
926 833
230 59
136 900
171 92
267 836
889 302
157 827
962 135
924 155
64 835
719 985
918 600
354 977
557 226
985 940
206 353
649 339
848 126
964 574
817 710
691 669
651 814
363 631
639 336
949 185
476 265
380 274
985 189
38 969
118 934
631 507
777 904
909 914
491 229
163 79
201 132
944 165
520 989
266 524
87 8
22 72
593 928
628 403
275 538
948 485
627 13
497 992
732 178
29 929
607 991
782 902
689 195
552 931
403 713
615 614
539 359
66 377
89 41
145 616
898 284
549 578
400 110
293 483
656 45
146 733
616 945
203 678
88 670
496 586
477 203
477 673
904 283
382 515
320 889
888 494
481 729
278 895
225 22
883 288
948 889
984 188
565 878
216 551
489 980
319 27
830 363
75 275
198 130
169 883
965 462
628 328
186 652
627 961
639 747
176 812
55 318
69 336
388 485
734 391
577 897
204 39
225 731
896 957
386 361
911 221
471 140
407 823
827 474
598 723
523 421
341 756
784 360
515 869
683 223
288 513
259 840
40 99
557 173
566 895
499 173
296 463
147 70
894 35
997 150
404 803
90 632
682 566
540 657
117 46
143 955
748 388
457 336
384 860
499 312
992 928
379 438
674 359
207 178
958 608
46 791
757 746
432 569
280 904
990 58
985 487
768 175
779 172
154 593
755 81
370 533
946 279
966 667
476 336
215 295
755 725
135 11
673 473
133 421
905 924
974 907
797 630
151 242
380 64
58 351
467 920
900 521
62 774
124 304
952 887
676 536
758 728
251 598
613 288
250 440
64 343
555 76
450 344
935 508
3 135
196 796
392 881
648 130
554 359
935 233
865 717
170 413
526 131
336 817
956 563
695 63
427 984
470 567
62 58
805 792
61 384
309 864
168 850
963 352
582 429
474 925
505 763
123 722
334 519
459 462
414 597
432 837
383 204
509 23
590 550
602 447
404 449
615 937
470 731
812 452
4 853
721 460
317 990
569 313
602 565
544 557
165 867
537 442
808 851
498 789
431 637
838 399
436 927
943 617
548 496
229 635
682 855
897 964
109 974
106 526
69 419
864 148
340 593
57 280
741 963
515 120
294 99
153 833
564 997
226 214
623 434
539 599
44 105
613 581
129 404
185 106
206 889
138 293
60 672
616 673
198 838
542 367
296 353
311 694
26 161
744 661
633 559
427 865
276 218
700 891
657 459
397 696
129 950
430 652
803 121
131 996
675 866
96 655
352 200
218 734
500 1000
983 705
978 948
212 673
137 169
87 310
146 995
577 876
890 215
470 872
816 704
138 184
980 764
289 445
757 493
685 233
500 343
834 367
298 42
997 99
352 337
735 85
609 231
816 530
113 732
582 24
388 254
130 855
365 852
699 271
958 651
677 628
106 780
308 572
654 833
165 837
138 640
336 586
854 567
530 188
171 541
348 4
281 93
561 509
668 143
153 355
776 28
238 648
584 788
74 948
883 526
575 232
58 194
594 600
168 679
935 168
98 712
75 994
657 751
298 467
908 784
289 658
366 33
156 273
716 270
850 237
672 940
341 612
149 611
32 448
49 560
661 215
462 453
324 741
429 899
506 239
64 91
415 388
445 654
46 7
297 223
993 895
724 221
988 227
96 102
405 167
341 914
791 305
936 671
693 572
382 592
918 298
343 987
20 840
75 521
484 234
935 402
885 484
985 926
114 633
505 983
876 590
546 367
639 528
667 713
950 167
635 560
66 153
7 802
100 876
766 988
589 369
727 523
459 122
381 44
62 950
428 364
973 817
901 897
980 737
675 660
418 771
311 900
51 110
449 723
354 654
968 337
183 540
643 887
858 698
449 404
320 232
742 557
32 820
68 294
132 224
594 204
619 961
979 168
47 685
672 308
198 463
485 908
649 673
2 559
216 531
427 31
520 77
558 155
551 638
883 622
858 160
729 60
611 779
625 604
425 462
595 37
612 992
381 741
762 896
146 260
473 778
274 554
52 584
267 186
673 875
635 582
850 967
733 807
139 261
591 544
901 738
517 166
649 185
907 271
425 268
525 423
61 611
821 436
718 228
564 566
110 138
33 89
677 504
359 843
966 823
382 273
489 109
846 13
805 136
389 87
572 125
203 494
228 790
887 803
247 804
594 640
879 924
743 825
984 17
160 503
351 785
109 989
393 870
223 805
442 992
110 325
520 56
758 743
152 60
964 745
475 915
866 581
755 396
196 259
493 608
400 456
549 31
360 19
407 254
427 290
543 497
355 285
862 419
648 472
425 525
344 269
96 233
161 760
203 978
38 497
793 5
820 565
406 27
153 453
345 952
431 985
922 919
188 225
725 755
569 434
120 361
80 320
292 641
913 26
517 537
106 766
799 706
131 771
161 870
761 55
48 581
557 766
403 408
270 351
621 807
308 127
246 176
768 741
297 879
737 32
515 568
139 697
394 954
69 213
245 244
734 975
718 796
695 205
291 605
203 990
715 492
687 140
992 930
131 912
999 459
321 696
231 190
728 42
466 274
884 30
919 166
473 927
835 801
19 329
890 798
237 780
541 302
331 396
213 75
674 824
832 116
836 666
338 167
506 720
430 792
599 398
490 715
890 279
895 26
375 468
447 568
588 266
480 458
688 496
420 214
959 289
250 532
795 709
587 757
476 560
450 5
915 522
843 851
842 341
734 306
871 895
434 616
956 384
350 592
589 91
695 451
200 915
500 542
99 490
952 84
267 81
832 686
439 556
662 90
681 310
968 695
486 227
244 637
723 586
932 726
435 929
155 493
67 680
466 144
70 701
540 322
272 234
721 931
366 591
759 756
353 929
416 350
345 544
310 246
544 964
822 275
157 8
363 859
978 440
188 199
4 935
531 188
51 10
561 823
599 826
3 920
424 420
442 911
323 627
345 936
390 850
912 975
840 970
965 343
848 158
69 478
916 746
636 141
398 724
361 733
131 208
86 337
30 791
336 28
553 973
577 341
243 338
137 256
88 265
970 392
963 263
133 246
414 34
628 294
375 505
94 823
6 480
333 770
510 320
21 519
9 272
630 499
7 795
410 625
576 866
307 282
878 431
565 663
964 578
740 987
777 553
376 50
994 194
612 966
791 534
150 294
202 802
464 66
540 319
119 847
203 813
157 979
285 338
361 454
81 963
123 74
813 536
86 326
48 30
120 905
128 415
208 984
30 318
670 43
713 833
993 678
732 735
383 187
321 686
405 308
68 777
613 828
847 896
147 788
547 576
671 212
997 835
75 227
451 782
813 621
731 373
146 498
59 239
155 670
593 738
648 934
71 267
191 183
190 342
437 690
396 249
169 909
158 348
957 342
610 67
178 686
250 455
765 712
836 65
52 533
83 883
144 705
536 242
641 86
861 403
280 581
668 271
549 669
171 865
527 448
477 287
229 314
442 97
635 258
484 783
679 285
265 266
899 955
416 41
896 463
822 284
516 539
938 3
155 617
952 357
993 585
148 208
336 478
635 339
4 249
206 404
401 475
259 825
498 446
756 472
360 743
357 516
815 462
384 59
454 47
633 828
834 634
125 51
11 960
181 698
713 978
550 281
496 289
510 921
997 863
467 425
88 580
456 551
451 759
511 19
813 439
648 689
795 416
653 130
223 29
55 275
366 992
167 693
936 342
665 749
454 388
917 850
654 88
296 890
702 673
684 8
762 6
706 364
721 511
252 983
90 815
592 160
203 950
868 631
293 684
907 129
184 479
323 624
57 162
721 659
431 458
978 785
300 746
522 682
730 527
696 755
492 723
488 912
784 148
695 457
128 405
567 425
808 719
415 886
706 724
531 417
970 184
793 964
846 829
146 849
81 380
104 85
996 598
3 925
331 619
915 699
979 452
61 337
651 826
865 980
615 663
58 574
139 450
635 681
867 624
445 925
679 691
885 24
197 748
320 239
757 423
195 502
943 360
25 653
573 48
305 712
742 534
80 319
54 224
321 88
521 366
985 997
894 852
786 435
760 852
719 405
831 179
354 888
979 770
839 758
14 35
246 762
331 954
894 621
437 6
628 142
368 374
301 414
711 874
650 110
397 468
323 519
595 522
72 558
961 72
420 397
67 617
943 637
157 522
644 662
209 282
691 710
78 854
565 324
936 517
351 197
54 686
316 598
574 901
116 547
568 423
271 323
174 15
824 376
635 219
19 52
600 378
418 786
349 504
113 443
951 73
196 148
848 583
705 115
833 567
953 519
150 416
780 397
167 113
282 534
463 415
267 357
788 767
175 863
359 15
650 464
278 302
740 789
245 196
76 411
644 901
301 202
398 182
42 26
865 825
884 401
903 136
269 955
487 71
91 550
755 589
771 467
830 143
879 180
383 91
205 958
132 489
133 305
600 879
918 681
401 818
376 791
746 612
862 144
345 492
669 699
534 916
972 3
96 910
899 758
278 658
962 950
419 379
14 198
473 205
973 135
802 60
908 975
310 367
163 536
776 594
85 327
417 281
481 665
398 929
447 28
253 544
819 717
128 157
987 312
648 763
789 621
746 971
492 640
592 845
471 102
665 421
455 390
720 880
194 852
461 458
693 450
103 167
470 576
638 856
755 746
164 662
67 411
860 934
226 546
283 291
99 534
396 585
478 44
3 732
186 185
606 568
572 863
160 518
413 614
128 988
827 323
288 293
336 826
583 497
402 365
72 330
597 119
307 601
91 637
624 903
541 862
394 633
281 565
872 446
449 674
899 138
400 789
494 883
682 240
228 298
742 468
28 928
620 900
624 750
769 648
929 866
206 744
57 980
505 339
362 968
879 217
636 532
67 757
817 597
747 434
692 616
605 920
805 64
500 813
841 716
276 720
229 546
966 192
456 656
730 486
86 786
442 329
479 716
302 448
284 85
479 22
412 667
194 265
98 231
214 267
535 362
885 675
382 435
515 774
18 294
899 365
107 200
678 37
282 115
866 421
691 82
456 906
297 653
60 825
673 23
875 22
76 510
721 226
681 871
212 605
170 563
218 927
688 568
953 37
299 16
754 980
263 116
777 823
768 746
990 179
817 323
429 778
534 998
604 445
922 490
704 196
769 255
935 605
387 811
446 752
627 822
587 936
255 674
254 754
913 743
538 576
374 598
519 472
999 595
615 463
751 182
66 485
143 371
352 436
996 411
73 479
34 367
959 650
231 825
799 789
759 15
740 380
425 330
645 851
176 354
280 524
21 175
640 66
550 27
604 807
227 998
315 317
188 566
368 517
705 763
857 444
3 251
935 719
357 228
31 448
890 916
987 594
111 1000
454 70
327 180
885 977
629 619
505 381
700 965
755 97
813 194
108 275
94 543
581 486
651 975
63 118
82 951
171 131
382 98
604 621
257 343
601 582
160 207
704 218
931 52
987 871
454 72
22 563
847 687
769 207
628 572
867 479
577 122
923 895
27 523
954 511
528 130
382 261
593 132
689 127
774 462
316 317
323 392
226 460
414 947
675 241
769 820
3 501
151 326
987 483
479 473
855 692
888 216
704 353
514 98
439 933
994 189
917 431
147 985
120 340
280 156
905 359
19 367
504 343
71 16
947 286
484 193
481 273
251 371
982 919
770 352
130 67
847 143
926 425
768 983
841 762
285 597
325 752
796 631
934 453
940 889
747 542
914 725
34 259
946 13
888 478
684 346
74 695
345 818
539 1
470 318
822 810
875 666
834 789
586 875
673 170
739 77
263 666
23 455
445 67
26 673
320 662
963 99
56 890
221 602
76 285
205 306
906 867
834 355
505 542
963 404
609 804
910 748
254 600
21 31
533 371
832 234
794 107
989 417
93 380
475 199
909 451
891 804
957 954
66 149
39 261
173 449
649 45
64 770
259 142
893 183
205 149
122 167
841 521
89 743
644 620
414 504
478 784
577 556
66 720
722 669
994 434
266 473
744 537
475 867
331 301
516 821
65 381
540 118
846 678
266 216
796 736
46 914
165 652
814 746
236 70
51 337
659 140
132 339
576 723
943 30
932 344
565 360
513 418
33 556
413 395
505 536
163 246
998 619
426 317
737 286
372 769
818 612
118 35
725 25
455 945
625 993
975 900
826 325
270 801
53 228
694 301
926 481
864 615
887 54
831 130
730 276
400 949
991 859
880 444
191 414
29 516
307 733
623 422
38 372
639 300
401 30
415 233
124 142
515 507
988 455
31 50
346 420
990 977
91 254
198 207
130 553
278 913
414 494
760 614
701 396
517 766
631 116
81 882
408 145
527 19
173 407
86 735
324 945
383 151
145 169
916 423
500 488
150 524
761 320
309 518
88 751
664 573
530 902
798 246
82 402
215 217
450 627
801 568
453 439
665 205
760 28
297 102
293 966
70 177
85 567
732 959
43 134
188 902
993 648
633 787
107 249
167 510
852 298
604 284
90 993
943 1
109 940
190 860
822 300
287 276
224 741
900 556
694 452
873 96
930 168
378 752
234 557
578 488
28 724
981 64
701 396
253 736
601 589
816 917
73 833
586 230
980 565
346 381
612 808
442 332
835 86
541 631
399 752
459 213
922 927
987 656
746 315
287 661
475 515
341 495
699 391
123 385
64 684
231 582
867 435
10 446
8 496
579 340
13 617
346 288
36 632
256 429
746 823
795 759
567 941
138 598
201 813
262 120
619 667
531 756
119 945
348 515
657 889
694 150
220 853
651 797
299 538
721 653
852 376
984 174
281 138
652 720
525 803
976 474
578 281
746 266
145 115
12 424
817 831
248 758
817 124
820 187
125 624
789 452
385 460
642 865
634 947
875 118
9 752
173 756
530 386
298 519
690 275
106 57
784 449
212 447
523 140
568 142
372 878
864 442
547 293
503 424
957 822
888 824
891 848
975 48
879 187
328 121
83 179
58 966
142 867
892 407
92 719
779 118
351 300
958 597
954 215
429 364
749 406
673 322
987 704
992 48
987 739
336 805
736 60
932 746
698 697
927 945
456 231
778 337
634 431
129 431
162 725
904 605
992 445
190 35
357 345
112 979
886 497
267 269
416 525
978 829
322 349
