p td 400 1600 
379 250
387 294
83 271
171 140
169 386
1 382
62 201
198 62
57 147
296 350
221 294
327 367
213 194
218 292
206 354
121 15
67 294
218 374
333 184
309 252
321 290
88 297
17 279
60 295
251 50
73 285
397 211
138 257
313 368
103 271
183 332
386 371
294 240
169 154
300 377
346 48
375 389
342 331
400 266
278 81
313 361
296 175
121 1
192 227
21 135
172 299
391 22
78 400
382 261
54 266
381 137
329 341
66 263
41 145
187 376
215 180
93 181
39 77
149 12
133 4
314 13
148 86
308 246
309 64
245 232
233 248
333 142
141 299
232 44
380 188
379 21
285 79
261 265
219 6
303 276
266 382
8 182
307 214
246 353
111 260
148 84
191 243
181 365
83 125
241 329
102 344
17 192
156 124
86 55
384 226
98 150
6 277
177 255
222 398
203 345
211 214
358 241
351 387
55 275
289 265
270 41
61 300
134 16
17 384
163 143
185 179
276 253
209 243
351 215
119 234
265 220
373 363
211 18
72 271
95 296
194 367
12 45
117 232
81 129
160 242
139 253
329 90
33 79
262 198
105 353
219 291
138 168
161 170
203 154
197 187
279 121
47 111
305 228
50 358
157 299
143 364
361 286
220 316
348 283
98 386
129 212
64 104
186 203
372 367
49 336
368 243
279 201
385 291
16 346
348 23
12 266
254 298
232 100
146 29
212 313
60 377
284 180
304 259
301 148
362 273
242 309
220 178
151 295
180 102
51 274
374 140
400 160
353 164
150 20
163 384
123 269
19 4
346 382
383 391
77 78
160 299
29 346
318 245
23 160
112 172
184 295
216 8
106 317
26 383
234 182
114 301
73 338
144 206
119 93
158 377
247 182
80 21
103 380
131 156
290 162
147 267
344 89
75 261
84 290
13 36
109 170
301 87
5 359
243 306
297 228
390 281
120 83
342 30
36 348
45 101
155 7
310 159
369 243
154 191
367 197
77 184
350 101
262 64
132 353
97 255
347 370
283 136
101 181
10 216
108 171
287 396
216 170
323 204
358 173
394 154
342 395
122 206
331 2
140 124
353 295
71 22
328 252
206 378
196 218
275 212
247 229
379 219
37 322
171 16
344 153
334 271
278 212
131 399
253 291
173 138
92 385
18 53
160 382
221 319
101 17
217 141
261 134
9 11
58 76
70 331
321 344
142 318
246 204
328 201
163 238
24 327
347 286
179 279
135 39
93 140
35 188
332 133
230 89
224 30
390 273
400 332
311 120
103 357
119 43
9 198
204 138
267 394
348 394
349 71
69 340
304 361
376 99
250 327
243 93
7 103
293 320
279 197
346 49
208 169
5 202
191 46
146 291
158 340
144 66
283 193
173 236
141 2
303 278
273 224
391 32
197 340
247 396
397 70
79 296
337 63
319 46
353 344
182 386
21 223
85 332
106 331
328 249
160 48
60 171
93 295
45 165
5 340
51 332
171 382
368 191
105 83
84 253
225 349
13 201
48 326
68 127
14 281
98 173
356 124
115 223
184 181
390 290
285 117
272 313
259 323
7 3
388 147
396 261
205 183
81 324
41 269
97 180
87 93
299 253
1 213
197 110
258 3
56 311
194 15
174 59
242 166
278 155
182 398
69 251
350 166
40 331
238 290
279 94
320 146
132 225
21 188
46 352
175 98
113 92
348 24
338 116
72 179
235 398
264 70
113 267
290 116
226 189
242 390
285 164
169 63
153 364
13 290
281 263
351 247
277 373
165 9
395 51
369 100
13 121
15 310
349 127
88 273
86 385
79 201
324 178
229 302
232 388
198 83
90 274
348 104
118 114
396 90
395 295
71 218
95 110
264 144
378 96
202 81
256 152
128 372
154 331
336 301
199 10
256 399
276 2
330 289
222 225
258 47
210 131
171 167
5 117
400 220
350 129
225 379
245 224
172 53
371 284
378 231
385 232
95 85
245 332
195 356
26 96
111 101
186 52
303 383
203 302
392 303
348 119
90 74
12 252
138 355
220 188
46 150
92 271
168 267
102 365
373 224
47 356
40 32
224 25
139 360
278 236
333 80
254 271
79 143
61 55
2 352
279 50
330 7
162 201
232 42
253 360
37 185
264 101
225 94
232 301
234 368
370 378
83 317
186 230
108 52
48 217
147 88
172 312
107 221
272 397
171 21
120 208
386 329
266 164
351 395
381 199
195 17
68 9
77 312
362 144
179 81
31 359
293 233
245 131
39 273
27 278
105 267
27 373
147 329
138 349
34 18
212 342
330 343
172 277
287 177
102 295
306 385
74 253
208 48
91 251
333 137
49 131
68 20
387 298
119 64
46 143
124 85
256 87
273 163
289 384
353 19
176 312
180 357
364 294
15 252
114 254
373 305
44 50
184 183
90 243
366 7
24 243
372 81
230 334
221 25
392 246
198 263
227 69
211 120
219 17
242 253
81 180
151 20
28 295
292 325
184 174
130 133
55 8
157 388
377 62
288 230
349 265
240 246
319 84
389 264
217 299
141 29
307 210
268 206
95 178
388 112
182 54
40 384
380 355
79 87
255 155
12 379
192 393
300 223
347 17
344 286
270 85
334 217
386 76
32 164
127 351
205 92
216 156
71 44
46 44
223 359
47 76
226 252
10 228
367 251
250 164
315 161
149 346
182 222
38 8
300 380
301 199
20 59
36 364
122 219
274 39
37 36
152 62
383 39
344 174
368 185
6 69
330 133
332 60
398 145
267 109
39 15
134 289
396 190
376 48
61 103
316 363
134 22
213 371
86 328
79 383
39 277
21 220
267 367
14 132
385 350
263 30
44 185
297 60
83 75
82 131
226 365
118 389
116 362
107 168
268 394
320 278
318 263
273 392
212 315
220 361
374 188
27 40
305 232
255 254
64 47
193 109
322 235
284 82
284 388
364 220
4 327
298 12
168 288
282 111
54 90
24 184
264 41
318 277
182 348
69 180
181 176
199 21
186 158
223 198
323 188
172 332
265 172
95 159
325 199
83 93
94 146
95 236
191 105
217 382
384 383
206 380
159 198
50 282
240 372
284 355
308 24
250 114
21 171
309 303
7 174
103 30
62 291
322 367
189 317
327 80
312 213
141 121
65 3
1 43
81 107
327 190
25 277
69 147
80 139
109 242
400 393
180 58
392 275
81 35
329 210
25 383
30 136
290 100
367 60
382 250
312 79
116 200
259 36
191 119
59 197
379 60
141 184
55 176
300 2
224 94
110 384
120 284
148 314
333 385
286 9
122 337
320 23
39 87
48 152
311 258
222 258
55 206
80 261
51 134
14 180
110 237
45 67
190 269
34 161
216 159
302 253
111 214
60 346
133 135
209 19
359 143
18 332
93 31
288 324
244 147
119 187
213 26
61 164
250 273
296 397
379 310
308 321
392 284
15 253
22 185
222 233
32 98
73 300
238 339
205 312
135 292
269 258
69 340
68 37
273 45
273 397
91 222
28 337
217 130
301 48
186 123
21 237
355 225
282 209
165 399
145 284
197 126
166 101
221 156
162 201
118 294
271 291
350 133
51 373
276 285
361 141
159 31
217 25
40 174
285 397
58 77
321 222
117 149
115 380
318 347
27 100
92 216
333 303
127 317
90 390
218 325
199 157
103 61
211 156
391 49
7 360
192 88
209 68
64 116
397 68
156 236
295 345
385 144
2 108
254 93
265 257
43 20
113 117
1 73
234 388
107 304
250 1
309 242
231 139
390 325
285 83
10 289
319 170
303 336
42 132
324 66
140 223
225 14
284 282
366 109
386 391
117 200
161 121
143 320
181 74
176 348
176 334
149 157
323 282
19 199
155 171
189 202
37 214
332 260
42 122
219 66
243 151
261 347
318 313
187 232
331 37
325 217
196 94
155 2
383 355
156 220
396 248
4 237
194 14
88 5
129 265
36 245
298 383
346 319
360 245
1 277
161 117
319 181
179 176
374 396
147 351
218 197
398 144
366 53
244 171
48 70
106 386
33 270
211 269
369 271
383 289
338 38
182 381
231 11
102 128
132 94
69 220
244 104
5 356
156 78
331 232
332 196
44 253
361 175
386 35
202 196
266 259
58 125
153 61
115 311
47 320
175 212
372 371
249 213
348 144
96 94
181 373
200 118
234 187
87 26
105 320
254 362
13 117
42 102
162 145
374 87
226 192
213 159
316 21
71 318
193 83
229 232
72 374
3 358
92 210
137 282
123 305
203 102
163 388
158 270
109 146
324 58
330 7
119 262
145 137
16 352
306 45
173 132
283 143
6 150
237 180
209 292
63 227
327 238
130 295
150 254
324 194
190 204
217 117
150 92
236 352
64 48
41 270
190 53
114 130
48 186
113 234
93 130
288 79
116 232
160 191
392 9
64 135
326 341
78 48
67 37
13 349
260 358
269 292
304 133
9 88
215 201
206 333
116 40
127 97
286 188
261 15
91 96
53 111
176 48
143 153
217 252
229 65
241 261
273 339
316 32
142 8
48 391
165 243
98 43
359 330
219 343
33 10
391 265
361 125
234 348
360 144
166 380
253 157
339 306
280 393
129 316
176 251
153 338
303 134
235 334
221 299
107 185
336 258
146 156
8 168
171 283
89 123
284 180
371 275
361 308
173 90
78 305
51 326
143 348
85 156
341 122
180 249
316 20
87 44
62 347
18 27
75 64
258 165
92 378
313 79
366 10
342 248
277 230
107 29
6 135
217 232
186 308
202 352
81 199
97 380
389 3
292 54
218 33
241 237
244 270
254 59
262 366
70 214
28 234
248 43
281 267
178 313
48 303
397 290
75 93
264 280
132 297
57 237
297 13
399 184
338 136
341 72
123 69
106 5
76 301
356 97
313 180
326 362
294 220
112 386
104 167
363 33
114 368
53 131
26 281
363 347
137 235
346 223
220 52
114 220
7 62
372 60
93 168
213 71
123 283
223 321
175 207
305 290
68 133
242 30
308 364
42 280
166 93
329 173
219 362
387 368
390 40
161 155
79 123
57 298
140 59
295 151
83 284
366 100
393 342
221 105
352 239
10 24
344 141
394 389
232 392
78 10
247 17
36 185
183 371
132 357
37 348
282 124
130 400
216 196
347 130
55 263
230 337
91 296
305 235
319 108
224 17
305 321
258 139
302 65
375 221
204 61
320 382
18 136
35 59
85 80
99 359
5 56
109 201
17 365
327 302
206 5
111 310
183 363
67 272
30 136
228 4
166 37
298 38
353 1
303 192
45 374
180 2
47 299
64 19
99 305
56 309
336 79
350 379
2 98
394 2
321 263
159 234
116 291
300 155
141 78
347 307
64 255
166 54
373 383
53 54
115 112
5 146
178 145
92 129
13 125
211 351
3 383
28 263
296 387
88 211
67 103
185 306
193 139
332 100
350 84
250 391
389 297
216 18
30 57
91 302
74 63
180 21
256 199
145 253
298 146
297 136
275 172
269 176
225 51
307 138
88 209
72 281
196 281
230 129
32 22
278 342
327 314
228 330
44 138
349 262
281 317
323 26
379 253
94 271
334 241
3 326
86 169
319 226
397 144
224 296
360 139
213 183
372 115
292 50
99 199
196 269
67 216
20 327
176 282
205 177
227 70
276 83
136 336
155 137
123 251
220 247
111 260
223 152
73 380
70 340
77 270
75 102
263 346
160 380
87 232
310 29
226 92
40 327
123 342
323 97
215 125
31 298
294 226
358 210
186 129
170 159
349 148
262 295
248 267
186 114
75 51
217 239
53 379
120 348
387 153
53 63
93 16
54 58
394 279
243 81
42 278
7 391
138 114
20 294
386 170
395 398
45 12
158 229
346 16
32 400
33 297
64 51
164 158
131 153
115 25
117 134
313 260
303 76
396 242
363 118
134 199
309 112
262 245
121 29
138 241
164 197
272 249
277 259
370 362
341 176
325 27
83 61
46 172
70 186
309 81
93 220
284 255
136 377
217 103
359 128
298 348
313 382
274 108
338 296
54 34
224 149
106 119
4 234
159 125
241 148
28 174
11 338
8 234
337 9
249 271
186 319
170 357
90 120
369 293
282 331
71 180
237 58
131 57
65 383
33 271
216 77
239 44
17 346
57 251
318 116
36 268
48 169
213 312
117 330
314 390
119 43
50 64
156 244
199 68
349 93
214 251
62 54
122 265
38 236
250 399
227 398
335 244
46 370
132 43
197 235
374 226
332 37
387 28
213 101
31 220
125 334
127 397
198 337
148 360
351 249
152 29
399 197
83 300
291 292
313 201
268 288
87 176
283 5
397 240
357 351
391 144
194 219
11 378
130 320
162 245
78 108
45 269
197 201
377 48
333 384
222 1
101 331
223 7
35 293
260 53
201 234
128 377
156 279
395 165
30 122
90 78
328 293
179 309
129 162
53 16
190 299
233 132
102 267
79 143
177 220
249 204
229 21
208 360
386 255
199 276
390 238
113 245
152 254
95 363
230 284
231 70
233 124
262 171
207 396
330 316
229 91
286 328
325 63
247 115
368 345
157 214
175 157
187 143
149 213
253 353
257 217
316 316
305 41
161 51
277 112
325 81
334 259
47 363
244 212
369 188
282 361
151 269
304 364
305 129
282 75
114 174
374 316
129 185
224 290
373 254
280 110
246 23
130 339
292 146
142 315
393 131
246 109
365 340
176 245
152 152
231 315
34 239
170 3
240 188
303 102
49 124
4 82
116 211
214 305
148 202
27 78
4 97
238 171
192 368
101 358
33 255
55 100
214 32
362 331
197 392
97 49
188 386
351 47
356 49
19 292
144 171
361 155
377 335
62 185
195 255
148 262
87 285
270 83
320 224
34 384
391 51
99 73
159 269
54 312
241 346
81 44
375 239
2 336
14 55
124 354
189 199
138 342
289 55
120 159
168 63
13 241
111 355
380 312
360 317
50 345
201 209
230 362
244 311
206 203
61 26
368 59
210 267
61 4
42 52
344 190
236 396
140 271
392 388
284 251
346 144
23 112
240 223
80 336
277 224
260 130
333 331
262 39
321 96
329 109
105 368
300 333
375 336
319 204
339 364
195 306
138 234
80 136
245 107
70 297
162 310
67 85
372 125
68 388
345 320
85 216
281 325
313 350
141 288
372 357
375 235
54 254
277 297
222 287
386 115
169 267
20 342
285 319
117 88
160 335
109 357
239 96
263 362
271 12
72 59
133 226
330 316
48 369
61 231
31 59
254 393
115 203
294 249
235 315
22 177
41 262
93 178
357 279
82 26
340 85
24 304
