p td 150 600 
56 138
136 130
17 55
49 31
96 123
37 37
51 44
113 88
117 98
12 11
102 132
59 133
8 11
93 19
81 106
105 21
119 27
104 49
84 24
61 33
149 80
115 94
86 3
91 147
10 9
79 91
15 147
115 113
15 137
39 41
14 141
141 98
56 110
44 80
71 77
83 40
77 42
15 120
80 41
14 139
91 80
140 132
56 73
98 91
14 132
8 8
49 102
146 22
125 54
50 2
136 70
13 3
53 135
10 36
38 108
92 102
149 43
149 23
50 66
1 98
137 66
94 80
117 109
100 62
52 79
122 104
37 115
123 142
39 41
38 97
71 97
43 148
127 80
13 53
79 62
119 102
133 118
114 82
28 115
38 130
114 120
32 100
67 81
91 66
21 94
149 60
43 120
19 130
75 94
103 80
11 103
6 111
32 140
121 55
69 98
131 69
129 58
51 39
81 38
22 53
89 146
141 27
42 28
76 62
125 148
5 21
88 80
2 99
143 122
8 116
148 67
34 117
11 104
124 103
146 41
128 3
96 141
132 39
142 125
45 84
76 9
57 6
60 39
150 20
145 40
33 3
30 100
38 37
67 135
133 66
147 150
97 109
12 149
46 87
55 96
110 62
125 90
32 24
115 23
14 94
122 150
119 13
102 47
95 33
148 90
33 12
29 64
132 110
51 40
136 118
15 145
94 137
39 26
150 86
10 51
9 32
70 57
101 62
53 47
131 64
9 62
46 20
79 147
98 124
76 97
129 110
97 37
95 143
116 2
49 68
143 44
63 74
72 10
72 139
55 39
39 99
15 52
119 77
46 142
145 108
54 142
30 42
148 149
65 75
141 45
58 79
63 51
77 107
124 68
13 94
101 117
41 70
57 141
5 58
51 44
17 17
50 116
46 50
75 142
96 86
127 75
129 40
80 112
22 107
74 69
16 54
128 114
70 72
87 16
138 18
39 60
93 93
53 117
4 45
143 54
54 30
116 81
68 15
43 119
18 110
104 27
116 50
140 125
64 14
63 58
53 48
52 91
36 48
41 72
39 31
117 114
80 100
136 26
69 117
86 104
118 23
129 136
131 117
56 4
89 25
35 17
114 21
34 30
54 27
113 68
107 140
105 2
36 79
109 121
125 127
81 41
49 49
18 17
74 133
5 74
68 70
93 69
118 127
2 104
92 47
26 45
104 3
121 25
19 59
115 81
97 64
77 88
9 90
70 94
87 92
79 83
70 147
79 97
70 126
28 29
120 127
138 100
107 139
76 116
74 55
35 13
27 123
79 50
47 98
65 143
39 71
129 21
118 132
3 46
109 130
136 74
149 72
45 74
41 65
55 90
128 32
113 147
147 97
117 95
127 139
147 114
26 16
70 132
75 113
95 21
57 127
109 23
17 129
33 69
51 126
102 75
92 4
67 104
13 67
140 97
96 19
72 14
12 45
73 47
45 73
3 3
78 119
147 35
95 111
77 37
106 51
115 106
143 12
53 148
46 37
72 87
101 129
41 145
21 81
106 26
142 147
8 126
25 71
8 53
94 2
19 20
30 128
21 29
84 26
37 89
57 79
22 101
68 87
124 106
55 114
99 28
114 3
3 150
139 68
112 58
111 101
14 83
84 98
82 53
114 8
102 132
143 70
49 119
88 59
39 133
119 15
27 88
13 9
108 148
57 122
106 48
2 27
34 41
63 113
131 135
5 94
48 83
122 46
42 47
79 144
119 91
49 75
10 34
24 110
61 78
34 75
91 19
56 132
47 112
7 92
102 59
107 142
38 63
60 24
143 38
66 82
119 81
111 63
33 13
101 96
70 148
32 82
1 30
40 95
12 113
44 2
116 128
145 90
37 7
88 21
17 89
138 6
97 1
25 56
25 120
115 80
39 50
137 36
86 80
120 44
96 133
74 65
54 31
13 98
50 126
45 64
4 148
149 97
141 137
8 131
144 69
69 59
74 114
133 32
123 36
26 54
148 120
95 106
53 130
114 87
35 63
16 120
42 53
113 78
27 28
36 44
104 55
91 22
75 115
122 105
117 112
100 55
23 7
145 93
108 61
77 28
133 101
132 75
23 113
13 127
110 79
107 145
28 85
74 142
1 77
121 8
39 118
19 129
115 43
59 65
91 13
32 90
106 36
13 59
32 31
77 50
60 127
143 139
77 65
124 135
113 24
92 33
25 3
80 134
68 101
142 128
149 55
141 92
134 121
109 31
120 91
118 102
3 101
79 29
10 45
109 21
79 143
115 37
33 64
37 70
109 16
149 102
106 52
25 120
102 121
10 136
115 97
111 32
148 26
133 40
98 141
88 103
115 23
119 40
126 25
132 19
86 100
107 98
40 7
63 113
136 14
110 69
42 118
75 108
28 53
126 105
88 17
87 66
123 125
113 93
23 99
43 51
95 130
122 34
15 79
17 1
59 12
108 80
17 128
144 62
103 147
114 118
47 74
109 36
136 30
23 97
15 140
68 44
105 75
87 69
76 112
127 112
8 13
91 12
109 34
31 53
45 132
4 28
74 123
31 78
92 130
143 147
82 67
59 137
25 42
15 114
13 8
113 3
120 124
65 56
70 87
40 59
40 88
61 118
62 34
77 15
103 114
103 71
107 29
66 131
63 25
49 48
10 24
112 132
80 94
57 115
98 137
2 143
6 144
60 77
105 146
95 96
47 46
138 138
129 148
70 111
135 113
54 149
82 68
110 46
