p td 50 200 
36 49
27 43
23 27
13 50
6 28
34 29
26 46
9 36
12 35
25 17
27 8
47 50
10 18
49 27
48 42
21 44
5 11
33 4
2 16
1 30
5 27
19 14
43 11
21 38
32 5
3 2
5 43
42 18
9 39
29 6
38 11
3 50
26 24
5 39
33 17
12 49
41 46
20 46
17 19
45 49
5 12
39 31
16 49
33 21
33 38
30 38
25 12
18 29
44 38
2 17
42 36
45 47
19 38
45 48
45 8
44 19
5 40
42 46
11 22
11 34
40 47
29 21
4 6
49 2
8 22
33 16
17 14
44 45
9 41
21 20
27 4
26 38
24 33
10 50
25 20
38 22
36 46
36 1
13 34
34 46
12 34
4 2
8 7
31 38
6 41
6 20
27 35
45 30
1 10
25 5
16 47
13 28
6 20
9 43
31 38
27 32
40 9
14 36
23 28
30 16
2 11
22 12
36 46
40 44
16 45
14 30
7 36
20 47
2 28
23 28
27 48
23 40
21 13
29 30
33 10
49 17
19 4
2 19
12 17
29 39
6 37
25 48
4 2
13 38
34 9
23 33
45 27
50 38
1 11
3 27
15 3
32 46
36 7
32 5
11 46
3 48
50 7
23 41
2 12
14 27
39 38
39 20
42 27
10 32
39 12
32 40
35 40
49 27
39 19
44 38
33 28
16 14
6 10
48 13
17 20
16 32
7 39
38 7
43 9
32 9
35 44
50 21
11 16
14 30
42 6
1 27
6 41
40 30
22 10
12 16
21 19
10 29
48 49
10 38
22 48
37 31
34 32
40 21
27 43
47 26
9 18
33 46
9 37
4 21
22 7
34 49
44 10
22 11
26 36
22 15
28 29
45 21
41 47
14 21
3 5
17 26
14 24
34 11
34 34
9 14
