p td 1000 4000 
297 889
474 496
826 75
965 457
317 751
596 46
401 844
462 472
951 638
97 586
961 874
508 916
706 974
533 904
339 452
528 356
339 834
955 22
275 453
217 445
172 669
985 689
426 198
49 821
667 942
459 839
968 247
761 24
853 423
222 850
746 870
451 63
949 297
805 694
43 6
218 648
386 358
237 700
584 571
317 504
23 566
650 219
96 864
639 41
364 817
661 978
969 12
513 247
911 259
782 477
663 409
932 283
809 530
135 208
78 240
92 789
648 328
241 624
309 889
765 48
442 310
918 804
452 942
588 838
277 953
498 484
269 575
771 84
677 608
931 383
90 449
153 206
316 114
988 642
243 53
324 967
798 364
242 551
91 30
472 583
386 600
525 63
426 739
736 609
25 968
508 779
992 705
855 379
834 697
448 543
965 100
277 312
8 246
954 989
591 408
374 312
55 812
966 236
904 513
127 650
483 625
799 638
335 688
192 260
966 831
187 471
467 718
160 725
454 103
339 590
141 626
558 623
620 592
657 799
145 708
787 521
284 19
888 494
750 944
181 559
554 506
676 465
827 196
581 217
540 536
646 932
684 501
705 834
156 564
651 767
494 771
324 868
379 82
39 45
256 425
248 607
182 101
952 161
643 84
707 136
854 311
554 269
484 141
521 901
318 477
727 642
325 811
196 344
748 756
707 6
719 822
8 221
92 146
525 801
113 410
259 364
211 159
99 966
951 405
291 336
229 591
842 878
533 54
379 498
430 467
639 305
207 821
208 728
104 859
74 735
706 956
262 65
132 832
249 881
506 509
217 64
827 995
332 425
98 923
213 300
624 501
279 536
423 354
202 336
516 613
339 454
427 772
388 390
779 408
712 362
344 711
305 562
350 833
830 290
300 440
506 823
268 648
855 199
602 967
537 108
857 198
251 376
178 226
509 613
436 245
94 263
864 729
478 532
282 45
368 894
482 183
676 648
859 742
652 876
833 258
408 349
600 685
806 482
613 195
709 291
478 221
384 379
932 156
195 460
142 106
396 350
515 805
966 515
321 174
709 106
108 255
850 610
803 62
392 596
177 109
763 55
112 998
905 357
943 424
6 708
624 121
357 270
122 678
875 772
668 953
596 779
887 915
363 578
318 840
82 174
954 428
547 198
257 463
806 596
287 550
441 78
634 300
193 777
553 908
358 747
281 78
952 168
858 240
957 575
546 471
366 442
781 13
803 849
119 892
383 677
311 745
470 709
271 603
550 966
326 81
295 736
1000 819
393 248
35 175
702 553
602 883
244 78
738 888
830 581
731 260
500 516
342 943
928 720
907 120
194 936
142 812
453 484
904 755
757 899
298 880
466 108
597 859
623 84
598 834
988 428
158 942
614 921
174 219
240 168
855 11
392 105
219 658
164 628
678 321
989 42
400 806
528 905
164 770
998 252
736 330
305 212
40 879
416 55
11 722
951 580
686 19
925 274
306 289
463 649
47 277
839 892
250 117
908 37
95 54
329 455
663 440
999 123
449 799
44 473
635 181
870 348
687 675
354 562
433 822
961 446
717 128
365 104
443 184
736 542
103 302
901 473
555 614
666 366
777 645
470 946
703 463
648 54
152 206
368 491
776 990
37 802
514 608
365 329
323 809
845 832
772 813
92 882
470 899
247 26
141 698
131 604
111 869
56 434
938 109
871 405
237 518
529 159
836 503
981 172
644 329
865 542
720 440
174 925
78 498
820 320
355 38
840 556
681 168
343 713
44 96
976 384
60 564
159 998
232 557
392 191
863 622
196 561
829 677
143 248
826 715
496 905
592 933
148 255
747 863
147 73
96 385
827 11
457 774
667 439
1 696
930 302
675 45
706 423
211 545
804 234
647 415
616 803
836 218
384 424
890 190
302 309
249 170
55 399
9 660
324 224
751 458
731 620
656 239
165 60
960 880
322 342
458 812
15 346
349 33
596 493
412 959
190 930
479 264
213 535
781 995
172 815
836 146
705 361
917 884
672 49
817 618
162 874
224 852
874 668
688 82
406 416
672 195
878 66
850 897
703 576
9 154
168 908
405 449
224 320
501 460
204 817
741 930
863 704
87 644
771 557
583 209
159 731
299 287
331 728
489 127
862 142
423 854
27 861
688 613
312 816
997 849
44 366
244 943
781 93
912 389
172 588
882 269
404 522
121 460
866 744
263 350
943 234
753 519
650 352
698 419
799 594
536 97
17 787
122 675
126 506
168 104
50 783
103 968
330 464
631 569
346 666
839 191
310 791
96 208
310 691
369 368
394 387
912 121
981 975
812 128
857 662
195 219
355 46
790 330
714 101
666 736
35 881
138 290
865 468
190 355
2 117
701 835
142 935
270 684
60 646
955 208
506 489
11 216
252 896
32 916
334 82
292 133
217 369
621 629
311 671
862 225
949 425
246 424
921 875
606 320
675 12
395 694
373 189
21 178
596 741
35 282
896 379
802 362
837 1000
668 553
541 314
405 495
276 11
337 809
810 291
923 904
852 645
539 488
270 16
960 141
585 957
235 538
770 72
772 228
645 927
387 280
389 985
386 693
594 700
308 441
427 305
843 61
569 31
434 57
949 113
243 797
100 539
698 865
461 928
818 454
43 917
814 726
300 367
449 689
79 290
502 356
857 358
636 661
643 554
50 238
286 109
483 483
981 870
170 867
600 735
836 819
175 989
460 512
496 362
737 273
109 21
618 461
577 626
725 228
795 748
425 630
79 689
587 3
538 286
581 36
535 622
521 325
561 88
63 240
747 676
76 595
303 629
670 418
779 672
956 649
945 493
364 401
904 455
19 786
863 744
786 269
428 20
978 154
447 770
439 55
760 878
249 482
858 114
445 84
334 53
98 855
514 541
291 167
133 770
774 69
42 576
967 737
28 152
146 843
467 799
63 161
994 587
316 875
235 941
209 505
641 34
849 355
899 790
836 649
524 723
985 296
713 103
800 170
140 23
933 72
687 203
756 428
815 904
371 393
280 17
558 27
562 679
108 340
975 641
176 506
866 807
314 919
900 923
682 536
268 902
440 195
932 444
753 240
783 970
701 130
60 415
465 101
405 403
79 558
391 932
455 261
67 421
875 850
639 380
235 525
316 282
477 417
602 830
284 19
590 928
611 196
874 447
655 462
722 957
341 119
968 644
309 355
345 126
130 838
404 244
536 53
498 973
168 172
16 310
271 13
646 857
933 783
622 180
277 742
971 406
882 201
547 283
922 557
391 366
6 270
539 470
13 865
263 903
200 890
71 893
357 500
90 338
800 87
400 743
245 296
799 261
255 146
780 299
406 500
181 595
36 405
468 382
209 373
716 974
180 11
177 881
220 870
996 217
850 221
20 337
206 196
958 923
440 366
581 224
928 674
655 24
678 377
111 170
937 793
223 228
623 808
229 798
176 341
122 125
173 634
298 9
767 178
13 256
543 864
821 364
38 561
540 744
293 24
301 615
52 332
747 442
798 505
981 633
734 834
117 503
399 469
649 508
430 268
779 928
904 46
698 716
620 943
966 915
80 741
863 810
228 465
361 476
831 39
277 241
246 333
581 543
678 300
265 322
52 384
572 569
89 502
800 796
829 464
412 306
233 12
330 719
825 807
27 354
894 788
498 129
461 855
524 89
344 170
382 735
313 140
846 538
751 133
705 106
17 936
198 374
22 745
869 158
291 828
152 972
65 349
281 210
206 498
388 219
868 292
693 921
147 987
893 60
293 456
351 330
548 754
561 520
401 348
166 809
573 531
790 37
429 87
351 74
655 529
88 616
161 352
684 890
64 693
879 796
761 643
413 751
978 149
268 741
142 605
829 248
547 176
150 728
669 405
487 364
115 101
722 867
210 160
620 78
401 45
792 473
55 869
802 82
894 508
160 879
346 100
227 90
369 594
841 254
417 811
295 639
753 619
792 506
462 615
660 385
760 113
262 102
927 549
502 513
495 120
932 138
468 973
415 495
903 88
121 571
545 342
207 833
775 26
158 663
70 587
228 454
132 76
512 681
457 149
466 722
889 290
108 384
901 797
283 318
599 80
124 675
460 874
173 454
224 201
989 354
964 428
278 504
576 520
839 974
612 951
490 8
600 702
742 561
694 168
51 348
854 38
224 296
745 121
34 550
650 851
639 732
46 823
452 157
817 751
573 581
716 337
108 530
152 805
132 397
674 350
485 35
911 941
861 571
98 851
117 118
865 532
938 795
998 985
1 880
105 603
781 590
32 117
125 819
480 433
926 185
877 715
603 518
107 746
985 29
265 686
157 376
195 729
841 952
538 409
676 571
684 361
450 632
644 427
960 682
741 65
625 407
38 92
420 755
31 491
626 587
719 403
364 298
390 185
57 698
204 36
601 339
353 401
450 575
623 121
893 330
250 583
597 337
685 791
732 881
658 519
984 265
929 708
688 419
128 905
222 535
146 608
50 317
645 7
398 424
177 788
496 169
139 429
936 805
205 437
725 118
840 148
265 642
46 493
918 566
768 799
204 112
6 390
623 28
429 674
166 180
700 654
805 251
34 837
943 858
925 856
255 208
909 197
133 779
399 953
518 495
359 690
313 457
986 991
361 76
495 13
127 725
474 207
52 344
85 257
566 969
273 169
406 994
968 901
318 268
31 453
793 900
582 207
619 972
290 867
91 645
275 867
276 749
937 178
17 442
869 677
405 126
26 212
431 899
424 67
329 938
164 113
858 276
246 920
73 962
189 996
476 338
677 580
347 399
176 799
189 451
439 877
105 130
708 640
622 464
394 743
892 759
425 207
498 272
981 103
180 487
21 446
428 645
356 746
729 88
164 870
554 454
644 650
375 669
871 734
511 224
517 569
114 251
303 596
790 939
930 78
883 1000
125 527
753 10
623 877
218 522
302 430
336 480
490 76
501 610
713 794
180 909
287 900
536 863
879 129
226 198
621 361
63 385
372 360
584 164
359 281
680 627
877 583
617 676
926 272
646 246
47 797
745 457
721 191
685 90
5 862
650 328
269 869
928 673
378 15
195 197
95 459
420 496
496 978
609 759
800 824
803 860
732 649
817 616
603 210
91 173
402 10
939 68
307 763
633 756
442 37
883 103
891 391
137 66
58 836
13 231
136 909
577 426
876 253
674 78
848 485
194 387
34 753
958 429
824 258
122 111
830 132
113 732
940 559
590 327
826 406
795 274
702 896
855 888
380 405
120 662
737 752
63 21
808 332
319 795
388 214
472 581
945 155
803 173
597 148
764 490
799 576
703 318
181 602
68 948
621 174
321 672
362 421
818 994
829 565
385 602
188 134
776 266
205 693
836 98
253 748
701 834
133 871
845 504
885 567
761 474
400 760
342 178
547 685
881 177
628 484
197 271
136 474
392 552
722 499
79 669
104 935
47 775
22 818
496 720
390 443
924 708
758 497
753 74
571 123
271 224
901 813
734 87
999 449
918 611
783 260
424 134
786 683
707 936
978 497
354 280
172 76
678 695
949 868
847 20
118 580
795 721
688 954
680 712
851 56
135 896
880 795
243 393
721 67
45 142
557 481
519 188
689 335
591 608
151 166
812 254
884 183
254 831
939 463
352 207
104 188
848 622
772 551
90 855
263 277
970 629
494 751
658 408
881 637
844 165
648 506
612 219
100 375
292 323
394 746
820 275
904 688
49 81
142 555
833 678
46 128
952 668
693 343
122 35
615 741
205 334
656 561
829 546
537 376
105 599
973 44
630 337
177 339
206 903
545 287
126 403
369 763
671 509
602 856
145 829
307 726
381 610
622 118
578 891
458 566
350 840
534 353
769 177
838 87
192 617
741 36
614 273
128 176
700 343
235 107
499 290
817 663
546 726
461 942
841 158
231 609
540 237
433 419
734 963
359 990
473 828
896 916
959 751
141 800
592 767
338 298
710 856
362 794
807 854
244 180
956 952
943 930
648 848
487 118
549 952
818 22
60 112
6 255
698 180
599 795
159 566
857 607
835 142
664 119
108 675
75 774
967 968
266 810
913 34
111 38
993 604
864 74
540 478
681 914
431 643
296 837
517 123
634 867
945 879
769 972
374 78
710 914
78 319
899 957
330 188
646 289
711 795
63 844
477 863
675 336
417 290
116 242
771 12
980 703
771 151
252 875
908 33
52 436
118 263
589 991
907 420
361 445
717 679
68 151
691 849
436 898
153 965
893 135
77 765
882 398
918 916
410 448
638 254
755 990
984 196
245 439
103 202
961 271
813 100
585 176
198 826
629 790
679 573
775 43
752 598
390 789
441 521
597 590
12 338
643 848
60 800
888 515
685 559
120 749
985 910
415 102
829 59
68 923
255 898
492 411
825 784
361 424
826 209
293 254
506 264
639 156
745 202
249 899
918 958
728 789
377 1
541 781
382 968
948 777
64 7
329 8
113 511
905 931
518 95
876 382
481 407
62 969
40 151
321 540
333 660
231 243
633 149
127 270
570 991
309 77
523 553
604 249
957 231
141 827
787 833
259 63
868 791
598 751
355 264
233 173
985 258
26 757
721 162
814 814
51 503
593 557
158 691
738 588
503 224
45 354
978 549
277 168
964 248
789 820
380 692
985 23
873 540
800 448
503 16
516 364
615 106
159 592
522 512
761 378
153 225
125 266
928 755
50 211
907 202
324 904
772 1000
351 498
56 724
361 713
886 478
785 665
581 139
235 155
727 695
482 193
966 978
28 772
184 589
498 261
913 444
715 643
424 55
720 973
683 616
841 124
228 544
559 89
972 259
44 622
288 95
552 631
97 955
495 341
688 292
346 101
36 174
380 21
313 805
518 200
977 556
283 855
177 787
889 312
601 1
604 406
642 850
867 130
59 252
751 754
513 977
325 918
165 653
886 68
793 213
616 711
534 441
428 742
737 362
912 267
875 250
858 479
495 947
343 137
767 758
461 410
558 101
780 607
601 825
201 977
331 177
173 543
631 518
98 549
467 17
187 343
999 379
179 751
121 214
168 555
963 457
20 191
64 302
279 395
38 903
358 924
802 350
591 535
878 50
980 977
507 512
487 456
20 758
325 45
558 417
809 93
837 600
534 265
730 16
363 963
69 425
2 675
453 907
83 373
428 300
924 990
275 848
598 158
349 20
802 926
274 899
419 764
847 806
140 73
166 590
515 432
722 68
968 109
189 857
682 714
357 611
233 674
923 62
807 121
571 11
370 684
167 946
951 110
780 746
623 308
638 626
302 537
901 812
57 685
581 771
822 971
258 228
354 546
656 265
38 192
781 600
880 460
164 422
173 516
185 950
510 561
556 549
218 110
415 642
135 946
396 21
761 870
31 13
361 899
404 619
827 794
715 342
607 643
351 760
280 942
230 494
946 439
271 382
199 996
979 303
613 757
708 600
633 329
933 704
885 365
379 121
186 188
541 104
211 519
858 1
495 752
629 637
616 953
770 341
437 776
935 196
506 148
770 969
747 943
420 358
117 366
977 99
732 44
588 498
138 598
547 210
438 596
964 391
106 686
959 184
398 654
512 931
662 165
790 779
155 724
369 485
895 288
849 17
528 224
480 730
539 863
567 683
363 581
584 100
101 335
529 952
718 723
856 400
179 830
710 575
183 954
375 767
245 771
276 480
445 994
168 74
524 462
327 770
916 733
504 561
286 983
348 396
686 795
11 913
438 614
131 772
228 591
369 393
157 982
888 903
875 432
923 30
441 28
815 796
508 216
830 103
63 708
100 405
938 160
633 394
38 653
434 178
292 850
414 246
870 405
472 956
405 626
138 413
271 319
867 819
621 788
824 509
271 436
87 424
538 559
311 613
149 388
448 949
382 914
831 324
899 185
185 651
439 545
688 169
150 160
469 196
605 904
749 661
821 465
329 570
938 986
881 939
833 27
854 837
992 979
570 106
538 49
661 46
95 168
825 550
159 216
694 471
910 754
5 54
592 866
47 383
362 356
380 908
812 798
72 957
557 935
755 861
473 824
884 697
316 120
589 384
470 98
954 165
850 355
639 644
433 234
51 397
532 896
116 435
787 416
369 637
832 947
735 566
695 413
670 494
358 670
474 824
804 152
142 366
474 764
676 623
310 130
690 155
674 975
258 470
658 739
497 299
57 510
196 742
138 339
224 663
294 329
91 251
819 768
367 624
44 835
761 382
21 366
234 331
805 832
485 517
665 470
179 607
539 162
170 108
196 968
404 829
40 598
554 455
111 300
220 62
110 329
303 574
425 465
736 667
103 103
658 286
794 980
977 154
285 789
53 506
384 845
524 471
140 445
19 642
241 412
182 582
674 232
312 913
23 631
783 299
324 395
786 866
145 713
704 935
591 946
977 988
899 412
864 320
277 568
340 633
649 750
370 913
354 11
258 675
899 809
119 965
982 413
516 454
469 843
802 245
145 817
846 763
65 263
471 549
516 479
315 824
346 861
149 486
344 729
795 739
303 275
887 754
67 464
825 30
727 997
792 48
471 678
29 884
882 505
840 403
151 734
284 791
517 546
269 672
581 740
566 311
455 99
771 548
424 560
376 221
335 495
346 167
661 446
409 282
409 878
465 124
990 728
371 810
380 548
477 70
47 133
779 262
370 825
143 509
618 92
890 597
683 413
763 587
411 604
612 60
140 979
372 988
538 60
824 664
670 660
665 830
735 288
714 35
760 772
962 596
779 3
212 579
325 310
338 696
499 84
96 693
230 842
190 16
240 762
872 526
365 393
637 652
348 836
491 837
89 601
423 504
614 352
219 179
530 616
756 959
687 77
314 657
386 196
390 818
160 965
377 651
121 229
129 378
107 969
104 336
973 438
89 854
872 860
824 13
486 802
46 634
569 627
360 890
6 494
688 953
868 442
657 563
940 835
820 139
767 655
489 364
166 508
751 246
169 715
145 517
585 978
904 709
999 898
341 432
49 756
159 573
22 919
63 153
450 577
20 425
910 443
372 687
19 693
914 434
990 583
368 183
607 809
274 46
439 750
90 698
423 913
610 51
13 800
820 274
642 513
724 537
830 515
703 299
342 482
238 638
948 364
993 717
565 211
767 62
548 932
717 207
602 87
921 69
440 212
66 274
739 854
612 179
344 989
128 872
52 792
467 147
996 262
135 569
518 658
257 298
28 658
325 472
185 75
75 694
84 441
998 536
444 236
934 46
151 802
421 496
484 213
3 878
287 824
312 211
526 337
393 60
634 880
262 1000
588 565
309 498
254 101
900 615
461 222
770 720
929 140
719 813
29 671
192 579
749 159
711 707
826 734
110 156
912 861
247 359
588 35
578 802
391 551
237 608
902 338
513 172
826 210
674 494
350 782
782 25
749 861
246 193
513 661
533 406
34 388
158 180
600 665
543 207
950 98
2 859
348 974
313 889
913 877
803 93
714 521
509 388
206 478
986 41
146 430
311 570
991 726
356 208
53 375
515 180
408 527
383 292
923 894
456 270
772 598
736 329
809 809
517 112
251 815
109 940
282 226
185 913
176 604
339 109
179 871
634 647
89 821
690 822
459 809
629 497
684 650
216 138
94 452
997 926
131 573
122 986
626 416
304 148
224 462
772 865
531 169
541 106
530 353
199 255
861 79
610 645
212 941
599 251
728 337
221 187
488 639
232 494
519 181
900 445
793 579
136 107
99 496
231 366
890 601
967 400
229 801
800 968
50 593
773 694
830 288
293 428
658 615
526 297
101 99
250 241
426 322
696 245
502 846
49 254
3 667
288 584
201 601
386 663
715 607
823 99
6 582
107 452
669 681
983 243
676 264
41 282
679 563
488 321
874 444
144 249
245 432
294 418
196 471
54 964
947 735
8 183
640 238
672 800
571 645
13 384
362 149
49 243
996 911
782 609
345 82
582 445
217 665
723 690
648 526
368 911
474 560
664 230
479 793
704 392
357 50
929 499
137 427
423 508
789 816
598 494
241 855
215 519
867 294
302 460
851 571
699 795
513 555
561 420
990 76
699 176
711 886
41 152
588 329
909 495
659 328
249 873
667 437
251 876
295 264
591 892
679 271
465 106
221 815
325 524
186 678
822 492
83 350
268 669
80 265
225 569
707 120
975 452
294 474
185 3
385 457
939 118
452 807
67 712
122 658
482 367
781 709
854 642
321 810
584 155
983 458
32 549
650 756
601 6
62 821
527 48
933 577
550 745
66 212
321 537
54 930
968 227
407 167
694 505
191 500
247 617
555 951
151 710
111 483
946 24
953 240
798 792
970 777
635 223
835 167
748 493
19 578
425 102
519 347
391 895
992 942
440 241
365 413
975 65
868 668
658 229
18 561
542 946
227 535
505 351
579 654
996 748
505 856
880 866
429 355
337 32
68 633
343 839
586 374
296 712
113 653
69 728
692 839
944 247
615 251
683 558
956 869
937 402
130 161
924 669
948 914
468 424
266 389
423 473
814 482
68 448
988 262
923 715
836 917
305 680
735 492
731 322
640 334
634 600
293 207
877 436
659 733
904 959
310 712
869 111
635 805
633 774
774 830
754 588
532 347
269 751
678 744
16 771
231 734
981 384
165 92
15 642
441 943
579 900
445 885
898 793
32 695
664 785
387 158
958 655
305 335
866 135
837 591
436 950
647 636
482 716
169 580
334 242
88 426
813 187
278 477
274 313
547 319
447 597
580 344
591 833
914 777
383 410
480 981
28 213
176 802
340 286
265 370
384 476
476 640
523 728
505 415
216 698
511 250
353 715
797 155
635 369
626 219
742 867
339 75
181 60
288 755
543 445
739 619
792 576
94 579
323 402
445 327
667 566
664 836
250 829
198 535
3 125
441 907
562 37
23 826
423 371
599 162
554 418
994 180
779 548
459 660
291 245
828 969
976 478
819 919
9 339
683 280
753 433
107 822
222 82
991 126
639 557
948 749
533 863
765 269
412 82
633 473
941 405
823 328
143 368
929 826
538 177
261 695
387 501
91 913
300 724
625 316
825 974
671 754
669 809
681 218
964 511
237 586
578 459
408 955
561 315
835 601
450 675
815 91
973 725
97 344
333 487
483 865
952 418
57 398
221 293
936 408
296 232
490 987
710 483
241 207
370 718
637 593
885 5
327 219
24 144
244 454
713 239
285 173
287 591
915 833
297 641
134 454
571 61
60 592
962 98
30 233
755 995
983 605
361 304
721 481
794 563
735 133
84 858
747 379
206 841
911 708
647 264
501 552
619 690
93 151
159 207
355 547
647 824
617 779
150 224
141 962
174 553
381 567
521 503
956 281
348 404
171 948
383 387
280 647
667 424
243 917
282 227
795 606
934 25
152 651
283 926
461 821
461 757
538 798
312 454
411 363
721 566
624 141
306 164
31 149
894 894
381 95
116 339
776 720
410 604
436 584
951 513
928 9
622 976
759 582
529 273
70 947
910 503
261 438
678 779
710 296
330 715
419 996
887 650
316 380
575 141
499 503
145 97
519 926
57 33
900 558
692 725
200 941
299 344
258 250
379 724
100 26
219 609
680 693
487 697
559 606
27 388
375 855
13 470
833 921
874 532
257 962
982 502
772 309
569 651
419 379
702 866
305 506
747 165
144 700
882 777
268 834
600 824
419 117
511 135
266 483
68 359
531 621
80 560
135 285
429 63
241 264
237 909
176 751
670 140
840 324
473 29
471 436
668 148
273 917
990 41
886 164
385 827
549 763
768 399
155 370
834 933
927 494
79 679
1000 235
549 340
450 624
652 330
496 999
219 89
869 318
46 666
362 976
782 236
683 513
75 174
249 927
111 984
900 489
585 366
999 949
725 576
642 610
701 568
350 204
605 914
973 2
874 266
745 486
453 331
665 605
276 905
367 815
886 522
484 418
558 734
16 836
324 686
17 43
109 341
435 1
684 843
903 487
221 680
837 208
427 341
601 962
812 228
737 659
287 312
341 307
930 899
431 290
424 431
443 321
527 460
955 412
960 558
580 39
890 719
405 341
545 185
517 897
40 198
834 14
172 770
258 83
719 991
977 310
417 164
771 208
258 873
750 359
143 303
373 925
941 196
977 698
551 110
246 201
791 425
137 766
473 169
221 939
168 802
887 860
912 393
998 212
479 744
898 995
643 576
208 576
455 431
487 422
222 922
928 258
963 127
919 684
317 891
951 364
15 956
913 675
617 927
277 283
687 964
479 900
776 660
60 928
405 988
183 3
548 728
332 738
426 128
69 339
865 402
351 439
507 791
450 834
451 791
66 198
117 998
119 758
377 533
127 345
8 130
569 858
750 491
642 808
262 306
393 664
201 251
871 245
791 568
830 959
953 247
956 393
961 873
768 90
73 835
966 145
352 309
307 993
585 767
929 101
534 457
816 867
343 603
451 633
591 485
883 911
203 74
969 540
426 340
596 815
656 28
645 923
102 253
780 548
33 405
584 15
300 604
936 356
491 540
55 231
194 864
955 919
275 375
178 92
251 445
85 39
607 176
616 308
626 338
70 792
560 884
111 631
523 270
346 871
228 186
39 193
581 821
100 343
534 138
209 401
832 553
564 482
170 401
216 223
40 459
65 958
570 701
261 659
118 588
467 766
150 273
807 871
559 40
528 964
829 559
407 948
580 738
231 440
223 339
8 233
61 172
999 459
778 554
821 699
996 855
691 569
341 914
808 102
270 914
160 897
223 478
455 522
262 250
173 217
994 10
708 106
755 67
182 931
887 118
403 958
786 909
333 32
984 850
597 839
627 463
446 1
750 380
332 384
35 892
683 286
612 1000
244 137
750 589
802 221
6 808
282 841
366 258
129 562
866 692
28 908
836 168
869 376
367 640
54 387
939 756
53 983
187 397
685 687
988 981
86 289
43 716
191 26
766 2
647 256
626 126
365 419
672 392
162 460
655 143
467 96
426 278
738 617
434 69
181 859
530 974
116 154
156 908
311 572
108 298
956 73
539 84
529 860
796 432
269 947
283 115
953 844
672 332
243 943
206 989
553 71
90 122
516 244
264 983
714 736
887 360
690 559
208 516
702 584
521 594
447 702
617 458
503 208
647 172
338 422
899 791
310 949
639 260
178 455
311 262
169 265
372 918
684 140
246 538
884 622
381 233
741 6
914 810
698 39
673 289
14 81
352 417
823 562
336 146
979 897
282 154
775 423
254 231
722 989
271 464
233 728
598 913
584 454
393 982
528 845
910 624
826 457
47 261
919 57
640 415
500 945
977 838
768 534
494 867
778 286
117 316
98 99
766 769
745 939
994 536
890 921
691 220
813 47
208 726
525 361
64 344
580 701
593 683
97 793
842 804
710 686
271 956
264 986
176 352
933 672
836 708
348 810
552 185
594 1000
499 445
274 277
237 163
257 483
106 910
686 60
383 320
632 912
468 100
162 742
90 548
762 540
621 275
389 226
512 277
811 354
404 207
383 690
65 54
4 978
208 161
125 950
324 488
593 161
677 900
958 61
133 643
559 448
142 258
516 521
503 333
171 287
978 729
80 707
940 458
523 361
938 679
370 952
929 583
70 391
875 816
497 840
206 155
2 194
357 475
519 74
460 253
24 334
241 542
716 768
639 325
203 562
865 994
117 326
517 817
613 482
357 199
828 133
381 958
698 844
583 216
924 460
760 239
369 488
307 660
833 129
958 529
255 879
611 389
630 873
791 831
444 700
702 977
533 249
18 607
22 48
908 580
197 954
657 756
370 319
617 679
166 59
612 289
415 527
943 210
872 720
851 461
394 906
895 534
245 606
406 119
186 121
255 964
188 298
53 825
177 310
734 513
347 943
452 603
297 806
771 472
955 737
93 292
688 95
345 612
633 578
692 449
362 623
423 940
55 914
476 561
89 602
32 168
864 370
603 979
895 249
498 457
850 879
133 806
735 597
454 870
880 943
502 554
4 392
304 953
868 955
675 631
784 182
356 226
183 407
142 216
455 839
541 834
486 419
427 31
113 790
681 272
630 18
903 263
300 174
42 98
673 176
71 434
569 62
42 409
214 971
126 436
570 83
337 88
642 125
695 205
803 44
911 409
159 754
909 64
177 282
964 521
971 366
589 20
471 7
91 997
884 264
713 968
649 824
816 808
702 322
676 713
291 984
279 897
616 349
662 604
733 580
439 349
564 317
766 558
411 334
409 671
713 739
930 846
164 794
824 402
343 445
450 45
467 885
239 645
711 598
683 689
967 548
739 802
653 326
886 744
28 45
726 839
526 241
37 75
778 536
616 364
156 795
721 629
872 124
206 616
248 710
901 251
492 86
488 965
569 528
129 694
999 941
533 825
494 697
536 276
610 648
668 335
329 38
813 602
378 304
899 306
754 38
292 636
195 957
517 664
712 201
434 30
511 266
268 961
1 442
116 860
57 895
164 840
325 864
68 850
702 18
828 631
681 414
595 529
218 844
49 877
139 135
253 781
319 701
562 534
333 61
183 598
273 294
280 688
943 229
956 463
626 148
649 311
551 436
235 42
516 74
383 474
396 352
275 637
850 183
848 410
430 281
916 778
672 512
865 804
219 215
359 102
236 411
491 742
606 942
184 670
545 172
394 619
955 633
243 784
323 612
94 539
747 662
888 329
490 558
828 246
917 561
201 739
958 748
32 384
933 964
890 103
979 143
933 672
822 966
650 89
173 788
187 478
706 159
181 61
713 181
847 548
553 733
362 58
594 512
323 923
968 648
214 791
817 817
239 956
142 706
716 528
776 37
325 152
923 451
728 801
630 905
402 638
269 856
155 174
707 89
680 357
823 61
132 700
913 583
677 945
2 375
235 646
33 304
217 470
13 848
786 258
245 272
798 958
136 637
783 454
275 117
476 578
453 537
596 188
893 601
479 954
952 213
208 535
666 390
75 282
965 650
880 57
20 577
696 391
689 636
828 532
19 566
257 504
842 675
744 183
151 429
979 461
269 406
364 500
697 256
940 830
478 116
356 280
928 997
529 938
157 159
731 352
202 202
677 639
530 846
4 228
810 395
900 937
910 870
45 374
356 918
684 113
949 646
478 404
371 858
946 102
863 84
876 351
962 749
683 339
154 318
837 467
931 63
529 542
575 566
406 585
146 668
190 785
767 662
172 61
429 294
233 411
541 829
790 698
171 998
607 856
825 877
818 944
400 730
648 103
857 215
762 684
536 196
545 710
109 738
386 666
288 885
423 427
978 494
646 339
289 231
349 92
171 688
137 225
588 175
516 798
821 648
662 722
634 75
146 700
613 103
318 122
434 126
367 491
351 430
173 556
912 164
798 229
797 417
987 898
168 392
674 948
583 716
469 13
981 198
379 219
844 139
819 876
301 369
512 192
201 692
376 376
55 9
937 825
584 281
107 365
568 749
390 42
988 766
807 126
471 889
731 5
125 557
961 959
753 283
801 181
865 995
969 764
662 198
625 828
484 453
584 567
630 3
839 422
314 33
142 171
931 624
421 572
331 3
692 260
630 434
568 810
651 327
369 943
982 283
622 883
978 658
317 152
541 195
496 410
978 805
858 354
166 572
290 823
129 457
126 420
469 201
726 667
80 322
167 774
719 702
338 982
417 795
920 693
454 990
455 752
432 718
287 706
203 162
864 203
178 819
74 474
451 427
803 421
163 154
921 833
475 590
930 855
942 239
575 594
11 115
312 860
777 214
818 647
134 998
390 684
980 662
582 308
785 485
757 126
908 83
785 640
526 54
967 689
612 3
855 48
126 613
122 759
97 860
92 413
651 120
967 999
592 263
287 826
676 263
770 730
319 533
947 569
218 437
508 275
972 123
53 758
377 896
490 337
967 909
219 95
176 529
257 347
851 800
742 317
556 847
720 367
534 396
277 330
318 531
239 938
945 138
698 36
214 190
551 605
329 819
167 115
637 547
419 188
269 248
381 65
755 256
305 242
179 394
337 797
720 632
637 861
61 8
516 619
630 997
492 76
46 458
234 373
164 508
888 150
736 330
184 496
724 401
844 539
548 799
765 764
936 640
89 998
979 821
645 726
330 834
860 501
692 575
819 757
157 854
98 792
211 706
777 392
364 579
349 984
219 508
976 554
387 372
19 783
97 110
230 500
713 49
565 398
49 745
693 810
863 867
109 706
713 228
239 583
78 264
475 530
321 744
892 370
640 455
921 315
5 70
395 584
572 315
869 294
103 690
325 256
761 34
77 269
422 790
360 630
971 654
516 635
237 117
643 772
987 165
387 805
39 311
439 430
206 787
708 382
13 318
463 23
594 578
170 647
525 777
829 204
745 414
54 407
88 767
589 652
42 704
771 991
405 82
89 410
112 267
582 627
260 702
823 301
988 507
220 274
834 990
235 614
371 859
261 434
63 876
165 10
368 445
444 251
755 938
769 531
534 398
797 585
994 621
812 706
133 775
494 963
200 685
270 642
809 523
363 647
938 197
302 72
249 981
529 747
196 32
934 568
170 428
190 298
132 789
94 954
989 560
472 698
901 27
467 736
797 939
992 429
714 200
584 201
351 590
803 462
419 686
192 718
172 617
354 851
919 746
749 345
908 275
839 606
380 390
417 202
210 515
448 907
603 612
802 439
355 329
612 512
610 129
99 539
184 244
173 782
442 970
611 757
705 652
442 54
339 133
746 856
117 179
363 319
838 317
329 448
820 598
329 77
99 375
883 463
940 773
383 179
345 763
437 434
921 739
631 87
828 365
769 864
334 271
132 642
646 371
515 346
144 595
398 464
408 92
269 1
884 243
950 646
289 532
773 452
326 122
671 26
383 128
632 552
579 454
755 454
812 559
266 252
424 899
822 72
610 79
328 597
48 445
411 316
692 170
818 236
756 642
660 60
778 656
371 355
713 784
209 576
897 910
354 666
61 827
662 689
197 16
52 634
428 986
743 841
933 126
229 221
656 925
130 821
182 302
844 65
123 273
614 988
353 575
565 254
551 688
396 21
130 252
897 902
757 707
572 649
159 427
546 199
688 375
897 473
917 551
878 549
474 379
121 804
734 735
885 80
887 598
404 488
980 12
734 602
76 305
43 633
721 987
226 462
62 717
338 934
4 76
590 349
456 728
460 807
64 825
563 336
643 464
18 304
426 596
905 832
743 316
569 687
562 362
919 795
176 381
996 237
566 796
825 489
876 449
877 219
360 220
687 679
558 378
55 555
996 586
2 725
989 477
958 941
958 346
660 1000
979 199
84 746
95 589
411 642
89 33
92 183
416 786
793 105
707 936
205 835
694 276
337 974
102 84
667 332
923 734
778 270
48 436
22 561
360 554
631 529
552 506
783 471
131 557
890 922
877 713
116 601
58 763
285 508
320 149
125 278
748 201
799 830
254 950
638 710
311 305
990 675
320 600
780 310
538 814
720 235
208 904
523 578
453 140
12 740
415 953
864 247
360 282
558 142
910 170
795 419
130 674
334 10
876 29
509 954
236 846
61 966
93 96
212 656
7 864
904 846
221 433
307 841
47 461
462 65
185 432
207 573
564 41
659 411
865 444
205 382
400 965
113 955
863 989
205 855
27 774
684 815
509 377
507 897
376 605
746 761
696 440
855 565
864 877
224 374
803 280
188 724
12 488
138 268
997 375
316 535
594 479
634 780
635 285
303 643
998 436
81 997
700 732
513 162
216 119
354 567
928 241
383 778
130 296
360 388
621 212
122 837
856 639
944 693
82 796
409 243
729 521
782 788
550 723
379 25
862 807
47 298
527 225
846 797
629 493
410 536
337 482
25 133
46 339
476 112
115 133
693 985
717 115
692 721
127 308
920 1
553 710
90 608
352 712
203 26
75 479
215 198
334 611
705 463
874 738
850 631
959 909
55 454
543 939
144 642
149 126
296 397
996 816
879 622
679 282
291 91
699 208
451 688
704 153
130 669
239 25
31 350
984 33
90 814
29 374
568 104
898 754
329 938
60 356
17 816
652 913
85 286
436 435
637 216
957 729
433 984
322 449
821 48
773 415
573 296
94 437
54 569
152 264
914 844
158 124
383 312
342 764
633 184
974 24
31 1
983 384
130 259
160 656
228 969
990 373
50 611
900 15
313 930
587 776
561 103
178 631
835 715
433 240
922 59
368 904
577 917
347 79
350 810
220 649
4 245
196 758
644 400
359 881
638 57
187 554
206 287
431 462
471 331
224 799
429 541
826 255
101 444
