p td 200 3600 
190 23
98 165
33 200
34 156
11 181
98 199
90 109
116 70
19 74
125 85
79 11
129 151
44 66
24 95
18 112
92 195
155 37
189 164
27 154
114 122
1 73
22 63
157 1
154 119
7 53
17 181
105 57
45 92
142 57
171 94
41 137
132 24
70 170
85 190
100 105
140 111
29 107
2 48
116 99
187 119
145 75
152 127
5 61
139 28
178 133
168 46
61 52
138 95
88 180
27 87
68 30
129 7
162 123
71 137
173 132
35 119
68 36
108 72
94 171
152 168
200 6
157 158
75 156
138 157
172 137
62 66
95 92
36 32
73 63
144 146
191 196
125 49
12 75
74 62
93 38
84 87
102 191
83 141
116 121
30 27
120 152
118 60
33 20
33 17
106 178
40 141
31 180
174 83
33 56
173 63
166 15
31 133
152 86
107 189
138 55
8 195
20 191
100 198
3 163
181 65
197 23
88 90
9 34
143 157
81 166
124 106
72 122
69 167
195 85
136 54
117 151
156 37
120 123
50 188
169 197
45 91
15 48
149 58
42 110
164 83
177 29
74 149
147 57
52 100
56 9
29 45
28 172
164 146
122 108
147 56
16 12
101 55
173 131
54 106
181 80
162 140
38 180
55 39
61 31
151 177
158 101
65 74
138 50
149 92
128 142
62 191
188 101
198 107
31 86
15 39
33 156
62 200
79 188
29 191
60 27
78 26
151 173
11 7
71 11
21 60
81 74
38 173
1 129
127 124
150 103
190 45
155 26
8 115
99 160
168 36
47 116
197 164
104 102
171 65
15 102
41 4
174 97
20 133
51 198
110 159
188 86
81 125
56 128
62 56
195 193
93 109
43 147
66 69
144 40
183 17
146 105
173 144
12 90
68 78
173 15
199 118
29 172
153 100
115 13
35 17
158 124
105 15
50 109
192 42
85 86
65 46
103 173
160 138
40 170
136 100
146 182
4 12
126 147
52 84
76 80
60 55
199 16
196 23
66 30
156 3
119 70
163 184
152 123
198 52
14 4
62 138
81 65
83 50
187 62
111 156
134 172
142 73
104 59
7 159
118 147
154 63
87 36
101 169
199 200
188 122
173 108
169 195
155 183
58 71
131 29
191 34
138 135
188 110
155 153
106 134
30 165
185 22
2 107
49 64
47 69
4 193
147 175
39 162
56 78
11 42
179 165
94 162
190 156
198 1
115 120
148 5
118 137
119 183
171 101
96 63
129 196
78 116
36 40
188 21
141 168
21 130
123 173
161 22
163 30
82 143
178 157
153 35
38 17
179 107
92 127
130 96
185 166
164 151
54 71
56 44
7 174
24 15
40 140
188 11
191 124
64 58
30 173
34 96
56 15
51 51
96 33
131 189
142 184
140 46
128 129
99 44
100 96
58 84
48 73
59 53
90 78
72 46
110 144
32 112
144 159
56 74
33 87
192 142
143 11
23 14
174 175
77 85
149 71
72 185
101 57
109 76
96 145
164 93
54 182
30 85
128 121
163 64
133 149
129 71
128 70
131 88
166 62
3 175
67 4
90 79
93 21
128 94
189 5
4 55
163 32
1 56
145 123
125 131
103 44
170 122
69 113
21 183
200 152
134 27
8 68
23 186
50 191
96 75
151 15
106 13
20 123
156 34
24 166
131 147
4 150
110 76
45 136
118 171
159 45
22 33
4 164
169 16
17 163
153 6
141 5
10 193
173 133
33 75
176 20
106 32
11 151
116 175
23 179
144 140
173 178
115 69
130 113
137 151
110 15
137 175
40 131
73 162
129 109
7 1
177 109
59 111
18 126
84 100
101 61
156 178
111 181
91 108
127 186
23 37
196 164
104 150
118 85
21 80
11 158
170 176
132 93
41 43
70 92
83 30
14 183
130 177
92 73
41 148
54 83
3 101
118 158
99 112
77 125
102 141
131 175
55 22
170 119
63 146
173 150
108 34
65 63
113 33
50 39
189 95
133 188
132 6
38 94
91 49
123 160
173 78
100 56
155 5
110 155
5 169
32 87
58 186
185 196
27 104
109 33
53 27
28 134
96 63
197 199
54 170
197 52
88 1
152 48
38 50
86 183
138 101
14 157
121 115
109 121
5 182
195 43
88 91
89 197
34 69
6 53
76 28
39 118
96 4
161 102
172 155
79 89
68 32
156 135
22 115
136 132
141 137
155 11
117 62
44 23
127 41
93 103
193 147
71 27
174 145
17 192
27 24
66 21
67 170
3 47
30 63
173 56
15 120
96 125
16 173
46 183
140 161
171 182
180 179
34 105
47 13
64 56
90 49
44 41
40 125
92 185
61 66
96 74
73 156
29 4
136 94
200 29
145 186
148 194
122 90
120 169
31 178
92 177
44 183
69 9
54 59
91 124
84 86
174 14
64 50
13 9
100 197
124 97
114 158
104 27
134 144
71 113
165 119
193 99
34 1
174 55
18 175
157 150
163 101
84 118
74 87
137 20
3 92
159 156
111 120
31 90
41 182
134 100
79 19
108 44
191 51
24 126
73 144
133 83
190 181
66 172
109 164
166 195
78 89
85 193
182 149
59 66
186 178
166 78
131 51
12 6
107 194
156 110
71 200
174 120
8 123
126 83
50 88
38 33
81 104
167 185
63 80
81 33
113 25
8 119
121 120
144 126
156 48
105 198
109 132
81 1
80 30
157 68
125 125
15 93
79 103
50 141
110 194
184 188
166 142
19 12
3 102
151 100
191 63
17 100
119 129
107 148
198 29
95 135
35 22
148 123
126 43
188 92
77 106
102 20
106 105
180 6
175 77
9 28
175 2
135 174
125 37
131 97
44 92
93 194
9 17
56 130
196 146
130 79
113 88
181 23
141 35
40 48
86 2
181 187
9 111
154 130
177 34
173 47
38 25
186 55
26 179
26 96
103 189
48 129
132 3
124 130
53 177
50 152
156 37
165 110
28 26
56 80
135 105
56 101
10 20
37 106
169 97
45 99
11 78
73 91
170 169
24 44
31 152
85 8
110 183
116 65
44 39
133 36
37 150
2 45
13 107
28 181
51 75
152 191
146 54
2 157
47 160
200 103
47 57
100 153
14 198
11 88
97 126
84 131
129 144
25 96
42 138
20 148
153 12
154 13
72 182
16 191
40 139
40 34
163 182
124 25
73 101
82 150
145 179
53 7
43 157
73 42
60 162
71 181
87 23
69 20
84 128
23 32
138 23
115 178
132 170
78 150
77 136
99 106
42 27
45 152
37 93
77 48
186 89
193 49
9 44
130 72
57 31
154 159
122 32
3 13
14 120
70 63
163 188
191 137
59 61
175 115
66 164
179 30
149 25
144 16
186 143
185 161
99 54
186 61
144 72
43 3
143 57
173 20
100 141
113 46
117 85
133 183
21 28
193 166
33 50
84 101
166 173
95 113
69 148
131 61
62 32
62 98
107 39
187 14
158 131
96 121
147 116
109 197
91 143
74 106
51 117
28 17
10 41
157 109
100 39
90 64
133 90
53 167
130 11
184 17
181 113
72 124
33 15
127 92
21 119
114 129
116 129
172 79
124 7
18 171
86 151
80 119
4 83
52 31
101 39
129 75
76 79
130 136
81 187
33 97
169 15
31 180
130 125
139 114
182 200
65 44
161 130
95 67
71 76
107 11
10 81
163 20
158 122
95 12
26 127
176 66
50 157
150 199
124 96
179 51
141 8
61 134
188 11
144 140
47 177
177 65
186 184
25 146
165 88
36 78
123 70
5 36
118 198
58 23
88 106
142 24
72 15
59 163
184 34
181 121
173 27
56 95
98 55
63 109
25 52
195 125
136 6
138 190
52 145
26 85
113 99
148 79
98 144
92 91
198 33
139 70
8 123
125 141
71 57
164 69
146 200
107 79
17 21
157 64
135 102
187 166
32 158
111 113
28 177
161 167
189 144
161 176
104 100
184 93
147 65
28 133
58 165
55 124
157 14
191 50
196 79
84 54
24 79
84 136
78 64
36 82
19 23
44 133
125 140
178 133
67 183
39 51
177 72
129 107
122 54
183 114
83 143
54 193
72 148
66 199
1 129
68 145
28 48
20 96
197 78
141 172
178 85
48 102
17 146
45 149
147 124
80 191
198 74
174 119
168 24
65 193
34 98
87 71
193 95
116 129
80 95
130 11
104 91
33 114
157 61
58 11
5 113
78 73
93 170
140 157
46 200
178 2
158 146
67 24
171 85
14 65
102 125
106 101
47 51
33 188
89 199
108 112
30 141
141 173
105 34
125 89
36 67
162 147
144 52
7 134
110 95
33 53
41 74
81 193
22 11
145 47
186 6
43 146
134 21
18 129
143 151
96 146
25 160
99 174
48 181
103 200
30 81
122 28
89 121
44 13
55 124
118 152
4 10
72 71
120 142
76 61
31 63
13 55
135 9
43 164
145 6
5 110
1 56
193 107
20 3
48 26
167 174
33 114
116 156
100 177
192 183
11 143
25 135
175 168
187 148
152 79
165 24
84 199
73 145
24 143
141 8
184 142
112 83
140 33
180 11
102 147
175 90
126 174
90 40
128 72
57 153
70 30
178 132
20 197
116 40
17 92
147 138
80 99
70 176
73 85
142 20
186 94
95 167
162 78
12 168
17 142
186 159
28 197
51 68
151 124
43 156
174 72
79 36
105 65
118 54
29 97
85 109
14 36
164 174
118 36
65 42
30 184
120 136
111 116
131 149
187 108
143 15
71 8
9 141
14 13
200 102
166 44
196 2
51 103
152 164
110 23
86 162
76 199
19 2
186 192
162 190
169 104
189 160
67 146
92 51
24 174
104 33
146 159
125 158
130 194
195 151
87 30
161 18
131 38
67 47
87 5
85 51
100 99
163 51
23 154
22 149
32 104
88 119
171 171
143 186
171 125
61 166
146 88
88 80
56 108
173 192
85 44
161 152
57 139
199 59
24 29
175 112
130 170
28 1
48 99
126 72
181 150
135 107
69 65
71 98
193 51
180 146
53 180
52 23
193 169
129 88
117 168
191 8
139 110
39 86
132 131
75 92
19 104
11 196
33 80
87 111
174 28
34 127
84 91
135 31
69 75
30 177
118 128
71 80
127 95
107 112
62 81
133 151
104 48
10 115
123 124
21 11
119 69
35 35
159 122
96 136
15 12
158 168
184 145
146 120
96 139
118 49
152 148
190 112
114 14
129 78
178 118
163 105
27 24
56 3
138 68
26 4
102 196
115 177
86 172
16 188
120 188
68 150
35 59
197 168
115 91
117 4
7 181
183 192
165 74
200 74
5 125
69 179
177 69
54 142
101 117
60 65
48 135
38 84
101 164
34 3
157 130
59 95
2 176
27 111
125 95
34 51
12 175
161 11
59 194
79 125
14 73
3 56
48 89
11 94
132 129
110 1
13 80
188 158
164 19
61 86
57 138
164 6
94 88
79 195
71 193
55 67
35 86
177 123
125 67
176 161
76 85
135 93
156 4
188 24
82 26
33 184
67 68
78 102
176 126
103 150
98 63
51 87
144 120
112 68
99 145
142 46
140 43
120 109
92 24
123 73
66 152
173 135
132 117
144 181
14 3
141 38
112 116
21 127
97 4
93 181
71 94
2 81
43 1
81 133
96 189
49 103
115 116
32 119
147 155
15 55
146 14
111 115
102 19
8 112
88 19
29 117
5 5
137 157
27 99
195 90
179 86
70 84
186 72
47 108
151 82
84 116
129 40
154 95
142 172
166 59
10 141
111 47
64 94
59 146
8 185
174 90
4 186
31 22
108 177
67 168
82 52
121 196
47 84
6 38
164 107
119 141
9 157
160 127
103 154
64 21
152 197
153 48
131 79
155 71
132 58
117 152
116 47
86 135
15 98
181 183
54 197
105 53
151 174
138 159
78 69
25 63
120 98
190 7
108 44
146 157
28 112
114 121
191 136
56 96
120 55
138 168
46 99
131 133
75 49
170 181
167 173
174 126
56 153
168 121
200 21
200 197
107 43
45 156
46 10
58 19
95 110
57 160
22 174
130 198
130 9
142 154
200 74
29 12
118 195
174 44
126 158
173 182
137 143
144 155
120 199
136 197
97 96
16 177
191 69
118 156
189 105
24 13
105 74
104 16
55 146
114 34
31 156
198 60
126 164
54 170
66 137
64 119
46 135
63 118
110 56
184 130
41 167
102 143
169 109
160 49
34 102
75 159
81 131
54 146
147 61
174 92
157 200
199 147
168 66
139 82
183 30
38 189
160 152
101 133
182 7
174 52
144 141
180 161
99 126
56 177
181 179
77 37
169 114
188 186
190 200
90 49
143 11
23 198
172 106
71 176
136 9
130 33
131 105
17 68
159 135
42 120
7 136
11 76
190 164
159 133
180 91
196 54
48 148
124 27
194 60
67 102
194 6
71 8
4 95
136 35
186 129
47 80
49 131
72 23
165 167
16 39
96 48
146 24
15 200
139 34
109 33
152 101
84 167
16 165
111 189
39 153
133 172
71 170
92 138
107 104
89 98
180 131
44 86
191 28
41 197
2 180
158 171
56 7
121 170
58 22
142 135
11 59
77 161
126 185
149 113
17 49
145 62
91 76
137 103
149 144
189 33
172 151
114 60
121 193
194 122
129 87
67 142
145 159
124 73
69 190
66 98
17 122
3 152
92 137
155 60
164 116
155 65
160 132
107 135
183 115
120 185
94 35
52 126
168 64
46 36
60 42
77 52
200 135
159 163
114 167
187 129
82 101
31 165
35 21
175 197
85 76
123 27
51 157
18 78
129 189
64 52
163 146
159 165
122 162
50 94
34 97
101 77
193 171
78 63
129 115
127 133
83 33
23 185
90 96
8 23
173 107
193 102
77 85
41 97
58 103
172 100
128 185
108 60
57 14
68 172
105 42
75 8
90 168
171 23
20 43
190 93
67 173
38 25
109 185
51 55
137 132
47 138
73 158
131 87
62 37
123 169
90 86
152 89
94 69
100 186
141 33
102 43
176 100
113 111
161 74
194 103
179 100
93 35
170 63
69 148
81 16
182 94
177 62
122 116
185 111
41 141
161 11
4 122
30 186
186 13
192 62
119 7
40 121
193 105
111 102
27 37
148 158
83 174
85 13
53 54
134 16
92 139
118 54
49 183
50 187
32 127
160 56
67 119
51 5
49 69
17 191
116 96
164 123
92 88
137 191
63 195
122 191
45 111
192 38
196 69
176 133
105 171
165 92
189 192
68 16
127 106
183 191
8 198
134 176
152 185
4 160
39 97
175 186
105 137
197 141
143 22
114 99
39 83
10 186
180 177
185 63
3 186
106 153
57 85
10 76
83 157
25 43
200 35
156 118
200 79
13 29
16 42
97 155
107 194
7 75
187 33
176 21
23 62
171 49
20 175
70 179
54 189
117 130
116 53
160 173
83 98
84 105
90 163
118 186
173 92
178 187
59 93
116 64
188 14
7 27
181 29
153 21
123 33
190 81
191 23
28 96
115 50
99 163
191 25
118 1
141 184
100 109
161 19
79 180
169 154
11 188
149 162
138 150
12 180
151 82
41 193
33 42
134 71
175 22
108 74
121 27
113 9
188 49
11 79
131 73
128 192
58 11
53 5
91 65
56 176
115 78
156 136
105 73
175 26
44 20
139 168
180 144
185 82
177 19
84 133
126 149
154 195
27 105
194 38
181 68
40 45
86 132
129 117
126 12
123 193
48 142
134 161
133 148
82 37
139 65
94 151
165 100
157 115
7 28
24 100
15 8
42 149
36 10
143 13
40 38
9 87
143 27
47 114
106 8
87 190
86 88
169 126
134 83
93 9
83 89
73 195
161 152
128 195
162 150
111 5
67 174
193 104
133 160
40 80
85 139
150 73
8 113
151 163
1 184
89 19
6 66
36 2
122 200
116 4
192 106
150 36
104 9
177 148
52 37
68 26
11 197
102 165
136 15
1 119
166 22
41 182
187 146
109 191
189 38
175 71
158 37
137 135
119 100
29 119
63 60
47 74
67 189
36 161
176 196
96 105
70 184
13 61
4 152
24 7
167 95
72 116
59 196
38 174
105 31
151 23
155 76
19 60
38 55
186 46
91 12
189 193
162 188
153 154
41 185
119 198
175 86
178 29
175 58
84 54
68 1
112 146
154 79
167 147
177 11
66 66
43 183
68 192
38 107
22 77
14 73
93 36
72 6
155 82
193 19
171 26
186 122
196 158
22 95
136 34
57 103
186 49
4 106
120 99
104 48
166 71
163 19
126 168
191 78
180 21
171 148
135 133
60 5
170 128
174 27
119 15
21 58
55 57
80 53
56 70
164 78
190 31
42 144
146 22
40 54
124 179
133 129
137 131
193 118
150 153
124 92
28 179
200 27
129 150
45 118
156 184
193 170
49 88
61 133
52 165
124 85
146 169
160 60
197 104
45 172
126 3
133 109
126 133
27 67
143 38
105 151
101 98
138 175
46 58
18 77
53 14
85 184
194 133
197 71
84 182
191 90
183 168
82 101
117 15
41 52
43 192
68 144
192 190
126 155
122 106
127 46
140 148
170 28
96 116
35 119
42 58
94 91
36 2
56 62
91 93
32 114
79 28
22 121
92 160
152 54
171 168
107 185
65 183
191 147
30 15
44 135
117 169
155 150
191 86
182 189
130 117
138 50
187 115
161 144
129 121
147 32
39 80
7 12
14 123
138 105
27 123
64 27
17 178
173 97
16 91
169 54
1 123
147 192
104 138
184 168
159 77
18 113
30 140
40 89
175 8
183 120
135 103
156 167
44 176
99 179
19 182
44 37
158 165
116 127
1 34
111 184
192 172
80 97
185 185
134 54
2 162
78 149
106 17
30 121
27 97
108 40
152 61
143 55
124 117
45 99
71 113
40 188
118 71
195 108
74 18
40 8
130 113
20 192
43 156
151 17
155 193
73 172
78 39
18 104
177 11
169 63
27 33
13 89
101 33
48 27
140 48
185 196
99 11
151 36
106 61
22 50
90 122
180 195
3 181
78 87
186 35
186 103
51 88
142 23
65 113
58 65
30 156
20 183
155 100
47 131
160 173
71 42
150 6
132 17
6 105
12 139
196 43
35 71
161 107
59 166
47 109
130 58
66 44
22 24
170 182
131 90
83 115
4 96
168 22
50 6
40 40
68 21
147 131
94 37
58 195
86 37
114 37
40 50
40 178
30 31
138 96
132 84
117 79
24 72
44 186
67 96
33 159
43 190
89 64
77 28
51 117
105 186
121 124
157 32
168 103
72 112
50 68
27 163
48 29
95 196
61 79
130 156
102 158
175 119
22 19
1 84
68 65
165 30
49 4
5 50
174 6
36 159
132 154
138 88
69 101
13 54
87 17
188 129
194 103
35 151
102 6
88 73
199 44
110 121
156 88
153 91
144 60
81 150
78 4
122 126
137 153
119 136
133 151
182 129
27 189
40 149
35 119
44 120
51 60
154 136
25 120
31 2
4 71
52 200
131 114
197 108
51 171
49 183
141 15
107 184
81 55
185 54
83 149
165 65
36 172
99 199
191 124
130 113
133 178
82 110
8 113
196 177
110 74
138 110
122 119
54 41
128 146
123 164
20 76
95 104
196 142
62 12
33 76
40 46
140 130
15 68
194 152
39 28
39 151
177 41
26 43
5 196
111 69
162 146
170 103
112 76
85 198
180 113
93 14
45 200
71 132
127 141
72 72
104 101
76 48
4 103
171 66
193 164
70 134
128 108
179 94
115 149
98 26
110 56
110 88
160 26
94 66
28 26
141 182
5 44
2 182
94 64
3 135
122 76
103 162
35 196
195 20
135 27
17 9
183 139
155 147
18 80
29 184
64 132
180 186
173 82
8 74
91 175
31 200
26 27
114 28
165 153
83 190
21 114
135 67
105 121
190 33
59 82
173 127
29 56
44 93
45 32
80 41
163 69
11 1
148 128
146 195
162 183
56 124
113 100
13 34
27 122
182 199
109 168
101 34
52 159
40 109
132 35
166 171
193 108
12 81
112 113
190 51
185 65
125 156
194 161
138 74
15 12
99 151
42 158
11 70
7 14
22 27
32 29
71 200
15 138
35 115
129 130
5 93
184 85
193 100
95 200
48 193
5 126
162 68
7 107
69 163
173 152
109 121
74 147
42 115
80 43
76 34
56 34
156 169
164 130
169 11
14 150
198 91
118 50
95 186
5 34
52 91
20 25
23 76
145 183
33 198
135 119
40 21
128 150
150 27
133 13
96 140
39 77
190 13
14 85
132 109
95 100
130 22
29 38
186 1
64 48
105 62
46 145
19 15
43 15
112 126
89 18
98 58
178 36
24 130
118 1
145 9
127 189
186 147
96 100
15 134
13 72
11 80
35 40
162 64
135 176
152 67
147 150
173 152
80 79
50 36
29 177
156 87
109 137
51 21
58 181
157 183
173 106
106 35
115 64
138 152
121 190
30 43
136 163
130 6
33 103
48 167
181 14
178 83
198 131
121 171
107 124
91 114
70 125
58 152
155 157
124 155
124 41
83 5
84 200
130 51
186 9
103 157
190 80
120 62
73 117
149 4
125 39
171 17
162 106
182 185
158 7
110 101
53 26
157 63
164 75
156 119
124 75
63 146
172 109
73 14
21 149
112 160
150 102
45 30
49 134
113 122
119 34
61 95
140 142
11 187
200 65
115 65
153 86
164 19
87 128
135 140
87 85
157 57
125 196
130 186
45 59
33 74
87 126
71 43
108 180
172 15
14 38
6 160
78 117
32 198
163 99
130 190
9 6
144 39
12 2
111 1
177 66
152 93
20 192
59 189
153 100
88 98
167 147
139 26
28 8
44 157
132 44
187 134
63 157
106 113
59 55
185 71
180 39
86 45
180 110
110 83
42 130
69 28
45 62
131 14
157 193
179 49
64 181
184 23
49 80
38 86
127 151
184 94
156 126
133 75
113 88
38 15
153 67
105 170
109 195
92 200
124 151
142 27
144 193
150 199
50 46
182 117
75 35
97 144
168 162
90 98
157 155
133 120
6 174
138 78
113 127
46 169
89 4
193 151
31 178
171 71
12 97
128 99
17 53
145 55
59 14
1 198
48 82
121 151
162 41
139 74
80 193
142 21
127 21
20 183
166 56
1 126
70 169
185 166
47 106
52 157
93 150
19 170
103 27
122 144
35 154
113 184
114 112
56 188
58 200
81 12
112 112
73 174
124 26
160 159
64 157
54 9
23 15
117 104
180 173
198 71
197 185
97 193
193 176
38 31
150 99
75 134
18 104
193 183
36 172
43 195
172 111
176 92
82 54
166 42
145 118
88 133
169 75
101 49
109 36
105 147
138 25
20 5
49 3
186 160
116 126
20 67
169 99
120 180
49 136
75 173
194 93
115 130
140 32
58 189
143 32
58 110
178 137
150 42
127 63
196 129
2 6
18 59
189 7
5 34
98 19
186 81
156 1
119 187
182 75
151 160
22 199
55 168
42 30
6 26
6 181
32 104
126 155
19 142
171 6
99 76
8 31
77 47
116 192
67 58
189 1
186 183
79 33
22 104
94 102
37 57
48 102
198 108
26 129
136 187
129 56
150 93
37 2
183 122
81 71
86 122
143 127
174 4
130 67
159 17
15 98
52 180
154 158
42 107
26 96
169 89
112 141
65 39
107 174
27 61
89 38
90 117
23 115
22 5
180 166
83 54
10 55
85 184
9 61
68 192
1 145
183 42
62 45
94 94
114 61
136 5
119 170
119 98
122 112
98 109
12 200
162 54
121 171
140 26
75 117
116 13
90 89
46 81
72 61
97 17
94 157
106 21
174 14
17 9
115 164
187 27
126 37
85 194
173 190
134 71
76 166
104 82
177 37
146 18
177 103
96 103
163 24
150 67
105 4
106 94
141 153
64 96
100 131
46 71
91 29
126 108
17 14
35 194
89 145
91 134
159 67
148 14
123 165
1 196
26 99
130 14
101 145
4 140
140 103
57 185
179 38
187 151
164 7
47 191
137 60
70 112
81 181
31 28
51 114
163 124
44 132
50 104
133 89
169 173
55 152
174 10
146 86
197 23
9 42
43 35
147 22
135 61
188 120
60 34
76 95
28 143
47 155
59 49
2 177
77 121
17 98
41 21
1 118
153 11
86 187
195 150
74 153
55 107
97 117
106 96
42 68
19 150
140 196
65 134
67 12
162 80
33 145
178 142
37 63
27 114
2 36
158 36
158 156
19 98
43 19
129 75
161 152
60 33
34 121
39 194
122 177
200 20
102 52
141 22
180 178
164 36
189 159
146 142
158 89
19 55
58 168
103 52
137 41
183 157
141 109
4 162
29 11
193 140
146 17
42 128
101 125
187 137
145 67
103 58
39 148
110 2
57 179
33 148
148 154
92 124
133 75
199 182
196 118
16 118
185 186
165 166
131 188
138 3
81 68
195 14
139 163
38 135
138 39
5 167
93 40
158 123
146 43
13 189
28 198
9 6
116 103
105 116
26 160
124 104
138 107
11 16
109 64
1 82
144 18
110 129
121 159
131 50
109 175
93 6
162 54
84 16
183 63
6 53
85 17
132 192
142 60
147 158
105 110
198 68
71 4
26 93
62 183
151 45
166 158
17 149
142 136
192 103
39 7
135 192
150 82
63 125
180 118
39 25
104 90
95 45
183 75
44 188
137 48
200 123
190 125
164 49
90 102
25 78
97 67
11 61
75 11
120 184
84 125
67 115
49 93
185 70
142 66
23 161
84 100
137 25
189 146
74 93
31 101
167 156
123 14
164 113
194 100
151 38
123 88
28 172
164 46
198 19
32 142
94 41
44 189
144 86
34 60
61 112
126 62
97 170
66 17
104 33
42 170
45 183
151 108
198 149
5 128
179 127
110 135
80 192
66 107
154 3
56 16
121 154
59 95
191 1
25 137
191 19
33 110
127 170
121 89
125 200
36 61
6 59
48 18
185 170
171 71
153 195
17 121
174 3
93 102
114 29
22 178
121 183
129 96
64 16
153 21
101 180
97 160
32 144
137 180
60 156
199 46
2 32
31 146
151 17
35 160
70 19
83 169
171 59
104 169
189 5
87 28
137 173
68 60
108 75
140 48
106 191
36 66
34 143
168 160
150 129
33 155
35 187
147 12
183 85
43 63
128 31
80 110
44 132
194 175
166 101
33 130
163 39
37 136
115 129
183 20
124 127
54 95
192 81
176 194
60 102
164 99
47 82
194 178
178 91
128 166
86 167
124 106
66 166
17 155
90 135
108 124
78 6
186 176
188 5
112 164
168 9
150 106
7 183
13 152
164 43
92 11
193 27
174 16
30 131
152 14
21 69
134 130
200 29
95 53
183 136
60 125
105 17
155 175
84 170
89 62
62 198
57 132
169 75
96 135
128 198
42 138
100 79
119 52
20 169
131 29
148 80
32 175
32 168
108 183
130 125
169 198
155 107
171 61
134 7
159 80
165 144
155 190
8 94
130 138
187 131
121 168
35 50
181 194
54 45
94 165
146 180
38 12
129 4
8 169
120 187
133 152
63 169
158 184
41 14
154 36
131 86
17 114
1 66
58 120
30 120
56 113
66 105
26 65
80 12
86 150
36 121
89 28
164 155
146 94
28 162
32 100
162 50
171 84
19 30
83 178
188 60
37 5
156 100
75 103
91 104
83 67
111 140
154 157
60 179
13 160
142 179
153 58
5 182
97 108
84 191
133 84
34 70
82 198
167 174
166 195
144 193
155 65
177 175
16 147
100 119
182 15
44 102
193 101
108 47
68 158
200 129
118 36
194 160
9 2
12 124
119 34
172 48
45 60
139 13
129 179
25 150
97 129
183 54
26 167
127 94
137 152
7 179
8 41
73 122
28 146
171 179
127 167
196 24
173 14
1 42
120 50
39 129
195 110
27 53
105 179
127 200
182 116
81 175
164 77
129 27
64 88
18 21
30 7
6 184
100 47
176 94
57 7
64 42
199 165
112 88
137 51
90 190
172 143
171 180
66 114
59 57
28 19
81 141
7 47
174 195
135 86
18 181
55 180
123 194
129 101
172 40
35 172
62 173
173 19
188 46
22 180
95 115
35 108
60 124
89 177
27 93
59 2
38 81
28 49
63 55
10 160
64 77
116 91
7 141
92 21
137 96
38 180
153 137
118 83
32 98
127 197
21 38
38 79
22 52
58 130
197 67
69 129
12 15
75 9
9 132
171 181
191 124
194 83
120 195
118 192
149 13
197 176
200 200
92 105
85 196
150 120
171 91
130 3
26 189
12 155
14 132
131 45
150 13
97 179
6 26
62 118
191 17
85 156
131 56
174 87
124 140
176 194
7 17
183 34
37 13
10 28
127 113
164 8
39 36
1 3
119 132
121 197
42 13
42 175
173 104
82 147
32 38
4 126
200 130
2 71
46 193
191 147
80 198
190 1
164 112
131 111
88 181
181 154
25 106
63 32
68 147
182 164
61 73
95 5
20 161
32 44
50 173
46 73
170 26
64 56
98 38
77 97
4 38
92 145
20 21
74 56
120 47
62 114
108 181
19 148
129 67
74 92
174 187
49 141
122 6
151 28
162 142
92 64
11 148
77 187
90 16
161 167
150 35
103 107
151 111
135 83
195 38
95 107
7 47
44 52
137 10
157 29
108 46
160 109
36 45
196 180
4 148
104 170
12 107
111 139
31 4
27 117
10 104
3 105
200 165
187 71
13 94
61 154
142 178
52 157
180 124
9 52
36 120
59 169
37 191
60 140
101 150
13 128
121 45
121 68
136 195
156 139
110 93
94 53
87 187
26 145
24 70
24 103
194 77
22 153
78 4
27 153
197 69
39 164
46 27
150 179
166 125
130 118
27 110
116 44
140 137
136 34
104 199
181 11
61 197
43 181
83 171
102 109
91 118
174 158
51 142
108 176
108 62
134 2
84 122
79 44
128 49
9 4
92 190
130 5
75 191
129 190
41 182
170 176
8 136
22 106
198 131
43 97
31 50
159 5
5 46
159 59
186 55
102 75
159 36
124 188
48 38
160 77
181 181
160 60
29 193
87 22
162 52
73 94
104 56
180 53
13 84
150 113
199 33
141 106
63 183
138 194
122 97
131 99
162 1
136 130
142 28
98 60
27 39
67 98
50 181
95 14
24 74
148 58
21 24
69 22
145 77
54 168
75 52
164 158
184 186
111 84
187 31
19 164
23 147
24 156
187 131
167 123
112 11
48 20
178 165
33 3
146 90
64 184
97 144
29 127
7 197
8 11
191 193
119 63
115 93
92 64
162 21
176 57
137 51
159 172
194 132
128 66
114 184
55 198
49 3
160 16
3 161
142 40
177 72
123 172
99 25
47 42
23 157
5 116
21 5
107 84
49 172
44 70
151 149
75 40
129 132
35 143
175 7
67 109
192 140
189 89
162 134
166 70
184 55
117 5
200 104
92 97
184 4
192 150
77 115
107 194
100 180
72 115
30 38
185 176
105 27
188 71
59 22
108 9
43 48
93 175
134 193
148 96
121 154
13 16
118 96
60 5
144 171
130 11
152 64
136 1
94 27
198 23
102 101
172 23
159 173
8 185
33 92
108 41
147 148
196 169
193 62
100 178
159 19
90 160
62 49
92 2
115 108
105 29
127 163
159 136
60 156
190 181
40 186
49 74
96 92
86 174
58 127
65 15
73 163
39 80
117 162
112 152
192 61
169 106
164 52
112 65
91 93
139 122
72 36
86 68
44 157
81 38
64 29
6 131
127 164
160 148
49 129
71 127
51 13
49 57
171 52
127 85
30 122
122 69
190 196
6 45
168 69
49 147
27 118
75 168
161 160
51 9
81 190
19 121
71 135
148 70
166 10
70 181
121 152
186 40
183 187
107 35
91 118
69 90
17 150
169 109
31 72
187 43
159 171
81 118
143 58
3 154
197 197
84 195
152 154
47 96
165 6
177 134
99 23
118 181
145 89
110 103
132 38
88 104
195 185
103 74
151 86
83 57
55 139
171 83
85 51
85 154
17 93
33 20
27 187
200 33
141 2
66 41
197 89
43 90
183 141
57 151
134 172
183 9
104 110
90 90
138 197
89 151
63 135
103 152
192 96
138 175
154 157
101 109
68 84
185 146
154 111
197 81
199 193
2 68
113 67
80 150
151 96
132 179
55 135
120 112
141 147
197 159
128 18
12 10
108 143
141 179
190 125
185 37
140 193
133 172
158 61
78 57
172 137
102 31
79 184
11 24
138 43
104 17
121 15
12 154
53 143
172 4
95 26
55 24
144 157
119 121
105 41
27 32
