p td 3600 6433 
1 578
1 854
1 1530
2 44
2 1685
2 1807
2 1928
3 1360
3 3146
3 3340
4 1855
4 2045
4 3390
4 3501
5 19
5 1148
5 1364
5 1839
5 3337
6 233
6 2293
6 2402
6 2763
6 2816
6 3243
7 295
7 1494
7 1795
7 2157
7 2370
7 2410
7 3280
7 3416
8 16
8 2128
8 3025
8 3333
9 1215
9 2796
9 3436
10 2451
10 2766
11 1704
11 3247
12 1491
12 2601
12 2738
13 1655
13 1682
13 2133
13 2724
13 2882
14 325
14 1724
14 1802
14 1979
14 3039
14 3097
15 503
15 585
16 820
16 2732
16 3329
16 3467
17 227
17 728
17 856
17 2684
17 3135
18 216
19 1344
19 1405
19 1816
19 2564
20 38
20 1419
20 1779
22 1302
22 3044
22 3146
23 202
23 522
23 1434
23 2636
24 62
24 275
24 1197
24 1533
24 2303
24 2553
24 2598
25 426
25 890
25 3390
26 1304
26 2520
27 98
27 713
27 2603
27 3153
27 3187
28 1088
28 1338
28 1341
28 3471
28 3492
29 1335
29 1378
29 2229
29 2895
30 184
30 601
30 1314
30 1510
30 1547
30 1960
30 2632
31 1137
31 1281
31 1565
31 2430
31 3538
32 502
32 1189
34 1452
35 37
35 1380
35 2263
35 3208
35 3255
36 1903
36 2364
37 3251
37 3579
38 1179
38 2017
38 2594
39 938
39 2100
39 2340
39 3183
39 3342
40 2856
40 3047
40 3050
40 3282
41 269
41 946
41 1557
41 3437
41 3559
42 856
42 1376
42 3514
43 1465
43 2957
43 3585
44 146
44 725
44 1050
44 1999
44 2506
45 1466
45 1822
46 267
46 838
46 1410
46 1647
46 2349
46 2606
46 2903
47 403
47 574
47 1150
47 1747
47 3132
47 3228
48 90
48 207
48 962
48 1889
48 2730
48 3160
49 198
49 1570
49 1622
49 1702
50 1341
50 1920
50 2622
51 480
51 1166
51 2293
51 2548
51 2781
51 3349
52 284
52 642
52 1015
52 1343
52 1628
52 1950
52 2156
52 3131
53 299
53 946
54 416
54 813
54 3000
54 3037
55 181
55 407
55 1892
55 3180
56 121
56 489
56 796
56 1239
56 1500
57 786
57 1671
57 1906
57 3492
58 961
58 982
58 2531
59 78
59 481
59 1353
59 2086
59 2486
59 2584
59 2701
59 2770
60 2806
61 206
61 1020
61 3275
62 2921
63 1370
63 3439
63 3530
64 2809
64 3012
64 3183
64 3406
65 684
65 3139
65 3144
66 1264
66 2266
66 2373
66 2698
66 3330
67 686
67 1215
67 1361
67 2416
67 2713
67 3298
68 499
68 758
68 1116
68 1579
68 2182
68 3138
69 105
69 390
69 1116
69 2820
69 2857
70 1257
70 1313
70 2250
70 3072
71 1500
71 1989
71 2203
72 3031
72 3483
73 1942
73 2552
73 2917
74 241
74 638
74 1442
74 3057
75 1081
75 2522
75 3355
76 144
76 155
76 1321
76 2857
77 206
77 1019
77 2980
78 668
78 678
78 1111
78 1701
78 1783
78 2406
78 3532
79 2385
79 2899
79 3250
80 505
80 1852
81 300
81 1234
81 1497
81 1788
82 656
82 828
82 1754
82 1957
82 2274
83 1359
83 1972
83 1980
84 126
84 1867
84 3170
84 3198
85 94
85 1841
85 2562
85 3055
86 213
86 1528
86 2120
87 348
87 1694
88 2537
88 3227
88 3283
89 1621
89 1959
89 3063
89 3282
89 3374
90 2021
90 2913
90 3087
90 3326
90 3359
91 129
91 802
91 1986
91 2172
91 3407
92 701
92 1616
92 2091
92 3027
93 302
93 2115
93 2916
94 147
94 862
94 1585
94 2686
94 3137
94 3247
95 878
96 381
96 613
96 903
96 1114
96 2322
96 3461
97 2383
97 2757
97 3481
98 2583
99 2834
99 3031
99 3345
100 201
100 2947
101 1042
101 1713
102 653
102 1518
102 3555
103 1183
103 1657
103 2417
103 3009
104 1229
104 2676
104 3290
105 2115
105 3297
105 3407
106 1503
106 1548
106 2921
107 714
107 2643
107 3105
107 3147
107 3271
108 1623
108 2123
108 2526
108 3567
109 1864
109 2302
110 1510
110 2021
110 3239
111 854
111 1773
111 3116
112 427
112 637
112 2522
113 1509
114 2706
114 2874
115 517
115 1547
115 1660
115 1833
115 2627
115 3208
116 2332
116 3515
117 187
117 601
117 944
117 2176
117 2306
117 2402
117 3352
118 364
118 3540
119 1466
119 2961
121 3424
122 914
122 3356
123 445
123 3438
124 1582
124 2319
124 2485
124 3452
125 587
125 2100
125 2632
126 1174
126 1398
126 2750
127 1974
127 2370
128 1008
129 1077
129 1317
129 3242
129 3500
130 940
130 1442
130 2839
131 1857
131 2003
132 752
132 1578
132 2889
132 3398
133 1719
133 1740
133 1768
133 2668
133 3415
133 3544
134 1112
134 2984
134 3100
135 546
135 717
135 3256
135 3324
136 1073
136 1534
136 2700
137 720
137 3159
137 3205
138 353
138 2069
138 3279
139 3078
139 3255
140 1807
140 2636
140 3024
140 3127
141 3545
142 188
142 1646
143 693
143 1061
143 1805
143 2980
144 412
145 241
145 2040
145 3155
146 284
146 1630
146 2500
148 1541
148 3002
149 174
149 683
149 2318
149 2555
149 3480
150 417
150 1376
150 2787
151 650
151 1597
151 1817
152 165
152 2540
152 3229
152 3417
153 1221
153 1337
153 2080
153 2880
154 550
154 1296
154 1612
154 3254
155 376
155 952
155 1186
155 1747
155 1818
157 1160
157 2265
158 597
158 1101
158 2017
159 821
159 1571
159 2192
159 2571
160 315
160 1081
160 1956
160 1982
160 2683
160 3125
161 734
161 1636
161 1885
161 2037
161 3498
162 1285
162 1348
162 1623
162 1873
162 2709
162 3130
163 591
164 223
164 495
165 205
165 1090
165 1298
166 1169
166 2831
167 3116
168 618
168 1175
168 3126
168 3301
169 2871
169 3328
170 1337
170 3431
171 832
171 1269
171 1816
171 2753
172 1909
172 2654
172 3169
173 628
173 1548
173 1720
173 2350
173 2396
174 1055
174 2208
174 2275
174 2656
175 1054
175 1546
176 570
176 628
176 683
176 1582
176 2120
176 2897
177 337
177 1027
177 1261
177 2123
177 2510
177 2996
177 3312
178 832
178 2523
179 2825
179 2858
180 1110
180 1284
180 2510
181 2256
181 2335
181 2513
181 2914
182 239
183 539
183 2096
183 2276
183 3140
183 3234
183 3373
184 569
184 2916
184 3243
185 1633
185 1796
185 1874
185 2829
185 3579
186 1940
187 872
187 1194
187 1583
187 2399
187 2642
187 2747
187 2997
187 3318
188 265
188 3121
189 381
189 2050
189 2697
189 2907
191 1910
191 2932
192 1167
192 1338
192 1609
192 3561
193 856
193 2804
194 646
194 2700
194 3052
195 1683
195 1930
195 2560
195 3596
196 564
196 1222
196 1572
196 2748
196 3072
197 823
197 1856
197 2161
197 2248
197 2299
198 833
198 919
198 1626
198 2698
199 389
199 390
199 985
199 1071
199 1379
199 2777
200 810
200 1338
200 2762
201 1479
201 1686
201 2534
202 843
202 1068
202 1888
203 531
203 1147
203 1736
203 3315
203 3495
204 3136
205 1013
205 3271
206 569
206 1393
206 1503
206 1691
206 2664
206 2868
207 593
207 1069
207 2315
207 2404
207 2560
207 2966
207 3395
208 1923
208 2701
209 2088
209 3576
210 234
210 252
210 589
210 921
210 1701
210 1810
210 2113
210 2584
210 3286
211 526
212 250
212 398
213 380
213 625
213 3415
214 923
214 1719
215 759
215 2099
215 3298
215 3333
217 774
217 1971
217 2398
217 2532
217 3319
217 3575
218 1359
218 1490
218 2897
219 1170
219 1660
219 1889
219 3464
220 1003
220 1418
220 2408
220 2766
221 1313
221 2587
222 449
222 788
222 1007
222 1239
222 3370
223 1313
223 2403
223 2577
223 3196
223 3297
224 1837
224 2521
224 2741
224 2929
224 3458
225 268
225 1063
225 2507
225 3574
226 486
226 856
226 978
226 1348
227 1215
227 2731
228 378
228 1206
228 3516
229 1346
229 1770
229 2139
230 865
230 1885
231 1523
231 2122
231 2380
231 2833
231 3118
232 495
232 797
232 2018
232 2823
232 3403
232 3516
233 3193
234 3360
234 3437
235 425
235 3487
236 1352
236 3139
236 3143
237 2636
238 622
238 1385
238 2846
239 1227
239 3055
240 1801
240 1902
241 952
241 1394
241 1801
241 2236
242 2491
242 2656
242 2950
243 977
243 1066
243 2992
244 925
244 2321
244 2906
244 3473
245 323
245 688
245 1059
245 1497
245 3446
246 502
247 314
247 3461
248 657
248 773
248 1653
248 2323
248 3510
249 625
249 757
249 2883
249 3444
250 491
250 863
250 3009
251 1463
251 2149
251 2816
252 3373
253 1846
253 2736
253 3497
254 2727
255 572
255 1195
255 1309
255 1343
256 987
257 667
257 2078
257 2891
258 1745
259 1639
260 875
260 1995
260 2505
260 2507
260 2704
260 3233
261 460
261 1792
261 2042
261 2472
261 3315
262 384
262 712
262 954
262 1643
262 2739
262 3339
263 877
263 1498
263 2200
263 2908
264 1505
264 1799
266 327
266 853
267 2868
268 1216
268 2126
268 2736
268 3320
269 292
269 1038
270 981
270 2077
270 3482
272 1979
272 2695
273 343
273 642
273 2220
273 2497
273 3082
274 897
274 1700
274 3163
274 3287
274 3412
275 877
275 1528
275 1648
275 2494
275 2784
275 3214
275 3486
276 1693
276 2151
276 2339
276 3021
276 3094
276 3428
277 1576
277 2577
278 955
278 1813
278 2379
278 2805
279 2047
279 2306
279 2397
280 1511
280 2975
281 1855
281 1872
281 3086
281 3563
282 598
282 1264
282 1399
282 2921
283 1256
283 3352
284 2553
284 3159
285 626
285 770
285 2029
285 3375
286 431
287 1051
287 1053
287 1067
287 1455
287 1638
287 2023
287 2727
287 2904
287 3469
288 420
288 1403
288 1954
288 2293
289 738
289 2013
289 2959
290 437
290 994
290 1293
290 1518
290 2660
291 423
291 2206
291 3197
292 855
292 981
292 989
292 2829
293 2013
293 2539
293 2893
293 3034
293 3142
294 924
294 1232
294 1435
294 2173
295 867
295 2557
295 3056
295 3091
295 3517
296 944
296 2180
296 3057
297 3155
298 798
298 1046
298 1253
298 2408
298 3377
299 588
299 2104
299 2636
300 2622
300 2785
301 480
301 731
301 3258
301 3404
302 390
302 816
302 1500
302 2755
302 2883
302 3354
303 372
303 1202
303 1739
304 753
304 1020
304 3129
305 665
305 768
305 1079
305 1532
305 2291
305 2719
305 3350
305 3506
306 307
306 535
306 1133
306 1272
306 2421
306 3113
307 2545
307 2797
308 767
308 2492
309 708
309 1227
309 2265
310 972
310 2578
310 2715
310 2824
310 3195
311 355
311 877
311 878
311 1224
311 2491
311 2526
311 2789
311 2831
312 574
312 961
312 1533
312 1803
312 2521
312 3369
313 1125
313 2262
313 2270
313 2480
313 2525
313 2673
314 1046
314 3599
315 639
315 672
315 1165
315 1323
315 3382
316 574
316 2261
316 2413
317 1996
317 2196
317 2262
317 2891
319 560
320 893
320 2839
321 1817
322 470
322 654
322 1575
322 2507
323 370
323 1908
324 529
324 1113
324 1156
324 1665
324 3163
324 3565
326 1805
326 3346
327 1103
327 2859
328 2505
330 753
331 716
331 2565
331 2599
331 2735
331 2925
331 3483
332 428
332 646
332 1496
332 2733
332 3394
333 938
333 949
333 3171
333 3254
334 497
334 732
334 2030
334 2422
334 3223
335 413
335 1044
335 1068
335 1248
335 2120
335 2854
335 3163
335 3549
336 1908
336 3196
337 405
337 508
338 623
338 891
338 2157
338 2817
339 1865
339 1955
339 2869
340 1258
341 795
341 3086
341 3146
342 845
342 1252
342 2478
342 3413
342 3563
343 3155
344 2792
345 712
345 992
345 1218
345 1693
346 2714
347 2332
347 2417
347 3073
348 349
348 836
349 359
349 1914
349 3104
350 2722
351 1490
351 2242
352 789
353 647
353 1557
353 2136
353 2255
353 2428
353 3451
354 611
354 2473
355 1521
355 1691
355 1912
356 692
356 924
356 1445
356 1760
356 2762
357 658
357 1429
358 837
358 2920
359 2689
360 448
361 1882
361 3292
362 1420
362 1865
362 3393
363 872
363 1547
363 2066
363 2984
363 3268
363 3511
364 1673
364 1893
365 1488
365 1900
365 2678
366 868
366 2026
367 1990
367 2888
367 3210
368 1775
368 3217
368 3416
368 3467
369 641
369 2909
370 1976
370 2203
370 2787
370 3035
371 579
371 640
371 1481
371 2570
371 2724
373 2093
373 2627
373 2824
374 962
374 1951
374 1992
374 2814
374 2935
375 2954
376 2887
377 2807
378 1226
378 1875
378 3484
379 1702
379 2983
381 2898
382 995
382 1013
382 2974
382 3381
383 1983
383 2467
383 2885
383 3459
384 955
384 982
384 991
384 1881
384 2783
385 440
385 582
385 1330
385 2343
386 431
386 2159
386 2393
387 511
387 775
388 712
388 1889
388 2043
388 2745
389 470
389 836
389 2726
390 1137
390 1155
390 1520
390 2912
390 2978
390 3102
391 998
391 1655
392 846
392 873
392 1114
392 2091
392 2112
393 1897
394 689
395 1373
395 3502
395 3577
396 1735
396 1747
396 1908
396 2264
396 3149
396 3599
397 755
397 988
397 1678
397 2211
397 2298
397 2480
398 671
398 1044
398 2399
398 2819
399 1824
399 2049
400 1430
401 544
401 1036
401 1660
402 1804
402 1837
402 3052
403 617
403 891
403 1800
404 606
404 1487
404 2393
406 490
406 1852
406 1905
406 2640
406 2964
406 3011
407 1072
407 1390
407 3484
408 840
408 2098
409 536
409 1833
409 1997
409 3148
409 3266
410 458
410 1623
410 2341
410 2527
410 2634
410 3227
411 748
411 799
412 1233
412 2279
412 2306
412 3131
413 863
414 592
414 677
414 682
414 1842
414 2114
414 3069
414 3391
415 1408
415 1535
415 2183
415 2779
416 1524
416 1626
416 2041
416 2472
417 2830
418 2356
419 1286
419 2440
419 2750
420 960
420 1184
421 1264
421 3291
422 844
422 1018
422 1602
422 1741
423 1386
423 2102
424 877
424 2134
424 3163
424 3223
424 3384
425 1263
425 1328
425 2565
425 3479
425 3584
426 893
426 2675
427 734
428 462
428 1035
428 1309
428 1425
428 1933
428 2073
428 2153
428 2813
429 1045
429 1099
429 1155
429 1237
429 2083
429 2698
429 3073
429 3360
430 1478
430 2900
430 3307
431 3142
431 3151
431 3513
432 1073
432 2563
433 910
433 2481
434 513
434 522
434 1123
434 1361
435 1395
435 2395
436 715
436 3421
437 1147
437 1275
437 1421
437 1632
437 2725
437 3498
439 548
439 2240
440 1517
440 2536
440 2656
440 3050
440 3268
440 3598
441 1004
441 1255
441 1620
441 1789
441 1914
441 2792
441 3345
442 518
442 2114
442 3495
443 1026
444 3162
444 3173
444 3415
446 1255
446 1799
447 1749
448 3011
449 557
449 575
449 1542
450 590
450 645
450 1203
450 1288
450 2025
450 3120
450 3199
450 3256
451 1164
452 868
452 1508
452 1732
453 1007
453 2097
453 2231
453 2606
454 551
454 885
454 1876
454 3198
454 3256
455 871
455 1801
456 2327
456 3010
456 3052
456 3059
457 1468
457 2250
458 1934
458 3433
459 1058
459 2123
460 549
460 576
460 840
460 1037
460 2079
460 2100
460 2960
460 3061
461 1282
461 2551
461 3496
461 3578
463 3174
464 846
464 1369
464 1927
464 2349
464 2597
465 1968
465 2103
465 2693
465 2799
465 2829
466 923
466 1063
466 1694
466 2108
466 2112
466 2335
467 1685
468 1213
468 3410
469 1549
469 1668
469 2260
469 2738
469 3186
470 1041
470 3049
470 3054
470 3410
471 789
471 1337
471 3325
471 3441
471 3455
472 967
472 1415
472 2168
472 2580
472 3132
473 874
473 2190
473 2883
474 585
474 1940
474 3317
474 3558
476 1420
476 2583
477 666
477 2053
478 3014
479 2815
480 1602
480 2724
481 817
481 936
481 1007
481 1374
481 2622
481 2669
481 2755
481 3350
481 3508
481 3525
482 665
482 2849
483 1897
483 3212
484 2030
484 2273
484 2576
484 2771
484 2812
485 1475
485 2042
486 527
486 1938
486 2773
487 865
487 3446
487 3535
488 825
488 1884
488 2882
490 996
490 2561
490 2616
490 2714
490 2718
490 2763
490 2939
491 1337
491 1540
491 1752
492 558
492 807
492 1768
492 2036
492 2207
492 2378
492 2872
492 3260
494 2438
494 2968
494 3130
495 551
495 2521
495 2919
496 845
496 857
496 1408
496 2414
496 2723
497 1731
497 1815
497 2970
497 3198
498 576
498 1101
498 3476
499 629
499 2595
499 2947
500 502
500 1310
500 2120
500 2355
500 3284
501 1165
501 1231
501 1683
501 3490
502 1473
502 2079
502 3503
503 694
503 888
503 1655
504 1076
504 1482
504 2335
505 911
505 1076
505 1472
505 1666
505 1809
505 2362
505 2622
505 3059
506 1522
506 1544
508 573
508 2036
508 2914
508 3133
508 3257
509 1223
509 1481
509 1688
509 1958
509 2782
509 3592
510 809
510 1889
510 2458
510 3331
510 3354
511 1718
511 3173
512 832
512 2318
512 2491
512 3277
512 3353
513 1294
515 976
515 1796
515 3085
515 3342
516 669
516 1728
517 3294
518 1242
518 3086
518 3136
519 2027
519 2267
519 3127
520 985
520 2551
520 2715
521 729
521 1384
521 1856
522 1645
522 3182
523 1107
523 1766
523 3542
524 1161
524 1904
524 3521
525 1544
525 3362
526 673
526 1273
526 3421
526 3499
527 3461
528 2108
529 986
530 751
530 2124
530 2963
530 2985
531 1013
531 2439
531 2761
531 3359
532 1485
532 2122
532 2610
532 3006
533 1384
533 1566
533 2399
533 3491
534 1728
534 2274
534 2472
534 2769
534 3290
535 1802
535 2453
535 2847
535 3417
536 1326
537 803
537 1641
537 2652
537 2795
537 2823
538 1124
538 2624
539 2606
540 873
540 1246
540 1569
540 1650
541 3441
542 596
542 2239
542 2525
543 1599
543 3477
544 731
544 2026
545 699
545 1338
545 2059
545 2443
545 2835
546 905
546 971
546 1700
546 2549
547 2494
547 3403
548 1590
548 1666
548 2004
549 1489
549 3401
549 3573
550 1942
550 1964
550 2011
550 2905
550 3122
551 1697
552 2710
552 3190
553 1544
553 2965
554 1232
554 2123
554 3289
555 1314
555 1371
555 1842
555 2023
556 635
556 976
556 2750
558 668
558 1763
558 3446
559 2270
559 2901
559 3176
560 1397
560 1565
560 1855
560 2297
560 2688
561 953
561 1369
561 3003
561 3193
562 1675
562 2027
562 2245
563 890
563 1064
563 1910
564 1290
564 1438
565 1165
565 3452
566 636
566 1254
566 2219
566 3579
567 1032
567 1513
567 2155
567 2833
568 672
568 1027
568 1030
568 3166
569 1691
569 1700
570 909
570 1813
570 2184
570 2643
570 2744
570 2795
570 3400
571 1482
571 2532
571 2552
571 2982
571 3038
572 3073
572 3490
573 1587
573 1755
573 3496
574 1453
574 1670
574 1748
574 3250
575 1629
575 2324
575 2459
575 3053
576 911
576 1445
576 1955
576 2358
576 2771
577 1604
577 1765
577 2105
578 1553
579 3008
579 3231
580 1078
580 1210
580 1631
581 773
581 1112
582 2746
582 2965
583 1907
583 2139
583 2948
584 1169
584 1196
584 2187
585 758
585 1033
585 1057
585 1942
585 2905
586 1446
587 1143
587 1574
588 988
588 1983
589 868
589 1122
589 1132
589 1421
589 2656
589 2737
589 3020
590 620
590 963
590 1335
590 1923
590 2450
590 2760
591 1108
591 1328
591 1587
591 2370
591 2372
591 3107
593 1607
593 3588
595 1198
595 1342
595 2698
595 3192
596 738
596 1184
596 1995
596 3541
597 2352
597 2960
597 3541
598 1596
598 1961
598 2552
599 1781
599 1954
599 3031
599 3216
600 1694
600 2276
601 1161
601 2027
602 1369
602 2230
602 2612
602 2798
603 1451
603 3309
603 3439
604 922
604 1191
604 1607
604 2521
605 609
605 1382
605 1594
605 2393
605 3111
605 3364
605 3584
606 753
606 1535
606 1943
607 1318
607 1545
607 1949
607 2442
608 674
608 1801
608 2077
608 2386
609 2038
609 3394
609 3486
609 3502
610 1293
610 1435
610 2595
610 2666
612 1435
612 1442
612 1523
612 2817
612 3025
612 3198
613 1858
613 3052
613 3132
614 1486
614 1520
614 2755
614 3190
615 2536
617 844
617 1332
617 2776
618 1470
618 1846
618 2457
618 2936
620 1629
620 3234
621 1565
621 1799
621 2088
621 2549
622 1496
622 1999
622 2802
623 1578
623 2118
623 2318
623 2372
623 3215
623 3491
624 843
624 1332
625 2372
625 2819
626 1118
626 1420
626 1477
626 2646
626 2911
627 694
627 1860
627 3204
627 3279
628 722
629 740
630 1910
631 673
631 1605
631 2027
632 1218
632 1595
633 2488
633 3485
634 1202
634 1502
634 1513
634 2028
634 3139
634 3148
635 950
635 1888
635 1924
635 2385
635 3252
636 1978
637 812
637 1500
637 1849
637 2861
637 2870
637 2960
638 893
638 894
638 1472
638 3021
639 2656
639 3170
640 3065
640 3536
641 729
641 2507
642 832
642 1063
643 677
643 2042
643 2796
644 1126
644 2496
645 1073
645 2597
646 759
646 952
646 1772
646 2552
647 1897
647 2380
648 1424
649 672
649 1433
649 2101
649 2272
649 3001
650 2345
650 3589
651 886
651 1032
651 1129
651 2034
651 2461
651 3300
652 3198
652 3300
652 3498
653 1001
653 1358
653 1413
653 3504
654 1175
654 2550
654 2997
655 1344
655 2334
655 2916
655 3029
656 3203
656 3450
657 1346
657 1474
657 2544
657 2648
658 727
658 2261
659 955
659 1390
660 1296
660 1721
660 2022
660 2032
660 2041
660 2394
660 3258
661 1729
661 2142
661 2402
661 2982
661 3060
662 732
662 1185
663 2765
664 917
664 2624
665 888
665 1235
665 1338
665 1469
665 3240
666 1746
666 2245
666 2649
666 2653
666 2993
667 940
668 2578
669 1250
669 1678
669 2010
669 2536
669 2754
669 2929
670 1130
670 2799
671 859
671 860
671 2000
672 2126
672 2951
673 908
673 2552
673 3152
673 3543
674 2703
674 3307
674 3321
675 1320
675 2073
675 2634
675 2780
675 3021
676 1554
676 2232
677 819
677 935
677 1228
679 727
679 959
679 1784
680 1850
680 2796
681 1231
681 1734
681 1802
681 3062
682 2979
683 1030
683 1608
683 2159
683 2551
684 947
684 1050
684 1257
684 1778
684 3271
685 2833
686 1970
686 2408
686 2917
686 3140
686 3569
687 3015
688 1411
688 2175
688 3513
689 2290
689 2545
689 3141
690 1239
690 2096
691 1464
691 2370
692 2802
693 1170
693 2156
693 2618
693 2749
693 3484
694 2734
694 2774
695 890
695 1459
695 2664
696 1308
696 2048
696 2921
696 3232
697 2029
697 3037
697 3141
697 3208
697 3471
698 1924
698 2069
699 814
699 895
699 1800
700 968
700 1215
700 1916
700 2930
700 3097
701 846
701 1182
702 1635
702 2584
703 1191
704 1462
704 1787
704 2871
704 3023
705 1854
705 2875
705 3053
705 3547
706 2141
706 2429
706 3434
707 1328
707 1991
707 2155
708 814
708 2495
708 2583
709 1433
709 1715
709 1855
709 2732
709 2864
710 1006
710 1809
710 2955
711 1401
711 2504
711 3383
712 786
712 825
712 2753
713 2063
713 2567
713 3144
714 964
714 2401
715 952
715 2031
715 3381
716 2795
716 3004
716 3393
717 932
717 1104
717 2984
718 1407
718 1508
718 2344
718 3492
719 1376
720 725
720 1257
720 3080
721 875
721 2751
722 1483
722 2032
722 2708
722 3012
722 3106
722 3455
722 3460
722 3559
723 792
723 1116
723 1235
723 2474
724 1363
724 2642
724 2674
725 3255
725 3417
726 2162
726 2191
728 1603
728 2205
729 2079
729 2088
729 2847
729 3296
730 2816
730 3067
731 1466
731 2169
731 3011
731 3498
732 1126
732 2254
732 2404
732 3106
733 1880
734 897
734 1553
734 2449
735 1387
735 2309
736 3070
737 1295
737 1340
737 1937
737 3004
738 1367
738 2248
738 2271
738 2628
738 2756
738 2816
738 3347
739 1787
739 2621
741 1362
741 2094
741 2122
741 2372
741 2973
743 1364
743 1427
744 946
744 2017
744 2241
744 2319
744 2431
745 1393
746 1168
746 1623
746 2683
746 2839
746 3326
746 3331
746 3355
747 1359
747 1598
747 2264
747 2908
747 3600
748 1631
749 1210
750 799
750 1203
750 2132
750 2846
751 1853
751 1937
751 2314
751 2667
751 2964
751 3025
751 3398
752 892
753 2092
753 2801
753 2896
753 3264
754 1652
754 2663
754 3514
755 2992
756 2390
756 2826
757 2871
757 3273
758 874
758 2188
759 3584
759 3588
760 1169
760 1744
760 2621
760 3520
761 2590
761 3091
762 901
762 1259
762 2870
762 3213
763 2252
763 2782
763 3020
763 3280
763 3514
764 1044
764 1345
764 1978
764 2272
764 2849
764 3257
765 1001
765 1848
765 3042
765 3068
765 3513
766 978
766 2813
766 3487
767 2918
767 3462
768 1414
768 1755
768 2479
769 2953
771 2730
771 2868
771 3491
772 1019
772 2161
774 2208
775 935
775 987
775 1686
777 1359
777 1474
777 2865
778 2183
778 2271
778 2446
779 3210
780 948
780 2883
780 3179
781 1119
781 1664
781 1839
782 1011
782 1835
782 1934
782 2433
783 1997
783 3347
784 966
784 2049
785 836
785 976
785 1209
785 1397
785 1875
785 3055
785 3068
786 841
786 1708
786 1810
786 2401
786 2680
786 3005
787 1511
787 2653
787 3192
788 1094
788 3351
789 2056
789 2955
789 3059
790 1006
790 1208
790 1210
790 1262
790 1403
790 1614
790 1739
790 2496
790 2674
790 3037
791 2468
791 3138
792 2152
793 845
793 3411
794 3008
795 901
795 2019
795 2797
796 1769
796 3295
796 3391
796 3527
797 2996
798 2821
798 3484
799 1317
799 2291
800 986
800 1984
800 2519
800 2988
801 2587
802 1644
803 2441
803 3288
804 1186
804 3258
805 955
805 1091
805 1267
805 2559
805 2689
806 950
806 1181
806 1382
806 1849
807 1617
808 1994
808 2917
808 2986
809 823
809 2829
809 3410
811 2921
812 1550
812 2060
813 1467
813 1651
813 1943
813 2252
813 3012
813 3069
813 3406
814 1315
814 2486
814 3102
814 3265
815 2588
815 2777
815 3230
815 3238
816 993
816 1521
816 3533
816 3600
817 1230
817 1429
817 2376
817 2470
817 3141
817 3474
818 1794
818 1922
818 2455
818 2819
818 3177
819 1848
819 2457
820 1440
820 3078
821 2341
823 876
823 1100
823 2318
823 2588
823 2796
824 1930
825 1925
825 1978
825 3255
825 3380
825 3497
826 1056
826 1174
826 3123
826 3137
827 1024
827 2001
827 2377
828 3178
828 3425
829 1892
829 3142
830 2110
830 2459
830 2734
831 2631
832 1361
832 1496
832 2606
832 2862
833 1003
833 3276
833 3283
833 3360
834 1509
834 2992
835 1241
835 1760
835 3468
836 2765
836 2875
837 1583
837 1767
837 1817
837 3060
837 3190
837 3220
838 1759
838 2390
839 1047
839 1689
839 2587
839 3202
840 3325
841 1016
841 1133
841 2312
842 2348
843 2551
844 2271
844 3028
845 1518
845 1686
845 1852
846 1140
846 2548
847 979
847 1089
847 1774
847 3420
848 1627
848 1994
848 2903
849 1281
849 1324
850 1806
850 3080
850 3390
851 3065
851 3460
852 3429
853 1854
853 3340
853 3421
854 2203
854 2579
854 3514
855 1171
856 1998
856 2746
856 2797
856 3097
857 1960
857 2119
857 2919
858 1507
858 1929
859 1828
860 1064
860 1711
860 1881
860 2666
862 1428
862 2408
863 925
864 921
864 1193
864 2034
865 1366
865 2519
865 3364
865 3539
865 3570
866 2191
866 3115
866 3335
867 2480
867 2867
867 3512
868 2629
868 3433
869 1072
869 1699
870 990
870 2782
870 3012
870 3126
871 1721
871 2478
871 2962
872 1184
872 2853
872 3537
873 1281
873 1608
873 1966
873 2906
874 984
874 1475
874 1541
874 1855
874 2239
874 2822
874 3086
875 3000
876 1094
876 1883
876 2068
876 2946
877 1032
877 2202
877 3030
878 1189
878 2139
878 2285
878 2939
878 3003
879 1959
879 2798
879 3529
880 1198
880 1485
880 2016
880 2189
881 1227
882 2842
882 3279
883 2708
884 1183
884 1432
884 1470
884 2227
884 2675
885 2767
886 1959
887 2771
888 942
888 2598
888 3580
889 1763
889 2270
889 2720
890 1526
891 1734
891 1974
891 2098
891 3022
892 1392
892 1607
892 3276
893 1655
893 1895
893 2845
893 2886
893 3174
894 2334
894 2711
894 3514
895 1049
895 2753
896 3086
897 1251
897 1581
897 2301
898 1692
898 3104
898 3428
899 2999
899 3093
899 3211
900 1775
900 1880
900 2356
900 3100
901 1091
901 1464
901 2927
901 2983
902 3524
903 2973
904 1617
905 1468
905 2273
905 2609
905 3017
905 3167
906 2733
906 3081
907 1820
907 2615
907 3527
908 1033
908 1297
909 1318
910 3215
911 1290
911 2472
912 1425
912 1684
913 1478
913 1877
913 2764
914 3078
915 1945
916 959
916 1804
916 2015
916 2081
916 3448
917 1905
918 1423
918 1614
919 3142
919 3529
920 2790
920 3366
921 1162
921 2878
922 1189
922 1536
922 1658
922 2267
922 3174
922 3198
922 3277
922 3482
923 1102
923 2684
924 1597
925 1565
926 1438
926 2371
927 943
927 1354
927 1867
927 3501
928 1807
928 2661
928 3509
928 3524
929 1547
930 1222
930 1927
930 3243
931 1163
931 2580
932 2651
932 3167
933 1131
933 1251
934 1798
935 3219
936 1062
936 1188
936 2023
936 2554
937 1285
937 1814
938 1465
938 2338
938 2391
939 1361
939 1966
940 2234
940 3048
940 3199
941 1383
941 1492
941 1671
941 3073
942 2497
942 3118
943 985
943 2859
945 1162
945 1239
945 1693
946 1137
946 1260
946 2969
947 1905
947 3039
947 3514
948 2725
949 1094
949 1509
949 2173
949 2388
949 2658
950 1755
950 2165
950 2301
950 2391
950 3430
952 1435
952 2308
952 3342
953 2018
953 3447
954 1066
954 1368
954 1999
954 2293
955 2031
955 2508
955 3141
956 3059
956 3581
957 3325
958 1781
958 2222
959 1307
959 1570
959 2026
959 2126
959 2492
959 2719
959 2926
960 1716
960 2607
960 2946
960 3044
961 2704
963 2160
963 3462
964 1794
964 2814
965 1906
965 1940
965 2364
965 2855
966 2236
967 1592
967 1792
967 3347
968 2276
968 2883
968 3313
970 1595
970 2374
970 2432
970 2746
970 3005
971 1760
971 2096
971 2753
971 3015
971 3501
972 1163
972 1557
972 1687
972 1933
972 2067
972 2071
972 2720
973 3515
974 1464
974 3314
976 1744
976 2104
977 3297
978 2487
979 1524
979 1607
979 2889
980 1011
980 1122
980 2266
980 2671
980 3176
981 2325
981 2571
981 3411
982 1267
982 1860
982 3077
983 1133
983 1807
983 3308
985 1336
986 1639
986 3167
987 1107
987 2585
988 2896
988 3024
989 1091
989 1226
989 2688
989 3055
989 3491
990 1944
990 2428
991 1067
991 1651
992 1224
992 2706
993 1316
993 1714
993 2645
994 2737
995 1424
996 2053
996 3121
997 1328
997 1613
997 3387
998 1127
998 1627
1000 1023
1000 1721
1001 1805
1001 1959
1002 1153
1002 3279
1003 1159
1003 2529
1004 2713
1005 1256
1005 1517
1005 1894
1005 2700
1007 2080
1007 2271
1007 2633
1007 2772
1008 1706
1008 2244
1008 2689
1008 2937
1008 3135
1008 3386
1009 1261
1009 1301
1009 1359
1010 1769
1010 1807
1010 2146
1010 2350
1010 3358
1011 2248
1011 3205
1012 1319
1012 1756
1012 3477
1013 2175
1013 2494
1013 3530
1014 1716
1014 2619
1015 1587
1015 2385
1015 2814
1016 1468
1016 2103
1017 2312
1018 1108
1018 2489
1018 2536
1019 1624
1019 2048
1019 3094
1019 3292
1020 2774
1020 3324
1021 2674
1022 3249
1023 1354
1023 1539
1023 2536
1024 3042
1025 1354
1025 1372
1025 1586
1025 2680
1025 3291
1026 1095
1026 1826
1026 2356
1026 2565
1028 3302
1028 3553
1029 2160
1029 3292
1030 1062
1030 1531
1030 2949
1031 1193
1031 1349
1032 1726
1032 1777
1032 3017
1033 2106
1033 2378
1033 2948
1033 3323
1033 3368
1034 1529
1035 1376
1035 1441
1036 1365
1036 3182
1037 2797
1037 3065
1037 3236
1038 2040
1038 2470
1040 1562
1040 1946
1040 2163
1040 2282
1040 3408
1041 1277
1041 1469
1041 1581
1041 1678
1041 2249
1041 2622
1041 2686
1042 1077
1042 3346
1043 1229
1043 1258
1043 2514
1044 1166
1044 1414
1045 1284
1045 2478
1045 3015
1045 3556
1046 2730
1046 3468
1049 3582
1050 3033
1050 3479
1051 1466
1051 1619
1051 2089
1051 3308
1052 1319
1052 1454
1052 3419
1054 1773
1054 2628
1055 1710
1055 2288
1055 3278
1055 3583
1056 1066
1056 1754
1056 2362
1057 3259
1058 1525
1058 1569
1059 1183
1059 1657
1059 2858
1059 3490
1060 1135
1060 1231
1060 1380
1060 1578
1061 2046
1061 2500
1061 3581
1062 1174
1062 2084
1062 2884
1063 1151
1063 1477
1064 1466
1064 3393
1065 1238
1065 1446
1065 1472
1065 1860
1065 3006
1066 2438
1066 2561
1066 2807
1067 1869
1067 3182
1067 3370
1068 1371
1068 2335
1068 2612
1068 2763
1068 2962
1068 3207
1068 3418
1069 1449
1070 2628
1071 1320
1071 1867
1071 2184
1071 2565
1071 2935
1071 2970
1072 1503
1072 1886
1072 2369
1074 1242
1074 2403
1075 2158
1075 3306
1075 3355
1076 2099
1076 3239
1077 2674
1078 1192
1078 2100
1079 1249
1079 1485
1079 2612
1079 3092
1080 1128
1080 1222
1080 1865
1082 2655
1084 1482
1084 3134
1085 1874
1085 2126
1085 2477
1085 2981
1085 3105
1086 1713
1086 2042
1087 1582
1087 2644
1088 1432
1089 1763
1089 3406
1090 2715
1090 3255
1090 3390
1091 1110
1091 2513
1091 3003
1091 3495
1092 1369
1092 1441
1092 1615
1092 2057
1092 2096
1093 3357
1094 1641
1094 1811
1095 1748
1095 2050
1096 1819
1096 3091
1097 1301
1097 1681
1097 3538
1098 3104
1099 1296
1099 1579
1099 2194
1100 3261
1101 3511
1101 3592
1102 1786
1102 1965
1102 2100
1102 2340
1102 2471
1102 3285
1103 1226
1104 1347
1104 1355
1104 2296
1104 2512
1104 2839
1105 1194
1105 2299
1105 3173
1105 3207
1105 3431
1106 2073
1106 2586
1106 2789
1106 2966
1107 1173
1107 2011
1107 2254
1107 2541
1108 2963
1109 1110
1109 1350
1109 1496
1109 3461
1109 3468
1109 3541
1110 2825
1111 1527
1111 2790
1112 1625
1112 2274
1112 2288
1113 1648
1113 1661
1114 1118
1114 1307
1114 1901
1114 1984
1114 2891
1115 1765
1115 1918
1116 1424
1116 1605
1116 2123
1116 2512
1116 3357
1117 1178
1117 1653
1117 2156
1117 2633
1117 2967
1118 1997
1118 2942
1118 3002
1119 1650
1120 1156
1120 1746
1120 3146
1121 1333
1121 3439
1122 1522
1123 2142
1123 2711
1124 1242
1124 1390
1124 2656
1124 3199
1125 1940
1125 2086
1125 2440
1125 3021
1127 1326
1127 1588
1127 2860
1127 2980
1128 1708
1128 2007
1129 3036
1129 3097
1129 3473
1130 3564
1131 2530
1131 3315
1132 1459
1132 1780
1132 2579
1133 1375
1133 1951
1133 2011
1134 1696
1134 2680
1135 2375
1135 2511
1135 2851
1135 3206
1135 3250
1136 2087
1136 2876
1136 3198
1136 3593
1137 1868
1138 1620
1139 1562
1140 1203
1140 2946
1140 2985
1140 3199
1141 2501
1141 2515
1141 3254
1142 1428
1142 1831
1142 3033
1142 3278
1142 3477
1143 2425
1143 2492
1144 2168
1145 2585
1145 3266
1146 1458
1146 2530
1147 1166
1147 2485
1147 3123
1148 1942
1148 2401
1149 1675
1150 1822
1150 2472
1150 3115
1151 1386
1151 1996
1151 2922
1151 3037
1151 3079
1152 2749
1153 2231
1153 2657
1153 3297
1154 2367
1154 2621
1155 2502
1155 3292
1156 2186
1156 3140
1157 1381
1158 1873
1159 1726
1159 2759
1160 2173
1160 2629
1161 1493
1161 2046
1161 2117
1161 3277
1162 1248
1162 2507
1162 3413
1163 3059
1164 2719
1165 1204
1165 1643
1165 2239
1165 2546
1165 3427
1165 3528
1166 1734
1167 1912
1168 1542
1168 2139
1168 2939
1168 2963
1169 3054
1169 3577
1170 2944
1171 3516
1172 1384
1172 2751
1173 2115
1173 3146
1173 3332
1174 2098
1174 3520
1175 1251
1175 2254
1175 3202
1176 1448
1176 1883
1177 2727
1179 1610
1179 1706
1179 1736
1180 1279
1180 1939
1180 2649
1180 3171
1180 3392
1180 3409
1181 3107
1182 2225
1182 2253
1183 2287
1183 2366
1183 2811
1183 2895
1183 3125
1184 3089
1185 1466
1185 2554
1185 2595
1185 2973
1186 3573
1187 1538
1187 2292
1187 3392
1188 1562
1188 2742
1188 2883
1189 2395
1189 2436
1189 3027
1189 3189
1190 2078
1191 1583
1191 3121
1191 3171
1191 3370
1191 3558
1192 1212
1192 1689
1192 2510
1192 2814
1192 3334
1193 2395
1193 3310
1194 1291
1194 3263
1196 1465
1197 2198
1197 3478
1197 3505
1198 1279
1198 1650
1198 1654
1199 1585
1199 1885
1200 1492
1201 2182
1201 2226
1202 1302
1202 2450
1202 3385
1203 1529
1203 1615
1203 2117
1203 2391
1203 3433
1204 1348
1204 2818
1204 2914
1205 2070
1208 2418
1209 1829
1210 2670
1210 2847
1211 1226
1211 1725
1211 2809
1211 3521
1212 1353
1213 1245
1213 1779
1213 1984
1213 2984
1213 3522
1214 1642
1215 2424
1215 2530
1215 2940
1216 2602
1217 2277
1219 2989
1222 3092
1223 2158
1223 2703
1224 2138
1224 3458
1225 2615
1225 2718
1226 1976
1226 2626
1227 3528
1228 1588
1228 2363
1228 3513
1229 2307
1229 2793
1229 3072
1230 1368
1230 1673
1230 1955
1230 2064
1230 2110
1230 2519
1230 2778
1230 3592
1232 1501
1232 3537
1233 3440
1234 1369
1234 1797
1234 1993
1234 2001
1234 2231
1234 2579
1234 2582
1234 2926
1234 3136
1235 2062
1235 2838
1236 3295
1237 1462
1237 1524
1237 1661
1237 2123
1237 2151
1238 1567
1238 1893
1238 2613
1238 3040
1239 2422
1239 3306
1240 1899
1241 1652
1241 1804
1241 2872
1241 3437
1242 1480
1242 1728
1242 1962
1242 3390
1243 1875
1243 2165
1243 2812
1244 1322
1244 2325
1244 3055
1245 3283
1246 2237
1246 2808
1248 2848
1249 1515
1249 2651
1250 1389
1250 1949
1250 3319
1251 1359
1252 1406
1252 3176
1253 1987
1254 2170
1254 3419
1255 1328
1256 1659
1257 3387
1257 3511
1258 1822
1258 2198
1258 2247
1259 1611
1260 1321
1260 1755
1261 1929
1261 1964
1261 2637
1262 2470
1263 2464
1263 3470
1264 1548
1264 1701
1264 2938
1266 1335
1266 2852
1266 3134
1267 2077
1267 2175
1268 1328
1268 2389
1268 2411
1269 2751
1271 2030
1271 3118
1273 1311
1273 2018
1273 2911
1274 1850
1274 3366
1274 3546
1275 1899
1275 2920
1277 3037
1278 1396
1278 1497
1278 2404
1278 2877
1278 3060
1279 1470
1279 1577
1279 1782
1280 1392
1280 1419
1281 1500
1281 1520
1281 1640
1281 1653
1281 1861
1281 2851
1281 3333
1282 1803
1282 1874
1283 2036
1283 2412
1283 2659
1283 2820
1283 3055
1284 1421
1284 1830
1284 2630
1285 1949
1285 3073
1286 1478
1286 1655
1286 1926
1286 2197
1286 2394
1286 2499
1286 2714
1286 3086
1287 1387
1287 2457
1287 3141
1288 1972
1288 3574
1289 2168
1289 2651
1289 3524
1290 1746
1290 2023
1290 3056
1292 3560
1293 1559
1293 2348
1293 2386
1293 3590
1294 1866
1294 2984
1295 1351
1295 2050
1295 2432
1295 2842
1295 3191
1296 2144
1296 2756
1296 3280
1296 3382
1298 1333
1298 3567
1299 1420
1300 2698
1300 2902
1300 3511
1301 1467
1301 2375
1301 2850
1301 3051
1302 1731
1302 2424
1302 2499
1302 3417
1303 2758
1303 3105
1304 1599
1306 1492
1306 1620
1306 2811
1306 3297
1307 1525
1307 2563
1307 3144
1308 3473
1309 2447
1310 1526
1310 2612
1311 3415
1312 1731
1312 3296
1313 1411
1313 1572
1314 1437
1314 2881
1314 2947
1314 3380
1315 2856
1316 1333
1316 1705
1316 1717
1316 3299
1317 1883
1317 2192
1317 3198
1318 2704
1318 2720
1319 2507
1320 1397
1320 2219
1320 2469
1320 2781
1321 2055
1322 2041
1322 2251
1322 2264
1322 2772
1323 1360
1323 3434
1324 1350
1324 3049
1325 2412
1325 3063
1327 2222
1327 3071
1329 1717
1329 2660
1330 1571
1330 1780
1330 2274
1330 2475
1330 3497
1331 1587
1331 2251
1331 2372
1331 2450
1331 2780
1331 2999
1332 1413
1332 1841
1332 2613
1332 2887
1332 3292
1333 1364
1333 1818
1333 2387
1333 2929
1333 3252
1334 3497
1335 1592
1335 2444
1335 2499
1335 3028
1335 3425
1336 1707
1336 2950
1337 2212
1338 1368
1338 2342
1338 2350
1338 3160
1339 1964
1339 2419
1339 3184
1340 1869
1340 3587
1341 3215
1342 2365
1342 2658
1342 3588
1343 2933
1345 2640
1345 2936
1346 1484
1346 2071
1346 2082
1346 2339
1347 1788
1348 2485
1348 3145
1348 3384
1349 1454
1349 1572
1349 2062
1349 3192
1349 3337
1350 2752
1350 3399
1351 2091
1351 2549
1351 3499
1352 1435
1352 2369
1353 1535
1353 3548
1353 3596
1354 3347
1355 1919
1355 2390
1355 2531
1355 3487
1355 3493
1356 1531
1356 2079
1356 2108
1356 2356
1356 2671
1358 2085
1359 2452
1359 3264
1360 1537
1360 1564
1362 1936
1362 2785
1363 3440
1364 2842
1364 2933
1365 1985
1366 1760
1366 1953
1366 2322
1367 2113
1367 3508
1368 2139
1368 3045
1368 3125
1368 3465
1370 2018
1370 2319
1372 2309
1373 1853
1373 2540
1373 2702
1373 3072
1373 3241
1373 3426
1373 3597
1374 2957
1375 2116
1375 2880
1375 3140
1375 3382
1376 2639
1376 2811
1377 1909
1377 3335
1378 2209
1381 1574
1381 1692
1381 1717
1381 2170
1381 2564
1382 1485
1382 1812
1382 1881
1382 2271
1382 3221
1382 3481
1382 3553
1383 1491
1383 1530
1383 3540
1384 2053
1386 1901
1386 2479
1387 1580
1387 1845
1388 2029
1388 2418
1389 1687
1389 2392
1389 3501
1390 2187
1390 2816
1390 3576
1391 2391
1391 3404
1392 2211
1392 2328
1392 3040
1394 1847
1394 2573
1395 2962
1395 3173
1396 2989
1397 2004
1397 2419
1398 2064
1400 1631
1400 1688
1400 1883
1400 2053
1401 2244
1402 1939
1402 2099
1402 2205
1404 1671
1404 2026
1404 2722
1405 3380
1406 1487
1406 2636
1406 2643
1409 2297
1409 2775
1409 2783
1409 3578
1410 1770
1410 1897
1410 2675
1410 2709
1410 2921
1410 3253
1411 2023
1411 3113
1413 1742
1413 2532
1413 2660
1413 2711
1413 2880
1413 3473
1414 1927
1414 2958
1414 2978
1414 3464
1415 1685
1415 2140
1416 1536
1416 1577
1416 1952
1416 2544
1416 3005
1417 1430
1417 1457
1417 2855
1417 3342
1418 1497
1418 3368
1418 3509
1419 2309
1419 3491
1420 1633
1420 2660
1421 2481
1421 3321
1421 3448
1422 2856
1422 3390
1423 1482
1424 1737
1424 2819
1425 1652
1425 3296
1426 1702
1426 1872
1426 2215
1426 2428
1426 2434
1426 2450
1426 2929
1426 3435
1427 2595
1427 2768
1428 1642
1429 1435
1429 3142
1430 1642
1430 2131
1430 2585
1430 3115
1431 1474
1431 1778
1431 2343
1431 2500
1431 2755
1431 2773
1431 2898
1432 2412
1432 2859
1433 2736
1434 2161
1434 3318
1435 3205
1436 3038
1437 2681
1437 2856
1438 2301
1438 2801
1438 3178
1438 3310
1439 2772
1440 2674
1440 2843
1440 2844
1441 1642
1441 3254
1441 3533
1442 1948
1442 2590
1443 1593
1443 1802
1443 1998
1443 3328
1443 3404
1444 2163
1444 2519
1444 2630
1444 3492
1445 2230
1445 2331
1446 1476
1446 2288
1446 3179
1447 2143
1447 3371
1447 3420
1449 3224
1449 3565
1450 1824
1450 1978
1451 2289
1451 2421
1451 2928
1452 1711
1452 1721
1453 2033
1453 2924
1454 1676
1454 2561
1455 1802
1455 2172
1456 1946
1456 3124
1457 2005
1457 2555
1458 1786
1458 2707
1458 2878
1459 1727
1460 1869
1460 2355
1460 2574
1461 1698
1461 2447
1461 3286
1462 2355
1463 1542
1463 1974
1463 2354
1463 2577
1464 2194
1464 3180
1465 2117
1465 3249
1466 1663
1466 1729
1466 2262
1466 2541
1466 2942
1467 1977
1467 2164
1467 3253
1468 3010
1469 2188
1469 2545
1469 3542
1470 3333
1471 2258
1473 1694
1473 1756
1473 3265
1473 3336
1473 3346
1474 2013
1474 2865
1474 3144
1474 3429
1475 2511
1475 3564
1476 2034
1476 2227
1476 2271
1476 2645
1476 2901
1477 2507
1477 3081
1478 1773
1479 2049
1479 2078
1479 2301
1479 3557
1480 2568
1480 3207
1481 1550
1481 1767
1481 2654
1482 1894
1482 3116
1482 3455
1483 2266
1484 1542
1484 1676
1484 2789
1485 2494
1486 3261
1486 3497
1487 1583
1487 3104
1489 1857
1489 1863
1489 2221
1489 2270
1489 2529
1489 2578
1489 2970
1489 3544
1491 2051
1491 2214
1491 2534
1491 3438
1492 3270
1493 1825
1493 2434
1493 2454
1493 3102
1493 3429
1495 2197
1496 2739
1497 1585
1497 2399
1497 2739
1497 2913
1498 1801
1498 2383
1498 3323
1499 2119
1500 1789
1500 2048
1500 2704
1501 1605
1501 2010
1501 3246
1501 3596
1502 2272
1503 3452
1504 2058
1504 2200
1504 2305
1504 3176
1505 2572
1505 2767
1505 2871
1506 2640
1506 2912
1508 1819
1508 2549
1508 3165
1509 3491
1510 2431
1511 2309
1512 1877
1513 2502
1513 2838
1514 1727
1514 2544
1515 2967
1515 3406
1516 1676
1516 1678
1516 2048
1516 2158
1516 2449
1517 2512
1517 2789
1517 2926
1518 2152
1518 2905
1519 1646
1519 1877
1519 2655
1519 2772
1520 1633
1520 2255
1520 2975
1521 1636
1521 1937
1523 2397
1523 3473
1524 2565
1524 2998
1524 3229
1524 3260
1526 1537
1526 3487
1527 2165
1527 3134
1527 3161
1527 3439
1528 1999
1528 2034
1529 3452
1530 2371
1530 2899
1531 1908
1531 2282
1531 2324
1532 2464
1532 3276
1533 1652
1534 1564
1534 2852
1535 2833
1536 3118
1537 1887
1537 1985
1537 2310
1537 2423
1538 1818
1538 2361
1538 2398
1539 2188
1540 2040
1540 2173
1540 2413
1541 2206
1542 1695
1542 2542
1542 2662
1543 1813
1543 2668
1544 2442
1544 2711
1544 2878
1544 2965
1545 2477
1545 2925
1546 1626
1546 2590
1547 1871
1547 2284
1547 3479
1548 2003
1548 2315
1548 3491
1549 2482
1549 2622
1549 2864
1551 2295
1551 2848
1552 3109
1553 2797
1553 3578
1554 1561
1554 1663
1554 2099
1554 2135
1555 2092
1555 2194
1555 3042
1556 2926
1557 2794
1558 2113
1558 2780
1558 2860
1558 3230
1559 1801
1559 1986
1559 2478
1559 2632
1559 3092
1560 2088
1561 1884
1561 2346
1561 3075
1561 3348
1562 2413
1562 3313
1563 2023
1563 2616
1563 3124
1563 3440
1564 2942
1565 1997
1565 2812
1565 3151
1565 3411
1566 2080
1566 2127
1566 2329
1566 2737
1566 3590
1567 2039
1567 3069
1568 1893
1568 3395
1568 3475
1569 2105
1569 3067
1570 1889
1570 2195
1570 3521
1570 3568
1571 2200
1571 2631
1571 3504
1572 2697
1573 1625
1574 1791
1574 2689
1575 1894
1575 2251
1575 2338
1576 1819
1576 2381
1577 1626
1578 1793
1578 2181
1578 2549
1578 3555
1578 3586
1579 1745
1579 2069
1579 2229
1579 3363
1580 1840
1580 2962
1581 2809
1581 2838
1581 3177
1584 2053
1585 2788
1586 2598
1587 1667
1588 1752
1588 2490
1589 1684
1590 1621
1590 2286
1590 2391
1591 1839
1591 2777
1591 3015
1592 1883
1592 2503
1592 2629
1593 2080
1593 2675
1594 2142
1594 2689
1594 2730
1594 3261
1594 3382
1596 2328
1597 2372
1597 3294
1598 1936
1598 2619
1598 2740
1598 3027
1599 2528
1599 3590
1600 1731
1601 2337
1602 2000
1603 1802
1604 2222
1604 2261
1604 3069
1606 1673
1606 2483
1606 3063
1607 1993
1607 2197
1607 2308
1607 2403
1607 2476
1607 3573
1608 2616
1608 2685
1609 3520
1610 3480
1610 3519
1611 1761
1611 2223
1611 2308
1611 2741
1611 2980
1611 3122
1612 2193
1612 2292
1612 2469
1612 2520
1612 2906
1614 3529
1615 1622
1615 2910
1616 1763
1616 1997
1616 2335
1616 2398
1616 3211
1617 1647
1618 3593
1619 1877
1619 2681
1620 1644
1620 2382
1621 2338
1621 3497
1622 2648
1622 2962
1622 3552
1623 3153
1624 2565
1624 3094
1624 3103
1625 1813
1625 1883
1625 2994
1626 1919
1626 2331
1626 2518
1626 3279
1628 2012
1628 2456
1629 1744
1629 2454
1629 2880
1629 2900
1629 3178
1630 1683
1630 1737
1630 2203
1630 2670
1631 2070
1631 3032
1631 3209
1632 2323
1632 2375
1633 1734
1633 2321
1633 3374
1635 1804
1636 2162
1637 2274
1637 2588
1637 3250
1638 2602
1638 3059
1639 2444
1639 2586
1639 3244
1640 2588
1641 1700
1641 3031
1641 3575
1643 2512
1644 2022
1644 2095
1645 1847
1645 2250
1645 2557
1646 1672
1646 3285
1647 1822
1647 2596
1648 1664
1648 1679
1648 3051
1649 2741
1650 1750
1650 2015
1650 2224
1650 3378
1650 3584
1651 2791
1651 3368
1652 2212
1652 3568
1654 2106
1654 3422
1655 1665
1655 2556
1655 2631
1655 2704
1655 3372
1655 3503
1656 2316
1656 2499
1656 2550
1657 3225
1658 2771
1658 3530
1658 3543
1659 2433
1660 1759
1661 3469
1662 2075
1662 2457
1662 2533
1662 2660
1662 3118
1663 2234
1663 2239
1663 2717
1663 3346
1665 1745
1665 3258
1666 2735
1666 2950
1666 3105
1667 2283
1667 2390
1667 2601
1667 3155
1668 2269
1668 3161
1669 1827
1669 1915
1669 2260
1669 2860
1670 1994
1670 2065
1671 2152
1671 2918
1671 3347
1672 2064
1672 2490
1673 2346
1673 2785
1673 3274
1674 2958
1674 3037
1676 3349
1678 2625
1678 2727
1679 3409
1680 1990
1680 2348
1680 2995
1682 2563
1682 2885
1682 3065
1683 2104
1683 2735
1683 2932
1683 3489
1684 1826
1684 1930
1684 3060
1684 3230
1684 3549
1686 2508
1686 2628
1686 2733
1687 2812
1688 3555
1689 2451
1689 2740
1689 3281
1690 2824
1690 3369
1692 1934
1692 2050
1692 2585
1694 2232
1694 2503
1694 2863
1694 3073
1695 1973
1695 3582
1696 1754
1696 2071
1696 2928
1699 3147
1699 3511
1699 3526
1700 2879
1701 3085
1703 1788
1703 2623
1703 3390
1704 2380
1704 3331
1704 3574
1705 1778
1705 2428
1706 2759
1706 3446
1707 3027
1707 3408
1707 3417
1708 1995
1709 2227
1709 2942
1709 3530
1712 2463
1713 2616
1714 2056
1716 2057
1717 2313
1717 3049
1719 2863
1719 2870
1719 3463
1721 1803
1722 1914
1722 2266
1722 3480
1723 2259
1723 2506
1724 1994
1724 2389
1725 1977
1725 2209
1726 1934
1726 2376
1726 2642
1726 3206
1726 3468
1727 2973
1728 1753
1728 2362
1729 3225
1730 2010
1730 2652
1731 2040
1731 2518
1731 3451
1732 2209
1732 2678
1732 2993
1733 3132
1734 3124
1735 2115
1736 2433
1736 3489
1738 2685
1738 3326
1739 1836
1739 2463
1740 3141
1741 2245
1741 3456
1742 2132
1742 2532
1742 3072
1743 2342
1743 2738
1744 1916
1744 3585
1745 2081
1745 3124
1746 2223
1746 3003
1746 3375
1748 2541
1748 2567
1748 3163
1748 3190
1749 1752
1749 2223
1749 2554
1750 3521
1751 3497
1751 3549
1755 2608
1756 2278
1756 2300
1756 2620
1756 2967
1757 2599
1758 2675
1759 1956
1761 2324
1762 2109
1763 3105
1764 2160
1764 3028
1765 2370
1765 2837
1765 3130
1765 3371
1766 2454
1767 2918
1767 2946
1768 2404
1768 2833
1768 2970
1768 3242
1768 3309
1769 2769
1769 3080
1771 2610
1772 2351
1773 2288
1773 2434
1773 3546
1774 2265
1774 2625
1774 3125
1774 3480
1775 2975
1776 1946
1776 2110
1777 1914
1777 3005
1778 2679
1778 2893
1780 2738
1780 2802
1780 3070
1780 3284
1781 1809
1782 1974
1782 3288
1783 1821
1783 2378
1784 1935
1784 3163
1784 3469
1786 3121
1788 2961
1788 3028
1789 2331
1789 2550
1789 2895
1790 2481
1792 2333
1792 2366
1792 2810
1792 3059
1793 1809
1793 2993
1793 3200
1793 3408
1793 3537
1794 2332
1795 2738
1795 3024
1795 3415
1796 3185
1796 3507
1796 3528
1797 3174
1798 2168
1798 2370
1800 2369
1800 2865
1800 3317
1801 2430
1801 2848
1802 2405
1802 2887
1802 3502
1805 1904
1806 2197
1806 2532
1808 2056
1809 1841
1811 2611
1811 2764
1811 3173
1812 2888
1812 3247
1813 2467
1813 3583
1814 2651
1814 3271
1815 2526
1816 2454
1817 2232
1818 2312
1818 2897
1820 2549
1820 2869
1821 3362
1822 2649
1822 2839
1822 2991
1823 2227
1823 2283
1823 2540
1824 2322
1824 2862
1824 3078
1825 2205
1825 3433
1826 1889
1826 2777
1826 3188
1826 3253
1827 2340
1827 2420
1827 2697
1828 2860
1828 3487
1828 3582
1829 2164
1829 2606
1830 2449
1830 2589
1830 3500
1831 1849
1831 2752
1832 2796
1833 2966
1835 1926
1835 2702
1837 1968
1837 2797
1837 2863
1837 3382
1839 2029
1841 2693
1841 3140
1842 3465
1843 2155
1844 2695
1845 2512
1845 3111
1846 2137
1846 3233
1846 3558
1847 3152
1847 3272
1848 2156
1848 2425
1848 2567
1848 3451
1850 2197
1850 2495
1851 3401
1852 2505
1853 2024
1853 2082
1854 2297
1855 2113
1856 2730
1856 3517
1857 2285
1857 3566
1858 2830
1859 2224
1859 2622
1860 3191
1860 3380
1861 2035
1861 2056
1861 2856
1861 3105
1862 2050
1862 2760
1863 2406
1863 2671
1863 3192
1863 3263
1864 2880
1865 3071
1866 2486
1866 3114
1866 3278
1867 2910
1867 3190
1868 3128
1868 3357
1869 2945
1870 2548
1870 3241
1870 3409
1871 2121
1871 2481
1872 1923
1872 2529
1873 2125
1873 3033
1874 2449
1874 2596
1874 2674
1874 3017
1874 3584
1875 2358
1876 2258
1876 2511
1877 2873
1877 3249
1877 3546
1879 3153
1879 3389
1880 2698
1880 3177
1883 2128
1885 2136
1885 2380
1885 2650
1885 3577
1886 2220
1887 3106
1887 3294
1888 1986
1888 3274
1889 1920
1889 2960
1889 3420
1890 2579
1890 3047
1891 1943
1891 2593
1892 2031
1892 2710
1893 2910
1893 2955
1894 2462
1894 2808
1895 1956
1895 2956
1896 3279
1897 2423
1899 1956
1899 2045
1899 2103
1899 3476
1900 2531
1901 2346
1901 3103
1902 2568
1902 3399
1903 2012
1903 2352
1904 2134
1906 2187
1906 2315
1906 2342
1906 2727
1907 1986
1907 2398
1909 2079
1909 2496
1909 3531
1910 1941
1910 2464
1910 3203
1910 3486
1910 3550
1912 2630
1912 2977
1913 2792
1914 3238
1917 2181
1917 2512
1917 3312
1918 2194
1918 3115
1919 2472
1919 3296
1920 2015
1920 2708
1921 3474
1922 3168
1923 2331
1923 3538
1924 2031
1924 3200
1927 2500
1929 2059
1929 2900
1929 3156
1930 3037
1930 3251
1931 3000
1932 2839
1932 3413
1933 2927
1935 2405
1936 2175
1936 2389
1936 3445
1937 2464
1938 2471
1938 3318
1940 2013
1942 3498
1943 3189
1944 3153
1945 2035
1945 2102
1947 2328
1947 3054
1949 2667
1952 1962
1952 2371
1952 2964
1952 2978
1952 3055
1954 3177
1954 3525
1955 2312
1955 2416
1955 2616
1955 3007
1956 2627
1956 2971
1957 2096
1957 2808
1958 2279
1958 2562
1958 3502
1959 2221
1959 3223
1959 3507
1960 2870
1961 3420
1962 2369
1962 2493
1962 2634
1962 2683
1963 3160
1964 3581
1965 2028
1965 2712
1965 3112
1966 2332
1966 2641
1967 2700
1969 2096
1969 3023
1969 3369
1969 3426
1971 3371
1971 3515
1972 2568
1973 2413
1973 3041
1973 3308
1975 2776
1977 2871
1977 2947
1977 3124
1977 3290
1978 3079
1979 3311
1980 2234
1981 2233
1981 3414
1984 2694
1984 3409
1988 3252
1988 3312
1989 3225
1989 3453
1990 2689
1991 2261
1991 2559
1991 3090
1992 2381
1992 2925
1993 2222
1993 2435
1993 2622
1993 3047
1994 2002
1995 3367
1996 2882
1996 3057
1996 3090
1999 2050
1999 3571
2000 2057
2000 3097
2000 3529
2001 2535
2001 3039
2002 2265
2002 2979
2004 2392
2004 3201
2004 3237
2005 2611
2006 2438
2006 2454
2007 2202
2008 2625
2010 2995
2010 3061
2012 2060
2014 3304
2015 2684
2016 2217
2016 2287
2016 2381
2016 2394
2017 3258
2018 2283
2018 2688
2018 3114
2019 3270
2020 2599
2020 3010
2020 3233
2021 2357
2022 2922
2022 3451
2023 2123
2023 2252
2023 2678
2023 3097
2023 3405
2024 2944
2025 2589
2026 2366
2026 2415
2026 3483
2028 2604
2029 2952
2030 3498
2031 2101
2031 2421
2031 2869
2031 3045
2032 2782
2034 2414
2034 3059
2034 3122
2036 2778
2036 3333
2038 2156
2039 2899
2039 3490
2041 3335
2043 2255
2043 2729
2043 2893
2043 3585
2044 2810
2045 2424
2045 2496
2045 3036
2045 3493
2046 2946
2046 3587
2047 2408
2047 3498
2048 2437
2048 3029
2048 3493
2049 3474
2050 2309
2050 3170
2051 2870
2051 3021
2053 2198
2053 2681
2054 2843
2054 3139
2055 2129
2055 2159
2055 2205
2055 2496
2056 3379
2057 3339
2057 3394
2058 3448
2059 3500
2061 2207
2061 2471
2061 3326
2061 3412
2062 2585
2062 2807
2062 3144
2063 2570
2063 2943
2063 3354
2064 2161
2064 2446
2064 2575
2065 3311
2066 3304
2066 3359
2067 3074
2067 3213
2068 2800
2068 3538
2069 2867
2070 2655
2070 3051
2071 2137
2072 2370
2072 2762
2072 3139
2072 3337
2072 3571
2073 2384
2073 3074
2073 3502
2074 2222
2074 2310
2074 2859
2074 3486
2075 2799
2076 2462
2076 3101
2076 3552
2078 2730
2079 3522
2080 3390
2081 2385
2081 3322
2083 2516
2083 2797
2083 2952
2083 3494
2086 2886
2086 3240
2086 3394
2087 2233
2087 2674
2090 2763
2090 3058
2091 2160
2091 3322
2092 2859
2092 3482
2093 3443
2094 3411
2094 3486
2095 2525
2095 2813
2095 2899
2095 3257
2095 3418
2095 3547
2096 2287
2097 3082
2097 3388
2098 2826
2099 2423
2099 2482
2099 2526
2099 2636
2100 2258
2102 2174
2103 2426
2103 2895
2106 3250
2107 3437
2108 2131
2108 2785
2110 3479
2111 2801
2114 2364
2114 2464
2114 2679
2114 3353
2115 2419
2116 3053
2116 3326
2117 2684
2117 2764
2117 2962
2119 2622
2121 2244
2124 2225
2124 2548
2124 2577
2124 2771
2124 3157
2124 3328
2125 3314
2127 3302
2128 3189
2129 2721
2129 3499
2130 2724
2131 3233
2132 2878
2132 3149
2133 2743
2134 2822
2135 2204
2135 2393
2135 2967
2137 2813
2138 2414
2138 2645
2139 2380
2139 2877
2141 2368
2141 3429
2142 3600
2143 2227
2143 2847
2143 2917
2143 3432
2143 3523
2144 2565
2145 2319
2145 2718
2145 3416
2146 2269
2146 2383
2146 3159
2146 3192
2146 3475
2147 3240
2148 2623
2150 2676
2150 3274
2152 2452
2155 2993
2158 2682
2158 3443
2162 2322
2163 2165
2163 2984
2164 2173
2165 2817
2166 3303
2168 2245
2168 2703
2168 2706
2169 2247
2169 2644
2170 3558
2172 2263
2172 2511
2174 2316
2174 2548
2174 2719
2174 2928
2175 2569
2175 3305
2176 2626
2177 2256
2178 3303
2179 2186
2179 3164
2179 3200
2180 3330
2180 3417
2180 3526
2181 3324
2182 3583
2183 2776
2184 2243
2186 2937
2186 3080
2186 3168
2186 3561
2187 2961
2189 3193
2191 2415
2191 2694
2192 3409
2193 2833
2193 2855
2193 3310
2197 2199
2199 2606
2199 3289
2200 2726
2201 2671
2202 3064
2203 2516
2203 2590
2206 2617
2206 2648
2206 3061
2207 2666
2207 3354
2208 2487
2209 2483
2210 2278
2211 2605
2211 2737
2212 3134
2213 3266
2214 2233
2214 3055
2215 3090
2217 2515
2217 3150
2218 3423
2219 2288
2219 3234
2219 3549
2220 2250
2220 3535
2222 2241
2222 2408
2222 2933
2222 3583
2223 2931
2223 3091
2224 2633
2224 3376
2225 3262
2227 2274
2227 3123
2228 2733
2228 2739
2231 2336
2232 3101
2233 2660
2233 3018
2233 3140
2234 2761
2235 2638
2236 2635
2236 3353
2237 2430
2237 3033
2238 2245
2238 3292
2239 3305
2240 2293
2243 2352
2244 2747
2246 2793
2246 2798
2247 3404
2248 2726
2249 2508
2250 2483
2250 2570
2252 2608
2253 3300
2254 2919
2254 3574
2256 2288
2257 3369
2257 3596
2258 2738
2260 3026
2260 3427
2261 3323
2262 2344
2262 2532
2262 3232
2263 2668
2267 2293
2269 2860
2270 2420
2270 2634
2270 2959
2271 2534
2271 3555
2272 3041
2272 3306
2273 3231
2273 3389
2275 2463
2275 2775
2276 3469
2277 2467
2277 3276
2278 2741
2278 2935
2279 2742
2280 2402
2280 2656
2280 3162
2281 3061
2287 3511
2288 3086
2288 3234
2289 3486
2291 2682
2291 2896
2291 3178
2291 3427
2292 3588
2294 2523
2294 3264
2294 3315
2295 2316
2296 2850
2296 3198
2296 3228
2297 3266
2297 3419
2298 2835
2299 2580
2299 3467
2299 3549
2300 3134
2301 2665
2301 2826
2302 2317
2305 3305
2305 3537
2306 2355
2306 3597
2307 2781
2307 2989
2307 3354
2308 2763
2308 3081
2309 2512
2311 3514
2312 2393
2312 2766
2316 2843
2317 3159
2319 2992
2320 2498
2321 2702
2322 3599
2323 2547
2325 2868
2328 2799
2330 3388
2331 3112
2331 3381
2332 3422
2333 2688
2333 2994
2334 2734
2335 3065
2336 2426
2336 3044
2336 3168
2336 3452
2336 3491
2338 2577
2339 2592
2341 3115
2342 2776
2342 3160
2345 2456
2345 2529
2346 2366
2346 3363
2350 2686
2350 3079
2351 3393
2354 2943
2355 2728
2356 2410
2356 2870
2356 3099
2358 2972
2359 3109
2359 3380
2360 2379
2361 3470
2363 2367
2363 2912
2363 3400
2364 2573
2364 3089
2364 3166
2364 3358
2365 2547
2365 3301
2366 2815
2368 2781
2369 2942
2369 3121
2370 3554
2371 3519
2374 3075
2375 2791
2376 3494
2380 3147
2380 3402
2382 2605
2382 2939
2383 2508
2383 3355
2384 2565
2385 2473
2385 3407
2386 2388
2386 2566
2386 2817
2386 2931
2389 2514
2390 3070
2390 3532
2391 2527
2391 3522
2392 2812
2393 2539
2394 3212
2396 2984
2396 3591
2397 2638
2399 2451
2399 2963
2400 3404
2401 2405
2403 2405
2404 2752
2404 2988
2404 3115
2405 3549
2406 3162
2407 2639
2407 2822
2407 3143
2407 3186
2408 3395
2408 3506
2408 3570
2409 2603
2409 2980
2409 3428
2411 2950
2412 2511
2412 2912
2413 2467
2413 3066
2414 2428
2415 2904
2416 2915
2418 2483
2418 3296
2419 2566
2420 2696
2422 2931
2422 3026
2422 3153
2423 2694
2424 2888
2424 2956
2424 3305
2425 2903
2426 3082
2427 2459
2427 2690
2428 2464
2428 2688
2430 2496
2430 3470
2430 3517
2433 2576
2434 3569
2435 2874
2435 3249
2436 2709
2437 2691
2437 2843
2438 2857
2439 3166
2440 3027
2441 2531
2442 3140
2442 3282
2444 2975
2446 2575
2447 2565
2447 3587
2450 2539
2450 3374
2453 2466
2453 2578
2453 3003
2454 2805
2455 2606
2458 3234
2459 2613
2459 2670
2459 2980
2459 3479
2459 3511
2460 3280
2460 3318
2461 3510
2464 2631
2464 3382
2466 3417
2467 2703
2468 2798
2472 3088
2473 3314
2474 2507
2475 2757
2476 2998
2477 3196
2478 2649
2478 3430
2482 2817
2482 2908
2482 2982
2483 2760
2484 3018
2485 2582
2486 2820
2486 3304
2487 3076
2487 3233
2489 2964
2489 3577
2494 2941
2495 3109
2497 2791
2497 2882
2498 3444
2501 2566
2502 2791
2502 3429
2503 2964
2503 3573
2505 2819
2506 3279
2506 3447
2507 2664
2507 3236
2507 3579
2508 3045
2508 3514
2509 3028
2510 2686
2510 2741
2511 2859
2511 2952
2514 2528
2514 2791
2514 2875
2517 2757
2517 3329
2518 3285
2518 3411
2519 2838
2521 2887
2524 2826
2525 2789
2525 2993
2527 2857
2528 3061
2529 2611
2529 3353
2530 2977
2530 3440
2530 3503
2530 3522
2531 2738
2533 3435
2534 2809
2534 3233
2534 3324
2535 2983
2536 2538
2536 2696
2536 3305
2537 2682
2537 2790
2537 3373
2539 3230
2539 3438
2540 2839
2540 3293
2541 2881
2541 2895
2542 3142
2542 3291
2542 3371
2543 2743
2546 2777
2547 3539
2550 3591
2551 3488
2552 3246
2552 3459
2553 2823
2553 2962
2554 3209
2555 2644
2555 2994
2555 3562
2555 3575
2555 3593
2556 3035
2557 3374
2558 2997
2559 2839
2559 3243
2561 3468
2562 2914
2563 3587
2564 3422
2565 3043
2566 3538
2567 2582
2567 2774
2568 2944
2570 3442
2570 3519
2571 3068
2572 2809
2572 3454
2573 3583
2575 2823
2575 3263
2575 3524
2576 2791
2576 2936
2579 2999
2580 2940
2580 3217
2582 3319
2582 3594
2583 3193
2583 3400
2584 3099
2586 2607
2586 3308
2586 3548
2587 3202
2589 3110
2590 2973
2591 3017
2591 3392
2592 2643
2592 3342
2592 3584
2594 3409
2596 2872
2597 3585
2598 3396
2600 2640
2600 2782
2603 2607
2603 2731
2603 2770
2603 2933
2603 3021
2603 3332
2604 2973
2606 3075
2606 3134
2607 3493
2608 3452
2609 2696
2614 3324
2614 3478
2614 3522
2615 2710
2615 3546
2616 2803
2618 3133
2618 3252
2619 2847
2620 3174
2622 3479
2623 2748
2624 2926
2624 3202
2625 2885
2627 2747
2627 3588
2629 3399
2629 3500
2632 2876
2632 3030
2637 3333
2637 3485
2638 3103
2640 2688
2640 3219
2640 3234
2641 3151
2641 3153
2641 3594
2642 3000
2645 2711
2645 3314
2645 3592
2646 2847
2647 2725
2647 3176
2647 3451
2649 3215
2650 3537
2651 3151
2654 2753
2655 3501
2656 3282
2657 3540
2659 3141
2662 2740
2662 3536
2664 3101
2665 2992
2667 3176
2671 2678
2673 2818
2673 2887
2674 3456
2675 3040
2681 2772
2681 3450
2683 3533
2684 3542
2685 3558
2686 2871
2686 3089
2686 3196
2689 3203
2689 3313
2691 2742
2691 3543
2693 2790
2694 2949
2694 3119
2695 3139
2696 2812
2696 2826
2696 2992
2696 3320
2697 2848
2699 3286
2700 3345
2701 2939
2701 3431
2703 3227
2704 2857
2704 3215
2704 3342
2707 3148
2708 3110
2709 2920
2711 3593
2712 3093
2712 3572
2714 2896
2714 3210
2715 3560
2716 3167
2717 3391
2718 3049
2720 3051
2720 3229
2722 3159
2722 3581
2724 3588
2726 3166
2728 2808
2728 3349
2730 3371
2733 3160
2735 3573
2736 3023
2739 3299
2740 3459
2740 3479
2741 3088
2741 3444
2741 3498
2745 3007
2745 3089
2745 3503
2747 3402
2748 3031
2750 2913
2750 2964
2751 3500
2752 3206
2753 2923
2754 3407
2755 3260
2755 3441
2758 2981
2759 2873
2759 3095
2761 3241
2762 2899
2763 3525
2766 3455
2767 3164
2767 3419
2770 3026
2772 3565
2775 2779
2781 3229
2783 3584
2784 2929
2785 2898
2786 3327
2788 3015
2788 3114
2788 3309
2789 3205
2792 2907
2792 2915
2793 2841
2794 3313
2798 3054
2798 3414
2799 2826
2799 3141
2799 3490
2800 2889
2801 2988
2802 3428
2804 3466
2806 3220
2806 3467
2807 3315
2810 3397
2810 3546
2811 3174
2811 3401
2811 3448
2814 2920
2814 3318
2816 3436
2818 3033
2819 3213
2819 3268
2821 3100
2821 3334
2822 3101
2823 3230
2824 3097
2831 3128
2834 3530
2839 3065
2842 3031
2842 3041
2842 3356
2843 3429
2844 2905
2847 2956
2847 3214
2847 3572
2848 3133
2848 3377
2849 3130
2850 2955
2850 3120
2850 3202
2852 2978
2855 3211
2858 3206
2859 3192
2860 2865
2862 3163
2863 3027
2863 3510
2865 3014
2867 3067
2868 3355
2871 3336
2873 3111
2874 3054
2875 3310
2878 3508
2880 3243
2881 2891
2881 3097
2883 3412
2884 3411
2886 3516
2889 3428
2890 3511
2893 3139
2897 3101
2899 2916
2902 3384
2907 3153
2907 3263
2914 3535
2915 3474
2916 3181
2916 3454
2917 3399
2918 2948
2919 3129
2921 3382
2921 3397
2926 3024
2926 3251
2926 3301
2928 3278
2930 3397
2931 3359
2932 3595
2933 3347
2934 3401
2935 3391
2936 3114
2936 3488
2937 3194
2939 3211
2939 3416
2939 3489
2940 3331
2940 3472
2941 3021
2946 3272
2953 2986
2953 3098
2953 3393
2956 3115
2957 3017
2958 3328
2958 3475
2963 3247
2964 3527
2966 2991
2966 3177
2966 3580
2967 2973
2967 3030
2967 3149
2971 3544
2973 2986
2973 3204
2976 3245
2981 3044
2983 3226
2985 3036
2987 3567
2988 3075
2988 3244
2990 3319
2990 3369
2991 3304
2992 3369
2995 3264
2997 3045
2998 3204
2999 3527
3001 3319
3003 3026
3005 3284
3005 3370
3006 3135
3006 3360
3007 3585
3010 3193
3011 3067
3011 3115
3011 3289
3012 3474
3013 3231
3013 3392
3014 3473
3016 3111
3016 3375
3016 3551
3028 3274
3029 3362
3031 3538
3032 3469
3033 3157
3036 3037
3037 3119
3043 3394
3050 3140
3050 3166
3053 3254
3054 3261
3055 3456
3055 3520
3057 3370
3059 3390
3060 3069
3064 3302
3067 3179
3067 3326
3067 3413
3069 3245
3071 3344
3072 3339
3074 3322
3077 3156
3077 3215
3078 3520
3080 3412
3080 3491
3082 3358
3087 3187
3089 3106
3089 3169
3091 3289
3094 3177
3095 3518
3097 3498
3101 3331
3103 3474
3105 3216
3107 3553
3108 3394
3108 3515
3109 3151
3111 3403
3112 3398
3112 3402
3113 3165
3113 3203
3113 3246
3113 3336
3115 3226
3115 3396
3115 3455
3116 3597
3119 3121
3124 3517
3124 3529
3130 3146
3133 3453
3134 3338
3136 3180
3138 3432
3145 3345
3146 3440
3147 3148
3150 3378
3153 3159
3153 3513
3154 3317
3155 3351
3155 3561
3157 3588
3162 3585
3164 3424
3171 3495
3174 3192
3175 3410
3176 3207
3176 3261
3176 3357
3181 3535
3184 3393
3199 3387
3204 3540
3204 3551
3206 3340
3209 3541
3212 3396
3214 3382
3218 3250
3218 3404
3219 3373
3220 3397
3223 3511
3223 3594
3225 3425
3226 3569
3228 3339
3228 3523
3231 3492
3232 3424
3240 3296
3240 3516
3244 3302
3246 3373
3246 3482
3248 3508
3253 3551
3254 3264
3259 3494
3260 3518
3261 3458
3265 3443
3267 3413
3273 3427
3278 3333
3278 3349
3279 3368
3281 3478
3284 3487
3285 3349
3290 3402
3293 3480
3303 3315
3304 3566
3307 3314
3312 3396
3313 3316
3314 3346
3331 3417
3331 3584
3334 3469
3338 3432
3341 3401
3345 3395
3350 3378
3357 3590
3363 3513
3363 3585
3368 3466
3370 3409
3377 3406
3390 3446
3397 3532
3400 3544
3400 3572
3413 3461
3418 3470
3420 3567
3427 3440
3431 3536
3432 3450
3450 3583
3462 3594
3473 3540
3489 3530
3510 3570
3534 3578
3536 3546
3559 3599
3560 3571
