p td 2000 8000 
516 434
563 1442
542 619
1980 738
1711 1745
1201 267
401 1256
1251 1464
333 1884
1022 236
1642 1391
1427 162
1943 1715
595 242
59 523
1528 1963
594 100
1603 1809
968 1312
328 182
1060 305
1345 634
1118 1125
712 289
1868 30
1368 1719
1488 967
1474 1420
207 282
940 359
1245 856
1984 1936
120 331
1380 1429
1017 566
1853 1653
417 1302
1944 1652
1524 47
381 247
1083 1715
802 134
47 1353
759 583
756 1375
1658 753
1847 874
1149 996
190 1590
307 1779
1243 957
241 138
1086 774
1275 1790
721 337
1238 1634
1803 458
132 14
622 1201
313 1856
619 848
987 1480
473 109
617 1755
518 993
775 822
864 5
1926 1059
423 700
1767 1315
1451 1851
478 516
1889 683
1137 861
949 1327
826 1382
1395 179
1543 1608
333 27
674 1995
1013 1841
1604 1261
1706 1164
406 1640
755 1306
367 1307
1646 329
1359 1456
1116 1346
1466 1495
236 1609
1607 812
470 178
888 92
1507 797
942 1057
1117 880
1806 524
488 399
517 1041
1036 1882
396 189
1490 1198
495 758
1978 1523
692 1810
1161 412
190 1576
535 29
572 1743
336 1866
1566 989
688 1125
1949 1890
1894 1597
1402 1433
941 1671
96 1501
1204 278
556 1550
1793 256
441 1681
676 1811
1950 925
1408 1408
160 1505
253 1921
280 90
1997 1202
1681 352
1954 983
513 895
696 1612
1844 1906
1335 1059
96 1301
768 1274
820 243
1041 446
907 626
1989 1369
1490 1954
189 1636
1689 127
1189 37
533 1869
494 292
275 862
92 1789
1455 1195
1391 982
1003 891
752 1387
374 1331
1195 862
154 335
1367 763
462 31
874 273
1125 1503
477 983
1926 449
1144 296
1588 1105
715 1679
754 989
707 1863
1419 567
890 737
1134 1432
1540 1305
810 48
1557 710
48 506
1034 276
645 835
670 560
5 1255
272 1871
579 1191
1016 1109
1334 977
1799 785
417 1940
541 1124
19 97
1479 156
1674 663
264 1752
177 1200
1377 450
1051 1632
394 1240
1411 885
1545 1905
919 1207
166 108
1817 1800
888 304
467 1472
1659 824
1005 1507
1521 150
1404 142
1502 482
454 760
1615 938
334 551
1672 1768
1760 296
1746 1618
574 1850
1242 555
1933 1075
1620 1840
388 1792
469 1075
941 1764
1083 228
460 1293
733 1020
613 807
1530 1131
697 977
135 54
1267 57
1194 1414
141 1525
770 108
873 1624
1129 1631
992 1738
863 643
179 1331
1373 331
1886 1032
1891 1440
823 1824
1394 1357
1480 1810
257 693
1043 1339
338 1851
249 12
1251 1867
259 7
180 1668
30 509
705 384
873 548
747 336
1345 54
1420 527
58 944
256 235
7 286
120 86
711 1238
999 1669
26 1435
1117 409
78 1386
516 1904
1265 1995
1615 913
599 1526
1740 58
1396 202
1750 1419
1285 1940
313 1569
184 1198
1291 1107
1324 644
1421 505
1093 994
1287 212
1473 385
1374 296
526 1743
1727 694
1378 933
399 924
1266 1908
1174 1583
303 1457
1265 1204
1129 1449
1079 1667
1829 113
147 533
204 196
1190 780
321 1122
964 321
754 1591
447 148
1204 1207
73 850
970 32
546 772
624 1991
560 1667
1029 1623
1035 500
636 1117
218 182
308 1316
362 357
1650 222
888 122
1652 1998
1135 1750
304 881
1602 996
1982 641
1763 1646
434 1539
1777 384
317 131
700 1494
1307 324
319 1994
1994 252
1453 763
523 1257
209 1999
787 1582
953 866
238 1171
588 1816
824 1171
1412 430
147 1565
375 223
1684 199
591 890
1595 1148
930 558
99 1225
214 1959
672 1716
928 1983
1265 1015
1124 1167
448 923
496 485
1433 105
644 1206
1259 1821
793 1282
30 790
535 1600
1010 1328
319 638
723 1021
1348 66
1460 1570
753 16
1045 789
1937 506
935 1046
1455 1001
30 696
948 1103
37 62
1561 543
1722 1726
1899 937
1409 389
1735 834
9 1382
36 1638
1403 544
1724 1239
688 124
1227 3
1846 1152
1555 65
459 75
1601 262
604 231
1728 876
494 227
1666 617
1081 460
534 82
1800 1517
4 1727
1059 1600
118 1295
156 949
583 1549
514 1413
1869 1549
431 760
1270 604
1831 1408
1247 1271
1912 1716
925 1269
1958 1723
629 1669
11 1821
1444 1025
752 1973
1336 287
511 397
1176 246
1476 994
707 473
769 1097
915 264
20 100
87 1509
117 1251
1879 379
1970 169
1610 424
949 265
553 49
766 627
254 202
837 1779
850 91
985 1914
51 1145
61 1426
922 79
1357 471
1981 1241
1049 1981
1909 143
10 1111
649 1046
1879 1122
418 1056
1651 695
231 1312
916 1290
751 463
656 750
1854 877
1494 1709
837 1792
1958 1375
108 684
299 512
1113 1614
200 114
1366 212
1677 1184
1579 974
935 554
813 1179
1389 1278
1 529
1721 1208
1970 1321
547 1919
1117 850
1373 145
1385 1115
580 1074
1833 1047
1011 1523
1305 1907
1158 1092
1792 1444
1261 630
596 1919
774 241
1796 9
808 454
1612 1018
647 958
1095 952
297 1357
1180 1503
146 502
991 1712
933 472
544 1768
1972 757
1078 374
1101 1099
514 190
1290 406
535 1857
129 695
1655 609
1793 1962
1474 605
1379 1708
1479 1584
182 1372
931 1779
594 709
146 243
1332 1392
1800 610
47 920
1439 1930
1383 937
687 1111
1743 391
577 1226
1050 643
1203 644
964 1938
614 481
864 844
164 1470
744 1186
504 1072
52 872
919 1316
1952 406
1096 1061
1526 802
1471 11
658 1414
1438 1453
1050 1296
1503 932
709 1186
1908 96
781 707
132 1265
1607 1488
1021 1884
1993 1932
553 1695
156 300
320 1612
68 998
1255 1824
1347 181
1745 1825
553 1273
1437 590
495 1684
1207 546
1424 1705
1851 1080
1988 204
111 1232
504 375
1294 870
1638 1650
459 166
1991 458
211 1410
1964 257
1059 81
1472 229
343 747
1995 1817
1292 1938
871 522
1569 157
1509 280
1251 1349
1028 1441
1750 1573
1967 376
1862 56
381 1758
952 1257
288 100
60 1922
178 1715
1914 688
712 1728
1575 1739
1150 1981
950 1043
1206 1496
124 776
1103 759
769 1523
824 492
1473 547
1879 255
883 515
556 61
1486 1796
1344 1988
1845 929
1281 1326
1895 203
1959 699
762 1969
900 910
15 1712
26 571
658 1844
910 360
1706 683
927 25
993 1397
1836 635
970 752
1231 1312
540 1075
304 1211
1773 1898
1420 456
867 1463
1041 1648
663 790
450 235
1991 1856
1394 382
1924 1771
1645 1314
174 1169
638 962
1156 463
919 964
1566 1589
1786 575
1574 1073
1183 216
90 1795
141 1539
1360 170
1155 1553
51 1757
1383 635
412 1686
249 178
1446 44
212 787
119 558
1949 1220
631 1735
1164 1511
961 1263
1827 916
775 520
369 915
1864 443
1848 413
730 1852
1534 547
717 487
1064 1774
1054 1835
1570 1592
1116 1300
1216 659
1621 1370
778 180
1718 1298
1550 1448
617 1834
867 1037
510 734
1566 1502
1146 734
905 1720
1555 84
799 882
1468 35
486 632
695 1064
1782 741
1464 838
1329 84
1979 1625
556 1721
1670 969
1825 1368
104 1794
1415 1868
666 1581
520 1600
862 1183
196 1549
26 340
89 1421
1896 1863
1710 1883
1263 889
428 784
11 810
7 1253
273 1793
1441 1928
21 1966
1031 1825
1733 314
507 721
1422 987
1046 113
1661 757
704 1599
1638 196
41 619
1481 393
992 183
1463 1789
398 303
1293 11
1523 1128
1201 1427
841 1483
1865 1102
1440 1974
1806 383
580 351
1815 421
827 347
500 1139
505 860
1086 595
1971 102
1947 617
656 753
186 783
1414 582
1606 244
595 1885
1021 1361
1105 481
316 1735
765 1542
778 32
918 203
163 759
1126 141
350 679
450 1170
173 902
509 1628
462 1831
236 940
1768 1924
1092 1572
903 1664
572 404
576 489
1116 1603
901 1522
658 1198
666 283
1428 1271
245 1448
1193 74
625 1429
659 1950
712 311
731 1131
1538 1741
131 1596
1817 531
1946 1640
572 1596
216 1632
814 1225
338 1488
132 1968
320 154
108 1178
1507 492
1221 1455
950 550
319 1446
708 899
233 975
582 1076
1424 1269
173 1865
1966 414
512 263
423 1778
1646 256
551 1438
1578 1372
1066 678
788 1357
1613 1695
1471 1190
1459 1731
528 1565
898 879
1281 1874
149 78
326 1684
1534 894
146 512
1830 1074
378 1138
274 1915
1314 1265
1976 718
1687 1528
1435 1441
1461 1167
1649 969
1298 1696
775 743
165 909
1922 1264
1025 1519
290 494
869 794
1907 868
1560 83
1434 919
41 256
454 506
1401 1522
1746 988
315 1700
1089 1996
1368 1246
1151 317
1325 1805
1278 1896
364 1316
1299 101
547 104
473 142
720 1628
949 665
1811 671
540 183
1939 784
1284 1764
696 1089
548 1881
707 102
1668 359
166 584
1764 928
1184 844
889 287
1350 997
1299 1196
1921 126
1755 575
1264 136
659 1743
571 718
1169 642
1526 1639
1502 169
1510 386
1818 317
856 734
1711 1527
1944 336
1421 1122
981 393
1382 761
40 592
1787 1906
195 1080
1425 1654
471 1216
494 1330
1017 161
167 234
335 420
445 1966
675 1829
1722 996
1046 1994
735 1986
549 679
960 507
903 612
1883 677
33 355
1591 1671
1827 1491
482 126
960 925
1353 436
1319 840
1201 280
905 94
291 1507
759 1240
834 888
628 60
319 448
1988 1041
284 517
985 1281
9 1524
952 126
1943 129
1213 438
902 1483
1640 1235
1936 594
1303 638
1363 1291
1270 290
486 264
968 244
1433 1671
658 1067
958 928
1433 1252
1955 1652
1029 1069
1259 1188
673 210
1544 1768
562 99
385 1617
311 1946
1789 945
1873 1976
353 745
1877 173
44 1358
952 1001
1129 1046
22 1092
778 206
384 194
71 538
828 344
480 608
613 1176
449 1650
1460 1517
1834 510
1814 1980
1406 1051
1164 347
190 1620
894 514
743 1667
1178 475
410 1922
1724 777
177 1010
1185 850
1378 1208
566 366
1355 917
1768 1249
1659 1481
757 1786
1669 1535
234 935
956 1991
1172 1592
1308 1195
1675 62
1067 313
1370 1018
759 129
287 768
726 163
1456 1960
395 1883
31 262
1905 899
955 1019
1358 1232
553 47
1527 576
1354 1172
822 1649
1260 798
643 127
179 1509
404 300
784 1873
704 1550
741 554
1211 633
1044 625
432 312
1341 1439
2000 45
184 129
452 916
1951 1104
885 248
316 912
359 982
777 1639
285 164
1456 264
164 445
629 1207
1019 1316
1452 1165
1394 525
1501 1800
1294 26
402 581
547 446
243 1873
928 1466
1240 728
1221 1005
1903 700
1384 938
1058 99
215 527
729 10
1394 409
1733 1134
1663 67
830 1226
941 422
1382 676
1883 355
1169 41
1706 723
281 276
1391 1857
462 1790
1615 935
1801 1904
1664 1152
1783 1273
128 117
1471 1672
1747 308
1134 690
1411 1995
1150 1575
779 963
66 1795
1721 1857
481 843
1860 1042
1584 21
549 689
1250 959
947 290
1490 1894
1752 359
389 170
1072 1210
58 1395
195 72
1729 1017
1404 585
1470 1294
202 960
1490 1698
418 928
639 1632
1633 1042
1083 1329
547 339
469 487
1349 1831
1251 225
1191 1313
1518 1391
73 1236
434 444
50 1018
860 1691
429 319
1282 1237
1004 975
1308 1399
1327 1167
1912 755
781 117
211 21
1195 513
1346 543
302 412
658 1726
1784 548
829 818
364 452
933 1660
150 789
676 426
72 683
1662 1354
1524 1826
815 698
833 1766
465 965
919 85
660 929
40 218
1168 1292
1945 34
699 514
492 486
205 1208
340 1623
181 1365
1936 602
1971 320
1626 924
216 682
116 398
1468 809
396 645
520 1585
1832 1409
878 961
1274 1078
79 499
1817 1674
1230 1341
1550 187
62 546
1040 347
286 1142
42 1888
1939 746
1480 756
1864 840
1384 1821
571 439
374 59
146 1088
285 1187
1799 709
1777 546
626 299
1902 957
1380 1349
1277 396
744 90
1898 693
343 1733
1907 1096
157 1345
1115 756
1657 1507
1300 369
1100 1898
1596 1852
1810 1160
1524 330
1252 1041
1287 1607
279 328
620 687
942 1658
1977 1760
1970 1915
1610 600
1479 80
1547 565
355 973
1696 919
1055 1609
253 683
120 417
849 1635
484 1399
833 489
289 611
198 699
778 1022
1268 557
919 119
1239 1764
1592 1959
775 1616
1426 1504
535 626
168 186
566 1051
1681 1846
401 109
777 404
1111 499
1592 1333
596 11
1253 281
1144 962
688 1644
1595 1623
1800 1764
959 139
1306 1468
1358 310
923 1782
1821 738
1105 1746
379 162
1421 52
470 1665
1340 881
419 958
1552 961
1004 729
1708 1242
184 957
1987 1324
749 1581
937 291
673 1861
1071 1845
1069 885
41 59
717 37
1564 1367
923 547
1946 386
929 1089
1408 1487
546 1548
756 770
1181 1698
595 1473
1932 264
970 269
778 111
723 215
360 1783
619 1469
1957 1286
1459 362
746 363
547 1802
414 876
1401 497
1461 1970
114 107
692 168
232 1325
660 862
1527 1800
328 115
1154 940
1064 216
1215 1520
1578 277
1167 970
594 914
848 1658
1776 1912
1235 1505
2000 849
982 490
848 1653
696 1438
460 1478
895 1462
881 161
1968 1504
1447 259
1314 7
997 551
692 1712
1306 918
1972 1371
582 80
71 1933
1701 874
732 433
1866 174
988 1193
1209 1541
527 303
471 1852
127 209
1606 1279
568 1711
1203 267
1831 1483
1447 1070
1569 1160
580 397
1995 1819
213 1029
1377 48
277 1253
1452 1452
108 1397
1202 1241
336 569
684 1083
66 150
1717 1166
1180 1059
234 683
1388 1393
900 1294
1221 1743
212 1326
98 1014
1547 1077
1545 1509
918 1128
697 1873
1224 948
1132 650
1833 1366
1948 228
1568 168
182 1040
1621 412
1433 1897
1169 1235
102 968
34 63
190 1695
1288 715
1156 518
501 1962
982 737
1589 1075
1108 670
585 1792
1874 510
670 1821
1811 1758
621 1833
1696 1570
658 336
1047 423
961 692
70 1370
1256 178
1755 1372
1428 1432
859 858
1316 1979
1178 272
1731 1424
760 1414
1213 270
1859 1175
267 55
1906 162
1088 1319
1049 1148
542 321
109 327
1337 1238
1855 874
1090 1200
1830 1973
615 1094
1807 1430
58 1634
915 810
425 1572
1009 1412
1487 1682
1461 636
1105 1495
389 1483
1607 523
1102 1739
1719 973
1869 1795
310 1232
583 1667
1240 1570
1834 937
1402 1734
1796 1642
175 200
1016 1546
1416 1334
698 162
1676 1132
1583 751
1950 227
1573 1722
529 1129
637 789
1330 301
1016 1804
133 351
420 1663
1365 1228
1998 185
608 409
936 737
1361 1799
1926 709
884 256
4 396
458 924
1305 1403
1178 184
1743 434
521 669
1066 1462
1829 985
1805 639
490 223
117 1663
22 1366
545 823
485 796
459 75
1094 1113
237 1617
1603 750
1020 1787
1405 132
1224 503
103 1944
428 748
1585 1588
1451 1756
300 399
1778 753
1454 1815
816 1129
753 1940
86 1529
1422 953
1603 771
1884 977
1294 1835
1798 427
535 869
991 914
1046 526
1776 1282
1218 1208
331 1122
285 968
851 280
1690 1956
1459 715
842 293
799 290
1044 527
215 1598
965 1733
1832 1607
1592 646
1809 1441
1225 872
1159 127
458 1274
927 749
565 1611
846 283
812 831
1825 1642
1693 1839
194 475
1085 1105
735 659
1176 1667
1577 94
337 542
953 20
1703 163
1607 1101
1760 1886
1906 1970
476 496
1743 1351
1911 1129
1725 1395
703 848
1638 1315
163 1138
1250 226
241 616
623 134
769 638
736 1623
1008 1654
419 623
1809 1451
1511 1059
17 1014
1039 755
701 591
1465 53
71 184
1523 1964
449 1243
300 1634
1654 480
1736 1719
103 815
186 1658
1572 515
804 743
1129 1874
1482 163
1250 1676
336 1377
1116 934
998 1089
1515 1137
788 1034
472 1868
66 767
1504 1529
1771 549
1128 520
990 901
1814 1860
1770 1003
177 1842
1946 589
1262 269
1484 891
1149 1209
802 210
1462 692
1168 1327
1922 1638
414 1517
460 1406
1885 916
268 663
1326 725
55 1855
499 351
1177 555
1199 1093
608 215
1836 834
735 1755
1890 1154
1780 244
1926 238
1910 1218
647 510
79 1282
1358 1441
259 323
899 1314
1795 1681
901 499
1172 21
1610 809
1726 155
364 1353
24 872
1989 66
1086 1173
906 1390
1080 1891
1774 367
270 26
1111 1381
970 1741
1641 101
434 1173
224 56
258 985
360 1318
583 281
705 88
596 1112
1128 1424
1846 322
797 555
826 1311
1124 438
1633 1517
191 560
1686 134
1398 466
778 1263
1012 1376
1785 44
121 632
51 1943
981 1059
1573 1829
1284 1830
1609 1619
1988 817
715 629
1971 1745
1164 1516
1358 926
1886 1797
144 1895
1083 1022
1512 1961
354 1795
864 141
303 1822
483 1534
648 1616
1378 369
1890 1905
626 249
142 622
103 350
349 1423
312 1060
1487 1788
1289 976
429 1869
1885 702
1598 450
1108 583
1378 287
1088 1909
12 422
1966 1446
424 17
655 1441
428 1026
1071 1228
20 1780
221 1465
843 526
1411 1761
1446 751
877 379
1906 504
1738 1390
1654 1642
764 1671
37 11
334 7
1268 1535
869 1411
1304 1576
1777 1897
399 759
1173 416
1117 1792
1123 1155
1826 256
699 1744
1083 1792
755 748
217 669
807 945
810 1503
74 1765
236 713
1479 122
1432 700
1147 724
880 1528
206 563
1106 1078
322 1217
1991 1023
720 645
867 646
408 954
540 1574
1410 200
458 1617
653 938
939 1315
85 1432
301 1980
1998 776
760 1469
1416 872
12 337
58 716
849 1883
90 1188
1871 665
121 785
1421 1247
721 201
1427 1736
1730 419
1955 261
1825 1927
1187 72
404 259
548 948
1052 291
816 770
1996 1488
1789 1267
630 1471
1224 1047
1891 1803
31 113
1203 1762
1150 482
1047 1277
1737 1367
933 889
1318 1502
1932 275
1438 1257
58 785
1476 518
636 714
525 1822
1295 1682
767 392
1735 365
1359 502
869 1993
482 498
465 1061
1635 1149
497 416
12 116
1966 46
784 114
1422 1622
1189 1995
881 459
1701 692
282 923
1210 120
1459 1524
791 863
376 1307
1202 89
401 41
991 1110
1771 574
656 308
1512 1475
1243 1678
842 1475
1325 277
1976 1588
1196 1399
569 1601
1853 503
1203 1005
1704 591
52 1072
1184 464
227 771
1791 1453
1526 1443
1893 41
1918 1814
1278 1661
1834 1544
737 266
391 826
1563 1701
830 1855
1561 265
669 1406
257 403
1386 1768
1910 1529
532 581
1027 1957
506 233
559 139
44 1637
539 1910
1961 1978
52 1751
578 106
612 657
1920 1617
1586 1529
1895 935
603 1571
576 677
559 867
299 1457
692 1311
862 970
361 1163
95 1194
190 738
1987 1988
1289 940
1302 339
1056 1431
1935 770
1985 1549
535 54
1863 768
1554 644
1517 907
1408 1472
1673 1141
1686 754
1012 883
250 1883
468 1957
79 329
998 1524
1768 1183
1084 1186
1726 748
1676 913
1870 1508
963 553
1645 1413
452 111
1688 1785
388 1589
427 444
1176 855
1409 995
1008 399
1027 815
1025 1767
93 1777
990 487
960 1172
1340 554
77 1790
83 1427
1179 10
1247 1309
662 807
511 1174
1796 70
649 1191
1667 1571
1632 1880
1347 229
33 182
1074 1775
1147 443
463 1914
1841 975
1169 964
1479 1610
1770 935
1533 182
1520 842
1239 652
1854 1087
1335 1358
1464 1193
1062 466
201 1186
734 1791
1031 1995
13 940
56 1018
1320 218
48 607
1216 720
1082 1456
1557 1227
683 606
1644 1038
707 1715
1954 1626
937 798
630 1629
1937 1025
113 1557
1690 24
1399 994
159 894
65 831
1810 479
1535 1378
547 346
1656 1729
1981 1454
658 1291
43 1325
6 1753
1636 1492
583 1776
317 1657
939 1255
230 628
1254 1040
1759 481
280 772
720 34
1407 90
1730 323
1965 1687
729 151
54 621
1795 1326
918 181
2000 1131
1757 1186
776 429
1050 630
707 895
751 1412
626 1323
1029 1839
784 591
420 1056
656 264
932 1883
160 1114
1382 1663
845 324
1712 200
1323 93
445 1073
1138 1692
638 300
1573 700
1449 189
374 1634
1188 1623
1798 1184
321 1396
36 1459
1592 85
280 175
913 1170
944 397
1873 397
1024 83
160 9
530 602
1299 472
1479 252
189 1747
1488 985
1055 1919
1322 376
322 454
1435 782
792 1816
751 2
997 677
835 1757
1329 413
1444 557
1383 859
274 558
714 62
913 186
892 869
86 583
235 285
1617 324
750 1055
1472 1186
1627 1157
493 172
184 1321
1668 970
1625 200
892 551
595 827
775 1896
514 1365
1650 377
849 1498
1663 743
764 657
1784 470
317 1690
882 561
652 54
1983 1100
1522 351
133 335
1824 633
862 1926
499 859
1789 147
1698 1135
424 849
1803 1632
116 1152
1196 1114
1921 811
951 1142
227 383
1848 1218
1575 1518
1030 1454
1097 483
179 494
520 575
605 652
1627 1230
1363 1618
563 1074
1720 40
1247 135
577 1726
1065 832
1579 1219
1040 1621
1254 880
264 222
994 1331
1925 734
514 1200
1455 120
112 1662
1160 129
1366 1715
1086 545
137 1535
1120 1523
324 1732
861 754
995 1622
154 257
1812 57
930 1622
1943 783
62 986
947 427
588 1610
70 864
1881 1524
1200 497
932 717
205 1662
1194 711
534 1530
1964 555
378 232
1006 101
662 1999
1188 4
1468 95
1716 1758
352 745
1309 975
1393 1010
1106 217
2000 1850
719 739
1628 1049
1876 558
441 408
421 349
1664 324
515 1066
1380 1901
323 1387
1207 415
1989 1055
17 556
519 255
338 1014
1413 1711
1906 1934
456 361
918 1900
469 1305
627 1574
1531 526
1990 238
734 872
1973 1206
1595 1245
671 656
1779 410
268 1197
146 697
1368 1889
1723 1537
49 604
1911 1717
1628 1555
195 340
648 35
503 1636
1331 375
1583 896
1503 1899
465 1149
1182 738
402 747
1863 1787
684 1772
1526 359
1797 393
344 517
1537 170
1553 343
575 1816
493 1831
1841 1527
1543 26
889 1457
799 719
661 1331
1263 120
413 547
1151 1869
1314 1338
1059 1193
1830 6
1709 826
710 189
1848 1322
509 1698
996 659
95 353
864 99
1197 506
1835 1975
554 1595
1652 433
1672 1322
98 1822
353 846
676 1075
137 1597
1313 1711
1187 1964
1127 1785
1295 348
412 427
1977 1461
1505 1675
246 229
1668 332
530 863
757 140
1957 1648
536 774
1607 657
1294 1072
390 912
492 1811
1259 950
1884 1658
1829 1771
738 555
946 1075
1473 1687
1653 1776
945 387
216 48
1296 1051
1085 1464
1041 193
33 1883
895 1445
889 1437
54 708
798 1449
1689 874
1341 956
1528 63
297 1146
1364 1333
361 156
1720 98
1976 468
165 1738
1999 1723
1494 1757
416 1400
1247 170
1124 1823
1925 1053
158 1516
1699 239
709 1124
847 1380
172 1566
437 1870
1434 181
505 1158
1633 35
278 720
224 943
1425 1781
664 402
1714 670
503 670
722 893
1341 1427
1380 1615
1883 1879
495 1665
997 601
885 895
219 245
798 1369
1568 1720
761 184
1180 4
1726 1745
153 1684
1327 1711
398 242
1145 110
1580 847
162 96
480 1155
1877 530
642 1104
575 119
1830 1908
200 187
242 541
1138 889
1947 1912
521 721
1315 866
1633 949
1061 716
1748 463
867 999
1312 1796
114 612
371 924
1113 354
1254 640
1521 1326
1843 1760
68 284
1190 1112
857 81
1404 586
824 1677
1595 291
299 1744
1545 81
1422 581
1594 109
1322 1840
1546 425
540 995
1323 100
1576 970
538 1997
195 710
65 143
1780 96
1962 507
1320 1387
239 1829
801 1304
366 281
863 36
1053 189
368 808
18 1038
334 226
482 1864
483 695
340 1596
70 807
1536 1106
1099 461
61 118
507 1610
1928 200
1114 1793
1941 632
1009 1311
146 57
128 1559
70 1963
1514 957
202 796
167 149
1361 1443
667 1983
92 1575
635 1043
1583 1066
1404 849
238 190
868 1438
1476 1764
1033 1679
494 792
1104 1816
1800 757
988 598
1535 595
1209 554
636 1637
1170 1333
1596 723
563 1204
493 1814
1110 806
96 986
1661 1496
1542 1537
194 169
272 1544
674 1280
381 1674
1764 68
1101 779
526 1767
646 1890
1477 1161
975 1944
1218 770
1960 539
1338 459
1569 912
674 1462
1249 887
1415 538
838 520
915 561
1726 1006
1002 1065
28 885
943 1802
1496 956
1483 43
617 585
49 426
851 672
416 1308
1911 1636
1466 1130
1989 1983
1936 442
498 1118
1970 963
13 676
846 1918
655 624
476 1332
1989 542
1315 1966
7 832
570 1898
636 769
999 178
398 1831
308 1639
1858 1037
778 466
1833 132
1694 322
601 1273
532 1708
1207 1992
51 521
1292 1307
315 758
968 1138
604 1002
1385 1994
86 1888
526 171
695 1383
209 1574
1824 1146
1960 292
1598 1460
322 1784
7 261
1647 1828
803 1057
341 1328
1627 1079
536 1719
1884 1222
372 1044
658 545
957 932
516 1117
1708 1031
924 1922
1336 1972
999 397
1949 1148
884 504
1203 887
414 1348
44 814
692 1587
1572 170
1718 1136
1922 169
1754 777
1238 712
119 485
1065 1500
1135 440
511 1524
165 731
1991 1196
1926 777
62 1311
1156 440
402 176
1092 1671
1394 1269
823 1321
1693 1265
1625 275
572 1994
637 1708
679 1850
283 297
1087 1476
314 1141
757 1764
1650 1473
622 1514
1806 1465
484 107
1931 193
1866 1929
1608 1531
1476 320
768 1117
1516 1282
83 578
88 1085
855 337
1750 1458
1506 662
1587 991
316 1886
1700 786
1897 503
1463 1813
214 1102
1712 678
602 1628
568 723
1088 1901
507 1013
1830 1193
1354 1516
1568 1689
505 781
1942 294
831 1666
835 476
919 1446
999 1857
625 612
313 1476
56 300
4 1758
1513 1778
1287 1705
1931 6
1137 952
1442 703
1773 139
235 1632
1326 1614
1096 1865
1246 115
829 591
1421 1509
749 1021
1546 752
721 1886
996 856
415 326
165 1008
1324 767
1343 171
430 1895
1039 1733
1224 37
606 987
1616 1795
105 1977
26 1851
643 1141
1505 1670
971 304
309 1206
396 231
1005 1715
1451 602
825 1562
1395 988
1214 579
852 247
430 1089
319 778
1100 1306
1186 1459
1853 1204
485 956
583 409
1143 1390
332 1010
1655 1495
1048 620
1272 345
1850 1853
31 1704
1517 40
1474 543
1043 716
505 1837
406 1360
769 1856
786 1805
755 485
717 633
837 649
180 1998
767 953
757 704
213 157
1236 1788
7 121
1834 898
195 1354
1409 924
566 739
210 292
177 1106
45 368
302 547
418 75
1183 420
1266 1447
994 1550
1965 794
1121 1173
724 82
677 1036
1315 1787
570 1419
1957 693
1919 1360
738 1050
613 1689
1105 73
1869 1427
1801 1705
1695 719
1183 1993
1810 1189
738 1225
328 1566
784 268
1596 957
1554 1071
349 1923
990 372
1867 321
993 1413
1129 637
1715 389
1011 385
385 480
1457 1672
1737 84
1224 1139
1485 1401
1922 648
1102 1452
1374 141
104 969
877 1543
1235 558
337 1905
574 755
939 59
1473 1169
839 723
1295 439
1327 1732
1469 738
427 97
753 842
1630 284
1706 876
1041 73
148 1086
1138 1963
1557 1756
1321 1949
1186 379
1047 38
1185 1702
984 1487
1868 1500
152 964
1406 1992
1171 999
628 165
586 1244
341 844
374 1347
1448 343
311 998
1787 1062
618 897
1379 755
542 1167
163 1701
1928 1772
917 955
541 25
1327 1009
893 889
947 232
1854 1491
576 852
418 1810
1953 458
1478 69
800 1833
1555 1257
917 681
698 1454
1733 1286
1196 813
957 1535
1110 167
487 787
362 915
1843 530
1918 1278
1901 1998
1206 1048
1515 1106
204 588
349 1822
247 186
1680 300
1137 51
1018 1233
358 1735
1820 1251
364 876
1260 1920
1755 1362
546 1821
1298 1355
1983 1652
1959 832
839 1733
1884 1005
473 707
1474 421
1596 1813
1920 1042
1514 1505
610 834
394 481
285 1401
1242 366
1926 1372
1290 1441
223 521
1460 570
1188 1720
1922 889
1527 1366
859 885
1811 691
281 1370
700 469
1474 869
844 144
1818 631
1021 569
1538 1591
1468 1672
216 166
1494 783
726 416
1181 61
1222 1869
1661 229
1880 294
1050 1926
99 761
222 1897
467 1385
1573 844
1363 1373
1094 922
1725 667
889 1190
1917 1383
1769 1806
1885 608
232 1004
781 121
559 967
1089 1492
1820 1525
1883 1548
1551 568
1640 1667
1617 1052
526 1225
625 1776
671 1007
290 1108
698 1916
1715 1966
1287 734
1211 1129
356 241
283 151
1703 467
1001 242
550 132
47 158
711 759
777 317
1985 1272
1819 1907
1598 432
1002 1295
741 1578
1851 1447
1403 1754
774 493
974 1593
108 803
822 627
1373 717
286 988
1967 1987
1075 1217
1951 291
1843 653
1007 1723
1459 1041
1979 108
1178 567
1053 38
1696 1555
1698 183
1602 1514
570 1180
98 540
1064 1330
404 1061
1463 1100
145 377
1708 1257
243 1578
1161 672
121 1131
863 1494
1946 1890
1911 1799
1950 1454
955 1941
1356 435
1700 1194
1834 674
18 1287
680 481
1462 1557
1164 943
1445 559
1211 181
1088 738
1380 63
1946 1937
1710 1036
498 636
345 841
340 1698
163 453
82 1032
1245 793
1834 978
334 1970
1280 1430
786 583
715 1057
1999 79
770 340
677 1658
1201 185
156 1118
653 278
532 1359
505 672
1589 1190
177 292
1329 763
501 3
1600 538
83 1829
450 758
213 1837
1921 40
1695 1038
1031 17
761 973
1491 1618
721 669
239 1704
1964 422
374 1243
223 1845
11 269
212 1288
627 1014
594 1153
83 1153
1052 1896
1179 1640
925 1443
137 109
888 881
989 1845
26 1612
172 1786
94 918
694 1534
1888 164
374 1971
687 369
1148 485
548 1665
1763 1520
1413 1801
1141 1470
408 739
160 976
1220 1617
558 1545
251 1215
1032 664
1610 1393
1494 1141
1650 143
1675 61
681 331
388 1992
1163 1221
596 1253
275 1922
1279 1406
1257 1016
170 113
183 421
1207 727
820 727
1744 991
1370 785
1221 1553
1218 431
1351 747
57 39
1451 1924
661 412
1219 304
1592 751
1623 246
1892 129
1683 562
698 760
547 510
1781 1782
1669 856
968 110
1775 319
221 977
38 178
1378 981
394 88
1178 1566
1876 1339
780 1563
324 1144
1417 1903
104 775
599 383
37 1057
1284 1137
1365 837
286 1688
701 332
1193 593
1940 88
461 1694
77 1240
1991 517
174 1860
586 1900
399 670
112 1583
556 1488
918 1054
1036 1160
922 1031
1037 1610
370 1362
1288 35
1964 893
1203 1558
1730 930
195 649
551 1057
905 1163
649 495
219 1128
707 1426
226 1948
1747 598
1971 817
78 1473
1238 1964
330 86
162 343
1613 947
949 1780
1993 1649
771 1000
632 1871
1244 1603
1308 1435
1373 1915
1996 536
480 557
1320 259
222 1537
815 245
934 141
234 1087
976 1446
885 3
285 1036
848 596
1714 1029
840 1035
1197 199
1307 1382
804 1610
572 7
1944 35
720 30
1560 1967
1262 346
1549 1439
1177 1594
1714 1321
818 1352
1465 383
84 283
899 1550
280 856
497 231
1241 1530
489 553
283 1167
1232 1341
70 34
1018 1017
1289 748
1196 480
1401 213
1892 507
1297 1774
943 1593
806 1634
1675 1965
1310 863
426 1284
967 329
606 850
884 1015
706 1493
1062 525
994 516
234 1649
45 1288
728 1249
1029 349
537 396
731 297
743 1893
1055 726
1368 19
184 527
949 585
4 1101
1452 1594
201 824
1804 1820
958 526
395 416
535 216
1869 554
1401 73
289 1158
1955 765
84 686
1114 627
1753 187
229 1619
1516 1660
563 248
1337 733
963 235
1848 1594
191 1137
964 1975
1357 800
73 1388
1717 578
671 929
308 1097
1509 966
1428 1847
1934 1691
1522 1570
54 561
161 1392
740 1902
1036 973
366 696
747 276
295 228
1372 1577
1218 473
1309 1504
1061 504
712 964
1970 650
936 1249
1752 1479
1974 531
978 782
1096 161
1673 629
1078 455
1529 832
1288 824
1374 1158
1825 1634
494 454
742 135
859 1050
1182 1034
1748 32
1297 1498
1733 1812
1034 1487
111 703
1308 1823
920 1544
1285 1371
288 378
699 1889
391 327
880 1646
1301 950
1821 895
1068 1030
1414 1239
399 1252
1097 1193
417 104
1615 694
861 204
1482 253
1821 609
1811 602
1107 1593
142 1544
733 1894
1945 1544
554 254
1139 385
1790 500
472 367
239 367
1803 86
287 1488
1452 332
607 1666
1253 816
1441 1028
44 1156
581 1686
928 1624
850 1468
1376 1639
1088 1254
110 1232
1584 126
174 28
1102 1058
815 1789
1288 463
1263 1921
683 225
455 1202
696 824
1973 1271
1815 306
1125 1778
1570 1878
1046 1034
579 760
214 987
654 74
1602 1351
951 1700
511 689
1628 730
1582 1946
1975 1841
105 1732
1856 860
1252 1268
560 801
1959 573
1384 399
1941 1831
1131 432
649 1115
677 1548
987 673
1425 1920
1329 305
659 267
257 1466
294 400
1146 1896
142 114
463 1065
974 631
1292 1054
91 1598
1021 748
238 426
1558 1367
1284 1883
604 461
468 869
1411 1736
558 1351
662 1234
1574 534
812 1550
607 1156
354 1454
299 694
944 103
1032 1983
1259 554
528 684
1498 210
1493 253
1210 1017
686 1313
236 414
1441 1884
547 1905
1351 562
1499 1532
1421 302
1904 1212
1474 183
1963 1362
618 219
1504 809
1100 1873
1693 1833
1812 329
1059 1521
1608 722
986 1907
340 45
807 1457
343 1110
1788 933
1764 45
336 111
1805 391
1457 1629
1306 27
432 1990
82 55
1572 969
998 1116
838 743
1883 690
1715 728
1032 324
1596 1115
707 1628
1428 574
739 835
170 1047
1032 111
224 441
1694 1941
1193 1957
1334 280
822 1835
789 1721
1434 1640
1220 360
1748 141
826 793
619 1237
686 1888
1251 716
1956 848
1775 1813
425 763
1469 1532
1037 1221
1914 103
1592 1417
443 798
559 1303
871 1180
1972 156
650 1782
914 1260
1986 1213
621 1510
784 1174
809 423
1840 1778
1436 645
502 738
1950 1617
1495 315
245 1081
1979 484
1052 120
928 1453
1780 1399
905 1188
902 1339
1129 1755
498 1806
1445 1636
124 957
1454 273
23 533
1870 98
695 1922
975 1440
58 532
1598 173
971 333
821 105
493 335
1339 1367
1383 861
1853 1881
1051 1068
1805 718
1684 534
1177 1716
1822 1774
405 1942
1149 187
1540 947
1609 250
347 135
368 1907
438 837
486 759
1472 1810
459 518
219 1095
242 1758
950 548
442 545
1324 1421
1411 653
185 1477
49 1864
1285 1335
1865 1580
242 373
205 1448
1371 76
564 1251
1132 1364
271 1412
1828 365
1494 210
706 402
111 1814
788 789
1959 952
692 1289
1671 347
1700 1098
271 1425
727 1899
838 1459
980 1581
638 337
1370 73
561 707
856 1936
724 1127
992 544
1790 1621
798 1494
552 1922
361 1410
722 412
948 892
541 923
144 1105
1145 306
307 1408
1162 1514
620 729
1068 807
578 179
337 52
1801 1130
517 538
1284 722
1858 1845
1527 1066
1997 199
1412 452
1935 1377
1607 65
1555 1698
786 819
1250 717
674 189
1571 1022
944 1918
626 746
894 666
1244 1011
651 238
845 1504
488 665
367 1880
1996 507
229 1615
1068 24
1358 1582
1948 1802
1465 702
1264 1459
1530 1895
1901 1263
1556 1075
200 680
857 1220
446 1254
148 1839
354 1414
487 35
1035 770
1029 1437
1239 1378
1077 580
1028 1282
732 1269
1482 1044
774 1674
417 1485
1324 91
1204 103
1043 1496
409 935
488 1555
1962 1970
1308 1382
886 727
1839 365
245 1090
729 237
945 1356
1797 1565
256 192
1003 698
1121 538
491 1848
943 1610
1151 746
1303 1232
335 1799
692 829
1193 1575
360 533
1903 441
73 1052
1095 1353
455 545
1845 1086
209 1701
1648 1682
1767 1567
717 1298
309 392
226 1974
1951 542
809 1273
1052 1078
112 778
661 849
316 1306
885 1672
1672 179
1979 120
913 1280
682 623
707 1374
1207 1101
1144 1073
139 1116
282 613
1812 133
1283 1262
1850 747
429 1668
417 429
1470 796
1068 1136
1419 1797
1137 474
1673 1320
854 1865
399 159
1196 1654
1148 1434
794 1067
1135 366
1193 849
1457 1505
1291 1692
1046 495
981 745
179 119
1720 1212
103 384
382 1346
959 730
927 1758
1846 1162
1897 398
1313 640
197 630
176 1084
1311 55
1265 1891
960 1147
1222 631
278 918
1966 1912
654 114
851 1196
1538 844
44 1961
264 1329
574 1054
1215 526
1668 1130
88 1650
588 1969
799 537
575 1155
1031 180
716 1323
1253 310
1698 831
1073 1113
484 1594
1363 227
331 458
1469 1063
670 169
549 1873
1843 1249
439 1258
1058 1770
683 1187
480 742
446 61
1820 169
141 366
264 203
1744 1336
1964 1040
1742 339
1391 770
12 1096
902 1968
76 1108
1327 107
645 826
410 1484
713 243
221 12
439 1965
270 205
187 1662
1276 1482
289 1384
245 1573
59 1641
514 472
1010 1061
1697 1900
678 670
219 410
1623 886
1030 71
98 338
1811 320
107 264
1972 888
1802 450
1648 183
1639 1594
1588 1773
864 1956
451 1401
39 1245
472 198
1246 1335
1597 299
826 109
477 1140
444 10
331 247
1608 965
731 1317
1286 304
868 199
219 1879
706 1881
1665 921
1214 1643
1116 1030
1420 68
1899 152
1028 1492
1307 640
926 1011
83 976
893 1117
1504 602
844 972
78 339
1979 1451
1085 908
942 325
543 1544
1338 582
129 655
997 1705
1099 1073
1839 1229
832 58
759 563
126 443
991 1111
1949 1822
604 1387
984 1302
575 1813
1999 574
351 1261
379 1105
447 1371
1791 1073
1097 1306
1714 1577
1814 279
411 1804
944 1037
212 1932
442 1750
1344 1701
984 633
1268 1621
603 1517
44 604
108 456
390 1934
62 203
636 909
1283 1544
177 1436
383 1002
909 551
1166 1137
1560 217
1451 60
1323 1055
955 1620
1606 1068
1198 912
24 110
1412 1121
377 464
514 1230
1168 1416
605 1393
589 977
1897 989
741 314
270 1955
702 1699
1414 1478
442 950
1999 1172
507 548
1986 217
690 1073
895 469
1211 1253
591 63
1636 1856
271 273
1976 1831
237 1475
1314 353
1619 1194
1460 700
721 1584
1184 1715
1058 772
491 1739
1862 439
1232 1412
1097 837
368 207
1730 1118
1907 1513
1395 1624
945 265
522 1065
1304 912
1284 1551
827 1709
195 704
638 174
101 801
1687 371
897 1668
498 1297
342 846
1379 1754
1127 1315
470 560
1629 895
621 1999
1486 785
1835 1003
1462 603
163 817
1554 1491
29 623
1081 1825
818 1062
1739 1312
1187 1217
647 1337
1691 594
1478 874
181 542
1431 829
355 410
1072 639
1802 1375
1617 396
1645 134
251 1675
42 802
1438 1170
1614 985
1599 167
439 1666
1211 1400
539 1695
1996 400
773 238
1637 1323
1108 804
1714 1242
1334 1587
1607 720
1145 1734
1862 442
454 1851
234 1875
612 880
293 482
1519 973
712 1655
1762 958
636 395
226 1936
1113 1015
1412 66
1292 1657
623 1812
464 817
1086 474
80 978
401 1933
709 1395
600 1367
53 1361
1003 629
1920 62
289 933
1681 518
686 775
288 386
1614 99
1870 1635
1372 1232
1260 1550
1235 80
1885 1049
1479 1455
865 1797
1379 1107
1171 1165
80 867
1178 50
1677 1821
1835 482
480 1485
405 402
1245 1459
1734 356
1047 1501
769 1359
148 124
299 192
592 247
1749 366
68 185
792 51
236 209
164 148
826 1389
1460 800
1979 513
1013 1930
1213 1554
1977 883
1661 1841
663 1703
113 860
554 1419
1594 495
1111 90
32 1087
345 32
1065 1111
361 68
627 390
1444 1501
863 1110
1200 1388
105 1661
1130 567
897 1423
1662 713
1118 28
1271 1305
1676 1850
1056 587
160 1793
677 1459
1573 1340
1005 485
478 344
877 1954
307 1214
742 91
80 1443
678 18
1789 1148
1244 1029
266 1620
781 1957
1637 1290
1761 16
1323 1444
239 138
19 135
128 1344
1430 1631
134 579
1329 477
1811 324
1782 1760
495 23
226 1796
798 838
783 633
1798 1047
517 1110
1921 679
1458 1624
1054 622
276 1728
1885 1191
532 971
1170 1794
610 663
73 384
1175 1949
1017 35
1890 1014
140 1289
250 1616
1094 52
36 1388
633 584
778 464
530 864
329 178
1138 450
1520 1431
1732 470
464 699
1423 1137
1692 404
28 988
283 457
989 418
1318 1056
711 1488
1395 794
1276 1250
300 1056
1559 343
1360 680
565 811
1617 1186
566 931
1992 1520
949 1964
294 1023
1268 85
1553 1768
195 158
224 1547
1877 383
1624 1111
958 399
1800 625
751 1677
519 258
1530 194
1930 566
1691 1402
242 1913
1648 1370
93 709
673 276
1755 62
1449 767
1886 259
1351 677
131 1933
399 592
95 864
1200 1986
314 249
535 1348
1994 507
1921 1818
914 1071
1858 801
1012 1885
174 994
206 131
483 1694
1702 49
719 868
1283 759
1547 1919
897 1258
1384 1667
460 1565
247 857
1653 194
9 1144
1412 1924
1952 851
46 740
1979 1589
1720 32
1702 15
1591 1042
793 828
1082 1679
1793 1359
1570 1213
1544 1585
663 1610
1312 375
157 1841
676 533
1212 1761
1385 888
310 1081
439 444
915 1621
785 873
1880 1098
666 1083
1156 1156
70 63
1353 620
945 329
6 864
559 960
1708 1054
1123 95
1556 1512
566 962
130 64
1006 937
427 1603
678 301
1708 1827
918 1317
670 752
244 761
1544 149
1515 1805
1362 1902
359 1589
1447 599
62 1589
340 295
120 540
269 1430
206 626
1603 206
991 81
1449 1283
1531 952
1386 1437
45 1211
597 263
410 1186
1449 914
267 1591
914 148
1792 1521
661 711
1451 829
1449 811
241 1324
1522 1167
99 1436
1846 1333
1876 934
452 382
555 558
1116 1507
1933 1312
1767 667
340 1836
1937 1986
1126 1469
1476 1636
1779 367
481 515
663 374
1810 1291
1789 1096
1971 1450
1038 1493
138 1116
85 353
1172 1199
1793 19
864 73
1262 271
1679 1221
805 1741
158 13
1878 593
407 1422
300 127
621 1589
867 1618
1761 1122
1599 604
548 1173
1696 727
527 1576
1783 1537
659 1980
755 1778
2000 1445
747 1383
1116 1616
175 1167
268 1115
1578 802
346 1467
1311 1520
1810 1245
1971 1341
87 170
68 1832
1005 260
555 952
1624 1933
1208 1272
1756 114
1559 1746
1806 335
142 257
541 1393
1500 1367
1294 902
134 1151
149 1777
599 1905
618 60
414 75
1969 1818
1341 1403
683 1319
741 213
1338 329
611 707
765 804
1762 790
1213 1115
761 428
1369 1008
965 1872
1274 1169
1836 219
432 679
1227 1839
1779 1792
928 472
626 804
187 1430
1559 1133
620 153
1514 481
29 1789
45 652
606 964
1670 96
1782 1265
1757 525
1254 784
810 1280
770 915
1367 1108
461 988
886 737
1728 5
1458 157
207 358
142 354
557 988
1609 191
1824 69
297 1449
763 1353
988 1858
568 294
1534 1320
127 640
1760 12
111 590
1815 1129
1304 679
483 1004
1586 1644
970 1688
1362 213
942 335
1337 1243
1221 214
1908 125
1108 1958
1226 2000
1590 1581
163 814
58 920
1859 1858
1469 671
817 1072
76 1518
1435 1833
1795 35
1542 169
1007 1145
578 1993
834 428
480 164
1971 683
1845 967
1580 749
576 1085
1475 406
353 1918
1684 1055
1777 1991
1848 166
529 1651
665 1431
1325 1624
1191 1215
1397 851
1708 1852
1502 620
1890 648
1824 1544
391 746
1358 82
411 66
443 1181
1133 917
195 592
1599 998
1428 1040
1479 1045
1159 253
308 1434
1015 1071
1879 1303
353 1672
1939 1110
1215 1820
825 305
1725 969
1904 780
524 759
1300 1288
1559 4
1059 390
1084 490
1321 254
1330 13
1958 988
1251 739
1143 1847
92 908
1630 1242
519 697
854 1042
172 407
1591 1422
1313 263
1072 1713
1807 1278
1965 601
1504 1239
1414 1554
99 283
1911 168
1012 1270
1074 379
888 1083
314 1469
1887 1479
995 1759
330 685
138 998
98 1792
780 614
1543 878
743 1031
364 738
980 151
13 178
854 911
41 1156
612 603
1636 1167
1989 1837
1696 972
1260 1500
1539 1034
1353 797
192 225
1193 1803
1472 509
437 469
1362 28
1161 1811
1028 937
228 704
432 790
100 1349
811 1773
588 1372
207 1365
972 518
47 1415
349 1666
1268 1123
532 585
730 607
1254 1969
1233 565
765 628
1097 996
826 334
307 814
487 1753
562 178
1513 513
654 1196
1617 1087
35 604
820 798
842 1390
1572 1182
1949 294
496 255
501 1265
653 1629
541 21
749 264
1942 150
669 56
35 598
1476 1433
1553 1102
1412 1318
149 1037
1641 778
1397 1504
120 873
1518 977
1846 1550
1720 1549
1198 523
28 1795
87 447
1687 20
569 951
1032 1165
772 1232
192 1991
1014 661
688 73
1752 98
76 1787
10 464
1409 1403
785 1901
93 1634
18 533
9 1198
1738 1107
1409 921
1632 1785
801 566
116 501
1255 269
1204 494
423 1740
1849 1576
323 36
761 63
246 507
155 1675
1926 1386
1650 1340
1151 1868
1750 319
529 402
484 1255
1525 1114
1018 1930
1079 1656
1591 117
1006 1634
1101 1638
859 1004
1621 1901
1324 1172
1187 931
392 558
629 1341
148 1340
1248 784
1141 870
256 870
1312 410
1777 1954
1137 791
1097 856
1541 1628
456 1880
1510 578
624 457
712 512
1277 1172
241 201
999 260
831 1259
1329 814
739 267
1861 319
1783 1059
1740 1282
1284 534
1857 1676
1660 852
633 1655
915 48
71 962
146 1794
414 1045
1478 1664
1208 1915
777 498
1906 723
1020 1426
1296 1550
1866 936
215 453
1350 148
971 862
1511 285
1757 42
271 1268
663 1770
1458 1733
297 1356
496 1140
458 1978
907 1673
330 686
1126 212
1539 952
1001 1613
1410 942
1163 1452
1881 1608
1419 669
455 1505
171 1480
357 52
225 1640
1696 823
904 563
741 626
1652 183
1561 1436
687 1111
1263 1147
1483 1474
777 828
1508 246
486 1770
36 674
208 1190
450 753
731 463
212 1266
1067 163
1037 207
1146 108
801 1262
1159 359
939 102
1384 329
1558 1723
21 327
1985 652
674 1610
91 1136
1120 1563
801 1451
13 751
1351 1960
1368 648
1112 639
1111 1293
129 1735
618 1742
948 842
1511 780
1159 384
1982 1989
105 1414
623 556
609 739
643 1123
1704 409
1619 1161
221 1390
1218 1650
1792 330
30 1364
1037 824
641 1716
736 1563
1947 1289
1026 683
1413 910
1901 283
1643 97
1943 500
500 1897
1101 616
489 1341
1585 1430
491 178
670 640
559 860
145 1453
917 191
944 1597
542 1671
309 814
60 1735
541 65
309 1396
1041 977
921 1726
969 1948
1626 964
1033 1023
1630 1635
588 370
926 193
1053 204
79 289
819 1928
1610 396
1790 469
1595 160
158 1181
501 795
477 512
15 1239
1893 44
389 1918
940 1662
509 963
1858 1896
39 1590
1516 86
1394 432
802 1068
763 492
623 829
11 1087
426 476
247 1221
1038 618
58 739
1956 278
899 1622
1697 841
1839 1038
211 242
764 273
1781 1535
1211 784
1439 412
1316 1342
26 1782
828 940
547 897
1165 817
818 412
401 1744
1032 215
352 858
1688 739
33 1349
1480 1458
45 874
433 1857
1431 1772
1109 477
808 1825
756 1299
1138 1223
958 56
380 470
778 878
498 1822
1733 572
1852 70
217 1358
624 52
686 158
871 359
1517 844
221 162
720 913
905 1099
1077 331
788 652
409 632
1746 977
1768 501
43 1484
1612 899
1197 1686
1732 1718
911 1084
140 685
664 846
1845 246
247 1816
1751 1547
1797 1744
1923 1053
1716 1234
1464 1057
963 731
1791 678
930 802
391 1263
1190 329
1940 10
1770 1669
1204 1401
1967 848
464 1307
1372 1880
1627 1816
591 91
1920 113
1862 1723
1351 1289
1224 239
956 1827
1240 1629
1100 463
798 690
771 1765
1422 934
82 680
867 771
1095 195
1339 745
1695 1247
1435 131
1397 1465
1705 476
314 127
1145 1590
1558 1767
121 1160
1608 13
1322 1126
949 1944
1429 82
936 678
15 1172
773 245
216 1568
1896 1455
379 481
1915 298
1258 1799
1363 68
516 271
362 19
1303 1491
1013 831
432 567
479 583
1013 744
928 659
13 1060
520 1231
307 1086
847 429
770 1347
433 1140
1440 1174
731 1914
1676 230
1248 1570
1699 1965
415 945
1002 266
1279 870
640 1516
62 24
511 475
546 1259
525 1270
1561 1096
1964 1387
1816 216
1970 787
1103 1809
714 961
490 1078
594 464
366 1376
642 922
1269 768
1191 575
610 1077
943 1821
1236 864
1311 1457
1089 1134
1112 1617
1025 1792
746 104
1588 775
103 1173
1530 1512
299 1792
1191 955
1568 563
1161 1173
606 735
592 1511
1699 880
942 1040
1860 18
1420 532
749 1970
1853 246
709 161
653 181
1391 558
468 598
268 1856
1600 310
435 697
182 862
1306 395
1903 495
376 350
210 716
870 1045
1386 1040
533 1243
750 67
548 1943
1332 737
1290 1696
695 115
1165 1242
1197 270
1123 1428
653 1732
1118 1835
1097 217
1851 970
1507 197
1225 1341
1113 1038
1310 790
122 1746
1193 707
26 230
1657 1576
744 1446
1898 1102
967 1191
166 924
43 368
1591 845
1871 37
266 1146
1499 954
1898 635
1835 606
1151 1111
472 1000
139 1064
186 960
1638 1427
1018 579
1582 454
235 747
1336 980
708 681
1655 1286
1415 1284
1860 1801
1621 960
71 3
1577 799
1901 645
226 412
1152 126
678 498
1805 1121
1721 922
1374 1823
858 905
1625 1710
901 70
1277 723
1016 329
243 471
707 1254
103 1037
1011 1835
1924 320
175 864
1795 558
1004 1899
286 1865
1154 1163
593 912
210 592
826 1879
916 79
1677 658
1455 730
1199 380
473 674
854 1012
1897 1279
1649 1849
108 1519
1262 1955
107 1339
355 707
356 1819
1643 136
390 1162
1303 1305
1942 1884
367 75
573 1823
1475 422
430 1701
1151 931
1979 1225
249 150
1740 787
914 24
1932 1324
1272 1443
1670 1307
101 1205
389 1181
156 1794
1084 72
1295 1827
584 945
1637 1290
1285 962
1785 1413
1595 989
1896 1602
221 1371
1356 1096
1285 1004
1351 1044
414 1765
420 318
1758 611
47 1420
1303 1412
1050 1045
1132 1927
1139 1361
264 490
1278 1296
241 1916
833 1324
587 506
1920 334
1715 1807
1460 144
1600 133
1800 1569
643 268
1530 307
958 584
1729 287
330 1819
170 1669
1330 1821
1987 525
1350 1864
2 1773
434 1453
1305 1144
1322 1572
538 1825
414 527
1785 422
801 1646
146 73
878 596
1946 394
1694 537
1837 618
1673 1046
309 862
1856 979
1603 1736
1217 491
1417 600
941 182
3 1656
292 972
543 1004
1334 1782
1604 1196
288 1991
1991 428
374 503
1371 1084
572 441
1711 1378
1333 152
1290 790
224 799
1239 641
1782 268
825 698
305 273
1687 1064
347 295
690 1652
1534 1618
1279 113
139 997
326 1320
328 1263
1380 1113
1761 1486
445 1495
697 1314
1965 144
212 333
1712 1616
1108 1992
1149 1967
1784 1721
1483 1622
842 175
1608 1026
1624 1704
884 867
336 213
1372 1191
1118 1177
1323 516
1575 1567
1532 993
1680 858
1389 792
1141 1106
306 1641
1394 1858
786 1191
323 1764
1518 449
605 1170
535 395
803 1406
967 1379
899 1235
765 1930
1941 1616
1194 1536
1223 1009
543 1135
881 112
543 1104
542 1490
88 1653
716 73
377 964
72 1210
1284 1644
473 1198
822 130
1237 1668
1491 235
3 747
446 87
1938 6
247 392
1901 1261
495 479
129 638
1765 1057
1075 1255
225 1645
1079 202
1284 1806
524 988
330 1928
1854 951
94 1804
1 453
1816 1448
1408 532
924 1856
668 656
1717 361
505 113
1588 967
1132 23
22 1952
792 1641
1669 1229
1315 334
1329 1171
1073 74
340 1809
895 220
1950 962
856 265
784 1688
1774 1444
419 1124
1847 336
1883 1173
724 983
1949 8
48 90
955 942
1450 933
1585 646
807 1230
1109 1940
1296 33
628 299
902 697
709 1179
574 1046
1238 1345
1889 1710
269 1132
821 1603
1701 1763
160 43
252 1703
1648 438
1147 1406
94 355
1829 703
1191 1786
959 293
1499 403
463 1487
748 295
1469 643
449 1780
1809 1600
556 1697
1190 1320
1395 476
1948 377
340 362
526 1815
1489 1452
302 1722
212 642
1864 1488
405 851
1988 238
494 827
219 1949
922 1861
1080 1134
143 496
1311 208
1796 1330
1961 100
1315 1789
567 1829
425 1062
1701 104
188 72
1086 343
1151 1646
1776 358
1253 540
89 535
515 175
669 1235
308 1129
1147 1686
321 1893
333 1935
1908 600
1914 1625
641 628
744 1819
934 1642
1411 391
190 1691
860 586
714 1981
97 887
216 1783
1283 1905
787 999
1752 1102
1974 842
770 2
204 892
507 26
1332 1788
735 1766
1087 110
1346 107
48 1998
913 17
1082 1269
1247 1274
1028 1360
651 1342
1926 849
1194 775
1431 657
1724 618
1357 1502
703 240
1681 880
1595 809
175 930
848 1923
380 1959
1078 422
452 1039
560 1006
1786 1141
385 1067
1709 317
330 37
718 820
1869 254
1532 1024
181 593
1087 1105
1792 929
1971 1736
1135 145
1560 220
1879 1069
338 1589
1981 22
140 855
54 830
1262 603
676 482
940 943
1099 1262
259 1970
974 458
1005 25
1304 142
857 1343
1654 1206
1032 305
1820 1928
1228 1959
641 1540
1984 651
1529 440
1384 1025
1059 458
981 1780
1796 866
1381 240
1229 1570
1082 1939
985 1920
1866 1849
365 783
1548 31
930 718
436 4
1335 922
1304 1092
1549 603
1765 1122
1501 791
1655 520
345 1147
1986 1466
210 30
1667 1234
1465 946
755 1375
1226 213
1049 1387
359 452
1391 1823
1584 1186
1137 446
151 746
1495 1859
635 56
1255 1909
1246 978
232 1969
390 572
1028 400
1580 1608
1386 430
977 131
1997 340
1627 1174
371 45
1457 1563
1712 1244
136 695
20 38
975 918
730 1444
1700 66
79 867
218 28
1096 1847
1627 1623
1047 1708
223 954
710 464
1291 306
939 106
964 534
1310 629
208 1443
1508 795
725 1352
194 461
269 707
468 1321
642 1462
332 1971
237 1080
1896 1238
1688 1613
1074 1271
1799 1925
1158 506
70 1508
723 1167
1427 774
312 1096
588 576
573 1554
1293 541
584 824
758 1524
1879 946
699 312
1349 1084
1645 1359
1012 1267
1729 1492
1320 1229
348 967
870 569
828 930
1167 596
239 883
1846 1486
1556 1694
1778 1053
406 1110
1329 723
867 694
64 382
1361 1138
332 1588
1606 970
1373 1839
1002 1473
830 1441
1665 1386
872 91
1389 1235
617 353
378 274
260 201
222 1759
224 1700
1631 1301
1718 510
1505 1588
1381 1720
1023 64
843 59
677 598
1573 1190
133 1493
325 920
1970 872
669 1838
788 666
1828 1453
361 645
1101 960
478 1580
1187 849
1165 470
500 969
1127 1027
1883 1621
1889 1569
1806 1928
84 691
862 1580
1978 129
345 324
142 1369
961 1063
438 1018
797 916
1619 355
1080 1333
1647 1581
332 1488
1510 1744
551 333
1464 221
320 494
10 1229
1318 1263
1035 1899
117 762
40 202
447 1574
1830 566
621 952
797 1877
657 287
1478 932
204 1436
19 977
762 199
1158 1445
175 906
1633 1254
1122 645
1323 931
887 1459
1562 1748
1542 36
335 1095
1696 161
1252 1462
353 1661
404 1280
695 527
1401 984
1834 1075
52 1776
1473 1286
390 1830
1593 10
1247 200
156 765
1586 763
332 211
423 56
437 1785
1692 1963
1794 746
32 148
1106 1289
1093 1299
1137 1854
1828 750
1559 692
1430 1171
252 724
333 1035
907 1300
835 1909
1343 1080
1125 1379
673 18
1185 314
1551 653
775 460
1561 1554
1082 1811
1752 1157
552 1080
1236 552
1768 7
1710 521
646 1176
313 1073
455 683
462 239
43 680
1098 642
858 855
1595 1544
574 186
255 257
358 1065
330 194
1060 429
1627 1774
788 270
187 861
1184 1195
1452 741
603 1101
422 1641
1002 1002
1237 1033
746 1316
1676 82
942 1225
500 1566
1108 310
571 1995
765 286
744 1358
1125 934
964 88
1936 1349
1906 984
1306 1417
905 843
1606 764
1591 676
1687 518
121 1117
830 1490
1593 1528
662 748
884 1170
1371 1215
1708 565
1815 1651
1131 1696
100 988
1051 1597
1500 261
378 450
260 703
1265 1362
682 1629
1612 1712
1543 1727
656 1681
1011 1375
313 931
1448 304
1647 1813
1524 166
482 1574
1276 375
81 88
1726 1342
1523 1613
81 932
1202 1478
1083 1557
207 1763
1484 1845
1523 1911
1722 459
1442 225
1374 600
937 1590
115 329
763 201
550 1221
262 634
1079 1798
329 528
1359 598
1710 768
1241 1258
253 702
1245 333
680 994
989 1808
826 544
666 342
1768 225
575 1012
840 221
968 1254
1410 917
306 404
996 643
1382 1744
1563 160
760 757
1118 97
1512 767
1027 1185
823 642
1299 645
690 313
624 202
1577 631
72 199
1792 1082
1956 1004
616 1487
265 558
1444 632
1996 587
619 1125
1578 18
914 1922
501 742
1049 645
1925 1017
160 765
1794 262
1579 552
1701 554
902 491
906 1001
1073 164
1984 342
880 1078
577 768
1590 1671
1600 887
1613 1629
1618 1663
1105 680
869 664
936 1242
525 966
1456 153
759 679
755 217
1306 1783
1009 858
718 1784
551 628
1795 182
227 1302
687 1945
40 534
882 816
282 1950
1973 126
1153 1368
1896 317
552 527
115 1127
547 1536
1892 1819
1345 1289
395 981
1320 289
1429 837
974 1449
1950 606
1903 722
1361 1617
869 569
1688 471
811 1405
313 355
445 143
157 1414
1139 1913
423 1
797 153
485 143
1729 1398
1887 947
1481 1399
1979 1337
1455 1379
780 330
1875 1474
1456 1232
265 1562
1287 889
45 1964
1798 661
1857 1718
310 2
337 1087
707 952
636 124
1807 975
1154 1516
1412 320
50 1212
1508 104
822 1626
881 154
855 457
1326 902
1329 1344
1011 1857
1393 644
515 637
37 1274
1190 1043
735 1049
306 1196
971 1491
1965 484
855 1040
1075 967
434 152
1493 663
776 52
1946 1211
1480 1732
222 492
1818 1577
263 125
363 59
992 1797
355 814
1323 687
1456 1419
1939 1046
806 818
974 886
1209 241
1443 909
1621 1698
240 1166
1678 1220
1116 1009
449 650
1977 534
695 788
992 328
4 115
396 1440
76 584
420 1020
523 757
465 1322
1020 530
657 1436
1315 768
1722 1750
1368 1030
1613 488
1097 49
127 798
1244 366
320 822
439 1983
1356 575
1707 1610
1550 247
716 349
596 1511
1976 985
59 105
166 1364
144 951
1826 1116
30 1465
1927 1719
953 1426
987 336
1587 1805
602 1825
145 988
614 1538
1422 819
1758 1375
1196 333
602 882
523 780
1959 1914
695 797
1128 1288
965 389
1696 1857
56 536
1764 1361
1816 255
273 1877
1008 974
1986 1173
1350 155
856 681
255 627
825 1169
1765 1744
1925 116
955 1082
74 738
115 1228
815 1220
204 1572
726 1032
456 919
1688 371
393 238
985 1820
1234 1607
1487 1331
214 1119
192 959
735 1272
1507 1406
250 1039
1177 358
222 1715
210 1291
1878 563
72 697
1080 111
657 1655
1400 1197
510 1242
134 1400
1107 1169
583 1549
820 1929
876 68
1137 1900
1100 1897
1661 459
1235 1929
1014 1775
44 1668
1136 1509
1646 588
1279 1206
102 458
1643 443
472 1412
1054 1518
769 580
962 1742
986 1604
107 355
1404 922
1817 1218
1011 152
1047 434
1070 1940
583 174
64 1681
1803 883
1040 293
475 908
905 49
491 202
1539 442
238 1123
1006 1063
1808 1700
469 1881
1565 1040
478 915
1888 1475
1272 1090
640 1787
1007 298
771 1249
1443 1947
691 175
1555 317
1313 826
756 796
1123 142
644 50
116 1460
333 1652
200 1465
404 486
546 1357
1314 1140
1399 273
1879 631
399 535
1658 1156
705 1369
985 895
1542 482
1912 919
1658 850
1212 1929
1839 1757
1290 51
1770 1884
186 998
606 600
980 1264
158 367
1608 1819
852 889
771 574
1974 395
372 1799
748 1435
581 1073
449 1330
1652 1874
1755 1882
834 1962
1110 183
1009 643
1126 1934
1936 1389
1226 130
1593 1694
1256 1778
415 1926
1850 1994
513 1755
1234 659
502 621
1277 458
1469 29
1956 310
513 194
1662 1570
1244 826
1638 1749
1314 1220
783 1335
186 1704
1899 682
885 1347
1759 1579
300 600
321 270
2000 1733
982 977
835 1104
1865 338
1944 690
288 1209
853 713
415 1607
1477 1388
1551 264
316 1345
742 532
589 1087
1100 918
1940 1646
1433 1886
856 1544
612 1392
1407 1499
1833 437
1766 909
1557 98
1983 1806
1603 21
1871 1121
1490 503
854 60
1832 1268
1395 732
48 664
1736 1778
1435 1359
1730 1746
742 1253
710 824
1256 1298
830 269
1502 1719
729 1705
66 302
346 1770
224 246
281 235
1903 1735
1578 808
1636 1142
61 577
1028 800
1968 1945
1254 1672
1694 744
900 1214
766 1148
1569 1025
1080 136
1945 1778
382 999
578 1784
1854 1822
1613 1489
664 840
712 1591
534 1423
1134 277
1980 1854
301 666
1641 235
1730 1723
1340 1047
1534 1051
1630 304
1049 1671
1715 1365
86 1376
664 1297
848 1945
1070 824
452 1872
1233 931
159 961
1236 1045
1732 530
1125 1220
362 1999
1287 1627
2 1080
962 1816
511 803
247 1686
110 73
1453 354
537 166
24 1138
486 1809
1883 504
872 1954
1812 1303
1714 368
2 238
255 1574
1965 139
1244 1473
1360 1248
1897 594
3 1335
776 1627
74 995
82 1265
1573 148
1261 609
1860 1288
1214 1187
810 23
86 1684
360 1419
1126 884
227 632
19 359
1688 1983
1904 322
353 1266
44 288
1870 991
49 1873
1498 609
667 505
1951 1797
1513 1463
1341 1631
1715 237
163 1717
1361 1334
871 1927
1790 1069
192 1485
405 781
695 774
1119 1061
1580 1801
81 1707
1983 1324
1857 555
78 1047
88 1664
19 768
645 331
1660 1404
258 443
977 1007
751 225
1365 1115
1082 1975
875 1458
362 309
1111 1268
1362 1889
1506 278
1419 295
1758 524
1715 684
1073 1022
1172 1266
1837 1439
188 1911
1101 600
219 969
1490 1144
1838 1714
1045 473
267 272
1062 859
1852 643
966 707
185 430
1898 513
799 464
751 1566
122 1080
1342 921
1968 868
604 565
2 1293
511 1466
1282 1666
1677 1751
1879 205
1668 528
791 233
653 334
1821 1445
817 1798
349 1329
600 1512
1747 795
600 1691
90 1551
1269 1231
1354 924
1535 580
1545 1997
682 967
78 680
206 152
725 1569
1272 1068
1847 326
1567 1266
1476 604
1606 28
1382 1553
1754 1139
1572 463
887 234
497 1137
1806 1344
1554 1413
1613 553
630 363
75 1417
1265 1395
93 493
1529 71
70 554
1439 1429
1497 1649
1432 1452
901 1209
713 1703
1927 387
1812 537
516 1101
1204 670
663 54
1013 1861
644 636
1026 972
697 1249
66 371
1069 1277
886 632
1408 1319
1436 1675
243 143
930 1437
201 1343
1271 1323
718 1554
1169 499
378 328
88 847
1538 1744
892 319
269 246
1192 1515
503 1354
544 1712
401 406
1260 342
1398 502
266 1215
449 1098
1570 586
165 1995
365 905
116 268
1798 1317
1983 1521
713 1710
406 1253
1191 391
685 415
1591 818
151 1739
294 1739
754 1284
1686 752
48 1432
1291 1471
260 1853
1901 431
1163 898
991 501
1749 321
388 1906
779 1138
1367 967
43 1165
1415 1463
690 259
1036 1612
1035 232
1914 1323
537 346
1808 316
1518 1841
195 1052
214 33
491 1869
144 466
216 138
1418 476
502 1149
1907 356
1866 998
1576 297
486 272
1517 229
770 141
352 281
591 1622
1209 747
132 1562
1955 893
165 154
288 764
1579 1220
1695 316
423 1231
333 1365
1356 1972
1806 106
1015 1493
1490 1073
1369 699
377 569
107 444
729 1316
1120 1781
812 426
1827 835
1195 1393
1019 1917
492 1861
934 1912
189 1784
1678 9
1269 1191
912 984
1110 130
1348 409
1560 70
1305 1031
811 1473
1564 1849
261 969
1036 149
1944 1611
1224 45
1345 1909
1745 1881
643 1359
1974 1309
1384 1436
905 1477
1770 998
1485 846
457 1867
37 90
1487 965
739 694
351 1426
469 916
160 1464
1841 1671
871 733
1771 1138
1476 492
857 917
1899 481
816 31
1385 1963
841 942
443 1971
1861 1705
1079 1216
1025 216
1510 1576
485 561
20 796
303 989
1558 530
1623 88
965 641
1352 645
1087 311
509 424
275 732
1923 803
1938 1363
1617 1323
1177 117
1631 1446
443 83
448 1671
812 727
138 861
184 1134
69 1692
523 1103
1892 584
937 1205
1801 213
905 1562
1672 1900
1285 611
414 676
756 503
1934 128
1801 1413
531 1352
1946 605
262 1062
1370 1417
147 895
1017 621
500 1408
314 544
716 998
411 1025
1846 92
1832 618
1483 1704
123 1709
1904 1873
1283 1527
191 1539
287 910
63 676
1239 538
65 877
1940 1128
544 1858
1481 546
1170 708
632 1685
591 120
1910 1478
1985 1645
717 1388
691 339
809 1527
1411 1431
1970 671
1804 550
1450 1754
358 1608
1211 453
1462 635
602 694
455 644
134 1868
1543 894
52 756
810 1013
1926 1331
635 1024
667 1469
1218 712
284 1685
237 118
636 779
1414 1004
1643 264
1956 1437
493 734
1479 698
756 1914
1576 814
1803 1424
217 511
963 1027
1877 1343
568 1266
1585 432
211 548
1423 1789
1258 1436
1314 1824
1503 914
1191 731
574 64
1433 759
1116 658
121 1099
1958 709
888 295
1431 1676
1135 570
1087 1505
1079 1915
603 1084
656 1614
1629 103
1715 415
1695 1729
1834 1903
172 1859
77 1099
876 1956
1269 60
1495 857
887 141
1241 1852
1604 887
1874 115
337 499
1600 1112
1423 436
1862 1911
1760 231
1970 1916
1869 198
1367 740
707 828
1035 1506
1377 1227
1353 1192
1154 397
771 1593
1675 1649
1210 235
1965 641
29 960
1921 208
84 910
415 125
745 1353
1225 1946
1169 91
1560 434
1161 1252
788 1983
1358 73
892 473
1285 1648
879 1124
1959 1852
1632 1666
1095 460
1245 1747
187 1136
387 1706
163 1857
1363 747
520 1930
965 1588
242 207
754 1331
1704 1088
1697 1110
1234 642
1136 1246
1504 1857
1549 841
1017 105
74 961
99 896
634 744
753 1276
1856 768
1708 506
1794 344
1259 197
1574 1891
1538 1057
744 1619
269 442
1331 1642
182 928
664 863
1236 1019
1477 276
617 1926
128 897
1211 10
437 181
728 1719
850 1288
1690 324
1343 1674
216 406
781 637
162 786
890 1109
1685 1754
28 690
47 1439
517 154
166 779
1760 225
214 444
825 1654
1430 1901
14 1399
495 1439
1780 1690
576 876
432 459
1752 1847
705 1774
1082 1880
6 1930
619 690
1565 798
359 1516
1631 1721
1551 355
1357 993
428 1038
1413 363
1672 408
21 1118
396 1594
1629 1601
891 1828
265 483
798 715
1442 359
275 1931
1343 1441
1046 95
308 1908
1144 595
1250 1060
146 1664
467 992
495 1450
128 1332
651 1061
457 1084
655 1768
1254 735
66 1530
1788 1154
1859 1549
745 1811
347 656
1519 1456
1994 955
1509 1754
1820 1989
702 1219
1022 40
1761 331
1595 381
45 319
1864 1430
1737 550
994 1575
1733 1842
1267 1915
1970 1790
1981 426
812 1535
541 790
131 377
788 843
1174 1950
1535 963
1222 1015
31 487
1576 812
362 1453
1192 1097
1977 1462
797 858
1412 431
1449 625
198 1766
970 783
824 217
1434 688
648 508
1446 617
1453 1791
739 488
1303 1504
1353 1081
1007 1463
4 653
1305 1278
897 1822
1511 770
236 846
1873 344
269 1759
1590 1031
337 1836
1526 1648
606 250
1566 1795
389 740
749 1556
1760 628
196 938
1106 1784
1968 79
1473 1432
245 1692
1586 463
1571 648
1774 259
1441 745
513 27
851 1450
38 1336
1875 158
1786 611
1819 505
1678 1055
1274 164
1346 580
1739 1880
1449 873
1693 805
1768 1932
1004 419
1607 216
837 898
1657 941
1374 1607
823 234
1223 706
535 986
1735 256
749 152
1817 1256
69 342
1282 462
616 360
1409 303
1226 245
909 1347
902 714
811 1116
554 644
16 755
1678 994
1827 597
1298 1734
561 1031
1622 1702
1354 353
1773 1266
1911 1720
1557 778
7 1160
399 599
1166 1691
95 601
1319 829
520 1120
1979 1526
1647 1806
1664 1218
712 1938
395 1362
18 1906
109 456
17 160
714 562
1831 615
1449 1256
1772 182
1165 1785
1956 1642
699 1148
56 1984
1924 2000
535 1148
476 797
1291 101
1930 1622
574 153
835 253
23 295
35 178
1117 1047
1444 102
1905 854
808 484
1103 1625
905 35
149 1289
1448 391
978 1977
147 380
1113 1508
1012 526
825 623
1125 999
237 712
1623 781
516 781
639 1679
755 1582
1887 1549
1300 1934
601 1062
1059 1448
1229 145
357 1860
378 1167
755 1148
1654 322
95 421
778 1755
1317 1501
1969 620
1296 1206
272 415
352 795
529 768
1211 1452
1941 254
1728 1942
1020 933
166 548
1380 1250
1852 276
1207 1449
1615 347
560 1481
1834 642
538 1304
1601 1673
1342 684
1675 1021
681 1046
885 1201
1176 695
354 1454
61 107
999 22
674 859
1652 657
316 547
136 423
1563 489
1371 1810
181 1905
1974 655
1569 206
1688 1089
1930 204
255 1860
890 1055
1643 1587
517 744
240 1101
354 1590
1499 701
1490 783
1533 1635
843 378
803 728
512 71
743 637
64 1810
151 791
381 937
654 139
34 1909
1365 1146
561 1662
470 245
915 964
1851 176
72 841
1616 163
1519 365
1378 537
344 482
1838 560
1727 1122
443 1113
894 491
15 301
1948 1087
128 1881
799 1893
1927 209
488 1457
996 1461
1204 1916
1052 128
1430 859
404 868
1012 640
830 395
1413 503
291 1927
1960 129
385 589
467 782
137 1851
1992 1086
1259 199
246 1232
1174 906
614 1859
1401 1172
1688 1475
837 733
667 1669
396 1263
360 1400
1555 1258
1373 193
974 1119
1465 484
546 49
708 1970
273 1415
518 1391
1760 66
1804 1903
818 1810
531 1989
1595 1751
1804 98
1828 674
1330 1387
1533 1234
724 1377
68 302
716 515
1675 1472
1938 1715
625 574
1554 1973
1780 1367
783 136
1009 327
1438 368
937 1110
1022 1437
322 287
299 861
1511 1388
650 1927
626 657
51 1355
547 556
1587 838
465 261
876 565
1904 1065
838 1546
341 406
548 263
1298 309
440 456
90 241
1072 1798
4 1682
178 183
98 876
232 636
1268 1352
1245 412
64 1929
1402 1642
254 1014
48 1784
306 1701
581 1516
1980 1231
1085 627
366 1234
1227 1983
1981 999
955 1893
614 118
1189 244
332 1384
50 810
1522 163
396 284
1155 1410
86 1650
1504 293
1477 591
60 1241
1484 228
200 1111
876 929
1406 1343
886 1597
209 102
1666 1225
1585 1652
122 1369
497 1207
1482 1007
1531 1428
1479 661
53 713
1457 1792
1543 1141
45 677
688 700
620 97
948 1200
59 5
1442 1894
1120 323
43 1844
223 300
1491 377
1688 1541
824 243
388 416
207 1689
1712 1996
1795 1428
1561 1533
1655 619
648 1409
469 1442
1497 97
1586 1552
836 133
675 533
1274 1645
227 468
898 657
767 1517
1984 946
1724 1039
1181 1552
560 758
1475 747
957 133
182 674
506 1746
1992 1020
974 1264
401 609
1368 1340
678 1675
1631 529
1339 328
82 1857
157 1563
1853 1942
831 988
1264 463
1999 1028
59 770
1675 1260
1680 647
70 1925
1312 347
1670 1287
13 475
1937 1613
592 1919
266 1708
1775 738
795 57
387 1872
531 1742
1677 1632
1846 1605
1259 1033
1076 758
155 1365
1299 1179
735 660
279 1401
208 307
848 994
1644 488
985 1501
1266 1248
1843 994
166 215
412 636
920 790
545 847
208 1990
412 1242
966 146
858 1951
271 1732
1477 1011
304 320
598 398
1078 1285
176 545
448 321
240 498
1098 424
1042 1852
1881 1338
1508 1959
1019 1277
1541 328
328 16
428 1083
215 218
78 272
113 1981
1621 1072
394 1556
33 257
904 1734
408 1995
1847 1266
813 1776
384 718
19 300
1387 1024
1026 969
1429 204
939 68
732 726
1981 166
356 265
769 601
1254 1536
368 1243
609 133
19 98
544 1181
936 1334
254 1770
1050 1356
1305 1411
10 748
1356 317
1863 1116
815 563
197 611
1112 985
91 1409
777 1715
1812 1495
933 1854
156 1888
1945 412
1428 39
1705 180
1936 78
1458 1717
1459 369
1058 737
1074 1729
423 915
147 1595
1581 580
383 1340
67 1503
838 1923
1824 606
1104 155
400 454
1418 647
1579 1509
871 1270
968 186
1991 829
439 751
1082 1442
89 78
1047 380
1193 1987
547 3
1396 505
1945 157
559 113
465 1926
735 710
1529 665
1503 826
1920 1138
1298 1749
359 756
1608 1359
1509 1090
1408 816
401 896
146 859
1140 1720
912 167
1366 805
585 1031
1611 1522
514 1544
231 1890
288 1371
456 1464
1912 78
1145 671
869 358
1446 233
1306 388
1433 440
1922 1891
1302 1262
1587 1068
390 480
368 327
1765 517
796 341
1482 135
1644 1297
1847 1995
759 42
206 1694
1923 1903
1257 1156
23 1979
1004 1720
1309 535
223 745
156 1034
1164 218
1458 1989
598 931
346 1278
892 1865
52 789
1590 18
1610 953
1682 108
1513 1743
1838 940
529 939
895 151
1409 1210
380 550
1436 222
113 425
735 310
1066 1396
918 1552
187 511
1079 1138
721 632
279 1539
980 706
1669 824
933 1782
1873 72
1667 628
1642 236
722 1109
1529 1010
659 1784
1578 1204
1007 130
1798 446
219 1146
266 681
1614 1958
167 1676
878 1492
254 621
365 1553
1990 1593
1223 159
1938 1744
1651 1830
56 829
1169 1421
475 1778
584 1716
847 1635
1806 1894
948 697
1605 113
1801 1538
528 1912
1869 1668
445 823
387 732
1570 1762
587 623
605 289
454 1723
426 941
828 666
516 1420
67 488
1711 1440
337 867
128 905
1633 1866
1839 592
1906 740
755 122
315 1480
274 792
419 1677
291 1620
1577 1146
162 1277
1782 1629
77 1440
1765 544
1586 606
958 1540
1427 1502
112 862
1490 546
834 1230
297 946
1145 26
1213 1481
144 1777
1819 1268
1028 1616
550 1200
1361 791
1381 901
644 1725
753 739
1606 1663
859 1508
900 1172
419 963
1051 1218
1507 1683
92 1029
439 55
290 258
1184 935
957 587
1612 196
1325 786
371 365
1450 1096
1400 1144
109 142
145 902
1407 1529
1940 225
1668 1668
1621 1216
1882 398
417 68
838 1177
278 119
1492 51
1350 53
1685 453
478 809
1230 1736
510 589
929 208
1420 514
286 976
869 1411
921 778
260 51
1508 1387
1547 737
308 1389
456 1367
941 1996
429 725
387 1739
133 182
1773 1317
1088 1010
127 1348
1433 1699
442 1756
432 1790
1197 671
1288 975
1774 1014
1347 1139
542 1301
1655 589
1495 1494
837 1999
1857 857
722 1600
355 614
1130 346
554 669
1079 157
1832 1615
591 1784
1850 592
821 1130
1412 1746
1864 79
925 315
1454 1607
1787 1358
1253 1572
1966 688
1455 63
1327 1698
799 1046
316 171
732 663
1314 1001
1908 1345
1140 461
789 456
753 321
707 1661
1795 1177
560 668
407 1735
322 407
1041 1308
413 555
332 1380
109 933
635 1786
1686 1810
206 596
811 448
1155 507
1293 1047
1320 564
919 583
126 1990
670 1654
222 1272
572 1557
507 476
749 1909
1691 1083
1221 644
481 1184
858 1023
81 1912
1151 1841
874 633
1188 1564
968 806
259 1450
874 1540
149 804
368 1891
110 1067
610 1514
1686 1309
1434 58
1332 403
95 13
1476 215
540 343
1485 281
1621 1717
1321 69
930 1202
308 806
1512 1595
669 805
650 1023
1256 605
507 1290
1707 1244
1234 140
1594 1529
87 1056
179 253
841 1073
815 736
493 564
1420 913
150 827
984 41
1502 190
589 1630
1286 628
180 474
18 1146
39 409
1878 744
917 1944
1302 113
735 1137
499 101
1773 1946
1847 1119
1856 11
1751 626
82 1346
1115 231
733 729
1237 653
630 569
1797 200
100 266
834 471
1884 1171
302 1207
708 510
270 780
936 1690
1404 526
255 999
629 810
1591 433
1457 1161
1388 1073
651 781
753 1865
510 1511
884 291
1222 775
1947 965
331 1628
473 100
1387 294
422 958
138 769
1605 432
1803 535
707 1144
239 441
93 1835
1390 511
1532 1123
1370 1990
1654 1121
626 1730
952 1353
1671 442
1824 1095
1468 1862
1034 359
1472 1583
1103 1867
446 462
1041 154
636 107
1609 1803
1638 263
1753 1199
627 444
193 1337
270 1613
944 151
283 1396
415 1982
348 1748
1425 917
1494 230
1796 1009
811 1019
612 1860
1418 702
940 115
1271 1683
1911 1886
1953 761
1964 1235
1815 1836
1259 859
1522 1088
1125 1697
255 99
196 1717
1626 147
1289 525
1578 189
1978 555
127 785
1480 1866
1634 331
841 299
150 1273
601 385
1716 934
302 928
1108 1642
1248 1204
202 350
1713 1954
1772 1365
977 849
1383 1786
1650 1505
294 1455
656 987
1544 582
1006 661
1486 766
944 1420
1262 155
1445 160
306 826
1928 739
1495 108
1538 451
1144 283
874 538
679 57
1557 1634
61 1562
1001 557
567 719
1642 442
1238 584
1030 1652
1947 635
59 1929
1415 274
1478 656
969 8
1990 1718
1931 1449
1747 1825
407 1383
1656 647
855 1284
1966 1446
1991 257
421 407
1536 799
1400 1521
667 740
1089 226
722 1711
1341 1389
374 109
1529 908
1990 1144
1878 1605
351 132
1258 66
513 1240
12 958
793 1088
804 1356
1122 1737
99 43
379 1021
289 456
53 604
357 1806
782 50
246 1153
158 135
784 830
1163 266
1080 8
1185 1744
1081 399
1220 1299
297 665
1269 1370
318 389
584 439
470 413
389 306
376 1591
1326 1860
511 810
1716 1013
1828 949
1785 1510
1354 807
52 1871
1394 677
864 1429
154 1370
1409 1479
658 487
589 404
38 976
1042 1960
695 1165
5 1576
688 1796
443 801
1549 87
924 129
575 1627
1084 670
588 1770
1627 1630
1095 248
1551 1709
252 355
1017 831
1487 1170
364 744
1461 828
52 1960
1589 1511
1679 380
497 1760
659 847
1529 153
1690 992
299 1593
224 896
1038 1406
134 1205
1306 1819
93 1252
1180 961
668 1769
1597 414
1206 1568
1236 152
596 545
681 1497
766 1713
469 1467
721 143
94 1285
1998 1179
21 1770
950 1959
1766 943
660 1753
57 1107
479 706
353 1727
277 44
1530 214
626 573
1769 1638
1877 1122
683 3
20 35
1955 1017
441 1990
1036 772
1404 60
259 1579
1935 187
845 226
159 1581
1253 709
1057 1295
433 1493
179 217
1928 1062
428 1268
1370 1531
96 950
1640 1511
219 1045
751 862
274 1994
1054 777
1212 846
753 1048
1243 736
26 397
1498 1287
1291 1376
923 1145
652 1547
232 1323
1343 1333
750 565
173 325
65 919
1128 671
1057 1006
164 1851
1139 474
1001 1829
1325 1677
768 1323
866 433
90 345
128 187
590 994
410 1520
1852 276
16 807
809 369
1757 1658
1453 1405
84 55
1171 1490
1340 489
1690 338
1152 1508
1323 623
1825 424
1589 303
111 513
740 90
1977 625
1561 1175
1429 384
1697 323
618 766
648 1644
212 1824
744 193
1088 1102
591 930
1468 1363
454 691
490 1814
1776 77
1100 1790
825 1431
15 1589
333 155
21 1332
1751 911
635 797
599 1579
1864 1014
311 1113
316 804
659 587
194 298
229 55
696 1683
318 1018
208 578
956 570
1 109
1836 53
1024 1626
1618 93
1869 1091
1237 139
49 1338
1671 831
1585 1506
15 543
1535 1880
499 1995
920 186
1963 574
3 661
1196 1666
613 1519
502 449
686 323
356 1545
1261 395
703 486
1424 1131
1443 303
1791 606
1171 807
1884 1403
675 1760
1364 1709
1417 783
1905 323
1740 425
788 896
642 1378
1415 1768
366 836
185 1499
1766 1686
495 557
1137 133
1422 1126
1072 1970
615 736
1938 1380
724 1283
1613 679
563 1551
1889 1055
196 175
983 321
754 729
906 990
125 1732
98 1514
1525 1857
1472 293
1243 1547
718 286
762 1314
289 220
1014 653
916 1590
1813 28
605 1211
453 530
391 1563
267 38
565 1927
309 1610
467 784
1342 857
695 1691
517 1036
970 1547
65 1763
1670 434
222 1420
513 1809
62 299
678 1949
203 1913
1739 1928
1313 1745
1970 1936
1300 600
588 525
1276 1942
208 741
448 690
1196 1574
498 1655
1633 1792
1378 859
441 1507
259 27
1593 1993
365 1883
211 243
1754 451
1688 602
1557 183
716 206
1743 394
1842 225
1750 787
148 270
1320 767
583 597
1579 782
1421 655
1070 1154
38 1563
1786 242
327 958
855 819
1584 323
1106 1160
903 1790
1198 845
966 882
32 1286
1181 723
1036 1768
1124 295
1869 1003
169 1333
341 309
591 304
1322 1354
1726 909
117 356
677 1081
1873 1902
737 217
328 987
1142 98
1155 795
230 1917
390 1813
1250 1490
1591 1083
1730 1144
1376 660
1306 489
480 1274
1686 1003
968 81
765 1233
1949 1520
1965 267
55 1262
138 587
184 1499
949 1201
889 759
1822 1557
806 1589
1443 156
379 1654
637 613
485 1324
462 1798
739 132
1443 97
1616 1255
67 1887
1194 500
1361 1457
762 568
1436 1507
491 1635
1790 1964
318 1235
1618 1528
1525 1544
1920 613
712 450
622 335
304 1206
281 1115
1164 93
1620 1180
828 1476
1493 118
894 311
1887 885
1497 266
846 1934
1031 910
93 1215
1195 1565
1823 1780
1521 1821
806 249
589 615
1716 1647
38 1631
1336 1556
254 162
1504 978
1362 410
391 502
798 1182
1479 1712
905 915
211 1705
1824 26
240 26
1604 531
882 1459
1055 855
1579 47
1525 635
1000 1184
1555 1172
543 1251
629 590
1064 8
243 1878
1638 1897
1571 891
545 1854
1609 1499
633 374
604 431
1085 1675
72 1192
1258 1700
852 16
806 1145
44 1967
1161 1419
665 344
1203 995
158 1
1721 1124
1797 987
544 1073
1952 1866
82 1140
1260 1883
950 354
873 552
1954 1670
1999 464
824 1894
1708 1569
594 1429
505 1368
1799 1208
1494 1145
366 1106
895 1322
1932 999
547 664
707 1533
710 814
173 751
1654 140
732 862
1979 1348
1009 795
410 1166
1736 1160
1159 599
1279 1213
242 318
1114 1060
602 1055
947 1732
912 1414
1094 926
1065 1104
321 1568
1219 660
80 140
746 8
1179 596
1351 473
189 313
483 1270
164 1284
1136 29
352 319
320 1157
1819 1394
63 691
428 914
1823 877
520 94
552 921
809 991
309 1024
803 1917
1241 1749
890 1764
1136 1826
1982 67
686 1154
1415 1381
1844 1252
635 1429
1318 215
759 472
218 811
139 268
1872 1751
1411 1070
897 861
1462 376
397 285
1701 218
1602 203
511 1333
1647 881
265 1540
1894 342
1180 1015
1574 605
924 836
1775 1735
1593 1834
1235 1619
408 135
963 1070
1441 1427
1161 1546
1901 275
324 1765
273 965
1179 759
73 1149
476 524
46 532
504 1187
735 1414
78 299
379 420
51 1296
1452 392
1968 798
1858 999
652 436
302 1736
747 1787
1747 397
1119 559
795 1967
325 1626
486 73
142 1791
115 790
59 1444
214 817
62 1167
1042 38
1337 1300
12 110
1076 77
1096 1004
1071 764
1153 900
1682 1771
1771 1083
1300 1119
1696 705
458 1904
1589 293
1614 271
764 1185
1985 1897
318 1207
1561 417
978 132
175 389
255 349
778 572
817 904
179 63
289 191
1542 1693
1765 188
1225 529
729 84
1624 1216
466 1136
1186 435
697 561
1353 1406
560 827
627 755
556 1766
649 728
911 279
723 10
331 1179
773 1567
123 844
1285 592
1585 1148
1573 1519
1205 1947
634 163
1901 173
1117 78
775 1399
614 459
829 739
1192 1980
547 449
1881 708
1127 260
1691 1819
979 112
1942 1310
1920 1197
1230 1750
776 240
519 1082
856 908
1351 1378
1807 1357
1902 1149
68 1864
735 1171
1705 1069
1840 213
1794 1974
319 467
1610 138
384 1704
1450 1764
1837 914
1937 92
30 110
159 1709
1541 416
133 373
663 1811
1775 400
