p td 350 1400 
192 30
285 18
40 124
64 92
250 105
16 42
65 236
335 333
274 249
350 192
304 121
335 64
122 330
306 231
191 263
222 274
264 240
339 125
276 52
274 71
74 90
251 132
24 147
115 74
257 141
154 33
220 112
269 85
72 277
53 83
93 259
279 84
4 30
326 347
273 288
260 61
254 81
162 284
283 210
337 80
148 316
226 14
185 76
202 3
147 302
27 348
167 217
153 25
258 221
224 52
156 97
64 287
241 72
24 71
13 346
160 167
55 47
175 268
210 18
335 347
69 324
254 144
201 33
302 227
276 66
220 294
116 327
62 80
302 232
279 138
141 288
175 129
286 225
46 60
206 148
53 185
126 1
155 103
350 39
188 42
49 20
288 148
333 340
155 233
301 55
166 7
242 208
57 232
181 152
26 198
254 144
251 111
54 309
242 275
261 114
253 80
276 26
287 249
56 322
55 50
284 144
346 28
320 244
123 208
101 274
141 205
227 157
62 244
31 347
331 315
78 190
22 163
115 232
100 149
129 97
6 277
329 219
63 138
285 163
214 235
20 296
188 193
209 275
98 150
6 291
334 185
321 133
136 188
343 72
286 148
96 204
162 189
128 337
144 151
159 245
137 215
265 141
253 300
28 313
92 12
23 135
110 286
97 61
176 343
207 194
29 315
9 268
295 27
129 208
39 297
127 327
31 102
288 144
282 174
158 265
123 46
29 103
240 324
110 76
325 332
288 212
323 201
175 172
127 73
8 134
76 290
296 247
173 77
59 171
251 159
122 297
32 259
26 230
32 321
264 287
77 45
48 181
74 225
230 213
269 244
275 283
339 232
121 241
189 203
25 159
348 235
150 348
7 284
105 332
325 51
235 205
304 186
205 286
259 301
1 177
2 157
7 42
212 266
221 268
32 1
132 127
204 44
106 238
40 126
140 108
112 169
105 342
210 109
326 51
333 69
189 317
44 193
54 1
290 330
10 132
119 167
194 83
142 283
43 171
163 200
66 1
64 169
18 135
164 278
55 48
136 54
248 101
61 241
128 206
284 109
28 289
4 61
301 321
81 46
139 282
343 95
185 282
119 17
42 50
9 71
262 348
172 161
77 71
60 225
255 209
320 251
138 139
42 223
18 126
348 39
124 344
308 216
125 188
294 269
244 28
139 91
306 313
276 90
191 160
138 10
95 210
290 208
137 340
308 297
235 207
8 130
106 332
41 242
258 38
297 107
323 28
181 174
147 77
59 43
282 205
50 228
18 314
307 222
212 223
104 32
17 336
276 136
255 173
60 83
272 220
75 279
123 186
123 163
69 187
170 133
150 257
150 159
305 41
222 258
55 103
218 212
243 155
126 307
178 170
184 62
246 174
230 296
130 334
248 164
40 86
271 15
305 338
69 116
58 119
232 326
246 30
129 98
99 289
187 250
226 16
302 215
127 70
159 161
140 204
112 208
107 154
321 9
302 33
116 9
242 332
326 305
266 259
97 28
140 294
188 133
173 148
230 91
162 42
127 117
6 303
256 92
97 310
242 218
170 252
263 130
290 158
137 226
203 49
213 16
17 244
238 171
126 45
30 166
190 296
299 252
332 190
213 59
181 327
57 14
37 200
257 344
108 51
251 26
300 339
43 236
16 212
6 161
17 35
157 81
229 40
265 113
62 115
223 63
249 327
22 21
71 267
204 284
301 233
301 48
192 346
272 22
289 98
129 220
52 202
100 276
296 90
10 241
151 302
193 47
14 219
54 129
259 181
25 328
285 113
298 12
274 164
325 120
205 211
282 137
23 292
325 200
304 161
155 346
311 226
22 197
296 275
22 284
14 333
192 71
349 300
52 172
278 322
98 325
339 334
40 301
265 49
63 37
273 202
106 260
39 251
182 119
62 116
80 104
168 118
129 311
265 265
129 259
14 311
212 88
238 303
281 24
14 8
81 129
311 234
192 252
133 1
346 77
125 260
253 133
277 122
223 129
19 17
46 158
47 229
291 169
174 189
4 102
300 118
203 240
79 327
153 41
100 341
213 106
156 9
264 103
258 162
69 139
172 165
226 79
165 188
283 272
137 251
246 123
128 292
335 179
240 72
234 47
125 26
196 98
135 244
262 25
276 83
129 226
91 109
20 78
333 22
196 219
145 270
179 91
4 91
179 85
236 137
232 72
13 38
133 179
346 35
128 162
175 11
242 115
304 323
45 166
1 106
109 281
297 289
195 220
345 58
321 321
331 82
94 37
336 100
263 213
97 189
255 100
113 94
28 154
284 292
155 204
263 14
95 59
8 159
4 221
194 86
103 155
40 69
155 239
84 2
89 187
28 312
279 288
71 330
141 103
238 151
41 99
80 272
118 344
63 129
193 134
71 325
223 286
6 118
129 22
231 329
67 111
112 234
196 207
268 338
8 293
173 217
44 143
77 311
337 124
87 302
347 35
175 194
142 339
298 134
349 205
65 159
262 255
216 268
52 163
25 312
283 347
297 339
18 271
215 119
194 109
309 270
169 302
20 179
200 207
102 76
86 148
325 183
250 347
303 122
100 340
334 160
261 79
271 58
100 53
37 31
260 306
293 107
284 19
81 297
144 82
13 336
7 345
158 14
165 303
116 332
12 272
136 318
304 324
338 332
105 59
125 208
154 305
179 27
23 186
113 198
23 266
166 6
61 193
133 171
317 105
22 335
292 222
284 91
110 115
16 284
345 225
118 52
10 273
305 156
338 142
234 277
59 107
26 338
204 202
316 106
99 284
22 336
332 294
160 67
105 292
253 302
208 172
272 247
339 233
103 347
315 218
150 279
23 129
252 22
260 349
193 120
223 96
292 34
46 81
197 16
14 266
72 132
160 273
146 303
346 42
194 138
34 312
295 131
196 208
214 304
1 14
89 75
49 195
200 25
215 249
121 3
171 26
304 265
57 327
331 240
6 317
24 45
170 291
302 159
248 120
340 164
51 213
67 16
115 79
117 111
311 28
273 213
128 215
325 221
81 34
248 6
326 119
272 168
83 152
307 267
294 29
293 218
176 114
169 36
168 261
330 148
127 2
14 121
131 316
6 133
288 7
224 266
192 303
267 80
26 290
3 345
40 118
326 153
23 226
174 223
142 84
131 293
64 291
238 144
5 236
196 331
295 182
143 280
197 196
241 164
349 266
65 85
204 265
298 131
87 323
62 46
166 1
229 325
183 200
320 326
193 35
194 291
27 47
19 160
233 168
100 153
317 41
282 274
278 292
55 94
138 182
90 123
217 228
220 295
128 251
82 280
106 332
13 111
271 135
312 281
202 118
144 336
37 303
330 56
126 199
167 32
247 55
270 336
240 76
11 198
332 245
335 261
159 138
241 89
224 131
316 289
286 142
120 306
308 118
75 245
322 52
140 223
333 126
182 65
298 331
247 33
234 330
42 271
337 185
186 302
241 209
50 225
288 184
37 192
84 37
249 31
82 3
248 289
221 323
207 287
98 113
332 238
138 150
109 180
346 21
325 3
191 181
188 239
32 35
284 213
322 80
119 182
102 269
191 288
222 156
97 31
20 192
345 298
281 349
304 327
304 63
24 257
15 143
192 229
312 211
16 248
113 265
43 232
102 30
346 31
261 277
232 291
286 238
28 232
57 87
129 305
287 264
93 254
65 184
110 316
197 277
254 212
79 167
98 18
159 37
142 24
27 271
189 245
163 121
195 57
12 187
121 349
55 299
345 349
261 75
157 324
45 272
226 279
244 114
260 91
60 110
224 206
23 33
294 80
240 306
316 201
223 349
20 27
82 180
215 138
182 131
203 103
129 214
248 335
166 261
307 295
232 35
82 51
227 301
74 14
173 149
87 190
243 146
131 277
26 51
73 159
4 268
179 291
39 270
307 40
112 223
315 20
121 92
179 170
65 178
98 100
23 33
43 200
177 140
348 147
97 191
329 120
34 203
95 205
74 41
195 38
158 142
152 182
268 269
68 5
328 261
140 203
302 237
309 166
105 330
253 110
232 54
333 180
51 113
157 282
238 54
297 303
127 305
41 274
135 248
184 104
251 226
96 207
114 56
256 284
270 128
202 307
280 304
239 247
169 51
29 299
296 66
307 234
255 90
333 18
268 123
289 292
154 64
336 25
157 45
91 327
93 57
114 88
261 212
179 94
310 72
225 299
165 311
93 320
125 52
340 50
43 87
174 151
230 115
304 324
148 264
152 74
343 5
227 103
110 325
160 294
26 273
146 14
301 293
335 179
200 247
284 53
220 107
179 227
150 208
103 93
62 271
222 93
88 62
107 16
138 338
307 330
23 13
14 175
14 250
220 90
17 300
153 292
331 107
76 91
134 207
251 20
319 210
217 242
237 118
11 5
247 32
4 311
222 279
107 170
215 282
261 25
99 61
220 114
238 34
129 198
123 340
133 271
345 220
80 337
206 112
239 233
229 154
312 308
243 108
250 261
17 210
346 174
52 45
238 305
110 30
150 22
191 144
334 316
266 224
273 120
141 228
255 52
29 283
75 222
296 226
147 126
326 239
68 124
277 141
48 180
158 320
146 318
50 91
190 55
340 114
30 17
42 202
72 178
128 68
301 156
12 266
94 306
345 254
265 79
49 146
44 141
94 213
187 85
82 116
250 57
20 146
276 169
272 294
294 212
14 40
107 308
90 43
93 348
321 331
114 269
207 123
322 110
250 297
231 30
6 263
328 112
296 115
96 1
103 151
199 157
113 63
289 204
342 156
27 214
309 25
143 180
316 257
75 5
103 236
228 316
335 208
299 331
169 229
143 174
151 313
172 160
76 165
216 80
22 157
232 342
335 336
3 280
295 338
273 182
163 172
200 83
323 125
317 312
128 69
23 322
141 234
74 168
344 199
318 281
308 284
97 162
40 324
8 25
321 224
11 180
227 299
96 126
118 161
27 71
118 6
255 310
205 338
315 55
147 286
308 234
47 339
301 41
118 326
80 163
61 343
126 117
20 244
200 64
275 211
15 252
28 94
265 266
275 47
240 171
91 146
334 329
20 94
7 325
331 267
63 72
115 26
182 265
327 155
328 126
179 145
114 21
214 125
123 1
93 105
347 298
81 272
76 127
8 170
234 240
262 122
69 96
103 143
186 103
20 133
262 81
102 334
192 294
82 1
272 98
10 163
164 329
199 149
214 236
25 70
291 13
6 125
176 316
286 208
256 131
159 20
186 295
320 134
110 290
75 212
248 233
31 19
297 167
178 32
70 89
110 266
203 338
267 280
213 208
225 189
101 166
181 155
309 183
265 131
242 13
213 32
173 294
190 293
135 258
185 145
3 64
8 51
85 307
235 195
85 276
108 300
160 137
228 66
73 58
1 49
76 126
107 241
284 174
244 72
211 123
252 145
59 331
275 33
198 232
127 260
319 17
192 258
335 186
19 196
236 333
323 96
292 120
200 141
18 51
250 259
136 98
222 245
69 317
78 343
108 278
80 195
341 186
92 284
125 133
4 315
287 73
281 314
286 307
90 237
148 72
252 265
6 149
124 92
178 129
88 6
290 318
70 105
76 243
281 241
305 49
277 338
99 9
103 98
71 108
255 344
13 305
349 170
260 259
301 320
193 214
138 11
251 309
61 69
49 285
79 308
237 49
288 265
121 74
152 48
84 234
229 228
262 289
107 215
179 292
177 271
246 11
219 323
140 143
218 319
94 68
235 268
213 343
323 269
92 264
332 89
170 220
79 249
60 150
153 37
146 233
210 127
344 26
299 170
77 344
143 20
41 280
112 309
297 301
85 194
59 219
256 132
165 177
170 32
136 224
104 134
94 304
38 115
134 196
147 66
197 128
109 336
208 255
7 250
21 156
293 275
293 126
142 165
243 240
233 186
169 46
134 185
124 148
137 232
183 15
77 79
234 104
340 7
222 57
40 17
155 264
74 247
328 131
77 256
284 231
273 291
30 28
272 28
308 76
281 125
183 152
126 140
217 182
279 121
313 12
197 73
78 74
315 247
47 95
211 66
3 294
346 71
244 128
140 75
52 239
80 298
152 99
32 255
285 44
317 220
22 172
301 148
307 20
263 252
341 13
80 155
154 109
35 50
51 64
301 120
177 59
183 319
282 167
243 188
58 227
165 173
63 233
169 342
67 318
31 64
330 4
107 302
22 210
330 198
226 69
221 110
265 62
286 267
88 302
130 4
314 123
283 205
301 14
279 32
333 148
279 268
317 13
303 151
232 180
267 316
94 202
4 236
245 85
55 70
148 176
107 318
207 5
16 247
285 211
80 86
264 216
280 289
295 285
247 163
37 70
343 240
156 211
310 237
106 273
306 281
196 348
232 103
322 167
318 314
