p td 2800 3826 
1 75
1 2622
2 2024
2 2517
3 575
4 933
4 1496
4 1502
4 1626
4 2135
5 1810
6 625
6 654
6 1433
6 1590
7 129
7 265
7 1051
7 2534
8 773
9 209
9 316
9 1192
11 2181
12 572
12 1981
14 2132
15 150
15 863
15 1292
16 357
16 407
16 1298
16 1824
16 2326
17 1542
17 1838
18 1004
18 2225
18 2246
20 867
20 870
20 2243
21 268
21 1600
21 2676
22 266
22 606
22 2236
23 2429
24 1906
24 2420
24 2550
25 575
25 604
25 1020
25 1831
26 638
26 1351
27 1640
28 1897
28 2207
29 527
30 863
30 925
30 1246
30 2435
30 2578
31 244
31 2135
31 2373
31 2510
32 152
32 725
32 2445
32 2541
33 494
33 809
33 1085
33 1309
33 1448
33 2183
34 652
34 802
34 2788
35 785
35 1435
35 1795
35 2100
36 493
36 937
36 938
36 2062
36 2343
36 2356
37 202
37 326
38 894
38 1283
38 1290
38 2096
39 441
39 1195
39 1667
39 1818
39 2569
40 195
40 514
41 779
41 868
41 1084
42 1409
42 1478
42 2401
43 151
43 602
43 1711
44 2061
44 2312
46 2232
46 2408
47 1055
47 1905
47 2025
47 2355
48 49
48 77
48 220
48 1070
48 2642
49 512
49 2446
50 766
50 1023
50 2579
51 1367
51 2550
51 2566
53 665
53 2084
53 2498
53 2650
54 271
54 985
54 1096
54 1720
54 2722
55 313
55 707
55 1658
55 1895
56 289
57 1265
57 1788
58 594
58 2080
58 2307
58 2674
58 2742
59 859
59 1223
59 2655
60 429
60 2015
60 2370
60 2535
61 271
61 903
61 980
61 1320
62 1014
62 1567
62 1597
62 2451
63 1870
64 752
64 880
64 1471
64 2736
65 1436
65 1829
66 1564
67 785
67 939
67 1020
67 1237
67 1300
67 2437
68 1035
69 1448
69 2726
70 1164
70 1989
70 2194
70 2463
71 1393
71 1451
71 2195
71 2235
72 115
72 549
72 1311
72 2678
73 356
74 470
74 472
74 478
74 1106
75 339
75 569
75 663
75 2041
76 442
76 1635
76 1765
76 2331
76 2349
77 1125
78 1103
79 479
79 1177
79 1257
79 2049
80 1088
80 2682
81 263
81 807
81 1575
82 185
82 1645
82 1829
83 1032
83 1563
84 566
84 1558
84 2104
84 2145
84 2694
85 910
85 1274
85 2205
86 177
86 1976
87 236
87 253
88 1350
89 363
90 943
91 1105
91 1370
91 1968
92 975
92 1745
92 1901
92 2714
93 657
93 1307
93 1463
93 1561
93 2444
94 765
94 1954
94 2448
94 2525
94 2737
95 389
95 830
95 1827
95 2681
96 208
96 938
96 1679
96 1777
96 2059
96 2305
96 2612
97 1256
97 1468
97 1488
97 2038
99 244
99 1617
99 2057
99 2277
100 531
100 1369
101 337
101 1979
101 2756
102 2680
103 620
103 719
103 1966
104 192
104 1610
105 1209
105 2443
106 1154
108 1625
108 2033
110 973
111 590
111 630
111 2599
112 1169
113 264
113 516
113 602
114 591
115 2243
115 2348
115 2730
116 369
116 400
116 1217
116 1588
116 2177
117 1598
117 2439
118 221
118 670
119 147
119 1578
120 227
120 1421
120 2492
120 2502
121 151
121 179
121 425
121 2011
121 2202
122 1202
122 1923
122 2042
122 2272
123 1222
123 2591
124 393
124 1858
124 1875
124 2412
125 179
125 908
126 1149
126 1826
127 245
127 445
127 962
127 2074
127 2236
128 1938
129 292
129 818
129 989
129 1025
129 2039
129 2317
129 2598
129 2752
130 422
131 1219
131 1445
131 2450
132 196
132 2237
132 2317
133 299
133 651
133 1488
135 749
135 888
135 1390
135 1499
136 990
137 876
137 1066
137 1619
137 1934
138 1259
138 2783
139 484
139 1049
139 2332
140 193
140 1360
140 1473
140 2316
140 2589
141 2147
142 1606
143 738
143 1164
144 836
145 258
145 2773
146 1566
146 1635
146 1966
147 637
147 1384
147 1809
147 1961
147 1964
147 2147
147 2394
147 2470
148 1464
149 1929
149 2443
150 2565
151 253
152 840
152 1086
152 1759
152 2033
152 2205
153 154
154 1145
154 2646
155 2231
156 2523
156 2590
157 567
158 242
158 1706
159 1728
159 2388
159 2662
160 931
160 1894
160 2594
161 187
162 1538
162 1647
162 1660
163 674
163 1414
163 2504
164 549
164 2492
165 1377
165 2672
166 348
168 840
168 1355
168 2645
169 1152
170 2235
171 2502
172 1227
172 1242
172 1678
172 2102
172 2480
173 211
173 1737
173 1882
173 1907
173 2742
174 607
174 1701
174 2108
174 2482
174 2614
174 2627
175 518
175 652
177 280
177 1928
177 2671
178 1321
178 1500
179 545
179 1180
179 1278
179 1669
179 1900
180 1323
180 1672
180 2151
180 2173
181 606
181 884
181 944
181 1056
181 1072
181 1323
182 2529
183 2638
184 306
184 516
184 1369
184 2462
184 2706
185 1607
186 866
187 1249
188 599
188 719
188 1516
188 2311
189 1273
189 1536
189 2070
190 1743
191 1449
191 1791
192 766
192 1273
193 219
193 277
194 477
194 1716
195 2412
195 2744
196 1501
196 2012
196 2547
197 530
197 1493
197 2695
198 316
198 1054
199 249
199 285
199 397
199 445
199 612
199 2242
200 1700
200 2505
201 440
201 2701
202 749
202 883
202 1504
203 922
204 304
204 379
205 539
205 1246
205 1412
205 1501
206 1278
206 1902
206 2175
206 2642
207 1090
207 1852
208 1611
208 1800
208 1878
208 1897
208 1967
209 1270
209 2001
209 2523
212 1684
212 1946
212 2503
213 1311
214 406
214 1737
214 2498
214 2516
214 2799
215 1407
215 1531
215 1871
215 2218
216 432
216 469
216 569
216 1231
216 1491
217 1193
217 1722
218 873
218 1050
219 435
219 444
219 996
219 1147
219 1264
219 1385
220 1195
220 2141
221 255
221 1147
221 2022
221 2333
222 407
222 637
222 760
222 2032
223 243
223 608
224 257
224 379
225 1020
225 1893
225 1955
225 2414
226 994
226 2167
226 2611
227 1884
227 2134
227 2541
228 257
228 982
228 1541
229 828
229 2147
230 807
230 2010
230 2497
231 966
231 2452
232 542
233 1790
233 2525
234 1117
234 2210
235 1736
235 2435
237 993
237 2049
237 2102
238 1585
238 2797
241 812
241 922
241 1523
241 2044
242 1299
242 1693
243 546
243 1191
243 1880
244 1587
244 2249
245 475
245 1157
245 1651
245 1790
245 1847
245 2119
246 693
246 752
246 1193
246 1760
248 1692
248 2685
249 1297
249 1732
249 2363
250 991
250 1055
250 2131
251 364
251 1360
252 1528
253 335
253 515
253 1928
255 793
255 2736
256 1320
256 2604
256 2653
256 2654
257 1169
257 1959
258 648
258 899
259 371
260 2473
261 941
261 1425
261 2320
262 390
262 553
262 1980
263 1969
264 303
264 532
264 1089
264 1536
264 1685
264 2056
264 2535
265 295
265 1089
265 2031
267 559
267 610
267 1204
267 1521
267 2237
267 2405
268 594
269 801
269 1200
269 1311
269 2325
270 2013
270 2259
270 2376
270 2455
272 932
272 1522
272 2053
275 812
275 870
275 1795
275 2104
276 564
276 1293
277 963
277 1253
277 1653
278 2349
279 794
280 1256
280 1364
280 1449
280 2625
281 2541
282 690
282 811
283 910
283 2445
284 638
284 1019
284 1645
284 1932
284 2107
284 2153
284 2669
285 1074
285 2434
285 2552
286 1691
286 2246
286 2472
287 789
287 2063
287 2093
288 2101
288 2568
289 734
291 579
291 2065
291 2292
291 2491
292 1630
292 2136
293 361
293 387
294 1639
294 2302
295 496
295 2581
296 2052
297 857
297 1744
298 741
299 2196
300 523
300 1423
300 1586
300 1619
301 421
301 450
301 972
301 1284
302 607
304 898
304 1522
304 2016
304 2343
305 542
305 1560
305 2719
308 347
308 1373
308 2428
309 699
309 933
309 1165
309 1401
309 2483
309 2496
310 2634
311 2122
311 2286
312 1532
312 2357
313 2065
314 1360
314 2012
314 2078
315 1409
315 1627
315 1877
315 2327
316 373
316 760
316 1149
316 2656
317 2417
317 2745
317 2771
318 750
318 1306
318 2278
319 892
319 2000
320 600
320 2262
321 1488
322 1098
322 1623
322 2215
322 2477
323 662
323 2745
324 1784
324 2302
325 817
327 455
327 2287
328 1374
328 1405
328 2094
329 1445
329 2386
330 1569
331 506
331 786
332 1321
332 1549
332 2379
333 1585
333 2079
333 2731
334 469
334 1452
334 2190
335 1652
335 1976
335 2177
336 366
336 433
336 1569
337 1969
338 1727
339 1002
339 1938
339 2071
340 1006
341 1240
341 2500
342 1508
342 1861
342 2330
342 2739
343 1264
343 1675
343 2341
344 1778
344 1803
344 2163
346 1855
346 2618
346 2646
347 1130
347 2451
347 2541
349 2112
349 2190
349 2226
349 2496
349 2612
351 552
351 2038
351 2678
351 2791
352 1187
352 1990
352 2224
353 355
353 487
353 1660
353 1986
355 986
356 1877
357 537
357 1636
359 1275
359 1610
360 717
361 2707
362 2019
363 809
363 1313
363 1623
364 1895
364 2602
365 617
366 654
367 466
367 1045
367 1773
367 1899
368 371
368 434
368 1445
369 576
370 1517
370 1776
371 492
371 1446
371 1748
372 866
372 2341
372 2585
372 2761
373 661
373 780
373 2013
375 1108
375 1135
375 1264
375 1363
376 2045
377 1191
377 2779
378 1624
378 2456
379 926
380 1529
380 1939
380 2015
381 2544
382 2120
383 422
384 1502
385 684
385 1247
385 1389
386 612
387 495
387 687
387 800
387 855
387 2014
388 955
388 1454
388 1585
389 1190
389 1661
389 2191
390 1039
390 2761
391 1034
391 1353
391 2124
391 2241
391 2571
392 400
392 2071
392 2388
393 798
393 1560
393 1561
394 1554
394 2725
394 2772
395 1416
395 1955
396 1079
396 1451
396 1809
396 2351
397 2560
397 2709
398 1996
398 2505
398 2786
399 1112
399 2311
400 1667
400 1754
400 2708
401 666
401 920
401 1992
402 1869
402 2254
404 958
404 2651
405 2303
406 1141
406 1687
407 1457
407 1627
407 2219
407 2537
408 1918
408 2351
409 1072
409 1434
409 1462
409 2724
411 873
411 1338
411 1672
412 1397
412 2358
413 891
413 896
413 970
413 2054
415 679
415 871
416 1573
416 1958
417 1890
417 1955
417 2555
418 753
418 2559
419 993
420 654
420 856
420 1160
420 1305
420 1684
420 1963
420 2432
420 2590
420 2630
420 2650
421 1314
421 1374
421 2408
422 1334
423 561
423 698
423 2241
425 1061
425 2155
425 2197
426 997
426 1630
427 996
428 2377
429 451
429 1599
429 2331
430 903
430 1790
430 2287
430 2753
431 1351
431 1521
431 1600
433 1470
433 1561
433 2132
433 2355
434 2411
435 1919
435 2330
436 1190
436 2030
437 664
437 974
437 2134
437 2198
438 1474
438 1728
439 1403
439 1433
439 1621
439 1724
439 2179
439 2439
440 766
440 2250
441 565
441 1580
441 1953
441 2334
442 533
442 1694
442 2427
443 1572
443 2199
444 1594
444 2558
444 2721
444 2800
445 1488
445 1768
445 2304
445 2459
446 1677
446 2674
447 764
448 1672
448 1686
449 2643
450 664
450 908
450 1512
451 2480
452 2189
453 563
453 707
453 1147
453 2054
454 848
454 2463
455 2269
456 1633
456 2453
456 2665
457 1198
457 1327
457 1925
458 720
458 806
458 1123
458 1692
459 1988
459 2033
459 2168
459 2317
459 2333
460 718
460 882
460 1426
461 564
461 829
461 1887
462 620
462 715
462 1099
462 2470
462 2586
463 1966
463 2107
463 2436
464 799
464 1440
464 1597
464 1700
464 2338
464 2355
466 1052
467 891
467 2398
467 2571
468 1248
468 1669
468 1793
469 1399
469 1932
470 622
470 1189
470 1548
470 2646
471 1596
471 1991
471 2149
471 2409
472 2199
473 836
473 1606
473 1672
473 2511
473 2649
474 1072
474 1259
474 1866
474 1998
475 748
475 1229
475 1365
475 2249
476 1535
476 1669
476 1729
476 2307
477 1844
477 2100
477 2550
478 733
478 791
478 1382
480 1396
481 1601
481 2008
481 2056
482 1228
482 2563
483 1289
483 2293
484 544
484 1015
485 1613
485 2451
486 1944
486 2611
487 852
487 1623
487 2515
488 643
488 1039
488 1702
488 1925
489 959
489 1076
489 1521
489 2042
490 1287
490 2412
490 2531
491 1955
493 1330
493 2228
494 1243
494 2102
494 2306
494 2732
495 1515
495 1685
495 2537
495 2654
495 2691
496 1621
496 2435
498 1030
498 2009
501 612
503 2206
506 1718
507 2474
508 2663
509 1267
509 1270
509 1470
509 1543
509 1755
509 1822
509 2794
510 822
510 1244
510 2007
511 2362
512 1305
512 1452
512 2593
513 1537
514 604
514 1974
514 2014
515 2550
517 803
517 936
518 791
519 2079
520 603
520 1091
520 2408
521 1505
522 959
522 1426
522 1849
522 1858
523 710
523 1844
523 2704
524 724
524 1160
525 1906
525 2206
525 2794
526 1001
526 1956
526 2667
527 1539
527 2251
527 2493
528 577
528 1006
528 1129
528 1280
529 1697
529 2134
529 2276
530 1137
531 862
531 1224
532 2051
532 2483
533 612
533 823
534 733
534 1063
534 1427
535 863
535 1481
535 2056
535 2287
535 2620
536 1860
536 2193
537 857
538 2306
539 1093
540 1632
541 2008
541 2045
542 676
542 2175
543 1348
544 2145
544 2164
546 1373
546 1515
546 2723
547 1759
547 2660
548 880
548 2180
548 2422
549 1348
549 2394
550 2126
550 2271
550 2513
551 564
552 690
552 1249
553 2726
554 1436
554 1454
554 2444
555 1668
555 2218
556 1679
556 1827
556 2494
557 566
557 2205
558 2078
559 1751
560 2114
560 2709
561 953
561 1435
561 1503
561 1580
562 1366
562 1846
562 2245
563 2210
564 1907
564 2152
564 2299
565 676
565 1706
566 947
567 1451
567 1511
567 2024
568 1023
568 2253
568 2782
569 905
570 1319
570 2230
571 700
571 1111
571 1864
572 2626
573 637
573 1567
573 2318
573 2762
574 1420
574 2508
575 650
575 926
575 1876
575 2257
576 1110
576 1267
577 754
577 1048
577 1475
577 2018
577 2207
578 907
578 1783
578 2038
578 2330
579 1042
579 1056
579 1429
580 1226
580 2218
581 2084
581 2305
581 2441
582 1573
582 1918
585 1017
586 835
586 1893
586 1964
587 772
587 784
587 1472
587 1747
589 1464
589 1622
589 1803
589 1867
590 1935
591 2578
592 1200
592 1595
592 1674
592 2056
592 2741
593 669
593 860
594 2058
594 2264
595 957
595 1256
595 1769
596 1031
596 2447
596 2543
597 627
597 1240
597 1868
598 1854
598 2078
599 731
599 1061
600 796
600 2632
602 747
602 2019
602 2273
602 2404
603 2084
603 2744
604 1869
607 1102
607 1630
608 1503
610 626
611 780
611 1152
611 2105
612 2135
612 2329
613 2253
614 1798
615 1068
617 805
617 1593
617 1672
617 1689
617 2799
618 1385
618 2009
618 2247
618 2275
618 2576
619 2115
619 2156
620 743
620 952
620 2732
622 626
622 635
622 669
623 1467
623 1748
624 1136
624 1333
624 1434
624 2078
625 2423
626 1300
628 2035
628 2459
629 2050
630 915
630 978
631 1507
631 2281
631 2719
632 2384
633 1032
633 2622
634 998
634 1758
634 2112
635 1216
635 1318
635 1777
635 2141
637 696
637 812
638 1751
638 2315
638 2504
639 884
639 1664
639 2385
639 2640
640 1929
640 2645
641 1206
641 1887
641 2112
642 2566
643 1630
644 1487
645 1371
646 1071
648 1817
648 2388
649 1977
650 1209
650 1328
650 2359
651 1534
651 1660
651 1827
652 850
652 1548
652 2230
653 1370
653 2212
653 2299
654 703
654 915
654 1383
654 2074
654 2274
654 2790
655 1009
655 1705
655 1864
655 2131
656 1297
657 2366
657 2507
658 1318
658 2311
659 683
659 2431
659 2715
660 1679
660 2386
661 1285
661 2730
662 1152
662 1405
662 1550
662 1636
662 2506
663 1456
663 1522
663 1606
664 1811
664 2298
664 2438
665 1112
665 1118
665 1451
665 1688
665 2022
665 2184
665 2242
665 2477
666 2072
666 2187
666 2730
667 1312
667 1767
668 898
668 1438
668 2092
669 1039
669 2751
670 1653
671 1512
674 1826
674 2675
675 779
675 1198
675 1701
675 2469
676 1370
676 1942
677 1160
678 1701
679 1846
680 1323
682 1047
683 1103
683 1934
684 2734
685 946
685 1652
685 2047
686 2199
686 2750
687 1026
687 1748
688 1008
688 1191
688 1706
688 2656
689 1076
689 1503
689 1637
689 2708
690 799
690 2657
691 1721
691 2037
692 833
692 1208
692 1649
692 1833
692 2063
693 1237
693 2468
694 1770
694 1970
694 2663
695 1055
695 2492
696 1205
697 2016
697 2245
698 2053
699 2612
700 743
700 2034
701 1710
702 1100
702 2111
702 2729
703 1256
703 1319
703 2185
703 2221
704 873
704 889
704 1188
704 2633
704 2651
705 2665
706 1540
706 1926
706 2417
707 1989
707 2292
707 2298
708 876
708 1842
708 2691
709 1535
710 2385
711 937
711 1248
711 2204
712 2581
713 2591
714 1026
714 1563
714 1876
714 2360
715 1819
715 2161
716 2530
717 1746
717 2226
717 2421
718 2515
718 2587
719 1012
719 2712
721 1366
721 1463
721 1511
721 1972
721 2315
722 2555
723 1509
723 1767
723 2061
723 2309
723 2574
724 846
725 957
725 1267
725 1801
726 1024
726 1511
726 1716
727 2389
728 1338
728 2155
729 1646
729 1647
729 1872
729 2411
730 1358
730 1846
730 2568
730 2719
731 1107
731 1727
732 825
732 845
733 1089
734 932
734 937
734 1162
734 2748
735 2211
736 845
736 2015
737 1168
737 2371
739 755
739 1254
739 1546
739 1783
739 1823
739 2292
740 1254
740 1343
741 926
741 2633
742 930
743 927
743 1133
743 2328
744 906
744 996
746 773
748 878
750 831
750 2074
750 2443
752 1149
752 1533
752 2114
753 1510
754 1005
754 1195
754 2567
754 2624
754 2790
755 875
755 915
756 808
756 1796
757 2240
757 2543
758 1167
758 2660
759 2025
760 944
760 2429
762 1071
762 1133
762 1801
762 2793
764 1665
764 2510
765 1183
765 1651
766 1980
767 1568
767 1932
767 2461
768 1393
769 1668
769 2106
769 2240
770 1436
771 1354
771 2043
772 999
772 2206
774 986
774 1500
774 2546
775 778
775 1143
775 1574
775 1627
776 845
776 1679
776 2544
777 1159
777 1190
777 1729
777 2783
778 838
778 2204
778 2737
779 885
779 1179
779 1196
779 1941
779 2194
780 1179
780 2293
780 2778
781 1033
782 2306
783 1638
783 2510
783 2533
784 1020
784 1199
784 1802
784 1951
786 946
786 1752
787 897
787 1002
787 2420
788 2608
790 1526
791 1495
791 1570
791 1588
791 2269
792 2342
793 1583
794 1555
794 1653
794 2073
794 2337
794 2560
794 2576
795 1929
796 2414
797 930
797 1553
797 2389
797 2755
798 1239
798 1299
800 1088
801 1277
801 1732
801 2346
802 1456
802 1806
802 2511
803 1369
803 2312
804 1532
804 1780
804 1804
805 1590
805 1616
808 1942
808 2543
808 2600
808 2660
809 1445
809 1524
809 1957
809 2058
809 2194
810 2748
811 1057
811 1544
812 1913
812 2043
812 2202
812 2496
813 2782
814 1097
814 1483
814 2159
814 2701
815 920
815 2328
816 1600
817 819
817 850
817 1258
817 1503
817 1814
817 2472
818 1156
818 1210
818 1708
819 1739
819 2294
820 1707
822 1715
822 2540
823 1410
823 2218
825 2064
826 1222
826 1363
827 2356
828 2039
829 2522
830 1186
830 1763
830 2418
830 2459
831 1198
831 1809
832 1244
832 2246
833 1427
834 2177
834 2337
834 2721
835 1104
836 1017
837 1357
837 1666
837 2478
838 1080
839 2277
839 2365
840 1510
840 1855
841 987
841 1249
842 1098
843 2065
843 2230
844 985
844 1395
844 2517
845 1428
845 1866
845 1972
845 2217
845 2553
847 1131
847 1299
847 1446
847 1483
848 1317
848 1781
849 2337
850 882
850 2543
851 1203
851 1248
851 1966
851 2800
852 1508
852 1660
852 2134
854 2446
855 1159
855 1294
856 2069
856 2472
857 914
857 965
857 2104
857 2445
857 2534
858 1420
858 1775
859 869
859 1755
860 1076
860 1321
860 2388
862 1152
862 2346
863 2300
864 897
864 2124
864 2777
865 2662
867 1161
867 2036
867 2597
869 1822
870 1665
870 1747
871 1352
871 1705
871 2382
871 2485
871 2571
874 1138
874 2399
874 2472
875 1492
875 2716
876 1851
876 2050
876 2443
876 2475
877 1617
877 2431
878 1625
878 2494
878 2586
879 2727
880 2004
880 2562
881 1294
881 1409
881 1517
882 2644
883 1615
883 1888
883 2541
885 1560
885 1770
885 1833
885 2266
886 1583
886 2285
887 919
887 2313
888 2516
889 1002
889 1772
889 2106
889 2429
890 1583
891 2471
892 972
893 1258
893 2763
894 945
894 2738
895 1599
896 1228
896 1454
896 2214
897 1153
897 2340
898 1453
899 1388
899 1418
899 1966
900 2681
901 2139
902 1928
902 2604
903 1432
903 2349
904 1553
904 2075
904 2076
905 2549
905 2570
905 2775
906 1469
906 1761
907 2076
908 1663
908 2790
909 1540
909 1969
910 1168
910 1179
910 2115
910 2688
911 2045
912 1357
912 2427
912 2631
913 1148
913 2006
914 1029
914 1328
914 1426
914 2751
916 1600
916 2642
917 1189
918 1039
918 1511
919 1647
919 2163
920 1029
920 1184
920 1246
920 1752
921 1847
921 2120
921 2694
923 1761
924 1060
925 2088
926 1514
926 2699
926 2733
927 933
927 1633
927 1656
927 1697
927 2693
928 2212
929 1345
929 2491
929 2606
930 1515
931 1176
931 1624
931 2016
931 2279
933 1955
933 2230
934 1749
935 2203
935 2551
936 1506
936 1739
936 2238
936 2483
937 2004
939 2712
940 2297
941 1668
941 2138
942 2021
943 2146
945 1517
945 1707
945 1789
945 2363
946 2098
947 1131
947 1646
947 2769
949 1371
949 1439
949 2016
950 1023
950 2097
950 2179
951 2510
951 2740
953 1084
953 1134
954 1409
954 1868
954 2041
954 2343
954 2769
955 1843
955 2432
956 1407
956 2381
957 1706
958 1462
958 2442
958 2447
959 1147
959 1498
960 2759
961 2000
962 1861
963 1286
964 1826
965 1346
965 2499
966 1434
966 2085
967 1177
967 2103
967 2726
969 1605
969 1700
970 1808
971 1374
971 2577
972 1042
972 2543
973 1521
973 1827
973 2034
977 1657
978 1661
978 2070
979 2477
980 1509
980 1970
980 2571
981 1214
983 1332
983 1651
985 2769
986 1255
986 1430
987 1877
989 2015
990 1384
990 2589
991 2435
992 1445
993 1985
993 2235
994 1628
994 1883
994 2682
995 1372
995 1425
995 1540
995 2306
995 2574
995 2629
996 1459
996 1723
997 1545
999 1534
999 2529
1000 1516
1001 1631
1001 2157
1001 2561
1002 2594
1003 1167
1003 2442
1005 1490
1005 1770
1005 1773
1005 1910
1006 2569
1007 2243
1008 1441
1008 1655
1010 1228
1011 1273
1011 1465
1011 1605
1011 1735
1011 1966
1011 2103
1011 2236
1011 2649
1013 2694
1013 2793
1015 2183
1016 1481
1016 2428
1017 1692
1017 1750
1017 2240
1017 2450
1017 2596
1018 2084
1019 1963
1019 2256
1020 2096
1020 2720
1021 1406
1021 1989
1021 2756
1022 1023
1022 1924
1023 1810
1023 2348
1024 1284
1024 1365
1024 1892
1024 2173
1025 1465
1025 1627
1025 1930
1026 1032
1027 1621
1027 1788
1027 1797
1027 1966
1028 1757
1028 2741
1030 1316
1031 1835
1031 2081
1032 1663
1033 1515
1033 2347
1034 1208
1034 2549
1035 2791
1036 2553
1037 2257
1037 2494
1038 1264
1038 1581
1039 2285
1040 1370
1040 2546
1040 2601
1041 1506
1044 1208
1044 1754
1044 1814
1044 2355
1044 2598
1045 1334
1045 2545
1046 2799
1047 2349
1049 1519
1049 1581
1049 1629
1049 1868
1049 1880
1050 1644
1050 2221
1051 2083
1051 2401
1051 2490
1053 1087
1053 1196
1053 1778
1054 1499
1054 1510
1054 2601
1055 2046
1056 1402
1056 1512
1058 2629
1059 1224
1059 1420
1060 1545
1060 1698
1061 1814
1061 2686
1062 1615
1062 2305
1062 2618
1063 1662
1064 1461
1065 1299
1065 2057
1067 1623
1068 1319
1071 1407
1071 1638
1071 2506
1072 1886
1073 1668
1073 2231
1074 2378
1076 1720
1077 1713
1077 2294
1078 2134
1079 1945
1079 2671
1080 1483
1081 1091
1081 1456
1082 1415
1082 1857
1083 1130
1083 2148
1083 2549
1084 1397
1084 1481
1084 1869
1085 1100
1085 1896
1085 2020
1086 1773
1088 1302
1089 1140
1089 1154
1089 1387
1089 1528
1089 2486
1090 1517
1090 1882
1090 2132
1091 1424
1091 1637
1091 1648
1092 2361
1092 2440
1093 2322
1093 2429
1094 2277
1096 2085
1097 2759
1098 1133
1098 2273
1098 2346
1099 2252
1100 1939
1101 1774
1101 1843
1102 1417
1102 2402
1104 2494
1105 1812
1105 2104
1105 2338
1106 1926
1106 1980
1107 1286
1107 1707
1107 2722
1109 1708
1110 1943
1110 2649
1110 2723
1111 1114
1111 1709
1111 2124
1111 2506
1112 1313
1112 2359
1113 2377
1114 1259
1114 2634
1116 1307
1117 2723
1118 1505
1118 1775
1119 1338
1122 1438
1123 1733
1123 2247
1124 1808
1124 2782
1125 1583
1125 2236
1126 2031
1126 2720
1127 2364
1128 1777
1128 1994
1129 1319
1129 1493
1130 1936
1131 2452
1132 2717
1133 1177
1133 1713
1133 2049
1134 1494
1135 1532
1135 1690
1136 2192
1137 1648
1137 2260
1138 2355
1139 1649
1139 2083
1140 2133
1140 2561
1141 1924
1142 1530
1143 2064
1143 2183
1143 2224
1143 2796
1144 2011
1144 2170
1145 2531
1146 1911
1146 2063
1146 2389
1146 2469
1147 2525
1147 2765
1149 2333
1150 1200
1150 1837
1150 2295
1152 2484
1153 2481
1153 2721
1155 1184
1156 2162
1156 2270
1158 1858
1158 2473
1159 1848
1159 1955
1160 1225
1160 2022
1160 2114
1160 2423
1161 2049
1161 2545
1161 2703
1162 1949
1162 2315
1163 1812
1163 2067
1164 2014
1164 2024
1165 1482
1165 1670
1166 2775
1167 2672
1168 2662
1169 2381
1170 1932
1170 2160
1171 1654
1172 1188
1172 1214
1172 1553
1172 1730
1173 1708
1174 1346
1175 1240
1176 1717
1177 2154
1177 2631
1178 1724
1178 2232
1178 2376
1178 2480
1179 1581
1179 1667
1179 2204
1180 1790
1180 1806
1180 1899
1180 2386
1180 2551
1181 2637
1182 2109
1183 1553
1183 1906
1184 1239
1185 1398
1185 1594
1186 1328
1187 1765
1187 2246
1188 1211
1188 1335
1190 1202
1190 1951
1191 1444
1192 1222
1192 1567
1192 2080
1193 1532
1193 2196
1195 2112
1195 2497
1196 2292
1198 2201
1198 2758
1199 1720
1200 2590
1200 2642
1201 1242
1201 1815
1201 2660
1203 1794
1204 1952
1204 2235
1205 1430
1205 2777
1206 1394
1207 2604
1208 1366
1208 1917
1209 1313
1209 1889
1210 1360
1210 2542
1211 1437
1211 1628
1211 2113
1215 1687
1215 1740
1215 2528
1215 2607
1216 1625
1216 2102
1216 2553
1216 2719
1217 2091
1217 2688
1218 1451
1218 1738
1218 1936
1220 2610
1221 2748
1222 1848
1222 2647
1222 2654
1223 1841
1224 1719
1225 2360
1225 2557
1226 1253
1226 1323
1226 2082
1226 2312
1226 2588
1227 1644
1227 2631
1228 1254
1228 1396
1229 1599
1230 2451
1231 1476
1231 2227
1233 1649
1233 2639
1234 1482
1234 2184
1235 1433
1235 1662
1237 1694
1238 1910
1238 1961
1238 2507
1239 2137
1239 2396
1240 1497
1240 2213
1242 2259
1242 2596
1245 1401
1246 1923
1246 2486
1246 2650
1247 1573
1247 2300
1248 1604
1248 1755
1249 1536
1249 2246
1251 1651
1251 1768
1251 2297
1251 2577
1254 1679
1255 1594
1255 2336
1257 1831
1257 1851
1257 2526
1258 2232
1259 2008
1260 1301
1260 1700
1260 1701
1260 2387
1261 2041
1261 2245
1261 2288
1261 2302
1262 1329
1262 1511
1263 1459
1263 1574
1263 1815
1264 1608
1264 1878
1265 2560
1266 1378
1266 1532
1266 2141
1266 2290
1266 2525
1266 2716
1267 2449
1269 2019
1270 1381
1270 2571
1271 1298
1272 2352
1272 2467
1274 1519
1276 2417
1277 1725
1278 2323
1280 2609
1282 1813
1283 2198
1284 2095
1285 2147
1285 2191
1285 2478
1286 1817
1288 1391
1288 1647
1289 1580
1289 2067
1291 1529
1291 2456
1292 1630
1292 1679
1292 2599
1293 2586
1294 1674
1294 2257
1294 2566
1295 2128
1297 1300
1297 1684
1297 2763
1298 1398
1299 1711
1299 2372
1300 1676
1300 1684
1300 2330
1301 1494
1301 1943
1303 2489
1304 2129
1305 1908
1305 1955
1305 2607
1307 1489
1307 1721
1308 1356
1308 1801
1309 1962
1310 2375
1311 1596
1311 2472
1312 2127
1312 2325
1312 2404
1313 1339
1313 2714
1314 2059
1314 2405
1316 1399
1319 1507
1322 1508
1323 1790
1326 1797
1329 2427
1329 2515
1331 1612
1331 1897
1331 2133
1331 2364
1331 2455
1333 2376
1335 2674
1337 2457
1338 1466
1338 2086
1338 2194
1338 2470
1339 1837
1339 2343
1340 2027
1340 2612
1341 2529
1341 2690
1342 1794
1342 1825
1342 2452
1343 1365
1343 1477
1343 2190
1343 2469
1344 2209
1344 2745
1345 1485
1345 1781
1345 1996
1345 2298
1345 2428
1345 2653
1346 1568
1346 2042
1347 1665
1347 1741
1347 2678
1348 2393
1349 2117
1350 2099
1351 1356
1351 1417
1351 1422
1351 1973
1351 2530
1351 2621
1352 1744
1353 1451
1353 1626
1353 1945
1354 1823
1355 1595
1356 1436
1356 1982
1357 2260
1357 2554
1358 1538
1358 1738
1358 2184
1359 2150
1359 2789
1360 2742
1361 2293
1363 2005
1363 2165
1363 2645
1364 2332
1364 2376
1364 2411
1365 1367
1367 1896
1369 1511
1369 1894
1371 1811
1374 1805
1374 1844
1374 2124
1374 2552
1375 2456
1377 1461
1377 2311
1379 2226
1379 2716
1380 1737
1380 2245
1382 1494
1382 1743
1383 1798
1384 1604
1385 2739
1386 1487
1387 1539
1388 2155
1389 2768
1390 1977
1390 2698
1392 1562
1393 1867
1393 2221
1394 1507
1394 1925
1395 2406
1395 2492
1396 1571
1397 1996
1398 1612
1398 1720
1398 2300
1399 1496
1399 2117
1399 2234
1399 2640
1399 2743
1400 1567
1400 2260
1401 2041
1401 2365
1402 1724
1403 1722
1403 1768
1403 2451
1404 1738
1404 2142
1404 2176
1406 1792
1407 2282
1408 2059
1408 2494
1409 1607
1409 1839
1410 1626
1410 1721
1411 1809
1411 2143
1411 2413
1412 2425
1412 2610
1413 2622
1418 1917
1418 2435
1419 2614
1421 1524
1422 1647
1422 2715
1425 2636
1426 1848
1426 2456
1427 1884
1428 2480
1429 2505
1429 2602
1430 2485
1431 1830
1431 2176
1431 2495
1433 2191
1435 1807
1437 1663
1437 1680
1438 1679
1438 2515
1439 2707
1440 1857
1440 2085
1440 2087
1442 2220
1442 2512
1442 2641
1442 2745
1443 1512
1443 2769
1444 1929
1444 2035
1445 2464
1446 1765
1447 2243
1447 2463
1449 1987
1450 1578
1450 1719
1450 2542
1451 1673
1451 2312
1452 2633
1452 2659
1453 2143
1454 1930
1454 2053
1455 2433
1455 2524
1455 2648
1456 1603
1456 1608
1456 1649
1457 2478
1459 1834
1460 2623
1461 2387
1462 2296
1465 1914
1465 1954
1465 2262
1466 2219
1466 2645
1467 1534
1467 1915
1467 2451
1467 2732
1468 2389
1468 2545
1471 2489
1472 2333
1472 2464
1473 2567
1473 2721
1474 2447
1474 2490
1475 1481
1475 2226
1476 1622
1478 1634
1479 2532
1481 1522
1481 1796
1481 2232
1482 2355
1485 1624
1485 2328
1486 2103
1487 1743
1488 1699
1488 2287
1489 1762
1490 1630
1490 1726
1490 1902
1492 1789
1492 2500
1494 1721
1495 2248
1497 1729
1499 1985
1500 1908
1500 1981
1500 2315
1500 2755
1501 2623
1502 2740
1505 2218
1505 2519
1508 1524
1508 1791
1508 2519
1509 1804
1509 1809
1509 2277
1509 2347
1509 2555
1510 1782
1510 2575
1511 1575
1511 1744
1511 2443
1512 2721
1513 2354
1514 2329
1515 2119
1515 2428
1516 1801
1517 2049
1518 1609
1518 1882
1519 2715
1519 2742
1520 1579
1520 2411
1522 2168
1522 2169
1527 1763
1527 2374
1528 1554
1530 1927
1531 2290
1532 2057
1532 2109
1532 2375
1533 2070
1533 2409
1534 1721
1534 2470
1535 2024
1536 1937
1537 1611
1538 2161
1538 2459
1538 2596
1538 2700
1539 1759
1539 2553
1541 1558
1541 2190
1541 2311
1543 1650
1543 2052
1544 1593
1545 2214
1546 2321
1548 1736
1548 2456
1550 1668
1551 2502
1551 2773
1553 1705
1553 1746
1553 2388
1554 1759
1554 2031
1555 1793
1556 2087
1557 1753
1557 2193
1557 2649
1557 2792
1558 1707
1558 2468
1559 2070
1560 1971
1560 2369
1560 2508
1560 2755
1563 2533
1565 1751
1566 1945
1566 2490
1566 2734
1566 2736
1567 1894
1568 2785
1571 2241
1572 2431
1573 1819
1573 2577
1575 1806
1575 2181
1576 2001
1576 2579
1577 2154
1578 2137
1579 2148
1580 2444
1581 1779
1581 2282
1581 2636
1583 2025
1583 2219
1584 2367
1584 2453
1585 1721
1588 2002
1589 1688
1589 2019
1590 2064
1593 1968
1593 2417
1593 2441
1594 2030
1595 2519
1595 2632
1596 2497
1597 1672
1597 2360
1598 1978
1599 2071
1601 2271
1601 2549
1602 1909
1603 2419
1604 1606
1604 2445
1605 2307
1607 2394
1610 2050
1610 2089
1610 2796
1611 1670
1612 2723
1617 2640
1618 2154
1618 2650
1619 1721
1619 2630
1620 1677
1620 1932
1620 2750
1622 1831
1623 2497
1625 2559
1625 2581
1626 2051
1626 2202
1627 2006
1629 2489
1631 1664
1631 2154
1631 2368
1632 2038
1632 2190
1633 2016
1633 2280
1634 2016
1636 2192
1637 2707
1639 2569
1640 2701
1642 2260
1642 2319
1643 1663
1643 1690
1644 1721
1644 2351
1645 1955
1645 1991
1645 2118
1648 1994
1648 2679
1649 1760
1649 2474
1649 2535
1649 2559
1650 2656
1651 2067
1652 1781
1652 1786
1652 2307
1653 2245
1653 2777
1654 1810
1654 2128
1656 2013
1657 2578
1658 1859
1659 2665
1659 2751
1660 1903
1660 2202
1661 2675
1663 2339
1665 2520
1666 1877
1666 1883
1667 1872
1668 2099
1668 2555
1669 1938
1670 2434
1674 2719
1676 1940
1677 2293
1677 2519
1679 1712
1680 1730
1681 2066
1681 2128
1682 2337
1682 2433
1682 2434
1683 2223
1686 1746
1690 2606
1691 1768
1691 2695
1691 2783
1696 2291
1698 2175
1703 2729
1704 1799
1706 1712
1707 1802
1707 2448
1709 1970
1710 1782
1711 2399
1711 2747
1713 2324
1714 1852
1715 2521
1718 2109
1719 1918
1719 2143
1719 2333
1719 2735
1720 1993
1720 2289
1720 2521
1721 2257
1721 2475
1722 2445
1723 2043
1723 2326
1726 2256
1727 2418
1728 1796
1728 1885
1728 2799
1729 2782
1730 2702
1731 2179
1731 2750
1732 2115
1732 2270
1732 2723
1733 2462
1734 1787
1734 2002
1734 2218
1735 2605
1735 2692
1736 1999
1736 2362
1741 2357
1742 1745
1744 2259
1746 2769
1747 2509
1748 1985
1748 2551
1749 1867
1749 1908
1749 2758
1751 2006
1751 2397
1758 2254
1758 2696
1760 2122
1760 2526
1760 2576
1763 2058
1763 2386
1766 2469
1772 2786
1773 1946
1773 2488
1775 2683
1776 1919
1776 2316
1776 2524
1778 1853
1779 1811
1779 1875
1781 2058
1782 2542
1783 1957
1783 2167
1784 1857
1784 1919
1785 2674
1787 2246
1788 2503
1789 2613
1792 2037
1792 2737
1793 2085
1793 2303
1794 2374
1795 2123
1795 2485
1796 2190
1797 2022
1797 2123
1797 2199
1797 2373
1798 1923
1798 1924
1798 2371
1799 2651
1800 2177
1800 2553
1801 1941
1803 2626
1804 2358
1806 1836
1806 2504
1808 2331
1810 2214
1810 2568
1811 2268
1811 2785
1812 1968
1814 2013
1814 2110
1815 1890
1815 2668
1817 1933
1821 2016
1822 1911
1822 2741
1823 1853
1824 2237
1826 2135
1827 2031
1831 2354
1831 2577
1832 2033
1832 2269
1832 2678
1834 2623
1836 2427
1838 2324
1838 2408
1839 1985
1839 2592
1839 2689
1840 2088
1843 1907
1843 2108
1843 2269
1844 2362
1844 2653
1845 1950
1845 2196
1847 1923
1847 2295
1847 2582
1848 1896
1851 1897
1852 2054
1852 2310
1852 2446
1853 1902
1853 1991
1854 1920
1855 1881
1855 2276
1856 2064
1856 2475
1857 2220
1858 2651
1859 2723
1860 2651
1861 2059
1862 1897
1864 1973
1864 2746
1865 2147
1866 1982
1866 2398
1866 2477
1867 1978
1869 2104
1871 2018
1871 2172
1871 2213
1871 2281
1873 1949
1873 1984
1873 2085
1875 1892
1877 2581
1878 2316
1880 1935
1881 2697
1883 2374
1884 2306
1884 2325
1887 1926
1887 2569
1889 2099
1889 2352
1889 2556
1890 2745
1891 1996
1893 2317
1893 2526
1893 2609
1897 2761
1898 2099
1899 2352
1901 2040
1902 2770
1902 2796
1906 2314
1909 2000
1909 2579
1910 2401
1911 2214
1911 2564
1913 2316
1913 2582
1914 1949
1916 2286
1919 2327
1919 2440
1919 2522
1923 2538
1924 2228
1924 2306
1924 2730
1925 2488
1926 2074
1930 2156
1931 1934
1931 2227
1931 2373
1935 2430
1935 2719
1936 1989
1936 2346
1936 2458
1936 2728
1937 2551
1943 1983
1946 2259
1948 2092
1949 1968
1949 2029
1954 2495
1954 2693
1955 2086
1957 2048
1960 2268
1960 2274
1961 2393
1962 2205
1965 2376
1966 2676
1967 2779
1969 1989
1970 2461
1971 2776
1973 2192
1975 2149
1976 2316
1977 2712
1980 2164
1980 2253
1980 2619
1981 2044
1986 2607
1990 2314
1991 2428
1993 2315
1994 2122
1994 2193
1995 2197
1995 2278
1997 2043
1997 2517
1998 2454
1999 2291
2000 2291
2002 2455
2002 2484
2002 2673
2003 2203
2003 2658
2004 2443
2005 2777
2007 2313
2008 2227
2011 2249
2012 2160
2014 2316
2018 2181
2019 2645
2019 2711
2021 2710
2021 2798
2024 2310
2025 2088
2027 2489
2028 2121
2028 2122
2030 2345
2032 2081
2036 2199
2036 2449
2038 2752
2039 2608
2041 2199
2044 2073
2046 2286
2051 2485
2052 2289
2052 2600
2057 2316
2057 2619
2059 2209
2061 2381
2063 2721
2065 2331
2071 2722
2075 2351
2076 2216
2076 2444
2078 2430
2078 2677
2079 2509
2080 2403
2082 2649
2083 2531
2085 2717
2086 2759
2088 2376
2099 2152
2100 2102
2101 2642
2103 2615
2106 2343
2106 2508
2107 2592
2111 2191
2111 2782
2112 2754
2113 2600
2114 2474
2117 2131
2117 2680
2118 2153
2120 2441
2120 2776
2121 2720
2122 2279
2123 2421
2125 2690
2126 2167
2126 2199
2126 2425
2127 2243
2127 2797
2128 2265
2130 2284
2131 2354
2132 2175
2133 2553
2135 2269
2135 2377
2136 2677
2137 2325
2138 2664
2139 2468
2139 2787
2141 2164
2141 2656
2143 2519
2143 2618
2144 2543
2147 2261
2147 2492
2149 2386
2151 2294
2151 2303
2152 2277
2152 2396
2155 2320
2157 2684
2157 2728
2158 2229
2158 2429
2159 2377
2159 2582
2159 2756
2162 2232
2164 2294
2164 2520
2169 2489
2173 2559
2174 2474
2175 2558
2175 2780
2176 2383
2177 2434
2179 2199
2180 2552
2181 2509
2181 2686
2186 2706
2187 2356
2187 2386
2192 2532
2195 2680
2200 2239
2201 2208
2211 2475
2212 2681
2216 2528
2219 2434
2224 2336
2225 2719
2229 2466
2232 2244
2233 2778
2234 2446
2235 2568
2237 2577
2238 2333
2239 2378
2241 2516
2244 2510
2250 2491
2250 2764
2251 2265
2251 2788
2252 2783
2254 2621
2256 2299
2256 2496
2257 2627
2257 2705
2258 2742
2259 2447
2260 2295
2260 2535
2262 2452
2262 2496
2265 2318
2267 2270
2270 2559
2272 2428
2273 2649
2279 2756
2280 2516
2281 2351
2281 2546
2282 2467
2282 2560
2282 2612
2288 2477
2291 2611
2293 2311
2295 2746
2299 2685
2302 2787
2303 2416
2303 2475
2304 2414
2306 2521
2306 2719
2307 2361
2307 2449
2309 2716
2311 2402
2313 2549
2314 2739
2324 2609
2327 2695
2330 2708
2331 2686
2333 2535
2337 2529
2343 2776
2345 2764
2346 2395
2347 2675
2349 2661
2351 2386
2352 2653
2355 2447
2355 2725
2358 2445
2359 2415
2361 2401
2362 2479
2365 2736
2368 2654
2370 2392
2372 2408
2374 2755
2378 2421
2378 2579
2385 2476
2393 2507
2396 2591
2406 2601
2408 2700
2410 2719
2416 2697
2419 2739
2425 2440
2425 2717
2427 2515
2428 2614
2430 2506
2431 2669
2432 2744
2434 2775
2435 2531
2436 2655
2439 2539
2442 2783
2445 2574
2448 2524
2449 2759
2451 2682
2455 2491
2455 2742
2459 2546
2459 2765
2459 2772
2460 2627
2460 2688
2462 2714
2462 2774
2471 2483
2471 2520
2471 2670
2476 2643
2487 2652
2490 2697
2494 2507
2498 2536
2500 2576
2506 2515
2509 2668
2509 2795
2511 2572
2512 2688
2519 2715
2520 2785
2520 2790
2525 2667
2546 2642
2548 2719
2549 2790
2551 2570
2552 2786
2554 2667
2562 2719
2568 2663
2568 2760
2571 2590
2583 2703
2585 2668
2590 2764
2592 2609
2595 2610
2595 2666
2600 2612
2602 2795
2603 2654
2603 2770
2611 2680
2632 2795
2640 2643
2640 2686
2643 2662
2654 2773
2674 2748
2691 2743
2699 2774
2705 2782
2706 2796
2710 2753
2710 2772
2729 2760
2738 2745
