p td 1400 985 
1 37
1 147
2 816
3 770
4 398
4 769
6 1097
7 377
7 846
7 1228
10 520
12 1057
15 100
15 125
16 1185
17 737
20 862
21 744
22 34
23 1026
25 339
26 559
26 1230
28 923
28 1039
29 989
30 800
31 146
33 183
33 749
34 510
34 764
35 224
35 1152
35 1379
36 743
37 978
39 288
40 1041
41 940
42 807
43 369
43 1125
43 1231
44 1211
44 1227
44 1335
45 370
45 781
46 144
46 269
46 534
46 632
47 588
48 699
48 813
48 1240
48 1362
50 649
50 791
50 833
51 1220
52 489
53 546
54 1042
55 212
55 952
57 829
58 989
60 355
62 633
62 965
63 588
63 1155
63 1252
64 537
64 1330
66 74
66 362
66 817
66 926
66 1206
66 1296
67 740
67 893
67 1291
69 149
69 430
69 619
69 924
71 682
71 706
71 1005
71 1029
72 108
72 650
73 123
74 338
74 1292
75 961
75 1163
76 1263
77 894
78 977
78 1129
78 1234
78 1330
78 1364
79 1215
80 1078
81 832
81 986
83 808
83 993
83 1193
84 786
85 287
85 677
86 410
86 632
87 108
87 430
87 489
87 1067
88 149
88 1388
89 479
89 621
89 1327
90 184
90 767
92 170
92 561
93 1078
93 1161
94 111
94 1191
95 350
95 788
95 1157
95 1206
96 287
96 578
96 1359
96 1360
96 1391
97 546
97 1011
98 1238
100 645
100 881
100 971
102 808
102 867
102 1152
103 976
103 1171
104 1163
105 615
106 356
106 1044
108 285
108 1061
110 270
112 621
112 766
113 559
113 1017
113 1190
114 150
116 377
117 976
117 1092
124 1334
127 185
127 1024
127 1387
128 673
130 708
130 951
130 956
130 1376
131 792
132 171
132 889
132 930
133 622
133 657
135 510
135 1134
136 390
136 840
137 478
137 561
137 1259
138 496
139 962
139 1313
140 820
142 471
142 497
143 1328
144 158
145 641
146 1312
147 528
149 767
150 967
150 1207
151 1026
152 925
153 543
154 434
154 438
156 516
156 744
156 768
156 1386
157 459
157 579
157 853
158 904
159 744
161 779
161 1110
161 1259
163 516
163 1397
164 610
165 182
165 468
165 1076
166 707
167 543
167 588
167 623
167 1190
169 338
171 795
172 249
172 1400
173 967
174 203
174 747
174 1224
175 191
175 298
175 389
175 405
178 1090
179 298
180 437
181 499
182 837
185 345
185 536
185 927
186 350
192 891
193 1169
194 506
194 1174
195 363
195 1194
195 1347
196 200
196 1106
196 1190
197 1145
198 556
198 729
199 688
199 880
200 684
200 792
200 1150
201 525
202 744
203 1201
204 974
204 1186
204 1314
204 1358
205 628
206 1371
208 368
208 1166
210 509
214 585
214 846
215 926
216 680
216 1163
217 382
217 666
219 940
223 1310
225 1119
226 1337
228 1274
229 1241
232 678
232 984
232 1301
232 1324
233 264
233 312
233 513
233 573
234 1305
236 1215
236 1396
237 721
238 1242
239 1397
240 1329
241 822
242 244
244 596
245 628
245 665
246 368
246 719
247 409
248 367
248 1229
249 506
249 1238
250 432
250 1304
253 616
253 634
255 409
256 880
257 492
260 1208
261 346
262 588
263 421
263 1132
264 825
264 1012
264 1110
265 1317
268 785
268 802
269 273
269 769
270 759
270 1059
271 568
272 438
272 894
274 607
274 1017
275 528
276 1163
276 1383
277 698
277 711
277 1260
278 1135
279 608
279 1069
280 632
280 1008
281 832
281 1332
282 1081
283 916
284 891
285 872
285 1269
286 739
286 1018
286 1043
288 929
288 932
288 1113
289 1232
290 354
291 364
292 942
294 343
294 711
296 1247
299 380
299 501
299 1224
300 455
301 319
302 1145
303 722
306 913
306 1248
307 532
307 1016
308 758
308 1368
310 570
311 516
313 647
315 839
316 585
317 499
318 606
318 932
319 711
319 1276
320 996
321 950
325 328
325 480
326 591
326 791
326 1267
327 1376
329 364
332 683
332 1172
333 1393
336 381
336 991
336 1197
337 339
337 897
338 603
339 1161
339 1268
340 1018
342 376
345 1179
346 401
347 1139
348 484
348 785
348 894
349 726
350 1175
351 394
351 1176
352 1359
353 693
354 1182
356 1286
357 1089
357 1093
359 598
359 1271
361 697
361 1392
363 506
363 1095
364 546
364 698
365 1290
368 1124
370 667
370 1151
371 881
373 910
375 481
376 1213
377 927
379 445
379 943
381 1125
382 1219
385 979
385 990
385 1378
386 625
386 1126
388 760
388 1065
389 1076
389 1367
390 427
392 573
392 1042
393 740
396 505
397 743
397 866
398 450
399 1189
399 1379
400 410
400 770
401 630
402 962
402 1284
403 429
404 1388
409 777
410 447
410 572
412 660
413 621
414 1086
415 598
415 1363
416 883
416 906
420 840
420 1004
421 511
423 1025
424 714
425 688
425 843
426 515
426 1076
426 1240
427 791
428 983
428 1146
429 463
429 936
429 1178
430 682
432 587
432 950
432 1367
433 573
439 927
440 482
440 862
443 934
444 614
445 622
445 1264
447 469
447 473
447 630
448 741
448 901
451 1338
452 873
452 1122
452 1264
454 608
454 706
457 1367
459 1029
460 1334
460 1337
462 814
463 1180
464 1093
465 1261
466 544
467 1292
468 603
468 623
470 587
470 638
471 727
474 846
474 1095
476 1025
477 790
478 1269
479 622
479 645
479 1115
480 687
480 1380
481 1192
483 722
483 1034
485 913
485 1319
487 828
487 1097
488 1389
489 1329
492 863
492 1015
493 520
495 784
495 883
495 1365
496 561
497 1216
498 1145
498 1265
499 1257
500 1048
501 826
501 1304
504 962
504 1005
506 606
507 1363
508 754
508 897
509 1148
509 1179
510 881
510 1342
511 963
511 1380
512 836
512 994
513 825
516 754
518 557
519 613
519 1020
519 1104
521 693
521 1367
522 1069
524 1117
526 1032
528 1193
529 910
529 1115
530 1031
531 937
531 999
532 551
532 717
533 608
533 1249
534 666
534 1343
535 703
536 849
536 1334
539 1045
543 604
543 1040
543 1326
543 1354
549 845
550 696
553 1090
553 1338
554 720
555 716
556 1300
557 1002
557 1014
558 1135
558 1145
558 1158
560 1121
564 566
564 979
564 1017
565 905
565 930
566 823
566 824
567 1290
568 982
570 706
572 838
573 865
573 901
574 1158
576 986
579 1058
581 771
582 1227
588 647
588 1110
590 611
590 911
591 754
593 768
593 1106
594 880
598 873
599 1083
601 921
602 1347
603 690
603 887
605 1092
607 1181
608 859
608 1255
608 1294
610 1273
610 1398
611 650
613 1209
614 1021
614 1248
618 969
621 1150
625 1246
628 1184
628 1374
630 1317
631 966
632 1396
634 1325
635 1360
636 727
636 1313
639 642
640 1364
641 692
642 1043
645 667
646 932
646 933
648 1302
651 1334
653 1177
654 692
654 1063
655 1078
656 671
657 1199
659 1200
660 1298
663 711
663 1168
665 755
667 1336
668 959
669 773
669 912
670 959
671 952
671 1199
675 798
676 1391
678 933
678 1347
679 797
679 1194
680 708
680 863
681 848
681 1324
682 1367
685 805
685 1285
686 1144
686 1241
688 1170
688 1354
689 1049
689 1269
690 1053
691 743
691 1123
694 1298
695 784
696 986
697 821
697 1078
699 828
701 1079
703 1006
706 1125
707 883
707 1069
707 1191
709 1167
710 951
711 1036
712 836
716 1262
720 1251
720 1381
722 799
722 899
722 1184
723 739
725 1149
727 898
727 1249
732 1152
733 1328
735 942
736 1040
736 1175
737 1099
737 1322
740 1002
740 1289
743 1059
744 1309
745 1217
746 854
747 828
747 1261
750 772
750 1045
751 1063
752 1319
755 774
755 1001
756 884
757 1070
760 1371
761 1317
762 1200
765 955
766 1350
767 1342
768 1040
768 1230
770 852
771 795
774 801
777 1051
780 907
781 942
782 1389
784 1133
786 862
787 805
793 1097
794 1050
795 1223
799 1039
802 1070
805 1375
806 836
808 1015
809 955
812 962
813 862
817 1020
819 982
821 853
821 1180
823 1209
824 828
825 1348
827 1047
829 848
833 1066
834 923
836 1119
840 976
841 884
841 1005
846 1170
848 1347
851 983
851 1218
857 1302
858 1301
858 1308
860 909
861 918
863 1318
866 1011
867 1201
868 1179
870 1248
870 1307
871 1332
872 1185
874 976
878 1332
880 1218
884 962
884 1096
888 923
890 982
892 978
893 1324
895 1215
896 1234
901 1211
902 1069
902 1377
916 1123
919 1358
921 1013
926 1359
927 1209
929 1273
930 961
932 1292
932 1358
933 1376
936 1130
940 947
940 1131
940 1155
943 1328
946 1287
947 995
953 1088
956 1272
957 1303
958 1142
962 1241
967 1255
972 975
974 1026
980 1210
985 1395
987 994
987 1292
988 1039
989 1289
989 1396
990 1058
990 1156
991 1398
998 1107
998 1273
1002 1272
1003 1271
1005 1168
1012 1333
1015 1192
1021 1298
1026 1366
1035 1088
1036 1110
1036 1239
1037 1111
1040 1077
1041 1240
1048 1262
1051 1053
1054 1191
1066 1073
1072 1115
1081 1221
1082 1192
1089 1388
1094 1287
1097 1260
1108 1185
1109 1228
1117 1233
1122 1225
1122 1248
1126 1203
1140 1350
1141 1263
1146 1276
1152 1256
1156 1252
1162 1168
1172 1385
1175 1242
1190 1275
1191 1396
1191 1399
1204 1287
1204 1305
1211 1232
1211 1250
1212 1224
1214 1278
1219 1240
1221 1240
1222 1383
1225 1258
1228 1389
1229 1374
1230 1279
1235 1259
1235 1395
1239 1389
1255 1318
1265 1295
1272 1321
1282 1350
1283 1315
1296 1349
1308 1366
1318 1344
1320 1394
1324 1327
1325 1348
1330 1385
1332 1351
1335 1359
1354 1396
