p td 1000 4000 
435 261
900 317
353 855
76 15
535 842
932 699
928 109
245 440
284 822
146 670
630 656
641 451
968 317
583 508
49 116
893 613
882 73
490 238
848 437
490 933
204 853
763 648
880 794
795 13
556 102
983 401
656 920
91 917
916 815
179 821
591 186
429 648
492 392
45 53
784 659
670 17
227 117
556 420
792 204
585 774
913 590
417 266
437 703
632 316
31 875
469 222
213 242
37 931
172 897
917 420
629 517
41 621
297 479
117 926
556 801
440 387
853 103
587 245
282 821
259 238
273 512
77 271
303 140
417 283
132 970
454 122
373 47
689 266
280 28
69 242
18 643
595 858
400 128
979 679
546 718
762 526
781 605
863 153
797 193
489 175
996 708
422 604
116 721
118 13
338 65
175 114
758 456
784 106
605 296
124 496
444 457
239 919
461 95
767 105
440 264
8 709
698 154
117 558
944 219
870 1
955 660
201 723
193 588
127 916
388 396
771 872
591 128
623 986
916 369
242 548
421 497
334 817
83 561
586 565
307 282
441 192
431 777
820 841
116 640
405 45
944 540
858 780
734 526
180 303
380 704
873 870
286 449
235 322
782 154
22 924
542 130
171 314
743 889
336 208
231 368
195 353
595 311
945 173
630 458
190 789
27 922
90 275
896 405
628 746
877 260
89 446
861 537
485 251
890 275
855 896
315 461
3 756
538 868
347 437
865 569
841 542
594 977
332 669
702 303
841 832
221 366
813 738
810 344
121 600
114 118
825 616
461 567
794 395
887 781
79 478
801 554
521 665
421 230
622 708
131 158
545 827
957 968
353 681
87 214
643 472
94 951
851 285
157 242
960 526
709 735
502 400
479 870
625 57
769 365
954 739
668 913
863 457
196 526
509 567
280 470
202 224
147 763
521 739
999 587
539 111
572 894
637 628
94 536
534 133
520 428
11 581
754 424
79 221
924 295
698 654
692 777
25 713
32 883
662 978
74 626
548 964
802 983
203 152
394 77
728 912
856 935
136 691
594 316
139 87
285 917
601 256
758 513
366 916
853 749
812 852
950 935
531 818
448 968
420 713
828 912
997 491
832 644
172 556
608 808
906 694
964 689
322 13
27 438
501 503
346 451
59 13
365 556
53 548
685 594
179 876
673 744
718 912
713 62
209 515
35 894
774 668
172 448
509 340
572 541
674 533
439 899
691 643
811 669
27 760
718 409
507 349
736 829
59 578
676 947
80 995
138 67
710 310
293 631
298 874
629 374
641 198
756 880
108 897
483 877
646 166
726 894
348 142
281 646
58 534
228 3
580 31
347 160
217 223
301 374
156 822
823 338
138 473
933 477
150 233
125 493
524 676
243 963
193 724
472 745
96 106
697 197
517 643
347 243
951 883
296 662
935 599
749 661
71 622
606 309
893 687
882 98
143 148
817 975
766 207
263 184
209 865
630 130
349 548
279 185
954 599
764 549
639 141
470 544
546 645
461 902
545 145
650 234
864 736
319 103
969 114
402 625
759 2
516 237
662 489
494 612
578 331
413 69
864 565
725 608
564 193
427 369
252 651
747 674
410 445
949 125
202 492
709 874
853 898
12 318
161 369
894 271
95 615
100 370
953 644
572 361
202 773
583 305
705 453
55 979
473 417
507 965
418 604
747 526
514 631
961 803
433 229
467 478
47 128
916 185
817 581
556 838
271 605
690 636
889 138
555 766
884 921
98 810
755 634
479 986
895 146
823 68
986 506
596 835
554 13
948 299
66 825
581 139
115 287
474 347
465 138
683 922
895 535
546 288
687 120
351 14
225 611
593 600
120 194
221 642
926 204
633 232
539 280
767 264
248 67
443 712
617 564
366 742
190 620
75 200
854 29
10 840
486 122
112 956
186 845
368 72
110 47
303 320
679 168
502 783
931 811
239 526
605 341
482 1000
81 236
483 242
26 820
771 629
214 170
969 190
137 16
303 454
487 560
468 455
233 557
513 378
358 472
538 571
718 628
316 145
804 505
89 358
637 173
194 382
257 618
449 682
280 99
285 561
762 66
827 329
270 36
488 503
120 801
617 180
365 907
883 892
420 948
446 662
208 624
41 411
676 795
17 506
637 225
500 362
356 259
962 354
981 380
326 652
172 184
986 998
648 29
168 632
459 276
567 195
801 998
647 839
424 747
370 273
763 135
710 821
594 403
624 194
295 818
801 54
6 930
807 522
881 631
768 132
947 349
718 99
450 77
815 299
167 869
503 469
718 498
855 280
448 532
752 392
718 825
527 543
790 701
973 421
614 387
339 16
695 683
129 707
405 124
896 683
425 93
98 241
980 39
230 275
73 290
913 980
496 818
25 40
763 48
201 867
576 279
562 683
490 150
302 539
920 155
37 460
454 983
461 693
28 713
400 401
338 932
315 69
498 529
179 138
477 364
113 746
392 530
275 283
433 281
185 859
18 512
919 963
648 904
846 146
501 994
575 359
445 360
563 440
156 741
568 638
123 985
818 449
136 704
624 81
50 143
308 770
267 200
672 139
738 324
211 140
679 397
735 920
492 459
846 382
945 636
782 372
436 834
437 588
541 890
477 862
879 706
828 469
213 175
35 366
348 149
434 705
373 626
936 222
614 97
948 145
74 947
200 668
466 294
823 549
930 20
76 104
715 469
264 397
757 405
805 931
452 695
562 899
673 798
554 147
205 367
347 738
931 839
702 46
155 619
229 395
962 321
993 836
381 904
673 617
671 802
158 994
547 88
364 476
793 477
589 652
126 350
878 319
192 79
783 324
714 809
315 546
378 766
461 603
852 724
856 361
15 455
316 659
260 173
81 831
880 500
388 243
177 432
721 544
781 23
88 450
357 673
484 453
868 868
446 419
814 391
719 30
961 790
803 375
380 994
262 787
841 707
921 140
239 932
362 485
350 322
630 14
7 717
206 700
346 392
369 286
554 457
327 333
172 702
178 197
189 252
757 98
578 226
198 875
816 459
244 390
964 3
223 551
41 85
701 26
64 33
764 530
526 965
801 174
374 631
429 343
492 383
804 798
378 930
946 184
459 442
829 348
175 526
602 387
944 970
708 466
169 704
106 22
896 536
57 51
403 1000
980 816
719 934
131 966
363 333
229 584
281 654
968 835
811 440
705 64
443 788
824 868
574 643
243 498
146 533
676 142
991 725
174 24
56 83
463 751
676 862
903 533
240 520
549 174
369 251
37 367
109 300
791 206
791 635
420 516
339 711
7 879
966 436
114 517
804 82
294 497
68 429
620 386
190 759
413 314
395 839
495 769
102 244
974 361
891 220
450 404
625 508
750 289
304 447
305 577
81 865
24 916
398 907
429 726
868 355
690 481
43 582
316 228
577 29
914 897
161 859
443 695
748 126
824 198
986 984
617 304
55 891
85 296
167 998
243 54
675 637
411 757
166 447
87 6
898 694
577 497
342 211
26 560
795 631
395 163
355 120
435 677
816 703
397 960
287 82
313 986
908 949
648 172
341 238
880 737
351 58
605 686
687 160
779 201
148 659
356 136
671 125
495 818
928 520
423 661
723 200
631 810
574 793
490 932
49 443
510 2
40 470
93 176
619 534
849 299
143 140
679 792
390 292
872 271
120 756
369 900
634 63
937 770
991 358
892 897
358 539
37 68
171 285
398 879
936 556
459 336
735 698
114 550
60 665
837 617
262 888
579 168
110 24
212 364
411 245
709 606
693 384
503 49
948 917
42 75
602 447
279 463
697 892
167 802
410 879
469 171
50 248
882 288
147 819
293 763
245 676
592 396
338 603
382 279
957 681
590 162
569 888
993 906
876 212
894 368
287 995
863 844
825 901
166 708
96 417
411 931
409 836
891 468
920 487
774 819
186 362
310 27
379 290
358 653
444 975
739 881
690 769
198 426
13 761
912 159
587 135
946 80
310 155
669 193
274 566
52 497
685 868
652 905
69 950
803 548
168 495
832 174
617 662
352 719
618 212
727 659
70 332
174 905
273 569
285 166
650 561
108 422
286 414
588 268
360 448
847 521
480 462
778 939
876 978
207 834
358 414
415 65
291 373
657 960
852 985
350 122
211 507
455 890
34 685
304 117
725 8
915 380
552 541
111 242
171 83
754 75
328 782
794 533
847 635
22 208
670 829
461 158
859 790
516 504
170 601
402 782
798 422
492 809
582 360
886 646
133 752
74 889
199 376
536 486
1000 679
454 56
27 88
399 250
398 221
13 627
86 511
656 887
788 893
902 531
902 706
87 22
20 953
520 251
735 761
716 277
758 979
620 583
998 151
342 259
746 670
343 531
828 71
460 956
888 994
40 410
216 403
544 673
785 960
515 835
975 356
499 704
941 107
398 991
935 803
33 306
665 663
592 402
962 391
426 274
832 990
453 237
127 361
7 447
496 499
809 905
311 611
446 300
599 146
907 334
326 127
334 938
39 181
326 15
455 677
241 285
95 128
68 219
127 888
787 541
517 843
185 738
404 59
166 791
18 175
784 594
38 361
52 878
741 399
125 591
653 885
168 1000
418 353
596 358
353 880
537 4
33 780
191 549
871 689
270 661
988 199
217 908
139 485
424 525
763 18
789 350
764 29
676 348
683 520
902 229
540 428
818 836
836 157
673 365
259 164
851 17
194 990
576 410
264 899
283 666
638 17
215 638
892 982
949 81
93 422
682 995
992 36
29 424
658 271
704 939
248 749
646 725
662 26
850 147
871 257
212 743
763 379
481 139
699 555
351 787
302 760
499 377
331 537
35 877
743 490
782 94
747 815
237 395
170 803
370 91
386 30
697 307
329 894
211 140
622 289
799 395
613 923
952 49
347 537
169 958
766 858
612 972
170 305
258 559
844 238
334 906
673 940
130 716
137 942
207 557
526 389
656 391
332 858
922 399
205 807
470 427
143 707
448 185
605 761
411 743
773 495
217 568
359 869
572 398
456 985
431 294
352 980
546 670
491 920
461 507
921 881
950 985
891 28
700 409
338 288
399 326
216 367
247 643
244 989
53 141
46 109
432 573
364 298
382 795
49 63
861 693
862 249
65 483
254 677
391 190
368 615
916 875
48 165
888 118
474 721
372 407
261 475
966 857
502 934
823 868
570 857
957 675
881 967
772 922
9 663
675 49
741 649
878 489
280 213
716 387
456 699
366 126
495 483
695 233
558 316
102 861
120 606
637 61
134 431
201 167
326 217
482 922
890 318
137 392
312 977
921 800
625 125
305 603
126 638
200 934
416 256
934 318
212 970
436 491
522 688
961 999
813 960
454 527
627 976
113 795
519 738
9 754
633 69
555 363
97 959
586 32
399 480
624 752
573 158
631 939
22 137
441 29
319 914
324 728
705 467
648 667
828 586
510 343
19 851
499 921
699 549
570 872
272 250
314 612
15 96
632 307
7 454
885 106
382 232
677 187
284 666
507 82
833 528
426 715
861 705
262 785
436 228
649 577
997 678
707 630
646 262
680 344
323 760
713 808
539 737
378 363
512 415
370 121
509 157
947 729
881 933
82 227
455 561
618 261
937 547
67 644
410 172
551 987
609 306
52 700
681 352
271 525
188 611
49 900
910 459
8 496
50 375
904 374
943 998
844 387
927 902
180 207
468 368
608 19
349 291
917 395
880 22
708 807
790 1000
122 180
350 512
550 458
398 452
133 846
787 590
244 708
497 480
520 37
727 351
163 233
877 256
356 654
153 955
614 17
158 321
18 598
737 691
884 885
833 607
359 331
546 592
377 194
144 357
46 741
631 876
446 730
151 526
510 876
963 643
821 694
663 304
648 795
28 431
950 781
940 947
132 697
907 842
806 961
715 647
388 463
227 62
919 710
376 816
161 367
628 873
662 795
100 722
853 805
175 270
363 316
808 88
58 679
819 577
45 259
241 272
637 540
524 745
39 921
906 153
412 819
778 485
469 556
556 462
303 346
901 350
351 795
289 510
924 180
291 775
159 949
970 732
959 342
636 756
370 571
410 739
202 359
799 945
366 109
945 173
124 565
186 807
255 627
43 417
721 483
931 489
646 504
785 821
282 696
740 374
860 362
136 455
543 305
656 652
489 4
15 412
856 5
768 709
98 734
605 255
329 178
625 684
451 642
680 350
871 687
279 77
491 549
521 688
644 439
803 270
668 843
109 272
262 752
76 57
264 744
373 609
304 127
967 163
453 900
213 191
557 746
414 605
359 769
797 521
807 411
487 234
48 891
754 285
484 476
878 480
618 54
864 483
723 149
29 916
72 744
469 876
657 800
145 583
468 49
769 481
304 441
290 101
3 879
193 286
12 398
910 425
555 806
486 376
334 563
135 845
41 302
834 758
776 99
626 870
119 544
594 555
945 582
658 268
497 348
571 676
792 120
537 677
583 31
82 973
104 726
808 611
644 185
503 437
763 280
301 178
754 623
591 580
949 917
939 957
965 317
592 907
628 780
676 701
585 35
261 183
78 42
755 445
244 408
203 750
524 670
799 805
594 352
235 527
522 245
630 62
314 507
451 412
423 823
698 910
170 959
950 102
259 917
873 311
56 929
111 415
387 465
393 195
167 832
695 455
457 126
405 786
272 172
528 696
962 438
235 509
744 457
476 103
818 702
546 263
931 602
461 575
245 333
430 61
730 209
784 237
511 669
185 14
801 263
459 238
989 289
417 314
712 624
943 562
314 585
696 269
153 668
736 794
538 691
904 103
502 140
389 302
735 373
684 904
749 787
611 383
363 283
435 390
764 852
99 329
505 130
633 476
517 233
552 295
700 927
820 539
928 539
533 717
821 861
72 652
902 908
988 783
630 603
902 386
722 534
549 485
457 606
847 268
173 924
113 839
170 246
282 201
961 669
396 517
404 545
289 369
254 281
832 24
951 880
832 154
847 643
748 991
645 696
761 196
182 938
517 360
282 816
902 777
301 69
499 32
416 903
909 328
419 193
913 780
952 17
503 239
981 403
208 80
943 72
824 473
51 944
580 688
912 537
948 939
928 830
370 728
56 718
668 412
695 289
100 185
432 296
18 970
240 215
64 223
608 826
257 802
264 683
333 618
959 453
853 102
995 413
777 790
848 184
768 625
595 371
897 435
362 393
611 537
376 527
558 67
859 247
119 342
210 457
397 518
85 512
209 676
814 354
654 25
419 112
400 798
580 308
932 528
995 925
531 46
665 153
48 504
422 78
282 960
895 522
144 902
803 711
647 199
182 105
273 103
914 979
931 881
214 546
894 472
1 507
678 761
66 720
25 103
842 888
993 94
162 966
722 597
474 87
20 850
265 894
2 125
418 34
401 816
673 239
428 15
108 743
986 980
545 84
990 376
833 932
410 131
23 733
4 551
129 6
346 633
794 836
131 560
324 716
588 820
800 761
387 34
763 225
886 987
557 661
567 134
388 537
345 906
954 892
267 946
629 974
657 381
571 31
962 58
406 961
116 238
771 706
286 75
513 817
369 923
158 559
898 269
927 632
540 517
909 136
420 165
463 401
715 59
534 661
867 896
613 777
757 46
1 183
255 419
425 81
872 70
331 349
490 432
634 539
290 680
965 469
325 611
665 354
431 21
745 296
415 825
169 92
420 667
326 848
439 612
549 801
907 728
38 594
494 350
536 258
990 714
947 466
698 876
275 14
855 924
885 983
352 723
656 672
702 138
250 332
283 187
105 744
193 164
280 316
43 660
452 383
803 90
525 853
786 281
360 85
371 348
830 998
854 926
948 904
565 463
125 601
79 46
868 119
582 232
290 842
156 295
884 125
775 990
50 99
516 718
884 437
849 976
55 262
195 644
844 652
861 585
235 215
273 137
825 192
920 938
308 121
588 489
493 603
790 225
104 66
676 433
6 464
748 235
898 545
834 48
255 821
929 821
674 173
249 657
206 862
519 418
607 453
716 974
983 976
863 606
34 525
173 275
956 740
224 49
408 229
143 448
80 140
392 345
654 390
422 599
355 60
374 758
261 42
440 651
773 93
573 925
940 450
66 931
490 750
900 657
433 394
103 700
843 220
960 589
893 255
240 115
98 883
319 722
621 29
119 485
998 73
827 664
584 580
910 501
905 890
376 206
686 923
421 709
901 261
649 381
500 407
38 676
330 463
740 853
780 377
409 624
886 66
199 114
177 558
51 519
917 132
852 918
332 14
213 365
291 712
337 87
680 523
589 189
381 321
373 532
376 679
137 906
329 964
269 343
985 103
312 630
163 319
249 973
636 671
357 839
921 287
914 119
909 821
514 290
568 692
504 109
482 73
773 634
604 560
514 183
940 950
759 642
417 286
604 161
465 388
484 559
333 450
293 190
835 439
523 802
52 656
111 21
788 63
174 550
667 360
473 196
913 231
419 750
495 385
765 841
23 129
552 167
998 256
195 943
864 33
333 188
492 408
760 184
643 717
97 274
396 166
373 910
302 511
131 101
12 983
568 931
764 653
590 344
605 472
498 53
914 3
387 321
470 690
157 987
87 352
73 860
316 231
301 628
276 962
835 949
798 33
659 194
751 762
178 816
575 144
996 474
855 183
8 161
134 246
311 195
77 970
469 745
319 963
537 198
956 153
892 851
249 379
454 530
991 566
866 84
984 430
148 910
984 523
996 83
384 276
402 339
833 806
867 1000
105 932
333 183
661 7
887 903
795 336
589 623
913 468
211 819
574 873
311 350
4 330
829 958
826 355
30 590
101 392
99 900
298 647
921 220
545 703
266 86
320 133
289 580
250 928
843 482
841 874
937 707
93 311
332 586
165 385
34 507
903 8
947 709
687 75
251 376
987 381
214 172
650 890
731 387
200 263
477 23
320 263
526 247
366 80
870 232
89 273
436 304
73 474
739 355
706 280
542 845
899 307
480 990
556 596
205 340
82 708
459 187
435 362
930 689
41 654
342 609
130 815
535 385
354 495
527 230
847 174
210 247
945 497
19 226
279 897
475 224
216 683
531 126
20 826
911 296
855 417
718 364
454 201
579 845
71 857
876 464
951 672
156 195
364 541
225 48
183 495
257 932
962 565
656 799
80 887
464 31
200 74
127 607
822 874
312 351
248 43
646 133
144 807
109 18
326 553
316 841
583 380
537 543
497 659
95 768
380 637
555 176
617 110
325 240
78 523
16 742
311 854
877 855
132 848
427 848
38 674
426 235
492 318
911 606
269 496
380 929
252 338
146 305
609 107
520 134
79 940
103 785
331 821
299 366
900 557
340 371
796 208
56 382
432 489
867 665
97 901
865 581
609 316
938 905
545 771
441 339
876 633
194 378
776 209
362 715
47 751
256 15
121 232
654 498
602 526
445 967
851 262
814 423
474 442
192 619
987 59
715 921
186 238
626 553
698 20
663 274
372 665
1 366
822 256
52 787
697 669
649 537
333 316
401 992
430 383
328 458
339 522
777 483
313 925
365 612
602 661
43 295
559 9
49 896
517 777
1000 50
758 320
456 893
737 395
451 98
316 756
58 721
370 404
580 308
329 587
846 592
494 868
495 24
236 950
824 203
460 527
879 775
849 151
357 260
664 195
857 384
954 727
289 447
741 524
462 114
570 921
720 61
35 568
894 271
161 945
190 350
351 140
112 834
469 270
547 558
686 861
944 898
271 97
425 586
455 864
303 175
605 608
634 819
998 752
49 28
493 248
204 390
622 516
475 963
484 531
440 109
338 709
365 334
913 701
310 587
217 809
158 285
751 996
725 274
145 947
689 299
801 575
365 161
807 916
495 89
562 59
393 502
617 415
665 993
665 780
842 356
177 963
75 399
952 539
882 864
402 917
272 138
786 799
616 506
773 8
616 160
198 904
658 29
848 903
591 213
813 125
917 121
866 721
287 658
653 668
631 935
260 869
757 273
960 969
338 358
101 58
516 446
986 886
776 254
884 952
177 209
193 21
357 222
295 550
46 917
804 129
467 250
50 832
564 634
312 325
932 336
140 851
57 553
858 328
815 531
67 580
85 955
506 518
131 266
663 76
978 907
118 914
643 343
776 938
674 543
457 561
100 795
858 310
582 790
457 629
906 766
592 340
493 101
997 423
406 606
677 192
69 68
371 520
864 281
491 194
520 549
940 311
467 983
970 302
192 905
717 516
754 164
686 752
319 390
983 211
807 295
850 176
904 651
294 874
635 844
843 336
198 551
535 39
383 825
997 70
580 593
306 829
407 20
897 154
17 558
934 374
205 437
356 660
61 889
300 717
784 592
624 630
772 530
669 782
455 706
393 280
834 552
269 974
824 398
511 123
779 416
763 865
915 355
574 991
9 825
122 513
371 686
40 617
513 109
104 911
250 826
255 745
225 688
382 759
279 297
905 960
793 940
658 627
352 122
201 119
417 973
778 570
215 223
494 1
582 708
135 395
79 509
951 655
409 281
713 996
789 704
292 914
105 910
758 783
407 935
294 506
357 5
377 168
181 278
913 992
582 155
885 725
736 992
611 41
376 370
206 367
906 719
741 624
78 203
339 303
876 866
736 545
258 243
103 756
676 695
858 520
396 929
676 412
364 183
455 564
526 172
872 438
954 913
590 774
613 446
339 54
718 629
577 527
775 724
961 246
491 503
335 606
327 438
318 262
610 905
566 202
141 863
290 762
99 508
729 44
907 762
231 428
770 692
516 632
918 509
363 117
687 287
661 92
12 850
249 479
913 96
719 335
809 420
589 589
228 409
139 226
270 941
289 657
474 26
260 464
103 517
589 732
850 257
384 785
90 814
560 222
958 419
948 390
895 953
676 411
59 832
811 143
774 700
498 945
86 707
27 81
577 247
479 690
498 277
697 181
52 954
783 355
669 287
945 204
379 402
226 935
16 720
898 500
102 218
59 465
146 938
294 833
5 817
54 114
3 700
295 228
179 145
542 287
409 242
904 656
611 613
35 270
82 858
873 300
765 158
613 517
554 946
774 36
918 620
189 795
817 594
646 753
656 653
90 755
163 193
890 447
479 503
662 292
733 384
293 342
888 857
16 284
985 213
851 17
195 676
120 374
520 882
406 46
600 82
533 287
885 830
876 170
290 958
489 596
285 718
533 242
977 448
401 439
906 1
432 325
767 614
171 694
26 138
568 81
383 111
271 51
657 18
330 814
396 30
562 616
338 630
744 627
536 593
291 837
897 874
251 318
594 800
519 113
129 235
783 641
891 281
319 305
904 69
147 229
656 955
284 493
100 10
499 627
581 810
389 151
866 11
959 243
863 591
537 657
372 677
392 859
668 476
814 107
856 40
6 693
356 878
958 398
60 491
253 327
132 400
222 784
379 21
812 764
343 719
794 995
747 199
974 854
103 370
743 591
397 179
951 251
319 474
645 503
380 453
857 668
742 590
397 624
312 955
42 707
749 378
137 341
184 880
397 983
262 896
915 914
129 31
71 568
490 957
265 91
697 624
655 709
780 145
949 272
833 274
236 412
992 237
602 816
860 938
942 64
805 223
798 278
128 906
854 891
573 795
350 168
84 161
11 302
971 794
402 936
791 96
388 159
145 738
993 967
478 900
887 636
62 713
132 226
752 932
786 793
64 134
837 73
286 400
48 300
508 830
645 636
649 484
641 179
974 125
87 513
349 310
905 731
736 332
968 368
276 649
716 406
887 96
475 810
777 406
267 250
201 289
275 477
703 709
398 317
881 393
877 357
884 143
940 591
259 54
55 985
654 805
942 602
503 25
452 629
238 954
634 277
971 623
366 979
122 551
989 592
221 6
391 587
934 774
848 928
309 359
379 283
161 693
759 755
966 19
95 696
540 742
582 581
155 414
878 80
872 965
600 819
906 429
843 225
372 210
459 852
138 68
350 277
970 523
925 78
595 946
261 561
184 626
530 756
486 307
260 245
710 888
688 156
474 298
213 230
829 189
965 235
586 727
246 840
783 274
163 470
220 475
19 737
285 245
352 957
958 69
571 846
581 789
914 291
705 811
215 736
377 750
899 936
883 290
242 826
762 640
61 506
611 524
50 688
475 48
464 254
249 633
502 808
228 152
595 552
135 638
114 76
793 603
477 596
31 288
853 71
149 273
44 509
550 581
640 110
500 328
516 583
429 73
743 809
846 823
806 92
633 125
748 39
906 234
606 329
124 646
32 736
698 115
120 322
95 398
725 276
240 585
637 400
917 718
359 972
769 284
334 374
758 309
143 877
923 18
208 851
629 23
19 134
759 599
606 169
533 468
745 91
135 192
651 263
845 408
721 692
940 498
152 706
903 942
556 923
547 306
156 894
244 200
939 757
654 594
829 889
292 325
446 93
423 863
574 474
717 346
508 283
689 357
402 640
818 89
698 757
603 245
127 916
795 325
733 848
762 609
475 596
253 514
530 603
969 119
241 516
46 102
904 23
81 190
482 159
63 884
511 699
300 716
261 358
949 689
307 374
536 883
911 744
624 474
970 562
797 886
736 866
456 423
244 112
536 322
451 593
271 938
39 404
295 510
527 676
212 417
631 44
317 210
8 954
289 185
986 486
669 26
463 555
901 16
695 298
562 668
806 811
483 398
55 523
944 767
452 520
99 575
957 883
633 561
554 802
333 885
498 199
175 572
704 229
87 964
550 700
221 849
422 931
528 931
159 240
706 706
79 667
132 66
20 874
965 230
229 144
346 923
122 810
512 218
763 130
970 492
415 969
376 441
372 875
656 170
277 404
288 831
355 608
960 738
809 880
633 424
678 31
629 453
469 526
14 388
208 985
153 698
414 946
660 559
679 234
349 542
879 205
927 519
95 792
277 595
601 352
147 699
664 529
137 909
329 122
446 558
131 449
926 577
730 751
756 449
267 773
813 466
311 924
247 343
549 136
301 421
650 832
814 20
131 705
871 596
133 790
332 68
957 950
511 655
753 423
745 401
672 475
627 2
563 531
388 450
448 934
61 720
631 217
911 980
363 122
519 811
590 174
284 925
103 31
939 883
915 275
73 773
309 650
106 320
320 60
663 32
647 502
653 225
349 897
16 918
918 269
275 965
652 657
959 714
864 954
78 502
247 934
969 816
258 384
584 734
482 868
577 372
492 689
126 846
709 291
974 810
111 772
401 977
395 561
460 833
103 473
360 248
632 615
604 510
972 948
665 681
374 793
571 37
779 84
305 908
792 841
270 549
614 542
112 317
46 303
961 898
205 113
444 750
428 689
881 636
34 755
183 375
549 862
608 880
796 440
340 579
726 67
380 739
865 192
807 778
427 447
755 461
739 713
277 899
38 159
655 681
76 810
776 917
286 638
110 372
826 687
525 548
273 332
695 641
918 95
893 105
232 814
268 388
442 676
844 45
809 586
449 600
975 940
130 232
972 277
901 205
833 650
628 381
919 500
268 505
729 618
456 317
801 209
316 280
525 922
325 251
895 791
421 672
696 190
772 186
304 458
104 283
855 413
436 155
541 877
31 248
737 623
981 273
100 660
537 529
125 64
610 496
246 236
511 674
272 182
71 744
638 685
239 192
416 577
635 674
260 878
839 443
55 854
419 729
983 658
309 101
30 3
520 863
219 201
951 341
97 638
417 794
742 805
654 911
973 358
103 721
42 207
605 924
584 114
963 912
646 687
747 607
331 193
181 730
765 499
947 978
121 258
785 352
59 8
644 67
404 737
518 426
153 776
727 488
866 867
546 377
304 882
919 927
589 681
43 726
108 39
449 806
217 944
730 210
758 534
953 437
134 140
499 485
678 512
39 182
27 506
615 252
201 548
116 260
888 59
108 406
124 828
486 149
884 313
186 24
466 64
978 624
803 56
282 535
159 4
894 724
534 956
78 605
910 15
831 103
625 81
342 913
426 203
943 521
660 852
62 931
660 210
936 143
970 576
802 255
647 931
855 579
341 989
124 415
888 200
901 491
104 884
380 213
616 619
460 413
156 213
556 745
210 942
424 16
449 765
924 311
935 343
969 465
694 329
436 862
803 776
902 116
804 377
249 511
559 281
824 233
695 254
782 254
520 128
617 311
214 231
394 632
330 752
451 404
887 50
906 617
631 247
236 359
689 326
557 339
909 340
651 635
950 168
191 102
514 857
997 248
493 695
61 651
426 81
639 33
969 439
204 890
983 67
902 507
161 752
465 335
907 651
285 160
923 50
96 259
729 158
887 636
376 678
423 955
324 830
197 109
773 665
346 160
837 426
486 872
284 220
716 15
479 142
149 187
766 18
153 789
965 319
422 287
861 659
73 9
545 117
787 123
558 859
127 22
354 16
774 368
498 29
265 750
499 954
25 970
332 364
80 905
47 125
166 830
15 854
759 889
373 86
700 595
159 610
50 507
546 968
619 577
98 345
304 13
241 882
690 715
546 50
554 504
324 289
843 800
383 301
19 356
489 762
356 962
432 212
810 585
899 496
295 655
383 808
974 928
372 22
369 665
302 403
970 471
793 596
44 610
323 501
15 743
253 632
428 600
491 842
36 932
798 728
609 798
19 494
905 369
126 194
365 903
863 585
426 463
678 810
934 171
728 400
665 204
218 483
212 291
420 173
290 126
161 667
39 238
94 113
38 363
592 655
819 701
45 954
525 15
619 426
198 817
289 923
243 613
70 799
720 135
731 758
685 24
985 144
499 848
729 863
771 491
878 93
634 890
633 458
293 937
685 149
326 340
110 463
363 711
751 366
453 355
686 172
845 243
868 739
918 734
914 995
714 557
302 296
663 333
756 106
421 965
3 839
289 808
551 337
742 884
976 763
683 259
794 430
28 104
362 352
936 949
400 574
835 185
517 52
357 419
241 111
613 548
644 664
615 579
681 672
180 610
152 125
889 324
246 604
705 152
75 59
831 224
809 403
784 746
760 288
211 277
164 637
33 185
735 232
71 549
441 261
969 403
297 629
965 856
564 172
896 449
659 443
923 533
365 278
438 482
554 518
416 242
343 337
914 481
303 750
10 317
962 816
126 211
24 83
306 689
442 673
543 679
796 118
982 91
244 517
842 911
432 204
21 281
872 552
942 793
894 549
662 987
317 469
300 796
552 831
559 52
938 339
804 896
224 425
837 499
423 595
648 11
118 881
180 759
996 944
83 308
536 387
234 713
263 661
762 791
750 315
723 564
509 506
983 302
792 2
387 926
961 324
531 903
699 931
382 429
689 324
768 414
82 118
144 459
63 436
62 812
700 859
679 819
963 838
220 524
650 249
365 831
155 17
729 948
473 864
576 274
662 451
829 161
25 568
97 130
977 670
165 706
916 836
577 250
57 369
130 299
276 370
187 927
564 411
743 480
602 171
66 136
895 39
576 733
705 775
766 375
705 478
482 674
819 337
324 104
52 833
615 633
14 887
160 80
679 375
263 255
207 134
136 886
125 27
992 29
140 201
851 200
984 77
53 114
429 535
541 418
235 715
852 50
749 449
707 317
95 839
724 240
200 559
718 997
334 174
939 899
226 639
606 965
4 859
777 600
597 586
135 202
293 800
826 705
484 993
163 98
281 650
494 926
697 693
771 103
510 763
580 332
695 327
653 328
589 928
346 568
309 88
863 541
612 421
176 121
57 370
871 812
193 794
542 756
291 521
912 658
753 729
904 527
485 942
344 727
747 854
184 747
763 323
948 913
992 376
413 240
214 667
290 982
65 455
762 44
119 769
23 932
263 203
121 412
153 652
314 794
678 517
657 979
151 751
536 927
754 13
255 885
162 462
786 559
357 255
229 64
480 597
621 506
289 658
458 600
786 939
141 316
996 425
156 888
613 301
813 657
745 994
689 605
801 639
363 888
670 839
881 770
429 311
133 622
18 906
402 95
957 528
270 92
432 452
62 147
926 792
484 553
632 571
5 863
20 856
183 509
452 36
696 4
387 722
596 447
885 483
949 626
189 15
754 913
730 675
991 722
651 70
101 666
10 659
923 256
984 166
917 577
210 571
153 179
527 405
914 918
578 507
774 165
279 645
327 229
239 956
136 700
969 873
816 313
571 729
699 792
895 969
408 44
680 757
383 824
109 389
283 154
301 417
552 693
641 315
991 323
461 886
688 843
296 923
902 83
828 533
58 903
535 350
510 225
726 714
837 505
469 974
657 563
863 569
848 572
224 86
328 18
775 474
786 12
542 638
226 408
565 94
664 79
382 633
576 484
750 681
550 764
774 454
83 337
837 623
949 781
330 841
602 493
632 746
266 574
387 169
615 847
473 22
131 797
79 703
651 313
78 919
814 409
679 328
932 616
125 481
475 517
858 955
283 624
640 860
678 310
898 632
172 634
790 548
827 205
461 446
344 455
616 741
317 385
695 596
161 242
556 887
686 343
581 25
22 914
180 862
654 616
284 156
995 664
599 283
532 902
543 210
503 812
95 680
153 546
65 133
983 291
547 502
927 502
216 288
557 121
323 803
578 700
221 490
722 649
494 674
411 635
947 117
734 390
760 42
696 525
618 234
392 848
426 328
518 112
31 302
481 282
504 661
519 588
182 681
619 63
224 525
681 473
918 874
390 412
36 883
763 102
248 315
127 174
505 390
450 476
771 188
602 320
436 266
946 341
248 273
18 797
235 797
939 302
69 593
799 275
684 974
943 445
266 855
209 330
602 398
669 232
561 734
35 505
750 331
509 416
55 309
628 429
280 306
260 830
742 213
721 519
265 540
292 403
41 716
412 560
877 29
516 613
188 110
582 699
337 986
367 322
289 459
891 873
771 653
460 210
967 236
825 440
834 20
600 642
613 692
666 529
735 150
426 969
557 832
411 90
182 298
186 62
680 143
540 455
437 153
660 1000
882 65
375 172
684 21
82 874
167 433
719 79
867 43
352 598
565 148
210 454
352 978
682 377
121 886
192 539
802 497
479 999
298 724
702 284
881 765
435 585
689 647
392 850
470 735
663 792
448 345
477 184
513 630
217 24
152 153
252 337
494 678
826 331
375 275
845 786
404 639
782 746
353 537
874 630
160 927
656 951
267 336
143 724
916 204
492 784
388 448
564 442
550 288
389 211
352 45
144 223
992 310
945 784
916 272
457 469
447 977
462 229
492 728
208 847
838 243
507 163
204 461
701 664
107 403
74 893
715 152
238 953
978 289
482 461
922 688
143 736
534 306
134 841
594 213
395 659
919 472
694 966
875 966
845 390
420 162
563 565
308 729
733 87
475 369
223 531
135 810
826 530
572 219
634 259
711 168
241 735
150 386
996 557
428 584
59 451
851 812
157 922
945 151
849 923
520 593
225 629
701 562
888 165
952 76
160 902
922 817
125 192
617 355
68 787
842 642
801 456
515 759
65 440
703 794
439 669
147 320
567 852
629 439
460 596
236 324
926 266
320 31
790 52
246 942
811 740
383 7
871 881
221 489
702 706
704 503
438 652
996 997
257 626
307 388
659 637
910 940
1 911
128 831
206 68
425 502
774 296
312 336
671 983
551 771
110 459
443 617
515 479
8 832
202 151
579 453
63 254
313 261
646 675
167 837
786 70
586 475
918 261
173 238
835 258
840 108
192 545
451 1000
815 540
541 36
998 136
555 188
571 406
356 534
968 485
52 923
118 285
427 641
426 643
807 1
932 79
956 652
558 183
833 620
534 418
331 846
53 536
273 687
791 326
774 390
617 601
37 440
739 317
799 603
83 819
699 754
290 169
181 835
262 708
948 926
874 270
490 380
765 942
892 622
881 191
500 6
379 222
557 602
842 120
915 605
567 261
995 72
153 663
578 820
213 244
331 328
356 982
3 52
307 793
73 404
105 992
554 901
365 116
619 396
779 59
944 905
989 560
651 856
115 701
323 186
311 556
452 247
30 802
677 361
444 548
600 360
184 777
913 732
998 904
706 216
60 868
909 672
149 662
735 439
828 356
723 668
242 319
783 375
130 12
402 204
314 666
759 392
996 210
820 795
574 815
144 956
129 134
711 206
768 609
274 87
382 809
464 501
542 732
38 228
381 90
836 414
730 592
325 835
686 257
852 706
133 633
437 124
1 832
373 693
668 808
149 246
724 391
440 696
727 841
753 604
966 891
580 638
356 972
844 987
694 517
290 711
893 448
856 840
703 898
886 762
488 306
757 242
854 272
767 360
299 729
758 86
815 185
645 266
265 252
773 437
61 974
967 394
391 288
189 160
574 570
422 921
919 151
