p td 3600 6442 
1 1920
1 2596
1 2721
1 3000
2 719
2 1761
2 2132
2 2719
2 2943
3 1079
3 1324
3 2506
3 3059
3 3519
4 1257
4 1668
4 1891
4 2043
5 1414
5 1858
6 162
6 2240
6 2753
6 3408
7 802
7 1100
7 1888
8 493
8 3166
9 647
9 1958
10 54
11 61
11 254
11 763
11 1555
11 2048
11 2226
12 1096
12 1423
12 3074
13 2299
13 2461
13 3012
13 3127
14 454
14 1262
14 2519
14 3267
14 3369
16 105
16 1183
16 2029
16 2527
16 3204
17 523
17 1108
17 1340
17 1685
17 2423
17 2487
18 61
18 397
18 3419
18 3551
19 246
19 367
19 1328
19 3165
20 855
20 2537
20 3145
20 3561
21 97
21 2074
21 2116
22 46
22 2160
22 2229
23 217
23 344
23 1582
23 2976
24 440
24 3257
24 3520
25 88
25 1033
25 1855
25 2304
25 3556
26 499
26 1882
26 3073
26 3373
27 802
29 856
29 1454
29 1843
29 2700
29 3000
30 578
30 782
30 1305
30 2063
30 3039
31 2871
32 2044
32 2324
32 3594
33 1484
34 2215
34 3590
35 192
35 2412
35 2722
35 3139
36 160
36 1137
36 1182
36 2674
36 3365
36 3429
36 3447
37 305
37 555
37 1384
37 1797
38 221
38 395
38 1074
38 2758
38 3103
39 1477
39 2770
40 369
40 1232
40 2616
41 487
41 1267
41 2911
42 597
42 889
43 689
43 956
43 1736
43 2371
44 325
44 1704
44 3527
45 1167
45 1853
45 2099
45 2675
46 1289
46 2111
46 2554
46 2693
46 3560
48 727
48 3194
49 524
50 87
50 1023
50 1100
50 1433
50 1671
51 499
51 553
51 2034
51 2311
51 2458
52 1201
52 2109
52 2950
52 3158
53 3399
53 3434
54 371
54 693
54 1009
54 2623
54 2988
54 3114
54 3125
55 247
55 1354
55 1948
55 2756
55 2873
55 3226
56 889
56 1015
56 1307
56 1832
56 2244
56 3171
57 124
57 1080
57 1895
57 2843
57 3114
57 3125
57 3366
58 303
58 1006
58 2563
58 3378
59 322
59 704
59 2562
59 2884
59 3456
60 540
60 573
60 966
60 1155
60 2105
61 1155
62 156
62 2234
62 2436
62 3068
62 3578
63 859
63 1135
63 1989
63 2086
63 3452
64 115
64 128
64 3268
65 1346
65 1545
66 173
66 443
66 577
66 1191
66 3223
67 166
67 1511
67 1517
67 3482
67 3487
68 989
68 1535
68 1950
68 2059
68 2201
68 2582
68 2761
68 2846
69 1350
69 1706
69 1982
70 76
70 78
70 2153
70 3311
71 430
71 1415
71 3437
72 572
72 2324
72 2552
72 3342
73 1056
73 1200
73 2963
73 3288
74 306
74 471
74 2478
74 3218
74 3400
75 965
75 1546
75 3187
76 861
76 929
76 3305
77 879
77 1299
78 200
78 2588
79 1052
79 1091
79 1135
79 1540
79 2659
79 2702
79 3285
81 791
81 1176
81 1718
81 1980
81 2339
81 2494
82 3342
82 3346
83 362
83 1375
83 2862
83 3406
83 3554
84 587
84 1876
84 3175
85 237
85 1229
85 1353
85 1802
85 2304
85 3464
86 226
86 383
87 1405
87 2139
87 2545
87 3331
88 2245
88 2370
88 2681
88 3279
89 689
89 1595
89 1680
89 1898
89 2505
89 2589
89 3566
90 176
90 1687
90 3292
91 763
91 1258
91 1484
92 1340
92 2075
92 2863
93 362
93 440
93 2543
94 216
94 599
94 2204
95 926
96 1760
96 2061
97 353
97 580
97 922
97 3255
98 1267
98 2867
98 2879
99 102
99 345
99 3030
100 1771
100 1780
100 1916
100 2657
100 3315
101 1177
101 1375
102 440
102 527
102 1228
102 1564
102 1818
102 2884
103 1036
103 2873
104 2008
104 3244
105 367
105 726
105 975
105 1269
105 1867
105 3112
106 1663
106 3188
108 3280
109 269
109 972
109 1059
109 1468
109 1553
109 1760
109 3036
110 1125
110 1409
110 1923
110 3220
111 134
111 944
111 1453
111 3415
112 2597
114 1331
115 1459
115 1483
115 1766
115 2401
115 3483
116 1025
116 1260
116 2993
117 2789
117 3450
117 3589
118 1506
119 295
119 1940
120 917
120 1628
120 3440
121 2751
121 3175
121 3440
121 3504
122 726
122 1325
122 1509
122 1805
122 1883
122 2373
122 3448
123 212
123 2121
123 2730
123 3469
124 752
124 1328
124 1709
124 1787
124 2383
124 2566
124 3593
125 432
125 672
125 2115
125 2558
125 3101
126 1077
126 3579
128 1863
128 1888
128 1988
129 419
129 436
129 1997
129 2369
129 3242
129 3442
130 783
130 989
130 2122
130 2153
130 2928
131 1580
131 1741
132 150
132 1029
132 1337
132 2085
132 2556
132 3035
132 3102
132 3144
133 1798
133 3335
134 176
134 381
134 2932
134 3092
134 3245
135 155
135 446
135 3380
136 268
136 440
136 914
136 1033
136 1583
136 2051
136 2224
136 2659
137 515
137 1061
137 1301
137 3160
138 938
138 2612
138 2894
139 1260
139 1885
139 2541
139 3109
139 3513
140 496
140 3309
141 1390
141 2408
142 3556
143 183
143 257
143 1721
143 2427
144 303
144 1185
144 3555
145 426
145 931
145 2242
145 2260
145 2733
145 2980
145 3337
145 3370
146 236
146 1465
146 3032
147 2111
147 2486
147 2648
147 2727
148 2798
148 3236
148 3579
149 404
149 763
149 1311
149 1470
149 3420
150 291
150 424
150 525
150 727
150 769
150 1726
150 2088
150 2522
150 3298
150 3338
152 352
152 373
152 405
152 435
152 615
152 2924
153 1841
154 425
154 710
154 2220
154 3501
155 755
156 460
156 845
156 1104
156 2816
157 607
157 1250
157 1389
157 1399
157 3022
157 3386
158 265
158 1863
159 1598
159 1927
159 2807
159 3014
160 795
160 2420
160 2584
160 2904
160 3547
161 2201
161 2944
161 3124
162 306
163 303
163 1242
163 1836
163 2420
163 2644
163 2669
164 1404
164 2325
164 2757
165 216
166 1050
166 1321
166 1523
166 2340
166 2890
166 3312
167 405
167 2433
167 2844
168 1243
168 1721
168 1784
168 1975
168 1988
168 2897
169 2194
170 1757
170 2103
171 1277
171 1423
171 1450
171 2617
171 3001
171 3321
173 1470
173 1711
173 2093
173 2849
173 3557
174 222
174 2343
175 629
175 870
175 1284
175 1445
175 2417
176 2268
176 3155
176 3222
177 2006
178 3599
179 873
179 2114
179 2568
180 987
180 3499
181 602
181 847
181 2784
181 3247
182 594
182 2010
182 2716
182 2881
182 3159
182 3318
183 231
183 1208
183 1226
183 1975
183 2591
184 386
184 691
184 1693
184 2147
185 682
185 878
185 1392
185 1997
185 2106
185 2180
185 3442
186 2359
187 1504
187 1917
187 2360
187 2997
188 677
188 786
188 1843
188 2058
188 3031
189 1371
190 502
190 552
190 1498
190 2285
191 1397
191 2787
192 806
192 1021
192 1903
193 3014
193 3106
193 3230
194 601
194 897
195 792
195 2366
196 841
196 1140
196 2611
196 2996
196 3216
197 3308
197 3501
198 2453
198 3056
199 438
199 521
199 1255
199 2391
199 3157
200 677
200 2575
200 2695
200 3485
201 1159
201 2301
203 1794
204 688
204 1579
204 2552
205 1510
205 1970
206 785
206 925
206 1415
207 947
207 1427
207 1491
207 1706
207 3372
208 1746
209 558
209 2970
211 952
211 1216
211 2453
211 3080
212 1038
212 1590
212 3098
212 3282
212 3354
213 1852
213 3284
214 718
214 2212
214 2702
214 2792
214 3111
214 3406
215 367
215 939
215 1000
215 1758
215 1848
215 1966
215 2992
216 1424
216 1656
216 1838
216 2511
216 2807
216 3123
217 816
217 2338
218 419
218 1268
218 1314
220 1065
220 1136
221 1161
221 2020
221 2859
222 1670
222 1744
222 3343
223 2849
224 797
224 3049
225 1578
225 2159
225 2354
225 2542
225 3576
226 1713
226 1908
226 2821
227 2973
227 3044
228 847
228 1173
228 1463
228 1972
228 2663
228 2912
228 3180
229 2485
229 3001
230 1362
230 2686
230 3181
230 3458
231 538
231 545
231 1205
231 1281
231 1372
231 3148
231 3269
231 3580
232 1104
232 1904
232 2469
233 469
233 817
233 1364
233 2219
233 2550
233 3021
233 3103
233 3568
234 2053
234 2334
235 2034
235 2512
237 268
237 798
237 3029
237 3502
238 1302
238 1634
238 2470
239 1113
239 1538
239 1800
239 2261
239 2968
239 3430
240 1250
240 1788
241 601
241 651
241 3041
241 3234
242 1185
242 3243
243 1811
243 2004
243 2230
243 2828
244 1633
245 1047
245 2006
245 2160
246 981
246 1547
246 2028
246 3334
247 2311
247 3266
248 429
248 2252
248 2730
248 3051
248 3100
249 617
249 1323
249 2158
249 2705
249 3363
250 944
250 1755
250 2771
250 3344
251 498
251 2482
252 875
252 1455
252 1896
252 2622
252 3041
253 713
253 1199
253 1876
253 2721
253 3357
254 1052
254 2113
254 2255
255 1516
255 1767
255 2160
255 2656
256 397
256 1696
256 1713
256 2116
256 2347
256 3177
257 1563
257 1647
257 1655
257 2427
258 1047
258 1200
259 575
259 826
259 974
259 2131
259 2333
259 2551
259 2795
260 1806
260 1857
260 1916
260 3034
260 3549
261 423
261 1292
261 2305
261 2608
261 2811
262 1754
262 2682
263 1891
263 2106
263 2556
263 3451
264 425
265 831
265 2173
265 2256
265 2888
265 3012
265 3042
266 451
266 694
266 986
266 2240
266 2552
266 2997
267 2602
267 3073
268 1279
268 1743
268 1773
268 2044
269 862
269 1115
269 1505
269 1711
269 2126
269 2473
270 752
270 2522
271 617
271 1342
274 1221
274 1975
274 2588
274 3365
275 1206
275 1542
275 1609
275 2268
276 819
276 1158
276 1682
277 1812
277 2379
277 2442
277 2782
277 2996
277 3187
278 328
279 1774
279 3029
279 3241
280 1660
280 2654
281 1239
281 2432
281 2887
281 3302
282 1748
283 346
283 826
283 2057
283 2522
283 2634
283 2714
283 3369
284 3323
285 924
285 1241
285 1762
285 2557
286 1341
286 1781
286 3188
287 459
287 936
287 1719
287 1912
287 2589
287 2744
288 339
288 514
288 1538
288 1817
288 2338
288 2375
288 2721
289 444
289 743
289 1651
289 2905
290 1519
290 3017
290 3563
291 1303
292 335
292 1344
292 1633
292 2694
293 675
293 2256
293 2545
294 936
294 1249
295 515
295 1482
297 2144
297 2232
298 1459
298 3411
299 849
299 2170
300 1793
300 2128
301 638
301 979
301 1456
301 1700
301 1864
301 2049
302 1305
302 1646
302 3214
302 3483
303 1142
303 2768
303 3236
304 641
305 814
305 1438
305 2519
306 1030
306 1679
306 2393
306 2739
306 3103
307 768
307 1489
307 2151
307 2548
307 2787
309 381
309 990
309 1034
309 1669
309 2731
309 3231
310 2466
310 3237
311 1402
311 3325
312 338
312 505
312 2821
314 1332
314 2136
314 3163
315 360
315 1273
315 1278
315 2318
316 1092
316 1586
316 2373
316 3248
316 3360
317 1010
317 1642
317 2721
317 2854
318 1983
318 2613
318 3351
318 3570
319 1224
319 1591
319 2994
320 518
320 1202
320 1240
320 2864
321 1179
321 1525
321 1809
322 931
322 2333
322 2973
322 3367
323 406
323 1561
323 2503
323 2585
323 2863
324 342
324 1451
324 1849
324 2173
324 3418
325 591
325 719
325 1454
325 1602
325 2611
325 2972
325 3013
326 494
326 1123
326 2566
327 2635
328 2546
328 2607
328 3533
328 3562
329 350
329 1094
329 1237
329 2455
330 1151
330 2076
330 2827
331 597
331 848
331 1012
331 2221
332 2647
333 722
334 2130
335 385
335 1589
335 1779
336 1296
336 1302
336 1966
336 3180
337 1457
337 1508
337 2076
338 1282
338 2257
338 2402
339 2001
340 1085
340 2647
340 2889
340 3021
341 2287
342 1127
342 2128
342 3322
343 772
343 807
343 989
343 1366
343 1489
343 1517
343 2840
344 1009
344 1593
344 1824
344 2792
344 3113
346 381
346 1175
346 2858
347 3122
348 572
348 2501
348 2602
349 485
349 971
349 1467
349 2286
349 3528
350 1501
350 2793
351 1662
351 2091
352 2426
353 379
353 833
353 1238
353 3077
353 3290
354 1143
354 2307
354 3378
355 1602
355 1698
355 2427
355 2553
356 1733
356 2084
356 2307
357 1839
357 2753
358 1227
358 2026
358 2356
358 3377
358 3424
359 533
359 719
359 1231
359 1450
359 1829
360 1011
360 3253
361 642
362 923
362 982
363 1425
364 2325
365 656
365 1881
365 3000
365 3545
366 687
366 1253
366 1347
366 1666
366 1684
367 725
367 810
367 1161
367 1409
367 1639
367 1912
367 3374
368 2248
368 2688
369 1833
369 3536
370 787
370 1507
370 2303
371 1913
371 1980
371 2903
372 1657
372 1955
372 2325
372 3417
372 3470
374 418
374 530
374 1364
374 2677
374 2734
374 3188
375 555
375 570
375 1268
375 2008
375 3133
376 779
376 2047
376 2222
377 881
377 974
377 3565
378 3199
378 3568
379 804
379 1155
380 1612
380 3447
381 887
382 1050
382 2912
382 3151
383 3398
384 802
384 3469
385 1207
385 1878
386 1374
386 1427
387 1054
387 2656
387 3112
387 3292
388 1968
390 1404
390 3013
390 3314
391 895
391 1473
391 1569
391 1755
391 2355
391 2897
392 1140
392 1397
392 2615
393 664
393 2828
394 687
394 878
394 1159
394 1451
394 1890
394 2209
394 2565
395 743
396 2106
396 2727
397 651
397 1058
397 2627
398 532
398 827
398 3453
399 1849
399 2339
400 822
400 1183
400 1185
400 1261
400 1469
400 2829
400 2856
401 545
401 763
401 901
401 1743
401 1960
401 3200
402 3060
403 752
403 3123
404 541
404 1084
404 3081
404 3103
404 3197
405 742
405 940
405 2233
405 2453
405 2696
406 496
406 1960
407 1143
407 1685
407 3560
408 1859
408 2339
409 2910
410 1740
411 1348
411 2174
411 2385
412 2637
412 3304
412 3560
413 477
413 2612
413 2995
413 3550
414 476
414 1107
414 3197
414 3443
415 910
415 1900
415 3109
415 3325
416 444
416 1193
416 1412
416 1934
416 2207
416 2239
416 3591
417 1652
417 1927
417 2022
417 2801
418 1620
419 2022
419 2192
419 3340
421 795
421 1731
422 603
422 947
422 2333
423 721
423 1385
423 1719
424 912
424 1849
425 427
425 1042
425 1421
425 1547
426 1549
426 2742
427 1197
427 2226
427 2535
427 2846
427 3248
427 3506
428 2236
429 2509
430 494
430 1124
430 2279
430 3335
431 1415
431 1615
432 822
432 1395
432 1671
433 883
433 3277
434 1529
435 1388
435 2839
436 2766
436 3527
437 1767
437 2152
437 2376
437 2801
437 3563
438 1141
438 2766
439 568
440 907
440 2665
440 2686
442 1743
442 1877
443 671
443 2937
443 2938
443 3567
444 2052
444 2306
444 2558
445 1121
445 2293
445 2412
445 2922
445 3350
446 801
446 3151
446 3436
446 3595
447 2723
448 1599
448 2251
448 2456
448 3255
448 3278
449 3551
450 996
450 1593
450 3275
451 2900
451 2951
452 1536
452 2825
453 2495
453 3106
453 3430
454 1115
454 1738
454 1762
454 3119
455 659
455 2975
456 798
456 1457
456 1763
456 3526
457 1462
457 2025
458 2806
459 1834
460 2230
460 2260
460 2362
461 601
461 910
461 959
461 1474
461 2006
462 555
462 2274
463 572
463 1556
463 1860
463 2275
463 2621
464 632
464 811
464 1533
464 2771
465 963
465 1361
465 2073
465 2421
465 2506
466 682
466 3239
466 3507
467 2005
467 2831
468 1365
468 1537
468 1583
468 2273
468 2441
468 3413
469 1052
469 2197
469 2892
469 3199
470 1135
470 2287
470 3578
472 1027
472 2931
472 3158
472 3428
473 2011
474 2481
474 2886
474 3389
475 1043
475 1487
475 1809
475 2022
475 3193
476 1079
477 830
478 610
478 3048
478 3518
479 1530
479 1585
479 2381
479 2465
480 692
480 1684
480 3239
481 974
481 3061
482 1329
482 1639
482 3039
482 3233
483 727
483 3464
484 1227
484 1887
484 1940
484 2260
484 2393
485 1681
486 2186
486 2831
486 3006
486 3013
487 2663
487 2833
488 1031
488 1161
488 3508
489 1425
489 2121
489 2277
489 2548
489 3173
489 3451
490 629
490 646
490 741
490 1544
490 2251
490 2756
491 2792
491 3199
492 1698
492 2224
492 2654
492 3134
493 1097
493 2198
493 3302
494 852
494 1838
494 2593
494 2759
494 3302
495 876
495 1036
495 2611
495 2934
496 2457
497 2429
497 3156
497 3432
498 2593
498 3475
499 839
500 559
500 1612
500 1643
500 1949
500 3182
500 3459
500 3530
500 3587
501 1105
501 1877
501 2274
501 2593
501 3318
502 1562
502 2473
503 575
503 646
503 711
503 1340
503 2440
503 2835
504 3100
505 1596
505 1773
505 1917
505 3363
505 3566
506 2067
506 2790
506 3107
507 996
507 1002
507 1372
507 2658
508 1519
508 1803
508 1841
508 1856
508 3024
508 3461
509 510
509 3156
510 647
510 926
510 1812
510 3091
511 1283
511 2196
513 1803
513 2182
513 2882
514 543
514 3000
514 3373
515 634
515 1143
515 1640
515 1973
515 2964
515 3427
516 1767
516 1912
517 553
517 888
517 918
517 2226
517 2685
518 1065
518 2176
518 2367
518 2494
518 3078
519 1357
519 3476
520 2116
520 2409
520 2420
520 3125
520 3445
522 743
522 2057
523 538
523 653
523 2664
524 1363
525 1650
525 2512
525 3008
526 536
526 1241
527 906
527 2502
527 3414
528 2019
528 2173
528 2781
529 1330
529 3010
529 3359
530 736
530 908
530 1282
530 3360
530 3453
532 1698
532 1831
532 2976
533 558
533 1091
533 2712
533 3598
534 619
534 2024
534 2295
534 2443
535 590
535 1380
536 749
536 948
536 2051
536 2077
536 2885
537 993
537 1035
537 1111
537 1473
537 3035
538 2759
538 2809
539 1076
539 1867
539 2244
539 3200
539 3536
540 2432
541 1708
542 2995
542 3348
543 1416
543 2885
544 2218
544 3420
545 2807
545 3271
546 2906
547 1451
547 1545
547 1930
547 3379
548 1488
548 2032
549 700
549 2207
549 2812
549 2863
549 3161
550 1158
551 979
551 2324
551 2449
551 3588
553 1189
553 1387
553 1934
553 2411
553 3328
554 2602
554 3075
555 845
555 3468
556 3025
557 1810
557 2979
557 2980
558 828
558 1057
558 2067
558 2950
558 3212
558 3598
559 1545
559 1574
559 2042
559 2559
559 3450
560 2449
560 2604
560 3062
561 999
561 1631
561 2637
561 3296
562 3267
563 589
563 1487
563 2100
564 1054
564 1831
564 2015
564 3539
565 1621
566 1267
566 3460
566 3486
567 572
567 1525
567 2729
567 3041
567 3396
568 809
568 2294
568 2743
569 1678
569 2064
569 3123
571 2033
571 2769
571 3189
571 3199
572 1352
572 2949
573 2516
573 2831
574 2808
574 2811
574 2922
575 787
575 3121
575 3226
576 1461
577 606
577 872
577 1104
577 1266
577 1808
577 3063
578 724
578 1493
578 1756
578 2281
578 2477
578 3587
579 1630
579 2253
579 2857
579 3541
580 1773
580 1924
580 1960
580 1994
580 2260
580 3223
581 792
581 1399
581 2657
581 3095
581 3221
582 775
582 1254
582 2816
583 1031
584 724
584 3219
585 624
585 1348
585 1715
585 1918
585 2410
585 3189
586 3070
587 1068
587 1412
587 2222
587 2536
588 1264
588 2853
589 2281
589 3527
590 1247
590 2427
590 3109
591 1210
591 1322
591 1514
591 2545
592 625
592 1340
592 3464
592 3506
593 1077
593 1341
593 1483
593 3433
594 1541
594 1584
594 2857
594 3010
595 2475
595 3052
596 981
596 1393
596 3351
597 1213
598 1856
598 2849
599 2252
599 2635
600 1472
600 2575
600 2839
600 3543
601 1818
601 1877
601 3541
602 1281
602 2495
602 2862
603 835
603 1229
603 1281
604 1609
604 3507
606 713
606 922
606 2408
606 3582
608 1029
608 1800
608 2655
608 2918
608 3454
609 1996
609 2405
609 3360
609 3368
610 1828
610 2351
610 2460
611 1413
612 651
612 1167
612 1348
612 1373
612 1797
612 1950
613 1324
613 1426
613 2624
614 1164
614 1466
614 1579
614 2405
614 3531
615 711
615 1852
615 2470
616 1951
616 1991
616 2394
616 2425
616 3459
617 855
617 1344
617 3118
617 3466
618 818
618 967
618 1969
618 3565
619 2796
619 3547
620 1609
620 2740
620 3352
621 1227
621 2365
621 2572
621 2720
621 3568
622 1693
622 1988
622 2443
622 3595
623 1159
623 1474
623 1519
623 1672
623 1827
623 1888
623 3080
624 829
624 2304
624 2859
625 2238
626 2269
626 2448
626 2648
627 2705
627 3474
627 3509
628 679
629 1126
629 3041
630 1922
630 2122
630 2745
631 752
631 1869
631 1935
631 2306
631 2378
631 3441
632 1354
632 2214
632 2409
632 2915
632 2978
633 1665
633 2460
633 2619
633 3225
634 1035
634 1175
634 1287
634 1379
634 2949
634 3501
635 869
635 1831
636 844
636 1585
637 959
637 1381
637 2599
637 3265
638 766
638 2231
638 2524
639 983
639 1745
639 3129
640 1699
640 2121
640 2210
641 976
642 780
642 1137
642 1630
642 2737
643 919
643 1426
643 1595
643 3093
644 670
644 2146
644 2756
645 1849
645 2489
645 3287
646 955
646 2377
646 3243
646 3491
647 1738
647 3577
648 2937
649 1615
649 2559
649 2961
650 2064
650 3104
650 3314
651 907
651 2496
653 2259
653 2577
654 942
654 2492
655 1786
655 2274
655 2875
657 2019
657 2381
657 2486
658 959
658 2459
658 2946
659 746
659 2307
659 3564
660 1590
660 1912
661 1198
661 1228
661 1641
661 1757
661 2084
662 1250
662 1437
662 1588
662 1827
662 1867
662 2405
662 2918
662 3283
663 1811
663 2042
663 2845
664 1075
664 2006
664 2241
664 2837
665 2868
665 3310
666 1153
667 2060
668 1488
668 1526
668 1734
668 3300
669 1480
669 2560
669 2619
669 2894
669 3491
670 821
670 1276
670 1466
670 1692
672 1042
672 1640
672 2286
672 2621
672 3477
673 1769
674 700
675 765
675 894
675 2577
675 2640
675 3438
676 1239
676 1353
676 2426
677 2221
677 3032
678 1376
678 1514
678 2032
679 1411
679 3348
680 1746
680 2539
682 929
682 3425
682 3510
683 1921
683 1970
683 3398
684 1052
684 1257
684 2538
685 911
685 1655
685 3168
686 2209
686 2231
686 2504
686 3253
687 1666
687 2888
688 775
688 785
688 1959
688 2882
689 1032
689 1351
689 3079
690 1314
690 1713
690 1851
690 2159
691 1165
691 2938
691 3113
691 3255
692 1116
692 2358
692 3193
693 1554
694 2715
695 1247
695 1306
695 1318
695 1693
695 2197
695 2959
697 1533
697 1658
697 2143
698 905
698 1474
698 3219
699 1242
699 1667
699 2826
699 3370
700 1168
700 3080
700 3559
701 1328
701 1938
701 2441
701 2802
701 3207
701 3398
702 1453
702 1461
702 1775
702 2040
702 2479
702 3321
702 3436
703 913
703 1164
703 3009
704 1065
704 1908
704 3022
704 3190
705 788
705 1360
705 1403
705 2146
706 1463
706 3533
707 1240
707 1328
707 1831
707 2473
707 3156
707 3242
707 3505
708 1919
708 3067
708 3125
709 2738
709 2936
710 1786
711 1197
711 1373
711 2793
711 3309
712 1711
713 725
713 850
713 1317
713 2109
713 2678
713 2718
714 946
714 950
714 2227
714 2417
714 2688
715 1393
715 2488
716 1915
716 3281
717 926
717 3320
718 2633
718 3281
719 1083
719 1139
719 1547
719 1601
719 2325
719 3489
721 902
721 1368
721 2631
721 2936
722 3353
722 3528
723 841
723 2364
723 2479
725 1219
725 3565
726 1547
726 1967
727 949
727 1031
727 1596
727 1960
727 2211
728 881
729 1458
729 1740
729 2223
729 2236
730 1765
730 2556
731 2738
731 3131
732 818
732 841
732 2995
733 2607
733 2879
733 3273
733 3369
734 2015
734 3570
735 1084
735 2246
735 2966
735 3488
736 1626
736 2188
736 3014
737 2342
737 2754
737 3435
738 1004
738 1957
738 2377
738 2590
738 2737
738 3151
739 1652
739 2432
740 748
741 1453
741 1501
741 2005
741 2173
743 2342
743 3009
743 3092
743 3413
744 1889
745 1464
745 2902
745 3098
746 935
746 1047
746 1412
746 2176
746 3067
747 1189
747 2378
747 2403
747 3457
748 2498
749 1505
749 3283
750 772
750 3496
751 1116
751 1286
752 2157
752 3283
754 810
754 937
754 2049
755 2755
755 3360
755 3464
756 1669
756 2617
757 2826
758 2961
759 900
759 1886
759 3313
760 2981
761 781
761 1309
761 1336
761 2432
761 3327
762 1217
762 2175
762 2441
762 3067
762 3406
763 1518
763 3285
764 1595
764 1996
765 1730
765 1838
765 2364
766 1734
767 1055
767 1110
767 1186
768 1744
768 2094
768 2200
768 2252
768 2539
768 3067
769 812
769 2557
769 2983
770 1505
770 2709
770 2863
770 3162
771 1101
772 844
772 1308
772 2403
773 1885
774 1011
774 2363
774 3445
775 1264
775 2071
775 2244
775 2868
776 1517
776 1672
777 1306
777 2585
778 1884
778 2121
778 2190
778 2292
778 2485
778 3407
779 3201
779 3222
779 3226
780 789
780 1397
780 2929
781 2282
781 2441
781 2819
781 2911
782 3582
783 980
783 1671
784 1326
784 1500
784 2129
784 3266
785 1440
785 1536
785 1812
785 2113
785 2261
785 3447
786 1805
786 1808
787 912
787 1581
787 3020
788 2857
788 2858
788 2942
789 1021
789 1046
789 2190
789 2242
790 3257
791 1697
791 1890
791 2124
792 1030
792 2699
793 1215
793 2688
793 2923
793 3092
793 3394
794 1112
794 1381
794 1724
794 3153
795 1504
795 1635
795 3187
795 3217
795 3299
796 1619
796 2537
796 2969
796 3345
797 1623
797 2672
797 3126
798 1159
798 1764
798 2824
799 2653
799 3427
800 3207
801 1108
801 1592
801 3194
801 3247
802 2316
802 2411
802 2731
802 3532
803 2105
803 2476
803 2736
804 1311
804 2382
804 2900
805 3251
806 2043
806 3024
807 1960
807 2177
808 2831
809 909
809 1979
809 2718
810 1676
810 2154
810 2875
810 3042
810 3446
811 2625
811 3243
812 1539
812 3352
812 3392
812 3515
813 1599
813 3039
814 1533
814 1854
814 2331
814 3356
815 1826
816 2445
817 2009
817 2281
818 941
818 1976
818 2594
819 1886
819 2829
820 1056
820 1559
820 1668
821 1127
821 1190
821 1577
821 1693
821 1940
821 1947
821 2110
822 1329
822 2515
823 1122
823 2896
824 3285
825 1990
825 2221
826 1548
826 3010
826 3141
827 1587
827 2475
827 3157
828 2393
828 2614
828 3101
829 3371
830 2908
831 1698
831 2084
831 2196
831 2841
832 1249
832 3053
833 905
833 1131
833 1409
833 1901
833 2927
833 3027
833 3405
834 911
834 1761
834 3009
834 3124
835 864
835 1326
835 2487
836 2178
836 2721
836 3074
836 3218
837 1024
837 3463
838 898
838 1609
838 2068
838 2294
838 3429
839 1169
839 1598
839 1857
839 2412
839 3051
839 3307
840 1741
841 933
841 1386
841 2928
841 3047
842 1722
842 3221
843 917
843 2682
843 2836
843 3419
844 1320
844 2433
845 1385
845 3241
846 1490
846 2684
846 2780
847 1190
847 2207
848 2603
848 3239
849 2750
850 1428
851 2620
851 3508
851 3574
852 1073
852 1518
852 1545
852 1570
852 1886
852 3273
854 1816
854 2924
854 3226
855 924
855 3508
856 1023
856 2050
856 2865
856 2900
857 1499
857 1652
857 1774
857 3003
858 988
859 1794
859 2603
860 3531
861 1658
861 3317
862 2295
862 2405
862 3112
863 1104
863 3578
864 2167
864 2299
864 2557
864 2978
865 888
865 1176
865 1441
865 2008
865 2905
865 2977
866 1564
866 3152
866 3245
867 969
867 2912
867 3570
868 1346
869 1722
869 3258
870 2737
870 2863
870 3370
871 1218
872 1248
872 3165
873 3216
874 1093
874 2056
874 2603
874 2925
876 949
876 2098
876 2106
877 1792
877 2390
877 2773
878 1084
878 1177
878 2040
879 2287
879 2404
879 3218
880 1820
880 1872
880 2356
881 1369
881 3043
881 3449
882 1435
882 2396
882 3350
882 3358
883 1643
883 2574
884 1209
884 1516
884 1766
884 2010
884 2081
884 2895
885 2167
886 2407
886 2820
887 2949
887 3577
888 2345
888 3312
888 3525
889 898
889 2093
889 2521
889 3071
890 1425
890 1509
890 1817
890 2124
890 2265
890 2648
891 2490
891 2504
891 3214
891 3600
892 954
892 1124
892 1558
892 2089
892 3546
893 1303
894 929
894 2160
894 2631
895 904
895 1031
895 1801
895 2123
895 2461
895 3062
896 1176
896 2302
896 2931
897 943
897 1164
897 1804
897 2512
897 3138
898 1463
898 1767
898 2422
899 1241
899 3245
900 1875
901 1577
901 3546
903 1155
903 1973
903 2795
905 3590
906 949
906 1006
906 1196
907 1728
907 3354
908 1811
908 2089
908 2114
908 3409
909 2239
910 1270
910 1476
910 3226
911 999
911 2722
912 1658
912 2656
913 1641
913 3598
914 1322
914 1478
914 3471
915 1397
915 2372
915 3165
915 3385
916 2103
916 2355
916 2437
917 3336
918 933
918 1585
918 2036
918 2916
918 3402
919 1257
919 1570
919 3418
920 950
921 2155
921 2623
921 3403
922 3015
923 1463
923 2792
923 3577
924 3292
925 1017
926 3095
927 1104
927 1580
927 1651
927 1720
927 1946
927 3518
927 3566
928 1868
928 2779
929 1602
929 3199
930 1244
930 1570
930 2465
930 2641
931 1232
931 1242
931 1636
931 1840
931 2536
931 3107
932 1996
932 3333
933 1496
934 1294
934 1973
934 3516
935 949
935 988
935 1032
935 3396
936 1692
937 1941
937 3571
938 2834
939 1219
939 1555
939 3070
940 1469
941 2866
942 3504
943 1157
943 1214
943 1624
943 2003
943 2054
943 2687
944 2112
944 2663
945 1225
945 2077
945 2088
945 3019
946 1511
946 2225
947 1716
947 1860
947 2865
948 3494
949 2485
950 1422
950 1822
950 2085
951 1554
951 2222
951 2534
951 3405
952 2062
952 2671
952 2821
953 1133
953 1549
953 2531
953 2650
954 1200
954 1403
955 1427
955 1984
955 2035
955 3050
955 3229
956 1447
956 2859
956 3370
957 1926
957 3314
958 1670
958 2056
958 2190
959 1027
959 2996
960 1541
960 1965
960 3106
961 1237
961 1536
961 1949
961 2647
961 3442
962 1869
962 2994
962 3481
962 3509
963 1370
963 1894
963 1987
964 3584
965 1572
965 2711
965 2869
965 3348
966 1856
966 1942
966 2511
966 2562
966 3138
967 1965
967 2374
967 2661
968 1325
968 2992
969 1142
969 3261
969 3484
970 1255
970 1847
970 3191
970 3289
970 3509
971 1688
971 2792
971 3361
972 1205
972 1960
972 2684
972 2811
973 1118
973 1189
973 1490
973 1757
974 1843
974 2325
974 2709
974 3547
975 1811
975 2902
975 3034
975 3424
976 1626
976 2757
976 2863
976 3576
977 2236
977 3006
977 3197
977 3298
978 1982
978 3159
979 1501
979 1557
980 1561
980 2075
980 2290
980 3403
981 1215
981 1375
981 1392
981 1516
981 1659
981 1890
981 2316
982 1733
983 2516
983 3105
983 3275
984 1724
984 1854
985 1127
985 1893
985 2214
985 2545
986 1062
986 1980
986 2287
987 1574
987 1966
987 2302
987 2460
988 1971
989 2268
989 2463
990 1355
990 1449
991 1165
991 1695
991 1894
991 2412
992 1145
992 2394
992 3121
992 3183
994 1534
994 2529
994 3067
994 3185
994 3541
995 1003
995 2058
995 2278
995 2542
995 2751
996 2409
996 2780
997 1140
997 1361
997 1787
997 2026
997 2675
998 1312
999 1052
999 1166
999 1279
999 1741
999 2066
1000 3358
1001 1411
1001 2533
1001 2727
1002 1250
1002 2545
1002 3473
1003 1168
1003 2061
1003 2798
1003 3020
1004 2426
1004 2702
1004 2792
1005 1414
1005 1782
1005 3074
1005 3211
1005 3368
1006 1280
1006 2962
1007 1110
1007 2221
1008 1991
1008 2008
1008 2333
1008 2953
1009 1907
1009 2214
1009 2388
1009 2494
1009 2710
1009 2763
1010 1803
1010 2529
1011 1425
1011 1462
1011 2151
1011 2835
1012 1270
1012 2932
1013 2112
1013 2216
1013 3334
1014 1686
1014 2504
1014 2966
1015 1093
1015 1162
1015 2362
1016 1724
1016 2479
1016 2926
1017 1105
1017 1489
1017 2298
1017 2723
1017 2968
1018 2647
1018 3008
1018 3383
1019 2507
1019 2825
1020 1278
1020 1373
1020 2192
1021 1684
1021 1940
1021 3526
1023 2504
1025 1066
1025 2101
1025 2714
1026 1101
1027 1455
1027 2283
1027 3036
1028 1475
1028 1956
1029 1190
1029 1194
1029 3463
1031 1528
1031 2626
1032 2295
1032 2417
1033 3232
1033 3315
1034 1598
1034 1715
1034 1982
1035 1517
1035 2129
1035 3476
1035 3593
1036 3273
1037 1155
1037 1391
1037 2354
1037 2437
1037 2599
1038 1302
1038 1918
1041 3147
1041 3312
1042 1139
1042 1480
1042 1750
1042 2171
1042 2885
1042 3199
1043 2666
1043 2908
1043 3128
1043 3391
1044 1642
1045 1300
1045 1761
1045 2936
1045 2938
1046 2775
1047 2662
1048 1455
1049 1460
1049 3064
1050 1315
1050 1809
1050 1867
1050 2447
1050 2510
1050 3259
1050 3295
1051 1401
1051 2294
1051 2437
1052 1419
1052 1660
1052 2808
1052 3360
1053 1275
1053 2952
1053 3079
1054 2256
1055 1150
1056 1247
1056 1879
1056 2658
1057 1185
1057 1522
1057 2859
1058 1638
1058 1719
1058 2638
1058 2735
1058 2906
1059 1920
1059 2582
1060 2205
1060 3299
1061 1675
1061 1968
1061 2581
1061 3395
1062 1311
1062 1373
1062 1892
1062 3121
1062 3496
1063 2960
1064 1881
1064 2784
1065 1313
1066 2105
1066 2779
1066 2885
1067 1926
1067 2941
1068 1639
1068 3079
1068 3297
1068 3574
1069 2665
1069 3017
1069 3279
1070 1234
1070 2873
1071 1356
1071 1529
1071 2535
1072 1943
1072 3132
1073 1332
1073 1919
1074 1707
1074 1910
1074 2668
1074 2883
1074 3485
1075 3225
1076 1310
1076 1692
1076 2713
1076 3200
1076 3317
1077 1389
1077 3289
1078 1340
1078 1477
1079 1760
1079 2091
1079 3140
1079 3442
1080 1455
1080 2530
1080 2750
1081 1716
1082 1394
1082 1414
1082 1978
1083 2873
1083 3441
1085 2347
1085 3193
1086 1640
1086 3146
1087 1658
1087 2224
1088 1183
1088 1982
1088 2364
1088 2982
1089 1670
1089 2121
1089 2529
1089 2572
1090 1100
1090 2186
1091 1292
1091 1486
1091 3559
1092 2741
1094 2412
1094 2885
1094 3451
1095 3307
1096 2048
1096 2074
1096 3181
1097 1162
1097 2194
1097 2413
1097 3469
1098 1204
1098 1277
1098 2265
1098 2320
1098 2913
1098 3328
1100 1869
1100 2781
1100 2823
1101 1873
1101 2703
1101 2795
1102 2344
1102 3184
1103 1478
1103 2663
1103 2678
1104 1608
1104 2162
1105 1790
1105 3225
1106 1563
1107 1746
1107 1914
1107 2143
1107 2388
1108 2277
1108 3379
1108 3496
1109 1292
1109 1367
1109 2115
1109 2286
1109 2325
1110 2230
1110 2607
1111 1850
1111 3078
1113 1170
1113 1433
1113 2984
1113 3070
1114 1986
1114 2072
1115 1208
1115 1967
1115 3032
1116 1216
1116 1572
1116 2793
1116 3313
1117 2053
1117 2125
1117 2364
1117 2439
1117 2894
1117 3065
1118 1790
1118 3014
1118 3429
1119 2234
1119 2399
1119 2849
1120 1361
1120 1448
1120 3140
1120 3194
1120 3393
1120 3466
1121 1861
1121 3357
1122 1448
1122 2964
1122 2971
1123 1671
1123 1722
1123 1849
1124 1706
1124 1900
1124 3097
1124 3563
1126 2449
1127 1200
1127 1372
1127 1629
1127 2040
1127 2803
1128 3184
1129 1335
1129 2249
1130 2776
1131 2909
1132 2345
1132 2835
1133 1999
1133 2407
1133 2678
1133 3540
1134 2205
1135 2251
1135 3096
1135 3161
1135 3428
1136 2214
1136 3413
1139 1528
1139 2160
1140 1250
1140 1305
1140 2929
1140 3486
1141 3294
1142 2345
1142 2629
1142 3586
1143 3209
1143 3230
1143 3537
1144 2158
1144 2872
1144 2996
1145 1523
1145 1675
1145 2579
1146 3115
1147 1242
1147 2198
1147 2590
1147 2964
1147 3080
1148 1655
1148 1939
1148 2286
1148 3184
1149 2957
1149 3594
1150 2485
1151 1196
1152 2843
1153 1326
1153 2990
1154 1339
1154 1702
1154 1907
1154 2507
1154 2718
1156 2070
1157 2026
1157 2029
1157 2097
1157 2315
1158 3256
1160 3305
1161 1911
1161 2035
1161 2373
1161 2654
1161 2958
1161 3245
1161 3291
1162 2958
1163 1474
1164 3429
1165 1558
1165 2052
1166 1206
1166 2005
1166 3417
1167 1924
1168 2226
1169 2998
1169 3360
1170 2320
1172 2194
1172 2948
1173 2988
1174 3089
1174 3201
1174 3534
1175 1583
1175 2507
1175 3029
1176 2156
1176 3375
1177 1232
1177 1410
1177 2087
1177 2630
1177 2954
1178 1294
1178 1764
1178 2362
1179 1780
1179 2945
1179 3442
1180 2250
1180 2669
1180 3248
1181 1782
1182 1713
1182 2300
1183 1833
1183 3061
1184 1316
1184 1688
1184 2255
1184 2704
1185 2345
1185 2403
1186 1836
1187 1560
1187 1802
1187 3147
1188 1599
1188 2358
1188 3246
1189 1200
1189 3106
1190 1666
1190 2090
1190 2468
1190 2495
1190 2542
1190 3534
1191 1949
1191 1955
1191 2005
1191 2421
1191 2959
1191 3053
1192 1267
1193 1918
1193 2091
1193 2407
1193 2660
1194 1237
1194 3072
1195 1729
1195 2298
1196 1460
1196 3430
1198 1891
1198 2326
1199 1298
1199 2650
1199 3246
1200 2523
1201 2141
1201 2181
1203 1832
1203 1842
1203 2004
1204 1306
1204 2407
1205 2925
1205 3016
1206 2878
1206 2978
1206 3491
1207 1675
1207 2858
1208 1604
1208 2184
1208 2731
1208 3461
1210 1438
1210 2078
1210 2345
1210 2431
1210 2626
1210 2629
1210 3508
1211 1559
1211 2821
1211 3304
1211 3358
1212 1691
1212 2717
1213 2023
1213 2585
1214 2778
1216 3538
1217 3109
1219 1269
1219 2616
1220 3442
1221 1518
1221 1894
1222 1274
1222 1291
1222 1482
1222 2949
1222 2994
1222 3356
1223 1609
1224 1309
1224 1613
1225 2056
1225 2281
1225 2316
1225 2640
1225 2648
1225 3289
1226 1361
1227 2523
1227 2766
1227 3230
1228 1354
1228 1431
1229 1578
1229 1624
1229 2228
1229 2409
1229 2889
1230 3566
1231 1646
1231 1783
1231 1994
1231 2844
1231 2926
1232 1883
1232 3593
1233 1694
1233 2146
1233 3593
1234 1927
1234 2541
1234 2755
1234 2849
1235 2046
1235 2252
1236 2979
1236 3051
1237 1922
1237 2291
1238 2983
1238 3280
1239 1443
1239 1848
1239 2322
1239 2842
1239 3433
1240 1583
1240 1618
1240 1809
1240 2486
1241 1783
1242 2612
1243 1809
1243 3376
1244 2510
1244 3342
1245 1785
1245 2025
1245 2357
1245 2652
1245 3279
1246 1663
1246 2151
1246 3369
1247 1856
1247 1937
1248 1952
1248 3420
1248 3578
1249 1458
1249 2397
1250 2178
1250 2542
1250 3433
1251 1626
1251 2006
1251 2878
1252 1977
1252 2711
1253 1793
1253 2682
1253 3333
1254 1608
1254 1902
1254 2112
1254 2504
1255 1694
1255 1817
1255 2043
1255 2278
1255 2511
1256 2841
1256 3257
1257 2781
1257 3124
1258 1439
1258 1839
1258 2267
1258 2463
1258 2717
1258 2802
1258 3120
1258 3488
1259 1816
1259 2275
1259 3243
1260 1669
1260 1719
1260 2230
1260 2836
1260 3452
1261 3220
1261 3502
1262 2409
1263 2066
1263 2268
1263 3580
1264 1557
1264 2549
1265 3259
1266 1643
1266 3401
1267 1518
1267 1724
1267 3598
1268 1652
1268 1705
1268 2847
1269 2104
1270 2651
1271 2606
1271 3010
1271 3198
1273 2478
1273 2622
1274 1736
1274 2284
1274 3480
1275 1434
1275 2134
1276 1952
1276 2822
1277 1962
1277 2045
1277 2282
1277 3426
1278 1528
1278 1677
1279 1563
1279 2005
1279 2573
1279 2903
1280 1664
1280 2960
1281 1332
1281 1742
1282 1297
1282 1987
1282 2140
1282 3550
1283 2207
1283 2380
1283 2394
1283 2926
1283 3186
1285 2059
1285 3336
1286 1423
1286 2196
1287 1840
1287 1916
1287 2586
1288 1508
1288 1905
1288 2404
1288 2940
1288 3444
1289 1651
1289 1759
1289 1852
1289 2518
1289 2891
1289 3012
1289 3397
1290 3482
1291 1785
1291 3378
1292 2000
1292 3292
1293 2862
1294 1937
1295 2183
1295 2203
1295 2732
1297 1558
1297 1957
1297 2296
1297 2770
1297 3482
1298 1729
1298 2190
1298 2927
1298 3051
1299 1412
1299 2546
1299 3581
1300 1903
1300 1912
1300 2053
1300 3079
1300 3159
1300 3361
1301 2304
1301 2419
1302 1493
1302 2244
1302 2592
1302 2816
1304 2943
1305 2406
1305 3375
1306 1799
1306 3404
1307 2756
1307 3192
1307 3310
1308 1338
1308 2899
1309 1494
1309 1676
1310 1484
1310 1507
1310 1868
1310 2433
1310 2728
1310 3099
1311 2910
1312 2953
1312 3040
1312 3063
1313 3487
1314 1753
1314 2212
1314 2652
1314 2730
1314 3310
1315 2673
1317 2112
1317 2921
1317 3220
1318 1882
1319 2258
1319 3422
1320 1430
1320 2496
1321 2060
1321 3298
1322 1429
1322 3120
1322 3136
1322 3183
1324 2600
1324 3388
1324 3458
1325 2241
1325 2488
1325 3161
1327 1911
1327 2063
1327 2315
1327 2481
1327 3199
1327 3452
1329 2321
1329 3225
1331 1378
1331 1868
1331 2757
1331 3270
1332 1348
1332 2525
1333 2198
1333 3088
1334 2756
1335 1452
1335 2146
1335 3532
1336 2062
1336 2514
1337 2177
1337 2221
1337 2808
1337 2891
1338 3574
1340 1888
1340 2549
1341 3329
1342 1942
1342 2386
1343 1397
1343 1707
1343 3197
1344 1772
1345 1408
1345 2917
1346 2070
1347 1422
1347 1768
1347 3153
1347 3541
1347 3589
1348 1421
1348 1454
1348 3084
1349 1451
1349 1502
1349 1599
1349 2233
1351 1642
1351 1869
1352 1482
1353 1881
1353 2450
1353 2510
1354 2691
1355 1445
1355 2165
1355 3039
1356 1679
1357 1368
1357 1450
1357 1952
1357 2139
1357 2752
1357 2797
1357 3036
1358 2766
1361 2115
1361 3175
1361 3250
1362 3108
1363 2268
1364 2329
1364 2507
1365 2944
1365 3499
1366 1924
1368 3354
1369 2475
1370 1930
1370 2033
1370 2447
1370 2923
1371 1421
1371 2961
1371 3071
1372 1466
1372 2148
1372 2242
1372 2352
1372 2820
1374 2177
1375 3082
1376 1433
1376 1694
1376 2117
1376 3143
1377 1396
1377 2420
1378 3500
1379 1457
1379 2765
1380 2057
1380 2524
1381 1965
1381 2070
1381 2112
1382 1726
1382 3310
1384 1526
1384 1625
1385 1473
1385 1547
1385 2221
1386 1525
1386 2962
1387 1930
1387 2301
1387 3593
1388 1896
1388 2577
1388 2729
1389 1784
1389 2956
1390 1937
1390 2536
1390 3153
1391 2176
1391 2260
1392 2249
1392 2842
1393 2049
1393 3031
1394 2765
1394 2952
1394 3196
1395 1485
1395 2632
1396 1732
1396 2095
1396 3024
1396 3292
1396 3583
1397 3263
1397 3521
1400 1697
1400 1839
1400 2084
1400 2340
1400 3042
1401 3509
1403 1979
1405 1765
1405 2808
1406 3337
1406 3411
1406 3492
1407 3456
1409 2095
1410 2429
1412 2988
1412 3167
1413 2143
1413 2232
1414 2008
1414 2739
1416 2004
1417 3382
1417 3488
1417 3598
1418 2271
1419 2191
1419 2669
1419 3476
1419 3504
1420 1607
1420 1664
1420 2218
1421 2844
1421 3415
1422 2232
1422 3084
1422 3193
1423 1767
1423 3103
1425 2848
1426 2404
1426 2710
1427 1492
1427 2282
1427 2326
1427 2563
1427 2648
1428 2022
1428 2047
1429 1833
1429 1884
1429 2012
1429 3298
1430 2651
1430 2741
1430 2928
1430 3598
1431 1766
1432 1649
1432 2876
1433 2249
1434 1458
1434 2381
1434 3088
1435 2463
1435 3077
1435 3313
1435 3376
1436 1926
1436 2477
1436 2970
1436 3341
1436 3521
1437 2347
1437 2421
1437 3548
1438 1533
1438 3460
1439 2523
1439 2673
1439 2727
1441 2208
1442 2037
1443 1945
1443 2079
1443 2726
1443 3036
1443 3394
1444 1631
1444 2135
1444 2350
1444 2374
1444 2392
1444 3057
1445 1920
1445 2021
1445 2370
1445 2628
1446 1659
1446 2229
1446 2266
1447 1457
1447 1634
1447 1688
1447 3111
1448 2059
1448 2292
1448 2728
1448 3048
1448 3393
1450 2539
1451 2255
1452 2180
1452 2263
1452 3240
1453 1899
1453 2266
1453 2412
1453 3277
1454 2092
1454 2437
1456 1506
1456 3577
1457 1910
1457 2180
1457 3583
1458 1603
1458 3498
1459 1629
1459 1639
1459 2118
1459 2752
1459 2957
1459 3000
1460 2774
1461 1579
1461 3339
1462 2904
1462 3095
1463 1688
1463 1873
1465 3395
1465 3554
1466 2407
1466 2836
1466 2917
1467 1561
1467 2367
1467 3439
1468 1626
1468 2565
1469 1504
1469 2910
1470 2454
1470 2565
1470 3089
1471 2058
1471 2117
1471 2906
1471 3539
1472 3011
1472 3210
1473 1787
1473 3467
1474 1527
1474 1647
1474 3444
1475 1576
1475 2591
1476 2225
1477 3045
1477 3190
1478 2101
1478 2878
1478 3400
1479 2367
1479 2679
1479 3076
1479 3260
1479 3518
1480 2105
1481 1517
1481 1745
1481 2349
1482 1494
1482 1916
1482 2716
1483 2594
1484 1552
1484 1737
1484 3212
1485 2259
1485 2781
1486 3561
1487 1900
1487 2249
1487 2936
1487 3376
1488 1608
1488 2693
1489 2082
1490 1641
1490 2281
1492 1748
1492 1886
1492 2630
1492 3029
1493 1907
1493 2176
1493 2946
1493 3440
1494 1960
1494 2176
1494 2471
1495 2931
1496 2020
1497 1777
1497 2752
1497 3045
1497 3420
1498 2345
1498 3264
1498 3404
1499 2103
1500 1813
1500 2828
1500 3158
1501 2544
1501 2553
1501 2977
1502 1830
1503 3200
1503 3247
1503 3546
1505 2050
1505 3420
1506 1855
1506 2649
1507 3038
1507 3501
1507 3504
1508 2910
1509 2940
1511 3336
1512 2701
1512 3401
1513 2271
1513 2366
1513 2794
1514 3121
1514 3445
1515 2634
1515 3058
1516 2927
1516 3167
1517 2633
1517 3143
1518 1600
1520 1707
1522 2111
1522 2628
1522 2759
1522 3297
1523 3397
1525 1685
1525 2018
1525 2976
1526 1984
1527 1786
1528 1759
1528 2228
1528 2774
1528 3523
1529 2542
1529 3089
1530 2325
1530 2717
1531 2849
1531 2957
1532 1777
1532 2098
1533 2193
1534 2087
1534 2144
1534 3148
1535 2166
1535 2322
1535 2442
1535 2967
1535 3062
1536 2397
1537 1960
1537 2212
1538 1610
1538 1816
1538 1920
1538 3215
1540 2376
1540 2511
1540 3428
1541 2563
1541 3078
1542 1928
1542 2146
1542 2596
1542 3061
1542 3079
1543 2068
1543 3184
1544 2421
1544 2494
1545 1970
1545 2813
1545 3174
1546 1870
1546 2024
1546 2083
1546 2799
1547 1836
1548 1598
1548 2863
1548 3370
1549 1753
1549 2698
1550 2048
1550 3405
1551 2978
1552 2152
1552 2374
1553 1686
1553 1698
1553 1822
1553 3128
1554 1662
1555 3374
1557 1754
1557 2822
1557 2991
1557 2994
1558 2495
1559 2331
1559 3417
1560 1650
1560 3104
1561 1626
1561 1637
1562 1871
1563 2774
1563 3252
1563 3353
1564 2909
1564 3236
1565 2928
1566 2957
1566 3411
1567 2597
1568 1602
1568 1679
1568 1793
1568 3448
1569 2776
1570 2328
1570 2794
1571 2842
1571 3114
1572 2043
1572 2096
1572 3088
1574 1742
1574 3389
1575 2212
1575 2459
1576 2850
1578 2912
1579 2723
1580 2728
1580 2890
1580 3546
1580 3563
1582 1617
1582 1766
1583 2252
1584 2224
1584 2620
1585 2465
1585 3097
1585 3450
1586 2492
1586 3195
1586 3341
1587 1822
1587 2424
1587 2844
1588 2314
1589 1926
1589 2285
1590 2233
1591 2412
1592 1633
1592 1802
1592 2556
1592 2825
1594 3115
1594 3353
1594 3542
1595 2701
1595 3078
1596 1630
1596 2403
1596 2655
1597 3125
1598 1608
1598 2312
1599 1731
1599 2135
1599 3253
1599 3591
1600 1877
1600 1919
1601 1982
1602 2068
1602 2386
1602 2687
1602 3427
1604 2816
1604 3369
1605 2782
1605 3117
1606 2728
1606 2979
1607 1826
1607 2191
1607 3451
1608 1762
1608 3304
1609 1962
1609 2464
1609 2681
1610 2245
1610 2735
1610 3325
1611 2749
1611 3289
1611 3469
1612 2281
1613 2411
1613 2877
1614 3420
1616 2781
1616 3374
1617 3271
1618 2403
1618 2590
1619 2765
1620 1802
1620 3036
1620 3278
1621 3129
1621 3541
1622 2105
1623 2941
1624 2171
1624 2427
1625 1853
1625 1890
1625 3331
1626 2996
1627 2142
1627 2425
1627 2890
1629 1752
1629 2245
1629 2746
1629 2911
1630 1660
1630 2094
1630 2366
1630 2614
1631 1884
1631 2519
1631 2914
1631 2930
1632 1944
1632 2975
1633 2378
1634 1759
1634 3529
1634 3551
1635 1800
1635 3081
1637 2570
1637 3138
1638 2871
1639 2280
1639 2584
1640 3241
1641 1705
1641 1990
1641 2056
1641 3481
1641 3581
1642 3272
1643 2023
1644 2190
1645 2692
1646 1972
1646 2736
1646 3037
1648 1887
1648 2721
1648 2833
1648 3514
1649 2117
1649 2960
1650 2047
1650 2152
1650 2188
1651 2113
1653 1800
1653 1834
1653 2725
1653 3115
1653 3204
1654 2450
1654 2588
1654 2817
1654 3306
1655 2537
1655 2817
1657 1675
1657 2035
1658 2246
1658 3521
1660 2265
1660 2663
1660 3290
1660 3414
1660 3548
1661 1844
1661 1984
1662 2412
1663 2173
1663 2227
1663 2617
1663 2727
1663 2728
1663 3312
1663 3520
1664 2135
1664 3342
1664 3583
1665 1961
1665 1975
1665 3387
1666 2485
1668 2677
1668 2962
1669 3050
1669 3385
1669 3497
1670 2958
1671 1833
1671 3267
1672 3234
1674 2857
1675 2007
1675 2027
1675 2402
1675 2886
1676 2421
1676 2615
1676 2826
1677 1942
1678 2323
1678 2820
1681 1952
1682 1885
1682 2719
1683 2402
1683 2767
1683 3428
1684 1920
1684 3016
1684 3370
1685 1759
1685 2350
1685 2629
1685 2686
1685 2786
1685 2817
1685 3092
1685 3294
1686 1898
1686 1986
1686 2548
1688 2226
1688 3134
1689 2221
1690 2541
1690 3439
1691 2983
1692 2073
1693 2086
1694 2468
1694 2480
1694 2521
1695 2683
1695 2802
1696 2031
1697 2593
1697 2613
1699 2931
1699 3121
1700 2002
1700 2571
1701 3346
1703 3152
1703 3231
1703 3298
1704 1845
1704 1983
1704 2645
1705 2101
1705 2754
1705 3541
1707 3345
1708 1942
1708 3121
1708 3165
1708 3205
1710 3499
1711 2874
1712 2441
1713 2437
1713 2828
1713 2876
1714 1902
1714 2794
1715 2555
1715 3178
1716 1771
1716 2543
1716 3264
1717 2005
1717 2073
1718 2468
1719 1980
1719 2020
1719 2738
1720 2521
1720 3419
1720 3537
1721 1971
1721 2301
1721 2621
1721 3289
1722 3037
1722 3408
1722 3580
1725 1746
1726 3475
1726 3598
1727 2655
1728 2555
1728 3413
1730 1921
1730 2839
1730 3085
1730 3557
1731 1749
1731 1891
1732 2019
1732 3002
1734 3378
1736 3014
1737 2048
1737 2728
1738 2046
1738 3457
1740 2193
1740 2831
1740 3158
1740 3430
1741 1988
1741 2160
1741 2861
1741 3123
1741 3193
1741 3518
1742 1806
1742 3529
1743 2206
1744 2201
1744 2794
1745 1775
1745 2082
1745 2472
1745 2589
1745 3343
1746 1784
1746 2824
1746 3323
1748 1907
1748 2252
1748 2977
1750 2303
1752 1831
1752 1934
1752 2013
1752 2760
1752 2787
1753 2581
1754 1801
1754 1900
1754 2037
1754 2450
1754 2781
1754 3009
1755 2220
1755 2607
1755 2671
1755 3158
1756 3237
1758 1784
1758 2052
1758 2658
1758 2820
1759 3417
1760 2201
1760 3039
1761 2930
1762 1799
1762 2383
1763 2495
1764 2177
1764 3550
1764 3579
1765 1939
1765 2619
1765 2751
1765 3437
1766 1798
1766 2157
1766 2567
1766 3194
1766 3265
1766 3310
1767 2263
1767 3565
1770 1960
1771 2513
1771 3258
1772 2713
1772 2822
1773 2602
1773 2706
1774 2312
1774 3003
1774 3259
1775 1950
1775 2146
1775 2192
1777 1945
1778 1828
1778 2732
1778 2735
1778 2878
1778 3281
1778 3431
1779 1967
1779 2180
1779 3000
1779 3257
1780 2875
1781 1928
1781 1967
1781 2997
1781 3386
1782 2597
1782 3385
1783 3355
1784 2412
1784 3214
1785 3287
1786 3143
1786 3551
1787 1874
1787 2274
1787 2877
1787 3419
1790 2066
1790 2686
1792 2190
1792 2447
1793 2773
1793 2785
1793 2787
1793 3521
1795 2201
1796 2354
1796 2931
1796 3172
1797 3079
1798 2404
1798 2590
1798 3077
1799 2359
1799 3014
1800 2334
1800 3299
1801 1893
1801 2518
1801 3399
1802 2781
1802 2982
1802 3316
1803 2580
1803 2897
1804 2012
1805 3031
1807 2012
1807 2948
1807 3170
1808 2326
1808 2620
1808 3558
1809 2401
1809 3589
1812 2696
1813 2053
1815 2110
1815 3237
1816 2818
1816 3235
1817 1990
1817 2421
1817 3371
1818 3144
1819 2334
1820 2006
1820 3034
1820 3524
1821 2289
1821 2809
1821 3213
1824 3349
1824 3426
1825 2357
1825 2812
1826 3341
1827 2717
1827 2818
1828 2670
1828 2713
1829 3006
1831 2001
1831 2521
1832 2190
1833 3494
1834 2260
1835 2229
1836 2063
1837 3389
1838 2801
1838 2826
1838 3176
1838 3506
1839 3189
1840 2973
1841 3203
1842 2946
1843 2411
1843 3279
1844 2777
1844 3415
1847 2907
1847 3397
1848 2345
1848 2844
1849 1985
1849 2386
1850 2921
1851 2285
1852 2209
1852 2239
1852 3156
1852 3594
1853 2587
1853 2672
1853 2674
1854 2115
1855 3552
1857 2374
1857 2857
1858 3503
1859 2869
1859 3104
1859 3583
1861 2403
1861 2820
1861 2822
1861 3110
1862 1976
1862 2647
1862 2929
1864 1967
1864 2137
1864 2328
1864 2971
1866 3378
1867 2456
1868 2336
1869 2620
1870 1891
1870 2538
1870 3118
1871 3103
1872 2146
1872 2865
1873 1937
1873 2604
1874 3206
1876 2456
1878 3465
1879 1890
1879 1909
1879 3250
1880 2984
1880 3120
1881 1981
1881 2617
1881 3089
1881 3482
1883 1913
1883 2161
1883 2170
1883 2577
1884 3429
1884 3590
1885 1946
1885 2396
1885 2420
1887 2043
1888 2307
1888 2356
1890 2967
1891 3262
1892 2617
1893 2262
1893 2364
1894 1907
1894 2835
1895 2050
1895 2708
1895 3002
1895 3529
1896 2245
1900 1986
1900 2054
1901 2604
1901 3491
1902 1972
1902 2080
1902 2725
1902 3269
1903 3517
1904 2447
1904 2629
1904 2944
1904 2974
1905 2340
1906 2427
1907 2093
1908 2958
1909 3165
1909 3275
1911 3383
1913 2363
1914 3055
1914 3181
1915 2485
1916 2548
1918 2354
1919 2047
1920 3306
1921 2217
1922 3485
1923 2406
1923 2864
1924 3136
1924 3579
1925 3207
1925 3291
1926 2376
1926 3178
1926 3315
1927 2062
1927 3061
1927 3148
1929 3261
1930 1973
1930 2291
1930 2447
1930 3383
1931 2713
1931 2832
1931 2942
1931 3527
1932 2022
1932 2240
1933 2669
1934 2040
1934 2416
1934 2429
1935 2040
1935 2045
1935 2308
1935 3549
1935 3582
1936 2123
1937 3195
1938 3068
1940 2081
1940 2774
1940 3525
1941 2018
1941 2987
1942 3444
1943 2279
1944 2777
1945 2860
1945 3546
1946 2422
1947 2111
1947 2416
1948 2067
1948 2193
1948 2628
1949 2598
1949 2804
1949 2895
1950 3186
1951 3425
1952 3301
1954 2557
1954 2692
1955 3388
1956 2847
1956 3073
1956 3074
1958 2058
1958 3074
1960 2636
1960 3175
1960 3374
1961 2381
1962 2146
1962 2396
1962 3047
1962 3541
1963 2056
1963 3323
1965 2143
1966 3201
1967 2293
1967 2403
1967 2474
1967 3227
1968 2608
1969 2029
1969 2045
1969 2235
1969 2698
1969 3492
1970 2685
1970 2738
1970 3211
1972 3039
1972 3065
1972 3203
1972 3347
1973 2118
1973 3414
1974 3037
1975 3123
1975 3504
1976 2862
1976 3586
1977 2854
1978 2726
1978 3393
1978 3422
1979 2088
1979 2484
1980 2006
1981 2734
1981 2982
1981 3309
1982 2717
1983 2835
1983 3068
1983 3303
1984 2883
1984 3410
1985 2048
1985 2290
1985 2969
1986 2188
1986 3575
1987 2943
1988 2375
1989 2004
1989 2776
1990 2112
1990 2587
1990 3335
1990 3564
1992 2659
1994 2259
1994 2985
1995 2258
1995 2821
1996 2487
1996 2552
1997 2003
1998 2159
1998 2690
1998 3353
1999 3566
2000 3100
2001 2806
2002 2128
2002 3415
2003 2926
2004 2684
2004 2749
2007 2037
2008 2414
2008 2440
2008 3419
2009 2153
2009 2331
2011 2889
2011 3374
2012 2476
2013 2554
2014 2206
2016 3166
2017 2225
2017 3000
2018 2084
2018 2328
2019 3117
2020 2831
2021 2532
2021 3182
2023 2200
2023 2753
2024 2496
2025 2261
2026 2380
2027 2453
2027 2605
2027 2713
2027 2815
2028 2293
2029 2165
2029 2441
2029 2569
2029 2712
2029 3224
2031 2927
2032 2071
2032 3073
2033 3404
2034 3236
2034 3498
2035 2163
2035 2436
2035 3018
2035 3188
2036 2201
2036 3062
2036 3513
2037 2286
2037 2452
2037 2571
2037 2768
2038 3070
2038 3435
2039 2800
2040 2615
2041 2749
2041 3171
2041 3324
2041 3546
2046 3072
2047 2516
2048 2377
2050 2684
2050 2916
2050 3400
2050 3511
2050 3568
2051 2891
2052 2180
2052 2463
2053 3170
2053 3431
2054 2463
2055 2166
2056 3382
2056 3424
2058 2545
2058 3544
2059 3281
2060 2117
2060 3234
2061 3208
2062 2532
2064 2301
2064 2670
2064 3289
2065 3361
2065 3591
2066 2728
2068 2319
2070 2342
2070 3095
2070 3541
2071 2317
2071 3517
2072 2511
2072 2992
2072 3399
2074 2748
2075 3337
2075 3485
2075 3515
2076 2101
2078 2684
2079 2336
2079 2937
2079 2944
2079 3590
2080 2103
2080 2531
2080 2735
2080 3062
2080 3573
2081 2340
2081 2438
2081 3264
2082 2570
2082 2927
2082 3224
2083 2669
2083 3128
2084 2908
2085 2768
2085 2844
2086 2165
2088 3152
2088 3293
2089 2162
2089 2292
2090 3049
2091 2254
2093 2653
2094 2312
2094 2466
2095 3185
2095 3457
2096 2436
2096 2628
2097 2249
2097 2505
2097 2518
2097 2722
2098 2369
2098 2805
2099 2538
2099 3139
2099 3275
2100 3010
2103 2409
2103 3541
2104 2845
2105 2848
2106 2716
2106 3328
2107 2826
2107 3027
2108 2486
2109 2157
2112 2779
2113 2394
2114 3153
2115 2736
2116 2447
2116 2712
2117 3432
2119 2881
2120 2746
2122 3549
2123 3034
2123 3169
2123 3170
2123 3599
2125 2298
2125 2750
2125 2986
2126 2213
2126 2233
2126 2748
2126 2981
2127 2172
2128 2837
2129 2634
2130 2789
2130 3161
2131 2204
2131 2269
2132 2436
2132 3292
2133 2798
2135 2722
2135 2914
2135 3465
2136 3418
2138 2284
2138 3579
2139 2622
2139 2743
2139 2845
2140 2536
2142 2513
2142 3062
2142 3399
2142 3421
2143 2415
2143 2531
2143 3168
2144 2563
2144 3154
2148 2500
2150 2226
2150 2610
2150 3453
2151 2938
2151 2984
2151 3266
2152 3407
2152 3461
2153 3037
2155 2523
2155 2789
2156 2316
2156 2384
2156 2547
2157 2869
2158 2170
2158 2708
2158 3487
2159 3191
2160 2600
2160 2664
2160 2998
2160 3251
2161 2396
2161 3242
2163 2933
2163 3138
2164 2710
2165 2248
2165 2536
2166 3155
2167 3112
2167 3418
2169 2296
2170 3294
2170 3380
2170 3526
2171 2261
2171 2380
2171 3391
2171 3558
2172 2816
2172 3005
2173 2441
2173 2790
2173 3007
2173 3431
2174 2918
2175 2233
2175 2686
2175 2799
2175 3216
2175 3325
2176 3419
2177 3018
2177 3047
2177 3281
2177 3322
2178 2358
2178 3006
2178 3164
2178 3402
2179 3422
2180 2961
2181 2191
2183 2603
2183 2727
2183 3330
2183 3514
2185 2558
2187 3488
2189 3523
2190 2493
2191 2588
2191 2746
2192 3274
2192 3555
2193 2238
2193 2503
2193 2554
2193 2668
2194 2739
2194 3426
2195 3233
2198 2875
2198 3561
2199 3439
2200 3076
2201 3130
2201 3480
2204 2950
2205 2479
2206 2765
2210 2847
2210 3140
2211 2725
2213 2225
2215 2515
2215 2536
2215 3444
2216 2248
2219 2704
2220 2279
2220 2811
2221 2466
2222 2574
2222 2832
2223 2254
2223 2562
2224 2464
2224 2613
2228 2744
2229 3400
2231 2399
2231 2919
2232 3416
2233 2838
2234 3466
2235 2265
2236 2981
2237 2447
2237 2599
2237 2624
2237 3012
2237 3398
2238 2656
2239 2636
2239 3421
2240 2683
2241 2728
2241 2968
2243 2257
2243 2345
2243 3174
2244 3371
2244 3551
2246 3599
2247 2539
2247 2830
2247 3098
2248 2471
2248 2503
2248 3342
2248 3508
2249 2537
2252 3521
2253 2263
2253 3514
2255 2658
2257 2804
2257 3131
2258 3330
2258 3460
2259 2331
2260 3197
2261 3335
2264 2864
2265 2550
2266 2917
2266 3030
2266 3292
2267 2760
2267 3338
2267 3489
2267 3565
2268 2585
2269 3178
2270 3459
2272 2631
2272 2751
2272 2990
2272 3008
2272 3466
2273 3157
2273 3231
2278 3175
2279 3288
2279 3291
2280 2500
2280 2698
2280 3514
2281 2378
2281 3296
2282 2401
2283 2699
2283 2797
2283 3443
2285 2815
2285 3444
2287 2855
2288 2470
2288 2491
2288 3399
2289 2792
2290 3576
2291 2502
2292 2508
2292 2976
2292 3152
2292 3177
2294 2778
2294 3599
2296 2639
2296 3545
2297 2544
2297 2820
2297 3452
2297 3551
2298 2683
2298 3331
2299 2555
2299 2615
2301 3186
2301 3367
2302 2406
2302 3016
2302 3121
2303 2700
2304 3134
2305 2628
2305 3480
2306 3109
2307 3388
2308 3373
2309 3180
2309 3392
2310 2734
2310 3329
2311 2830
2313 2337
2313 2522
2313 2803
2313 3191
2313 3320
2313 3454
2313 3547
2315 3425
2316 3009
2317 3226
2319 2538
2319 2585
2321 2578
2322 3035
2323 3088
2324 2397
2324 2850
2325 2837
2326 2474
2326 2702
2326 2810
2327 2371
2327 2735
2328 2374
2328 2808
2329 2377
2329 2555
2331 3191
2331 3198
2331 3520
2332 2924
2332 3017
2334 2932
2335 2412
2336 2712
2336 3233
2337 2429
2337 3427
2337 3547
2338 2497
2339 2580
2339 3493
2340 3566
2342 2931
2342 3420
2343 3451
2346 3366
2346 3515
2346 3583
2347 2510
2347 3117
2348 2751
2348 3239
2349 3159
2350 2481
2350 3260
2351 2831
2352 2761
2352 2846
2354 3359
2355 2935
2356 2683
2356 3335
2357 2401
2360 2671
2361 2527
2361 3137
2361 3405
2362 2558
2362 3259
2363 2791
2364 3079
2366 3061
2366 3206
2368 2486
2368 2538
2371 2897
2371 3161
2372 2840
2372 3240
2372 3398
2373 2555
2373 2974
2373 3218
2375 3108
2377 2479
2377 2747
2377 3329
2377 3370
2378 2768
2378 3516
2379 2513
2381 3069
2381 3299
2381 3521
2382 3151
2383 3220
2387 3311
2388 2448
2388 2847
2388 3224
2389 3167
2390 3444
2390 3545
2391 2871
2392 3245
2393 2790
2393 2921
2396 2846
2399 2693
2399 3066
2399 3264
2400 2613
2400 2672
2400 3557
2402 2540
2402 3486
2403 3266
2406 3505
2408 3082
2410 3119
2412 2702
2417 3513
2418 2796
2418 2849
2419 2731
2420 3381
2421 3188
2423 2794
2423 3022
2424 3238
2424 3446
2426 2893
2426 3287
2427 2545
2427 3299
2427 3440
2428 2896
2429 2726
2431 2548
2431 3393
2431 3472
2433 2937
2436 3577
2437 2617
2439 3030
2443 3122
2444 2864
2445 3331
2446 2519
2446 2940
2446 2942
2447 3528
2450 3292
2451 2842
2452 3376
2453 2897
2454 2944
2454 3274
2454 3277
2455 3384
2456 3559
2457 2610
2458 3491
2460 3088
2460 3378
2461 3299
2463 2486
2466 2726
2466 3524
2468 3099
2469 2749
2469 3073
2470 3419
2470 3473
2471 2535
2471 2801
2471 3257
2471 3595
2472 2711
2473 2492
2474 3154
2475 2744
2475 2796
2476 2838
2479 2935
2480 2611
2480 3308
2481 2846
2482 2978
2482 3022
2487 2999
2488 2762
2488 3048
2488 3303
2488 3458
2488 3514
2492 2671
2492 3183
2495 3115
2497 2568
2499 2687
2499 2845
2499 2893
2499 3427
2501 3509
2502 2907
2502 3460
2504 2796
2505 2546
2505 3091
2505 3198
2508 2560
2508 2797
2508 2878
2510 3373
2512 2853
2514 2930
2514 3497
2515 2889
2515 2993
2516 2602
2516 2992
2517 2775
2517 3044
2517 3256
2517 3511
2518 2695
2518 2817
2518 2869
2519 2811
2521 2831
2521 3290
2522 2761
2524 2582
2524 3195
2526 3268
2526 3409
2527 3329
2529 2551
2529 3295
2529 3347
2530 3051
2531 2570
2531 2593
2531 2689
2531 2753
2531 3067
2531 3158
2531 3316
2532 2874
2532 3091
2533 2901
2536 3459
2538 2973
2539 3439
2540 3437
2541 2937
2541 2991
2541 3146
2541 3153
2542 3091
2544 3564
2544 3581
2545 2619
2545 2779
2546 3308
2547 2689
2549 2974
2550 2612
2551 3284
2552 3018
2553 3069
2554 2855
2556 3106
2558 2835
2558 3039
2558 3352
2559 2651
2560 2893
2563 3070
2563 3102
2565 2708
2567 2720
2568 3496
2569 3188
2570 2920
2571 2724
2571 3503
2576 2712
2576 3103
2577 2868
2578 3057
2579 3571
2582 2894
2582 3012
2583 2685
2583 3361
2583 3507
2585 3500
2587 2905
2588 3116
2588 3448
2590 2889
2590 2893
2591 2799
2591 3130
2591 3330
2593 2772
2593 3118
2594 3069
2594 3211
2598 2660
2598 3414
2599 2677
2600 2992
2600 3592
2602 2721
2602 3226
2602 3529
2603 2667
2603 3207
2606 2809
2607 2928
2607 3253
2607 3520
2607 3579
2608 3348
2609 2682
2610 2806
2611 3436
2612 3359
2612 3558
2613 3317
2616 3418
2616 3519
2619 3331
2619 3425
2620 3122
2622 2877
2623 3164
2625 3224
2627 3120
2630 3439
2631 2722
2631 3109
2633 2675
2634 3524
2638 2984
2638 3450
2639 2655
2640 3018
2641 3037
2644 3598
2646 3223
2647 3121
2648 3252
2649 3292
2649 3497
2658 2707
2658 2736
2659 2981
2659 2991
2660 2860
2660 3259
2660 3273
2663 3141
2664 2705
2664 2913
2664 3058
2666 3221
2667 3383
2668 2724
2669 2739
2671 3285
2671 3389
2675 2747
2676 3109
2676 3178
2677 2819
2681 3386
2681 3494
2683 3277
2686 2917
2687 2886
2688 3254
2689 2988
2689 3124
2689 3222
2691 3483
2691 3553
2691 3561
2692 2867
2692 2906
2693 3163
2694 2817
2695 2784
2696 3219
2698 3150
2699 2779
2700 3052
2701 2853
2703 2872
2705 2883
2705 3588
2706 2876
2706 3489
2707 3294
2709 3577
2710 3198
2711 3062
2713 3349
2713 3400
2714 3216
2715 2881
2715 3248
2716 3318
2718 2743
2720 2736
2722 3378
2725 3062
2725 3517
2728 3577
2729 3318
2729 3331
2730 2895
2731 2812
2732 3417
2732 3530
2734 3229
2735 2785
2735 2908
2735 3029
2736 2993
2737 2804
2740 3468
2742 3073
2742 3201
2744 2827
2744 3517
2745 2771
2745 2910
2745 3428
2746 2909
2747 2801
2747 3104
2747 3128
2747 3363
2747 3402
2748 2912
2750 3362
2751 3530
2754 2866
2754 3068
2754 3162
2756 3485
2758 3239
2758 3278
2762 3579
2763 2914
2764 3189
2764 3318
2765 3117
2765 3436
2767 2876
2767 3036
2767 3228
2768 3248
2769 3278
2770 2972
2774 2864
2777 3532
2779 2977
2779 3037
2780 3021
2781 2887
2782 2809
2782 2854
2782 3324
2784 2877
2785 3041
2787 3364
2788 3478
2789 2817
2789 3042
2789 3600
2790 2997
2794 3450
2795 3270
2797 2812
2797 3087
2799 3133
2803 2852
2803 3144
2804 3132
2804 3268
2805 3311
2805 3476
2807 3361
2808 3584
2809 3011
2812 3461
2813 3211
2815 3109
2815 3372
2816 3144
2817 3233
2817 3271
2817 3308
2817 3340
2817 3448
2823 3405
2827 2857
2827 3408
2827 3424
2828 3122
2829 3037
2831 3092
2831 3179
2832 2884
2833 2849
2833 2915
2833 2983
2833 3042
2835 3582
2836 2864
2836 3260
2839 3196
2839 3278
2841 3210
2842 3159
2842 3551
2844 3457
2845 2915
2849 3047
2851 3019
2852 2952
2852 3033
2853 3386
2854 3554
2857 3389
2862 2907
2862 3062
2866 3070
2866 3322
2868 2919
2870 3181
2872 3571
2875 3206
2875 3413
2877 3375
2878 3471
2879 3444
2880 3441
2881 3149
2883 3126
2883 3499
2886 3276
2887 3538
2889 3065
2890 2979
2892 3422
2893 3174
2893 3192
2894 3344
2894 3486
2895 3240
2895 3373
2897 3246
2898 3088
2898 3218
2900 3535
2901 3118
2901 3123
2901 3495
2904 3211
2905 3458
2907 3045
2907 3192
2912 3530
2913 3232
2915 3479
2917 3211
2920 2988
2921 3045
2921 3203
2924 2930
2924 3588
2925 3138
2930 3553
2931 3181
2931 3299
2934 3278
2934 3566
2940 3593
2941 3093
2945 3254
2948 3230
2950 3406
2953 3143
2955 3296
2955 3344
2957 3587
2959 3245
2960 3514
2962 3160
2963 3110
2963 3248
2963 3532
2968 3008
2969 3110
2969 3135
2969 3308
2970 3145
2971 3209
2971 3219
2974 3072
2974 3293
2974 3380
2976 3097
2976 3380
2976 3439
2977 3002
2977 3100
2980 3105
2980 3273
2980 3493
2982 3006
2983 3441
2983 3578
2986 3368
2987 3060
2988 3232
2994 3323
2995 3181
2995 3289
2995 3422
2999 3369
3000 3547
3001 3466
3002 3564
3007 3040
3010 3091
3010 3532
3014 3576
3016 3454
3018 3474
3020 3379
3026 3169
3031 3349
3032 3158
3033 3164
3033 3301
3035 3055
3035 3310
3037 3187
3037 3208
3037 3497
3038 3377
3040 3520
3046 3362
3046 3419
3048 3180
3049 3491
3051 3309
3054 3260
3054 3358
3056 3154
3057 3094
3058 3589
3069 3247
3069 3480
3070 3206
3071 3194
3073 3325
3074 3457
3078 3289
3079 3088
3080 3249
3081 3334
3082 3494
3083 3555
3083 3568
3087 3155
3091 3540
3092 3196
3093 3364
3093 3474
3095 3403
3095 3449
3096 3476
3098 3169
3098 3307
3098 3325
3101 3205
3103 3346
3104 3305
3104 3524
3104 3595
3107 3186
3108 3298
3112 3302
3112 3582
3114 3150
3114 3363
3118 3506
3120 3140
3121 3131
3121 3227
3121 3389
3125 3540
3129 3495
3131 3487
3132 3413
3134 3314
3136 3189
3141 3229
3142 3250
3143 3187
3145 3436
3146 3355
3149 3593
3155 3467
3157 3565
3159 3444
3162 3537
3164 3387
3170 3438
3171 3338
3171 3440
3171 3578
3177 3533
3179 3340
3181 3343
3186 3575
3188 3427
3193 3277
3200 3308
3201 3310
3213 3306
3215 3525
3219 3293
3219 3366
3219 3374
3229 3416
3241 3259
3244 3494
3244 3520
3251 3279
3256 3425
3262 3573
3265 3414
3273 3563
3277 3347
3277 3467
3288 3558
3293 3336
3294 3411
3294 3532
3297 3515
3298 3444
3298 3469
3300 3415
3310 3503
3315 3468
3315 3513
3318 3468
3320 3502
3328 3338
3342 3348
3342 3449
3344 3596
3352 3402
3354 3509
3364 3581
3366 3430
3366 3600
3367 3397
3373 3445
3377 3557
3380 3383
3381 3563
3384 3517
3395 3540
3400 3577
3405 3548
3417 3552
3420 3451
3421 3573
3424 3587
3427 3599
3432 3488
3440 3500
3442 3559
3444 3596
3458 3505
3466 3497
3469 3488
3469 3544
3475 3580
3485 3535
3494 3548
3502 3505
3502 3560
3532 3561
3537 3542
3551 3564
3553 3573
