p td 1500 6000 
213 586
254 854
628 1296
1247 1452
967 941
79 668
113 734
525 865
1264 35
376 401
266 554
1063 899
531 1329
1466 501
961 311
941 1284
359 46
508 584
1207 385
127 401
820 418
801 842
577 130
1225 1257
1215 62
1098 312
20 226
740 30
881 1326
977 596
155 859
841 627
810 1013
245 203
906 1281
741 289
1453 97
291 1258
877 93
1400 769
1413 1333
61 63
523 1354
589 592
568 685
473 1367
482 687
1484 1230
832 186
192 712
327 927
1278 57
880 78
1386 331
603 777
1465 254
425 1256
1328 1386
873 1364
487 530
1190 489
805 702
1446 357
659 87
195 1448
111 917
1415 400
443 934
742 818
1196 579
1296 640
993 700
1199 471
229 339
96 866
132 1128
161 843
1432 303
679 471
1174 1167
1190 316
820 1031
1130 1002
1291 1145
406 589
746 363
909 554
1269 1358
99 330
1326 1322
292 1267
511 1499
224 130
200 788
716 625
1093 463
489 1071
562 225
273 1007
1193 63
1279 520
1106 451
509 100
765 1304
985 1239
74 311
1483 1297
1463 224
253 330
183 27
915 1498
36 566
423 546
1078 1135
75 425
1409 1475
1111 805
292 1421
65 1449
963 1371
784 458
1173 840
841 1149
1181 1205
308 16
270 1170
119 1083
644 440
908 538
1272 541
1254 169
244 536
570 854
384 1230
941 570
462 1430
522 785
751 916
253 822
651 403
763 838
843 874
1323 928
648 824
1055 1285
1310 1196
398 593
651 550
1432 848
1479 742
1026 1151
1258 1034
426 419
659 1464
656 1250
647 913
523 83
168 907
240 654
698 289
372 57
291 1416
769 626
1346 1100
228 518
1067 1476
1075 349
749 285
681 1402
868 1213
120 626
1091 1167
899 170
53 1418
1174 1442
1143 483
1053 480
521 785
556 953
353 1327
160 527
1069 1357
1099 460
472 474
106 907
308 265
1416 1455
707 730
500 1210
998 1180
704 742
1117 1463
1063 1409
6 767
1485 1184
100 942
1346 436
755 770
815 920
975 1187
41 704
1257 739
1385 1227
1255 116
646 867
937 1331
474 802
1101 1353
739 1453
697 120
197 200
1183 374
1040 333
223 198
1389 348
808 1305
166 1051
1091 1459
1233 772
673 1007
1291 799
451 796
1062 341
1447 1414
563 474
225 280
1059 175
1393 619
1287 380
1257 578
449 777
193 372
1155 319
923 263
855 915
857 735
1184 1277
445 1467
457 234
629 236
778 1090
126 617
1356 1081
261 78
408 195
981 68
683 1287
30 1118
1414 933
1373 551
917 611
664 108
587 1476
210 118
1236 371
1287 295
842 1232
1057 32
324 163
1497 191
422 901
21 1252
528 245
1116 1206
215 84
1030 1109
1226 297
1351 663
600 696
402 628
119 1171
851 617
8 1272
517 766
1414 848
1356 172
451 1477
1341 1043
86 1430
111 1253
198 152
1305 143
727 1262
1013 925
1372 1486
665 637
70 381
743 1146
114 658
261 1305
763 177
579 1487
109 348
293 502
372 1362
893 1040
1151 777
1372 1081
227 44
771 793
333 251
324 981
1431 936
448 79
1155 1379
310 342
94 56
928 1043
239 296
917 241
1099 683
1391 881
1215 853
830 972
576 1167
175 112
211 1414
418 345
1124 894
872 923
745 1462
1400 833
822 133
527 428
1479 327
1433 676
953 45
1041 301
1200 708
317 498
1085 1026
1215 136
36 141
423 411
217 1434
1280 486
880 694
449 263
1480 418
169 23
457 443
452 1295
1064 1371
473 1465
1441 601
711 554
508 1015
546 562
136 869
991 47
461 805
1100 269
155 1382
835 915
1499 61
1185 1348
480 813
465 70
711 296
669 1110
1451 350
1144 1214
872 656
235 533
190 568
672 780
819 23
653 723
722 1340
1305 2
435 635
357 504
1353 1182
755 1206
421 960
1081 54
255 1397
1341 153
892 617
586 529
659 1057
532 383
917 599
1298 1041
491 11
1171 1136
1154 265
850 635
942 317
1312 787
1447 473
320 73
1090 845
976 1266
239 606
1028 1363
354 226
930 72
456 428
1005 81
1075 674
168 789
1275 126
1317 308
558 342
1341 1410
1240 365
1031 922
889 1303
419 628
102 1237
1449 1224
1318 479
168 180
750 409
770 597
535 987
845 230
684 798
732 1205
994 75
351 546
1138 586
140 309
33 1224
1054 589
1024 312
450 1174
871 69
1168 1400
483 1153
703 127
898 254
460 116
1116 1471
711 267
1232 682
990 144
1363 291
657 878
129 1374
507 952
1200 118
452 738
769 681
700 1315
690 1180
1123 354
271 244
1081 1286
1345 601
349 1278
1178 526
1303 1120
1492 260
242 277
1051 959
747 1326
1416 1130
279 1460
1340 680
580 1190
1318 1285
1050 922
160 814
729 1445
1007 1158
723 810
1013 213
301 962
1467 1414
1188 1205
184 1007
226 114
741 455
543 342
1212 637
1127 1118
925 1264
789 1393
1369 1405
739 263
1257 517
98 409
1310 707
945 339
766 264
210 1256
1423 1179
1070 1089
1050 237
1049 659
167 1398
512 415
724 1006
368 690
666 1141
20 827
1420 1120
1440 465
966 952
675 1369
451 269
1337 1191
864 621
831 1258
1498 804
554 1009
877 554
771 198
786 702
1279 1220
598 1450
476 638
1255 895
354 690
910 1151
684 1023
985 512
360 1183
741 435
1487 142
540 394
381 606
1459 775
1274 1209
192 1366
586 832
7 722
726 1382
20 885
717 72
370 302
642 400
1208 738
767 854
1454 372
1136 95
635 952
1128 1288
1388 1236
142 79
1494 426
336 25
776 670
73 1270
929 186
503 628
1057 1218
1155 833
670 1056
965 420
935 1149
1345 485
976 459
429 877
1397 1481
971 629
1244 379
807 25
1046 295
1293 688
730 197
1309 386
270 1353
1164 1036
1482 761
247 381
1090 708
1156 969
384 861
263 767
433 831
740 471
293 97
1194 1294
802 193
1153 833
1483 932
815 584
193 234
1085 1033
779 471
34 1127
276 750
592 1270
699 90
1280 1267
827 1457
925 624
1499 221
1247 51
910 839
702 1057
36 1313
810 1266
1404 1129
713 88
941 805
1065 908
910 1398
1384 63
368 220
136 1171
1337 306
761 839
1379 391
182 156
39 1115
1347 402
707 837
40 1101
299 1439
445 1198
1244 767
557 435
176 868
601 339
1490 753
412 1086
561 1113
571 1137
1496 336
462 292
756 164
1352 1000
743 785
1275 1156
251 1338
1333 163
986 1007
1342 601
1044 874
1422 1455
300 886
398 1220
891 34
918 756
927 497
349 1121
163 76
1033 1409
45 957
1336 220
1179 151
523 213
1299 1488
743 831
4 1264
497 379
45 477
1282 819
1069 339
451 175
231 599
1107 86
401 1257
1261 347
1450 574
1294 466
1427 951
257 917
138 301
1393 1318
878 1287
75 1432
444 735
575 811
254 611
1408 289
585 1396
519 807
1146 285
327 208
194 979
927 245
1393 922
490 1109
1038 738
1388 571
332 195
893 831
1266 685
851 1311
1231 492
882 1372
1020 812
1026 1144
433 216
105 242
1432 670
1221 1059
244 646
1491 1112
466 167
1231 837
1323 279
366 506
420 902
679 1338
1315 1041
999 175
1147 598
1056 146
1332 1461
1302 661
1002 1371
1039 96
1038 178
808 509
618 50
82 690
1133 1466
796 41
40 585
9 1049
65 16
1378 428
133 973
737 464
106 489
770 614
1386 137
1150 825
105 637
110 751
1371 1166
1418 283
945 11
781 366
911 233
879 915
1027 75
69 1195
890 1259
1046 428
182 20
1108 436
854 947
510 1375
234 396
793 692
774 290
1322 983
671 590
651 819
157 763
987 1071
1471 78
1230 1443
969 1115
1329 1108
427 1474
1003 1166
95 16
905 436
1262 1410
116 930
490 931
375 44
298 1151
670 845
1126 506
677 1035
190 81
1256 1102
1363 924
1188 1487
1049 836
1093 489
1377 578
90 674
621 534
309 1248
416 468
169 826
1131 1225
938 479
675 910
57 1144
1368 484
1196 1130
650 468
57 986
79 480
557 1010
856 999
426 1275
441 959
532 270
70 715
339 456
670 385
595 1037
1030 257
464 822
1150 393
492 118
635 1338
976 946
1046 708
981 546
1201 747
869 965
1381 191
634 1337
1235 567
1073 492
1220 1498
542 907
34 917
190 306
454 1416
1012 1386
1233 27
428 296
896 1033
1184 819
1073 885
1479 850
459 959
1005 182
647 486
665 570
150 386
1096 1293
1076 477
1236 1099
842 1019
1248 1469
20 1246
966 1032
499 1484
1449 1304
1232 962
141 864
960 1155
1416 346
1283 99
138 958
127 21
360 53
1473 1117
34 633
568 1485
729 621
77 343
808 354
1060 271
847 1016
51 197
928 1386
1497 1214
295 508
1478 1413
925 961
714 605
1231 826
1003 1229
436 936
720 1145
819 611
567 1319
1326 244
37 733
1250 218
1403 656
1331 1134
538 191
497 1061
606 1356
670 784
702 572
1405 220
485 1282
540 1339
1363 1020
381 29
543 1167
8 56
883 524
1197 1396
1189 280
1178 813
516 1112
973 63
1124 811
1300 488
1324 297
1383 126
531 398
982 782
951 261
769 28
961 261
326 470
75 597
426 764
1007 1287
875 1006
861 905
1393 108
195 992
107 986
953 1227
835 1344
877 215
820 296
381 113
1388 435
810 1224
925 657
1208 384
305 347
109 779
1429 626
1022 794
1254 1313
1371 915
491 1024
117 1344
1305 350
1270 86
906 1499
688 94
1037 827
1335 1098
52 1409
720 814
123 150
394 485
1233 637
1290 1490
1284 156
757 540
1016 442
480 699
303 552
438 1089
756 149
134 854
150 1404
259 1451
46 1215
1029 618
110 225
775 1362
139 522
1234 413
453 851
911 759
105 137
228 1163
1242 1230
357 1058
547 1215
945 1357
463 93
292 15
480 60
57 1304
1111 1202
530 431
1400 1435
189 1468
441 1356
402 1467
1165 1305
1217 550
967 504
571 479
850 848
505 449
1055 11
1149 914
348 322
765 1340
578 20
337 980
863 740
207 1333
523 1404
1373 693
858 675
155 806
1357 360
763 898
50 721
270 839
634 836
530 921
1137 366
480 162
625 426
358 1185
890 570
157 1230
889 496
124 1021
223 315
602 1050
108 137
59 599
116 730
1140 6
717 527
1191 1022
222 345
804 1135
1483 523
793 532
1000 362
418 1475
432 502
103 1065
1488 645
634 847
1360 194
126 1244
1054 1283
810 347
1046 852
905 625
454 512
1159 594
1046 779
654 11
910 746
42 595
407 1353
84 267
200 474
1379 996
105 14
1183 266
1225 1447
803 630
709 605
214 630
772 430
915 1473
1434 970
96 94
1445 1133
81 300
134 704
614 521
4 953
1384 1168
384 1041
13 278
1394 1045
1340 68
1400 247
231 206
1424 1493
141 393
939 750
1205 1043
358 999
106 683
509 847
1199 668
841 974
1279 816
77 193
170 1251
794 1194
1021 1349
971 663
854 903
840 709
730 145
1380 359
900 1346
1256 690
234 1276
696 440
748 1374
1364 1038
1492 1321
928 354
1081 1445
108 887
539 304
56 1245
139 1247
861 947
208 1474
1179 418
1495 784
634 1111
540 1299
361 1328
1356 168
395 1240
179 890
1005 1343
907 253
1453 1347
708 1334
1236 754
319 1473
281 1207
206 844
593 482
79 796
552 560
1026 206
815 633
1469 971
975 467
298 1394
1078 980
631 5
90 1194
88 1165
143 108
888 1236
622 537
942 1077
268 60
1379 1015
1482 1362
1248 888
384 770
779 538
831 1269
464 612
1447 1333
1264 940
1073 59
2 928
640 745
1046 872
305 29
203 1351
21 870
658 495
1206 730
1113 1162
1128 1286
749 592
462 1099
1204 910
925 1256
160 673
733 517
1122 524
709 1294
1148 1440
818 1420
1187 34
1451 188
797 12
1222 1370
335 727
127 1452
391 658
974 416
844 446
22 670
1270 1119
1281 932
477 967
1213 1223
151 238
848 1122
1442 403
252 583
1498 1125
378 955
1346 933
996 297
302 819
202 1037
70 860
1324 478
1422 1433
80 735
794 909
1316 860
338 19
1462 1465
924 1085
758 19
708 806
595 1310
476 1494
454 260
1424 498
11 399
697 73
995 1339
155 229
865 474
889 644
663 320
409 919
522 305
1065 271
602 589
1072 388
487 1415
1358 372
378 155
1484 976
1168 180
798 906
179 907
1346 996
1283 1062
713 50
1269 354
247 697
996 788
1410 88
836 187
308 907
598 1016
483 1228
1262 623
1294 109
1031 290
670 1238
1417 296
96 1235
969 544
789 318
1401 1136
1388 983
188 925
1181 1213
722 265
478 218
130 963
443 1013
313 970
693 281
101 1387
1177 1211
299 720
344 884
152 637
390 777
225 681
615 739
478 3
1458 159
836 204
1088 837
1107 1474
636 685
369 644
1450 1475
447 406
262 793
493 677
383 1032
996 289
596 270
786 1351
581 1256
313 315
1283 1339
1142 510
670 982
203 899
446 319
422 906
263 115
12 196
68 398
1406 1366
957 480
823 1499
162 823
186 692
1000 1340
652 2
1158 658
47 100
755 609
106 785
1377 1378
957 288
959 379
226 426
1413 13
1455 318
491 299
526 66
890 706
1319 714
1020 1157
1096 488
247 1105
313 354
1097 110
1096 484
357 708
778 1052
166 68
203 921
856 692
1211 865
1391 57
50 727
802 7
1357 136
31 1161
1099 1208
227 1043
598 25
387 1151
38 1178
438 1449
679 990
51 168
1463 560
605 465
911 1500
490 499
1275 798
269 450
1448 610
875 485
765 1110
1141 1315
423 1252
1235 1359
646 383
266 1228
1179 168
137 868
590 48
57 1011
1476 186
1220 1479
857 703
757 1272
339 1164
1431 362
760 424
1392 1246
358 1481
687 1251
1197 380
242 522
357 1128
1120 261
1241 1380
1328 305
1037 1130
852 764
595 1262
1117 1400
632 579
97 1127
374 153
1122 798
1014 238
24 472
682 287
964 707
248 506
178 695
835 314
1351 111
595 1227
462 1361
865 373
1133 499
751 145
851 93
127 271
895 82
745 454
148 1299
369 628
456 503
1157 633
1423 428
69 1230
619 77
986 903
1194 69
1460 583
661 378
1305 152
967 1341
1015 86
1329 963
316 778
993 116
1048 285
913 448
587 1392
100 423
1211 1487
897 1106
801 1390
1218 561
1277 1403
662 445
624 521
32 333
905 1395
602 627
1297 601
593 551
790 1079
342 1480
1413 918
812 577
1129 1276
1457 464
1189 576
842 29
242 432
1183 27
227 940
318 127
770 941
488 151
135 597
793 1367
520 847
120 271
1233 242
1207 567
618 1054
98 1113
918 950
683 476
1039 1438
553 1148
704 376
489 330
1417 179
749 468
1045 324
1401 373
173 253
394 83
1428 1019
766 1285
195 143
1254 779
477 118
974 215
605 1015
641 1022
964 413
745 874
397 643
859 598
403 1424
88 1359
1153 321
399 153
984 1453
457 535
1214 434
171 630
650 1108
362 1132
1266 26
749 1471
807 22
338 1401
272 293
150 267
792 837
504 672
773 279
972 1299
1112 555
276 504
947 247
325 200
174 974
18 1030
1305 706
1150 1192
230 636
640 723
100 734
1332 260
106 10
1478 915
790 688
855 880
1402 467
541 160
1334 136
1032 681
901 1091
92 1072
762 283
660 473
529 189
24 337
426 820
220 180
537 522
186 1263
361 1402
1152 1364
1307 667
1112 1189
541 262
633 194
552 617
433 112
1191 390
498 678
1492 298
374 1006
79 376
248 251
980 405
1396 372
739 1243
506 339
1142 647
1485 8
1404 659
16 205
949 268
1028 455
1099 1148
1224 182
1261 48
1453 12
633 756
719 473
345 741
794 421
407 496
107 827
1016 1106
129 465
412 61
17 727
1125 326
590 1102
1348 933
826 26
139 867
307 134
1019 1311
975 111
1311 1100
284 1463
1200 869
1180 295
1481 523
671 90
1436 568
328 375
300 309
1157 560
279 750
775 30
1277 552
1369 1088
952 384
1385 797
427 1452
384 335
318 623
1323 268
1067 1427
125 1148
885 1092
1236 1439
739 787
530 519
106 671
571 44
589 93
577 117
1398 461
840 350
444 171
379 1460
352 570
469 1007
711 278
618 216
908 1030
1300 769
932 410
661 346
357 139
246 1391
252 684
363 990
222 570
1049 1395
1241 405
813 1456
929 184
1351 242
1348 940
402 143
183 10
1338 888
213 1190
1487 35
636 1378
138 1043
1407 1128
1101 942
995 744
563 343
473 349
36 1218
1207 1389
683 1045
645 662
451 1196
72 723
377 829
250 1244
1032 1138
228 615
864 397
644 450
944 516
1314 171
791 1238
1424 858
692 270
1132 1415
1466 417
122 774
600 48
1416 301
78 54
209 264
681 840
986 1054
1475 458
1161 1310
825 1138
952 708
223 775
1105 868
1308 349
1154 676
251 204
238 493
854 297
929 1335
1241 1089
317 1490
930 84
93 1440
325 307
1347 1243
1409 600
204 422
30 1123
465 515
1494 265
1072 1484
199 100
594 172
458 913
696 916
689 1313
923 67
885 1352
767 549
1346 1074
481 514
597 1409
108 835
282 611
1333 1039
385 968
611 487
1010 169
1001 1191
1184 1382
340 407
544 1150
246 359
450 325
1136 1279
772 966
1199 1421
1186 1211
788 325
165 259
1254 844
1222 1142
811 71
513 87
1204 346
623 351
696 888
1462 225
343 154
452 776
88 922
47 1163
1422 1423
988 58
1043 1078
753 1258
642 1191
1451 902
365 711
630 1029
1366 884
1133 1206
944 69
835 1041
211 333
982 1058
43 49
52 950
203 416
347 461
1109 269
44 24
1334 959
1426 268
1254 526
1303 1446
1082 1264
1073 1324
1467 186
1263 1051
838 810
683 123
1041 588
614 536
2 419
1301 1048
559 986
158 1490
1386 1129
366 1278
251 271
1386 198
245 914
1060 582
781 1472
1481 396
598 1162
309 358
1200 155
1288 891
918 843
385 915
507 681
940 172
884 1117
844 1237
967 1161
913 1347
295 77
327 67
749 1220
1074 922
1023 859
279 555
859 1007
1090 1254
1006 202
281 582
494 1125
606 137
884 948
69 529
968 1072
1030 530
396 61
62 1066
1498 1149
1246 1310
59 1066
916 721
787 556
1409 1030
1293 1477
348 188
547 18
670 1094
462 1347
631 1045
1324 628
506 1089
463 1032
177 1405
364 94
784 336
1156 314
1085 1227
637 34
466 724
1422 289
798 644
938 334
345 422
315 1356
336 1378
375 1074
865 1494
531 619
1027 366
878 969
861 46
1170 1214
1152 738
408 676
265 484
1426 236
1253 1485
266 1
820 767
96 709
23 1008
1263 559
1085 1106
346 616
547 222
315 138
1232 1060
1106 580
173 807
41 922
1362 855
478 947
409 1041
1061 1199
1162 973
510 1396
850 630
1452 1071
185 853
298 830
1436 238
1070 1365
833 978
594 1247
1000 151
411 782
902 1287
75 1233
537 834
1389 538
1146 1250
1189 657
685 459
412 777
325 270
158 399
13 521
120 1475
719 886
633 1408
568 389
339 590
964 1218
910 425
841 530
1399 116
140 787
750 1476
15 644
154 618
540 94
627 1498
458 151
234 1055
8 804
32 523
1431 1449
1020 986
1414 304
303 115
533 256
649 166
906 1406
782 1144
1287 1403
423 30
103 569
283 360
397 458
72 34
1080 167
69 294
34 426
661 993
697 424
338 550
861 1424
739 278
406 215
985 193
207 1263
907 134
1245 389
122 682
114 1233
366 625
236 958
804 1337
1248 1074
1150 980
1362 712
425 51
1160 1305
780 1029
1009 539
1323 940
1338 1201
55 462
337 167
1198 1391
97 871
1367 19
1010 1444
1158 680
1301 110
417 1357
1379 1272
932 1038
1261 693
381 338
1166 353
1096 1175
257 1096
1132 1112
292 640
495 208
945 180
66 239
1031 451
655 746
1110 378
814 1480
1316 1345
398 52
248 801
776 1028
80 553
238 852
1202 1057
649 1128
404 36
1167 1391
151 903
707 1341
304 1288
42 620
904 618
1186 21
1108 1355
629 1397
297 895
1130 983
246 913
495 583
197 969
317 1008
250 1188
248 373
816 1196
119 1319
367 1209
1234 658
942 889
1353 114
714 201
1496 742
102 722
403 1385
69 1308
212 739
199 1046
1408 327
62 442
501 1024
1000 115
997 1119
1461 749
1472 1156
1371 665
1437 743
1301 1008
230 282
1149 936
870 73
758 1347
1114 1341
784 602
812 1250
323 576
443 1436
1398 911
226 774
1473 205
766 1210
1089 1365
1306 397
248 611
913 250
575 1406
795 1232
1289 1368
121 953
416 1052
186 686
77 487
1423 1497
937 639
1108 1199
352 1069
397 860
716 997
1137 1471
440 374
243 1023
577 1135
1102 922
293 463
371 970
953 616
22 732
981 1387
143 305
953 336
385 1077
838 1083
68 1089
903 238
232 1264
934 895
1204 717
525 39
1451 1107
79 1432
450 768
770 178
213 1166
828 629
300 730
854 1485
1343 1133
466 693
1144 768
853 157
1306 932
339 919
287 1304
627 239
1365 950
9 1011
704 1455
1171 811
25 1125
1130 304
457 725
748 182
1415 1464
524 462
1200 600
735 157
1234 840
595 875
1054 222
497 787
1402 1385
722 922
23 830
884 1170
319 140
1293 1059
1327 1116
218 4
1055 1347
545 117
1457 287
891 1459
628 879
559 267
1191 1409
810 77
2 599
524 1448
1169 398
1354 984
748 1332
1346 327
1441 980
1468 106
536 887
491 657
1385 484
163 1436
242 370
778 732
1201 136
419 355
199 840
606 1305
945 899
1090 514
352 1251
334 927
383 302
987 1307
1217 566
457 1148
592 616
1487 401
1222 488
455 727
784 1367
361 1293
205 1267
1006 55
826 974
759 1241
1442 536
239 216
758 847
777 114
431 946
34 1273
363 568
1345 1193
221 783
1125 1410
331 540
1359 677
934 1404
925 276
945 75
982 714
8 1273
550 1019
1045 744
669 1051
1024 608
121 715
1029 885
683 403
9 539
1313 62
1101 834
898 1356
30 867
695 658
967 86
1472 1341
34 324
659 244
884 1461
258 281
895 552
329 159
1367 488
1201 578
1040 36
310 848
667 766
836 1336
71 1081
645 695
359 61
486 3
1179 1089
461 347
187 191
1136 976
788 1274
1487 580
770 83
1000 735
1241 1286
1188 1048
25 770
19 1374
1023 285
1038 442
730 1496
1093 424
158 34
119 1390
1393 871
295 177
357 1014
1365 891
800 1395
1471 26
175 927
1226 1342
1309 1467
671 1043
94 1399
1127 560
293 9
69 411
803 818
896 1493
1249 855
583 1494
1272 1127
241 1166
1246 1387
37 98
1227 756
1071 401
1177 1005
1187 937
573 92
329 1246
14 496
1338 44
891 906
573 1263
911 1030
1500 910
1038 219
1491 1096
12 578
556 524
496 308
1350 448
1351 949
802 27
461 1294
106 215
211 249
137 1077
602 1079
373 475
995 135
574 215
1023 586
298 1201
147 1066
1124 26
1277 1489
113 172
728 1000
1447 1459
305 199
743 335
808 1231
809 312
1353 1319
646 1113
613 1030
386 358
63 639
612 100
1394 1298
830 188
1070 1181
1069 277
692 1213
1176 444
1376 94
173 388
810 667
611 1046
801 874
352 4
437 924
864 1073
1016 285
1348 252
1194 806
15 335
1331 1233
1084 635
42 326
845 269
1423 967
388 695
1379 835
1361 296
3 89
462 400
1048 1447
1373 427
587 1182
213 259
36 491
454 819
1392 1206
1042 353
228 506
180 1447
669 1450
1322 571
1112 925
226 308
1320 480
1057 1237
135 516
1115 1188
1180 857
1268 48
811 792
1121 835
1359 464
149 1392
322 404
1248 615
648 648
161 1043
8 578
1142 392
1352 224
838 74
880 1490
1003 1288
719 398
833 748
31 37
1432 768
603 1093
498 1276
877 780
377 944
122 1180
425 782
898 1159
1117 1465
1239 751
180 286
752 445
73 686
562 922
421 1079
1177 372
858 1009
149 1273
276 1210
1063 17
1386 1186
326 1170
1023 390
819 958
1447 1422
436 476
1479 1106
331 616
890 695
101 586
741 1419
1388 890
1160 1339
221 1054
491 1070
598 981
1337 618
753 1167
1073 1402
475 726
332 148
57 949
100 312
795 435
310 33
937 537
8 513
1309 1183
439 390
1381 138
1341 1105
678 609
1302 1405
1013 737
799 803
595 58
866 1091
1412 335
910 336
1428 462
1481 701
128 1457
541 1460
1203 1071
894 980
1477 14
1307 628
384 86
702 593
993 1202
715 149
870 367
198 894
1290 1279
369 936
1229 858
390 481
855 1180
551 656
128 273
1491 1426
406 991
732 25
186 866
1071 1149
554 1200
252 341
1161 1062
387 137
678 1255
1066 1288
833 695
1497 740
1263 818
19 806
374 1193
439 363
411 546
798 1166
549 604
662 1182
259 1248
648 390
610 122
807 1321
117 397
120 836
497 579
1076 819
1119 803
1319 803
863 206
1305 901
670 271
954 217
1046 223
884 222
889 454
445 618
231 1082
1360 1399
1212 1341
1466 1285
1228 547
526 529
93 1002
218 1019
795 119
1200 495
574 1474
1419 545
995 56
919 1069
1100 1439
911 233
1161 1123
627 962
40 794
422 135
1221 938
1331 769
409 818
1085 130
78 816
1342 555
1082 872
1326 1035
855 1121
433 616
192 315
1106 700
922 217
767 1198
1226 1319
864 1059
560 1032
1211 528
31 483
48 241
1261 406
1483 395
451 1486
1246 1455
892 152
1332 584
703 581
1428 80
880 109
603 1338
1364 493
669 499
768 171
686 603
1081 520
1257 1325
299 918
946 170
1454 313
50 301
729 993
1207 23
43 919
659 575
1191 242
1284 233
230 803
341 253
611 1151
172 1176
212 993
384 1335
1322 1494
951 285
1388 1440
774 120
1213 138
1429 258
34 1088
1243 968
822 889
452 1174
1212 697
915 915
332 484
911 141
1053 1245
830 683
1373 241
811 1125
593 1025
970 353
1266 1006
1006 1187
143 1088
336 1347
630 236
828 617
60 499
608 869
1464 110
103 804
794 218
338 1325
271 358
961 353
688 734
585 1363
1052 366
1398 1462
1071 1201
1150 1450
553 315
1436 1453
726 117
301 612
1183 666
1436 850
1367 1393
53 1278
1291 369
44 680
13 909
136 400
991 1086
1000 1229
1106 811
1336 1198
630 644
1273 1409
1137 1184
15 155
1405 384
11 1326
960 22
943 697
467 523
1139 972
966 1399
161 61
959 1190
385 304
1356 576
320 1485
931 1487
81 1232
36 1215
1275 838
743 136
752 1218
83 438
1251 1200
1324 821
216 1004
1203 906
1341 1271
365 1010
30 683
902 47
15 396
1117 922
1053 1335
1491 717
521 217
95 450
605 429
1022 1013
1114 1081
550 629
1041 1013
1101 366
761 864
113 1345
316 414
321 871
1271 1387
1284 658
636 439
764 194
1489 1104
1010 940
60 418
1494 615
508 1200
148 817
176 1463
81 1478
342 1236
1079 1432
165 1000
1499 1393
1168 945
696 603
478 976
1328 824
94 165
364 1091
436 1398
1267 973
1040 948
492 1372
845 1482
548 1474
1183 965
1324 589
277 451
5 447
170 390
562 1055
1168 281
714 1033
1429 1229
769 126
606 734
379 1384
421 927
1000 209
1351 702
586 320
1062 36
439 455
317 194
241 1438
267 1013
2 108
867 10
968 655
713 460
1229 268
506 1416
657 909
883 641
1410 656
802 1105
1133 1197
727 1026
1308 48
323 1193
980 314
1360 663
929 1185
1138 1036
1388 588
318 317
177 1001
303 11
820 251
1006 824
795 12
30 827
416 751
737 706
240 1063
663 1280
1 1122
510 407
1239 792
1318 483
543 1325
158 301
352 1153
1052 1157
1416 101
1009 472
670 1496
103 1353
23 601
1323 1116
482 1362
1464 1461
1395 1127
175 307
586 458
1439 1118
1449 134
1416 379
1175 1179
223 547
1495 445
902 57
831 796
956 1300
741 818
975 1301
1332 16
194 1301
630 432
60 1442
512 303
1055 192
1144 749
541 1102
1017 305
278 519
998 1377
867 1407
303 1457
661 1474
287 826
793 1444
332 1400
1046 301
434 842
1293 979
813 900
585 217
1388 171
818 21
287 881
970 1104
287 279
744 1032
1285 1388
282 1209
373 396
137 672
438 1494
476 699
993 602
768 445
1382 948
640 945
1058 320
350 1106
749 1025
755 183
1393 987
699 1362
599 774
445 1499
632 922
246 1124
1420 812
31 760
844 1475
1295 1407
948 1405
1197 145
307 374
634 877
157 329
1005 1167
1302 1072
1393 139
1152 1175
420 256
398 245
883 1401
233 142
583 487
507 569
809 232
229 803
346 738
609 737
858 183
913 1085
1263 1212
831 1213
3 1045
205 1430
876 534
395 733
272 741
1211 571
337 1033
245 724
965 636
1252 1225
241 790
352 767
149 1111
479 201
124 657
1469 569
287 122
638 1070
646 1292
111 862
261 675
1335 519
1161 522
764 249
454 976
788 1073
484 859
1458 109
119 1057
544 298
665 181
1211 476
932 391
1017 1344
658 1199
1495 421
53 103
6 413
667 1276
1301 1458
383 793
931 541
118 81
101 1498
823 1380
1394 991
1345 1334
1372 1348
102 1397
555 104
1345 101
1039 96
1471 1210
16 530
645 216
998 277
339 49
1205 78
495 569
611 996
173 15
654 544
1436 579
977 1448
162 618
930 1355
1190 1331
220 895
272 75
802 652
173 1226
788 1310
667 62
485 855
1077 575
1386 898
167 936
1158 192
829 681
1170 1176
347 761
95 856
142 874
1326 227
1400 1355
686 1208
1459 556
1172 1376
449 1009
1207 570
323 754
406 1379
697 1226
946 264
100 822
837 1153
498 385
1241 156
1408 1152
398 1361
1265 812
247 915
83 894
1084 1328
348 1099
1260 565
850 601
1253 532
1086 406
862 62
100 946
551 1196
898 862
869 1353
1461 378
1465 896
733 747
488 1432
1353 444
1430 957
988 119
122 1356
257 1497
1335 671
1077 1184
263 901
1002 421
950 1476
458 420
1080 472
1059 363
1361 989
235 1100
1068 1049
1378 811
423 1093
1419 858
546 1069
332 531
975 366
1134 414
810 845
91 338
629 694
1296 1172
1249 1495
1476 545
1419 741
85 1089
865 770
311 623
739 1443
1134 1363
866 94
48 1183
1061 566
1439 669
344 1441
757 321
918 66
95 661
1183 1344
516 198
970 573
195 1486
508 981
1124 995
1201 802
1230 32
770 1124
482 675
41 239
852 1213
429 801
884 1420
104 90
720 775
1219 713
684 686
262 1234
72 669
634 879
182 1033
728 445
870 1033
86 832
1384 308
526 1436
786 931
677 768
1114 387
1477 270
204 42
585 488
1110 1055
1496 1086
1175 274
1122 1077
1089 1215
1388 41
1437 642
844 543
291 553
570 741
751 332
360 870
766 210
1056 251
369 56
553 884
351 460
1451 1259
451 207
1340 814
1323 764
854 285
427 886
1177 1423
598 687
626 851
205 11
624 964
277 808
1004 454
222 1140
492 304
47 139
708 1059
440 50
1268 880
806 1019
857 82
63 1317
1040 354
1157 661
812 1201
1190 942
680 656
18 973
899 1440
1209 453
1359 187
359 368
21 997
252 877
281 1144
121 590
864 960
1229 581
85 822
654 1261
868 816
1341 536
679 378
438 133
622 752
1275 1356
1271 410
1128 324
1256 203
855 268
1342 324
844 121
274 187
139 1072
177 476
695 77
370 1335
679 801
244 1266
610 734
107 946
933 366
115 574
741 1414
686 161
381 838
1221 344
59 1483
608 903
665 1397
1172 1089
502 1131
155 892
1045 696
285 969
893 785
971 422
500 660
1225 622
215 885
401 1237
527 160
1359 884
1169 640
29 1221
111 937
910 1460
1195 492
747 577
461 1001
51 1169
811 368
727 1469
1228 1390
592 440
27 224
1325 175
117 465
1423 713
624 1245
132 1137
418 632
1442 1485
176 612
1460 271
409 1469
14 359
95 1257
1288 1143
159 1465
333 1352
1228 1457
1131 616
135 1441
99 1439
336 1028
1360 8
829 300
548 1064
181 463
647 870
1353 1134
1060 289
615 231
545 896
310 1005
609 772
262 911
1286 1178
689 878
682 1274
1153 1245
907 580
1354 290
1049 7
425 618
261 1250
208 484
1168 1
213 677
1287 1294
910 1090
123 1406
1102 931
1395 274
287 808
937 1423
1024 586
230 1205
880 395
30 425
1136 110
669 24
166 372
1482 877
866 641
13 978
623 858
383 1324
238 1402
1497 237
37 394
1415 1134
906 525
1021 983
877 787
219 567
730 795
1316 438
16 1189
1223 455
948 1389
1404 1203
853 847
134 691
628 480
433 1065
561 1291
408 1251
449 261
670 1006
739 598
537 1493
98 1256
1333 259
830 804
1311 10
374 1499
1264 827
13 776
547 20
513 1138
307 112
1388 282
523 223
7 747
1144 1135
308 913
1056 678
82 1207
1434 962
559 692
700 317
1158 1222
463 737
266 299
1247 408
292 220
284 1411
93 475
1015 594
130 630
706 967
1005 213
654 1011
426 1361
599 755
464 694
1125 439
202 443
427 667
125 50
959 195
467 409
1282 1113
948 73
556 849
1156 1321
1114 953
775 683
1051 206
1428 1265
990 1241
1389 654
805 140
96 1446
617 990
39 792
49 721
552 19
743 678
509 849
1047 1436
397 952
162 1338
1043 1260
1359 167
197 773
612 920
345 1297
319 247
508 1103
81 571
4 360
1287 1269
1150 416
759 1204
1282 874
78 863
940 162
49 144
1500 1485
914 195
218 1215
1048 841
903 788
1089 702
578 1310
1178 810
619 1000
775 17
1036 720
656 1137
190 257
69 1214
1009 455
414 246
1157 1345
299 1039
1129 267
566 860
407 930
1369 1166
349 646
404 452
1454 699
55 863
212 85
741 535
883 1258
329 8
107 929
826 37
1305 13
445 501
924 468
710 1390
316 1068
1044 292
1445 474
1415 1000
360 507
87 1248
1169 988
149 1339
756 1050
912 863
1317 944
1468 847
176 174
962 846
1439 1287
722 1114
1326 1302
514 91
1394 121
1066 23
297 434
560 5
486 504
6 457
385 1089
503 988
902 1138
185 551
1108 1098
695 668
811 1222
1331 1188
755 644
285 867
975 494
1406 14
627 1170
172 1109
1150 1274
225 1043
47 1358
665 222
51 1029
487 625
252 413
521 1172
773 96
1112 130
259 723
6 858
1036 351
900 431
540 808
496 850
521 508
928 1220
791 870
1409 483
554 920
1045 841
705 1399
1083 286
974 147
1490 1011
286 461
195 1296
1095 539
1236 1436
1003 1415
623 882
653 373
1116 1325
121 1282
213 1118
927 1098
901 1246
491 1012
1307 1408
1204 601
680 932
965 459
790 1014
251 1406
1145 633
1055 1335
404 907
1482 864
1390 775
653 274
684 892
28 227
1204 1440
872 475
85 172
818 1283
285 1154
159 324
526 325
1203 131
1222 457
237 8
530 1272
1319 976
1444 944
105 580
69 982
1307 1082
1181 740
727 484
1471 810
37 512
1361 1375
346 692
1076 754
10 777
1016 925
1096 1208
1125 744
485 542
87 647
975 820
911 261
1394 1060
700 187
1017 831
1220 647
17 163
314 769
407 271
241 1456
869 439
687 1275
624 952
948 1343
1041 739
100 1269
257 93
1406 793
16 374
21 483
245 578
17 1161
867 1064
718 661
125 1066
1247 558
896 1372
1429 1151
1012 982
1116 1065
184 1245
832 116
756 1089
1431 33
196 1050
1483 1115
786 1425
274 776
1258 1277
894 1360
34 432
1211 65
774 1024
1499 328
1162 401
418 536
1007 894
1085 291
959 318
368 1033
112 791
1455 694
277 801
127 1312
703 488
122 1304
77 196
575 103
691 1004
334 1172
1154 1304
1265 1331
1365 1059
604 397
84 1383
463 643
979 598
64 1140
625 112
1384 830
411 657
1029 469
629 258
109 818
62 532
400 1054
953 1113
893 926
469 263
1487 343
929 816
23 247
686 483
1047 1383
649 367
469 403
159 943
263 262
1342 599
1235 1253
1179 620
1133 669
1042 239
528 1275
460 630
1482 383
215 1039
1298 639
675 152
534 939
1202 1140
309 249
103 415
134 306
143 119
1195 851
337 681
837 57
476 40
275 491
458 358
856 117
1431 1456
1407 87
1469 1472
842 654
334 1185
717 1036
766 389
1037 489
272 91
1332 276
963 1289
1177 1268
558 612
804 1191
1282 1371
20 434
1290 673
54 646
1113 727
981 694
1050 393
720 540
827 784
1334 341
890 1124
541 930
1188 1150
656 1091
710 1457
878 493
285 223
702 206
107 408
1267 678
1309 667
1364 665
669 1477
448 518
287 1077
208 400
550 629
1110 9
1347 1041
207 356
128 1235
1354 76
551 1408
68 674
365 767
722 314
962 1251
658 555
897 760
745 902
957 137
1239 1185
1307 273
1304 1345
617 663
1267 989
1324 1416
552 821
443 157
821 1484
492 764
1416 1176
1302 779
1466 484
304 1170
711 436
554 437
162 1220
332 1309
177 1458
1089 652
853 358
1498 83
7 1388
937 455
217 1432
848 53
701 141
1415 1027
359 17
19 1117
1484 380
204 21
118 1311
802 338
431 684
1069 292
955 1406
509 1437
3 279
173 779
348 1033
320 681
527 202
1115 24
526 374
306 365
1040 1424
655 1081
590 451
862 881
1354 202
582 867
1106 1226
1489 732
1289 956
472 697
908 1425
1103 202
665 277
324 1379
956 437
787 899
1294 854
1121 490
1458 1281
237 599
1270 27
491 78
67 412
828 1065
936 818
789 66
1376 874
983 20
1026 896
901 683
803 538
847 1023
952 111
1267 58
946 1382
634 1433
1056 411
479 119
901 1354
669 1419
1136 1280
1351 236
769 742
1044 343
524 100
17 582
555 475
194 564
640 159
1116 148
1231 302
721 13
717 7
1053 63
350 576
518 818
630 401
815 778
53 924
521 922
905 829
394 463
915 172
830 748
557 22
380 880
934 1019
447 1121
10 494
1400 845
2 1420
1316 569
323 1039
616 1325
920 721
1352 63
950 5
1086 426
290 170
407 713
1167 1399
265 344
829 711
700 984
870 1220
686 1317
1379 166
755 1116
776 1395
469 1378
492 395
988 578
65 500
685 1178
510 1126
956 262
1205 504
371 229
1457 1244
1284 752
875 356
1156 779
679 259
815 794
131 1413
868 1157
267 1077
954 887
270 1289
7 930
1300 465
1482 1100
721 319
412 569
1176 1383
874 499
996 666
1440 897
1427 1285
1373 529
628 1317
412 451
160 428
228 1146
67 1011
1145 1245
282 134
294 1296
752 212
92 410
1295 863
1025 570
897 1193
784 746
1338 1183
868 1067
203 810
397 930
145 341
444 149
965 1404
754 1355
193 616
612 416
698 1180
1279 84
821 271
1227 832
699 99
1204 111
533 987
12 1139
1030 1257
481 226
454 1347
151 145
1473 255
673 1408
190 859
211 585
413 1455
570 310
248 513
1082 96
41 1019
1278 1437
432 746
1295 506
944 643
1280 1389
1260 1198
674 862
37 451
1 64
99 901
138 1324
410 514
1052 426
202 1019
31 1143
112 588
1 1489
550 1343
102 171
966 135
1091 261
560 299
380 260
1124 673
405 116
336 199
745 90
1339 454
1459 656
1438 167
1394 1119
1250 1237
974 965
994 1488
1036 233
126 941
95 95
1325 1140
844 1437
1323 641
1347 1115
1364 46
1189 1349
799 1010
68 181
88 714
345 855
576 776
446 1140
1241 811
455 585
430 57
1111 1250
1399 92
876 337
203 1317
393 43
22 1018
956 1435
823 685
242 479
534 901
660 730
1420 317
1129 739
4 1084
1487 892
716 467
234 95
1150 108
967 869
865 267
1419 893
506 488
1159 1447
193 1347
1178 532
344 1318
297 786
739 1342
340 379
1027 954
1406 213
1287 456
791 88
975 1065
988 1140
608 690
951 658
12 253
601 255
1088 305
1391 1221
297 1452
430 767
1113 623
527 196
1398 863
66 1088
1393 608
1437 1280
208 373
469 1092
286 1065
393 1193
351 744
675 902
40 917
354 1473
974 851
1315 1060
130 1078
376 1413
671 758
286 640
1042 154
889 973
1408 1422
921 787
1380 250
549 1337
415 848
924 1114
948 640
1498 609
1412 463
871 917
545 381
941 1353
314 1317
949 1353
4 1052
88 659
24 405
642 275
211 1011
1033 155
64 28
1175 117
904 188
848 33
604 1337
1351 61
1139 1408
188 695
940 1073
298 963
822 785
359 550
902 829
732 267
545 943
237 381
843 589
1216 226
627 1163
1157 1033
597 1199
819 304
1145 801
1147 530
1377 437
1043 912
1069 906
418 1338
334 1157
928 730
234 1224
1103 708
1471 333
1203 550
582 923
1007 750
966 652
213 1427
1487 1459
780 252
458 812
1333 666
43 580
654 979
1468 538
1064 563
250 564
264 796
657 606
495 503
1376 281
1498 615
72 583
203 665
1277 1203
351 447
1476 787
1147 935
1124 1221
1328 1142
453 310
318 158
739 155
294 694
699 281
1128 450
162 794
1006 11
14 1295
1251 1103
649 876
1484 1287
948 1162
675 1168
862 705
767 595
1493 706
692 14
387 1109
843 1086
1125 53
267 202
245 926
1293 170
887 930
96 679
1492 228
151 591
212 1452
1217 454
1090 862
263 92
749 1227
155 457
1414 806
665 572
719 961
1197 1317
976 188
191 974
654 158
257 89
1321 537
1117 603
31 703
376 1371
1373 425
730 1188
799 648
336 942
56 83
78 427
483 1413
1062 306
773 528
975 209
502 574
1093 167
1478 500
117 652
151 63
1389 480
237 507
794 746
1322 1062
296 1444
261 618
502 753
502 919
678 718
303 999
229 1028
1391 768
316 1192
1069 841
435 1462
267 1198
1369 430
392 1240
229 989
136 498
1391 189
821 906
941 219
1430 1181
708 708
1159 854
378 279
259 918
1101 970
862 294
518 1484
471 1102
133 210
697 354
1286 902
1148 1054
1106 27
443 1247
1085 928
391 938
841 1001
992 240
1115 413
996 1084
1127 86
823 903
1396 1148
699 1304
851 1283
538 24
677 94
736 252
1400 612
356 1101
1244 967
777 163
317 146
321 1200
779 402
229 1259
578 1346
637 1278
618 1476
1480 801
200 574
758 856
1351 703
1103 910
128 49
233 768
716 757
636 407
1246 270
1162 208
1217 1264
487 1032
456 775
1003 1377
13 160
368 941
315 1167
1223 1420
966 1469
5 1119
44 491
878 618
717 1161
42 1059
1071 1039
1118 1130
884 212
997 583
814 613
767 76
678 615
900 232
726 986
1387 1175
787 685
614 1163
297 1199
228 808
493 1106
1061 143
980 608
288 897
1152 1421
189 121
598 1179
1175 462
677 1249
408 1227
1022 376
592 394
209 172
528 447
92 639
501 1316
926 704
1126 336
1369 643
1155 65
1098 1052
855 157
1294 1358
1196 1451
1340 231
53 1138
1182 869
1356 802
412 26
744 199
224 259
1394 278
1067 338
785 932
216 993
1359 1422
1218 860
106 1131
585 774
94 908
1015 1194
1405 582
637 614
134 85
852 92
408 1427
495 1038
1044 560
610 349
1321 1026
53 104
748 723
1411 58
1244 187
757 569
30 1073
445 994
677 1358
890 1036
795 1057
362 834
230 944
85 139
977 1355
1467 159
1305 113
848 752
983 613
435 286
1288 1071
617 285
65 709
1357 168
696 601
1221 652
79 108
113 1374
412 1320
836 1441
89 205
1369 106
974 1311
284 466
1382 1115
896 409
1493 1270
118 1382
1482 665
369 99
39 254
1044 459
1361 369
366 112
255 1217
219 777
447 789
689 37
1337 368
683 710
324 1411
1352 775
1112 417
1340 28
1408 1044
663 696
209 875
408 1318
1043 829
1382 923
403 1307
80 1454
1062 1405
416 824
339 189
117 493
620 4
1246 829
46 222
1115 1470
180 766
779 700
1256 733
10 741
307 274
1482 862
885 125
1024 82
954 247
801 763
829 941
1286 980
64 747
884 688
1385 1235
259 727
1404 1248
169 1265
990 1220
1385 124
1433 114
1467 1281
871 213
109 1074
833 764
1191 1373
865 993
1317 80
598 494
1477 952
356 871
109 262
1004 1029
1298 251
78 1144
1298 879
1425 63
1344 263
175 1117
99 1067
534 316
788 875
840 1223
169 950
1343 498
751 268
375 420
304 1391
1354 909
1030 1046
906 426
682 448
853 1092
285 508
904 1276
910 1357
1470 1101
554 793
819 1470
294 654
1206 267
1090 1074
1302 549
927 384
462 1077
914 1068
600 548
596 1103
1019 770
911 558
992 851
113 921
1212 1176
1001 283
629 169
129 1006
451 14
781 530
611 178
793 375
1217 129
1158 237
878 340
354 970
523 748
1346 869
774 240
685 714
1162 335
1101 1305
331 1281
549 419
246 10
1161 978
867 1474
1128 1149
1118 632
424 1441
373 37
1432 808
1431 164
574 526
65 666
162 779
694 868
1004 893
959 711
1241 582
1315 271
296 260
176 688
1249 1495
1248 250
814 714
126 1131
417 1446
816 947
1457 1493
828 1250
547 1052
446 328
1183 786
388 191
29 518
1128 1301
1037 663
728 161
1417 124
1081 371
608 214
1358 1338
810 633
1448 324
753 250
654 281
1120 199
1109 171
795 359
81 208
1142 1359
1386 1436
148 1225
98 709
757 199
225 915
1093 684
1463 403
1263 1391
219 1254
721 743
1151 817
571 13
96 469
1438 252
1454 694
73 1451
1012 834
159 1091
547 1370
709 148
401 681
1013 310
378 1120
515 883
338 935
1432 1299
854 299
492 1213
393 1259
782 745
1446 162
1250 1180
236 505
848 525
142 1144
132 873
525 619
812 129
1477 618
1090 423
1419 275
1016 621
84 16
1393 792
618 1395
346 917
628 563
1331 999
1172 471
682 539
1307 586
616 1402
1233 1033
582 177
373 823
257 1486
1449 280
257 786
1029 1456
33 49
902 1489
911 1185
1163 383
1055 582
1425 94
1417 66
156 1391
486 757
627 1353
1003 919
1470 55
317 1210
422 323
1347 742
854 1187
963 1115
675 590
365 1105
1257 718
417 215
1364 907
844 816
237 891
436 156
651 1422
368 1472
478 98
1291 830
23 1141
553 345
997 259
609 356
232 890
226 1429
803 407
1286 177
631 553
1376 196
1160 1202
756 179
575 782
1073 1148
1337 878
660 1484
1080 427
1086 1172
527 463
606 1120
283 74
1093 625
797 549
832 981
146 616
333 332
794 492
544 975
1365 897
1104 1256
580 450
1466 26
1180 549
593 482
615 433
726 390
290 1022
195 86
568 498
1112 476
865 1317
119 167
940 650
634 1116
816 652
1480 154
1445 1356
1436 750
265 624
921 1204
534 60
1360 1488
548 267
624 364
1305 107
1287 625
166 923
1464 221
563 6
1070 151
261 495
978 1326
605 910
436 1321
556 1489
1445 1484
817 272
1052 143
282 849
572 109
230 323
371 174
613 479
492 397
707 1483
405 259
92 248
507 233
547 450
1253 280
1319 1115
1456 1250
726 1426
327 402
108 1029
788 212
838 981
455 812
316 639
913 40
1337 681
1125 1225
109 16
1473 1480
1337 973
1406 822
368 804
502 1360
599 1206
439 1046
996 701
1083 385
884 1243
1498 1148
1073 400
270 1419
1268 807
394 737
553 753
297 978
636 335
635 1122
388 649
998 919
1189 518
1076 1096
597 622
1118 1409
703 957
619 884
1327 289
527 248
752 1006
570 1235
1088 38
1099 743
677 25
553 1081
157 950
1429 1392
730 1313
1410 1068
1074 1068
620 745
332 261
119 57
409 1358
712 1491
217 787
630 1140
760 384
968 334
395 1246
866 572
1430 139
334 646
1408 1213
1123 1266
195 1377
603 364
383 1417
900 854
1255 11
231 870
324 1074
222 309
62 706
863 720
1271 1406
1117 655
292 116
862 931
1098 1318
1076 1486
458 305
1217 24
1460 976
1068 678
1291 1425
522 1295
110 907
835 382
50 1055
424 524
1082 1408
830 1267
1419 930
1279 635
1194 65
995 861
6 31
155 672
834 1313
1360 33
559 1147
1500 1396
921 675
505 826
354 564
363 451
555 693
285 137
366 238
12 881
1206 609
433 729
286 783
72 762
201 121
691 1317
603 1456
905 952
1234 1459
943 1018
947 1172
174 228
501 1376
1218 1119
659 1123
129 819
245 1196
979 182
59 1351
803 1423
131 1186
1368 1027
619 829
963 736
945 633
707 1047
619 1361
1443 1351
518 156
99 774
207 1281
110 584
716 421
1282 1377
704 374
1389 518
318 1310
1116 1399
1414 790
236 780
562 778
321 980
745 1007
931 843
344 195
759 1216
579 36
667 1086
1023 50
302 562
122 1135
1189 640
414 560
1094 803
889 817
1177 138
881 1393
778 805
1466 27
1052 817
648 99
1076 852
1259 1019
662 468
1462 973
182 1225
1396 302
494 1445
526 482
1171 191
290 1309
1486 169
1401 621
188 106
1426 59
409 1074
1321 504
1026 573
684 642
1274 1208
943 657
850 112
1311 1319
783 1464
877 523
1137 632
816 980
868 64
1140 38
734 842
1225 64
301 360
1088 944
108 1180
84 665
1009 234
718 1342
894 627
1224 871
267 725
823 66
1295 795
125 342
1158 676
750 1340
417 1433
528 1087
1009 228
1440 1483
1405 31
1110 1027
630 313
977 591
1253 1297
338 1216
596 323
543 698
952 834
1091 1109
382 762
542 175
1252 610
999 645
282 768
1434 696
194 746
629 473
624 153
510 1302
690 1130
967 413
1474 590
914 808
1409 603
953 1357
269 1401
1140 479
635 520
356 324
238 992
1478 395
464 1262
787 1147
1164 355
224 739
975 876
1161 328
1118 611
734 1007
354 514
891 1291
1227 852
275 821
716 548
159 1291
141 933
1124 1104
1407 914
804 408
135 263
1210 1455
1130 835
263 1148
745 1397
574 513
1429 168
1452 950
460 552
692 44
356 483
150 479
481 135
1195 805
138 943
791 649
756 126
1471 319
986 856
1046 1037
897 1290
1203 1287
1420 299
265 772
104 1064
820 743
635 1268
597 920
1015 289
781 1145
893 797
758 692
530 1035
730 1449
922 1346
97 560
1422 1256
1428 417
377 1112
501 1469
1438 826
1192 1311
366 1457
1317 714
544 670
338 820
35 396
279 1263
306 393
608 1489
386 524
1186 1274
1118 70
167 362
1442 650
882 1332
481 592
142 593
1370 1173
306 645
944 480
920 322
179 835
562 300
398 681
1049 1351
69 54
756 21
1150 814
440 1262
800 1063
1237 1278
135 1213
635 1194
1487 954
1291 491
1374 96
1356 1064
1322 664
342 981
1469 105
1042 944
1203 471
114 1258
132 142
998 1055
1480 880
1196 40
340 189
1229 519
802 508
278 809
915 754
748 8
574 1206
74 1031
351 1237
1191 684
503 180
500 685
48 1149
1171 1188
768 1287
1435 859
50 912
496 1130
297 67
1115 1017
1303 1136
1398 605
892 826
310 1304
1475 1116
613 1360
796 1064
456 980
590 503
402 1141
1367 601
201 1013
247 938
1408 203
161 731
1007 1216
1362 213
763 1073
379 642
1086 505
780 120
1214 288
1106 641
1226 763
410 1211
1109 205
369 409
1258 99
331 741
431 331
209 258
291 832
719 1374
1303 1211
1340 85
95 197
1311 1283
1399 1330
913 905
1243 486
23 1180
1206 654
202 173
524 856
386 1397
1256 785
7 531
206 931
491 902
582 798
840 484
129 811
823 643
737 12
946 396
15 1498
258 1101
330 1165
1120 1115
1060 474
770 701
351 305
342 1449
787 230
37 1236
1473 1096
679 1448
1394 290
384 1442
208 672
601 831
743 703
1163 1300
727 411
1080 718
59 60
874 963
1224 370
1325 394
1265 299
562 636
153 1494
1361 697
1426 336
1341 996
546 369
832 142
591 965
853 640
476 1249
342 108
79 1170
797 467
431 200
1374 1164
965 992
626 1107
51 1403
500 74
1339 916
772 1207
1406 1414
341 1100
149 1442
1212 662
265 1307
607 1133
1306 1155
1236 588
1447 1436
1291 669
100 697
1173 1285
1209 106
994 315
580 47
146 253
690 637
106 433
1398 104
622 288
213 1139
1254 731
438 397
978 1004
204 1111
1491 431
752 1287
1281 330
1489 181
134 1241
1043 287
359 742
50 813
1223 468
699 916
336 1281
1479 571
1381 412
244 389
1174 1210
239 752
631 1402
964 534
479 1010
493 325
432 300
587 1396
1478 228
164 216
688 1059
1436 790
1459 230
1164 1451
718 1409
40 581
566 1002
1227 322
654 831
438 1262
390 623
1332 1110
1053 1154
503 456
659 580
1335 446
652 1457
357 566
1373 333
1288 802
1113 828
1498 487
466 913
1379 130
464 282
999 811
304 934
1056 767
530 1474
12 358
1073 1063
941 1300
86 875
111 718
506 1063
1315 992
1264 1151
595 362
390 679
38 197
1428 753
1319 777
519 84
196 257
781 163
1390 1465
69 249
570 817
556 107
205 220
394 1149
1325 944
3 1453
118 541
1065 1003
921 229
826 1058
528 1122
680 300
1211 474
1449 10
127 1096
1125 727
792 763
1243 209
1343 215
1268 178
527 895
1293 1071
257 1095
816 1152
1412 1250
1199 384
813 229
564 675
613 757
1420 1154
272 1251
578 517
1472 825
1267 1468
987 584
144 729
587 1273
1051 94
1453 37
669 740
557 63
823 1100
1164 635
590 641
1104 1177
557 1132
531 897
1126 218
119 138
1115 1190
1408 262
599 1002
1231 341
240 844
787 1332
641 1246
787 1376
728 901
1323 1150
1298 1400
641 753
438 1377
88 824
44 1070
702 764
1421 847
1415 1178
465 392
928 1280
1347 81
492 837
1097 1222
1450 1005
220 477
1078 1326
844 565
587 50
951 1139
1442 461
68 454
441 54
630 634
810 1038
262 308
943 705
1468 624
907 874
996 1231
916 246
352 1126
846 800
446 227
860 1162
665 1141
1092 1338
908 463
696 768
217 129
1075 244
447 1253
970 208
737 1105
1346 212
1496 113
613 730
797 1497
830 1008
823 768
751 1375
1 1012
96 1069
555 312
213 600
556 1405
1476 150
440 237
864 57
1009 1197
698 700
537 351
1252 227
1415 1434
1450 198
509 602
1132 1304
273 27
875 556
661 749
1350 1437
205 1082
1477 1025
723 1334
1242 227
1266 1241
803 1419
514 782
533 1435
507 144
848 155
968 840
1228 612
1029 320
743 1076
1210 1075
772 14
1037 1194
814 973
763 1228
851 58
342 1156
1445 1462
1500 1279
147 171
164 1461
477 498
506 686
1032 1146
676 574
316 169
118 265
1423 479
1035 629
583 199
328 391
94 417
1289 196
587 350
749 577
1274 662
402 532
214 763
477 1301
1200 202
533 1198
1170 631
477 141
1134 1083
110 750
420 450
1004 1392
1340 578
912 9
111 671
247 131
1405 928
1011 468
157 1459
214 517
1382 1128
119 733
772 1335
1189 799
1495 782
1500 307
669 613
546 9
184 35
80 430
1099 147
353 1342
1249 777
232 1371
167 716
801 376
137 1271
1333 449
1250 651
980 1363
225 545
59 551
947 528
397 229
985 1210
969 1163
122 626
895 489
1003 1495
1110 1022
220 1335
1175 32
502 1175
1488 1298
398 682
321 859
1199 88
1472 1306
485 1474
1105 1046
493 308
1191 1474
767 982
283 819
1248 345
200 1237
508 1460
1187 1169
431 851
1232 632
1023 879
503 151
664 1325
1109 529
423 381
1208 1325
197 1406
1238 859
163 410
1388 23
225 661
340 318
668 331
1261 1258
822 440
505 790
1458 1499
585 1300
459 298
237 914
835 1389
893 1201
1233 1448
1189 1252
588 285
997 1299
305 1394
112 311
335 1071
587 704
868 600
98 282
1026 968
54 1171
1447 278
266 183
386 570
629 1360
1104 1023
725 229
613 434
161 1361
133 245
627 723
1214 715
608 113
804 1029
65 696
1121 385
1483 1176
869 660
708 447
70 954
1300 1457
24 229
232 291
298 460
241 1163
1307 893
404 1001
827 920
806 727
1304 558
917 1262
533 930
1279 1455
419 1015
259 1021
1207 118
561 849
209 181
1192 720
577 617
638 621
469 85
614 1037
415 519
1475 1155
198 1339
1173 766
965 811
31 51
1209 837
838 1102
1433 94
807 1123
433 966
1046 114
860 960
1405 349
140 575
47 1253
616 806
1140 1170
877 212
80 1395
256 394
357 310
788 195
1340 1472
700 1154
1350 1397
711 701
918 706
907 583
1306 50
675 913
885 179
728 527
267 489
428 1366
472 63
677 1386
1081 1337
422 1353
430 427
634 1424
949 1160
847 471
1425 236
835 453
254 904
742 528
995 53
889 1147
698 111
586 1383
787 286
1173 1001
188 215
1197 5
22 79
1320 67
352 1243
199 716
1489 968
1000 158
538 236
475 1467
91 366
1337 1351
550 1142
403 73
906 593
1002 1308
1210 504
1496 481
910 478
713 1196
197 1495
950 346
126 320
108 891
440 57
92 1023
1438 846
245 8
308 1101
224 1169
529 44
817 1499
76 1126
955 147
955 898
684 1105
1492 831
1002 1325
370 1436
468 1038
462 246
1273 547
692 489
1052 969
961 422
1024 1178
14 883
1299 535
537 1362
1257 1259
687 500
1305 1003
272 1409
919 451
333 1101
1145 312
1088 1199
951 1111
39 824
989 369
515 150
385 873
1008 399
1109 625
900 52
634 653
54 96
85 768
1343 544
493 1033
966 1310
457 868
153 1246
275 785
364 280
391 318
483 1003
951 730
377 1134
638 544
1437 578
438 241
873 354
908 622
1182 295
1484 695
47 333
848 180
1088 518
996 1015
713 408
273 1160
1488 962
353 398
1169 1146
798 111
1438 56
1466 1077
370 706
723 994
881 1162
470 836
1108 710
736 22
423 306
173 1183
55 1341
1210 760
632 775
834 306
587 1341
897 626
468 890
268 706
891 956
1494 937
73 1359
580 829
1202 508
1289 49
1346 454
152 879
8 825
269 919
587 149
634 1171
1104 630
952 70
1116 206
23 597
1363 33
847 1330
990 820
1451 1042
1451 373
121 1492
988 1190
40 1456
777 664
160 613
885 22
625 1346
1339 483
56 1025
613 1203
93 1052
518 935
1470 541
1437 1303
338 775
282 1228
92 243
193 1462
926 1271
799 817
5 1024
501 1192
306 879
710 1007
641 481
108 774
1039 1178
522 315
1169 1241
432 622
1023 1462
380 909
811 480
1133 730
20 1
1137 528
169 888
187 1198
1473 666
1134 211
177 826
440 1351
8 910
94 469
25 478
517 819
1410 76
81 1290
1452 1112
1262 721
122 1362
958 1182
690 95
862 276
472 1033
262 1163
1181 512
822 566
1054 1195
696 1462
1448 1300
884 846
883 784
735 150
947 1049
1234 1402
310 910
179 897
228 349
46 491
133 1050
25 857
48 248
375 1006
216 561
883 1157
420 1135
607 781
193 693
1304 152
209 465
282 450
1323 1422
226 15
240 644
798 529
939 678
317 843
802 790
1307 1319
1311 935
429 388
1372 674
561 22
53 418
988 233
169 827
1397 563
876 1233
224 368
9 1197
579 80
114 1348
29 841
1378 45
306 221
1038 1067
565 565
52 428
1400 643
1218 1106
311 1020
392 1256
821 1031
267 228
851 392
636 556
986 1299
179 1183
1492 1022
832 209
1189 1221
408 914
97 971
101 197
1154 63
391 1314
36 596
609 1334
1119 451
4 528
226 166
1427 384
1420 680
941 23
938 62
750 1306
1275 489
1215 769
1277 390
215 812
915 1225
95 1391
561 866
302 579
253 529
1026 1068
278 881
649 1196
1196 985
1172 133
427 243
1459 180
321 641
1368 383
784 956
362 393
767 1299
1358 283
596 68
1070 1000
96 1197
104 568
985 1297
223 1253
167 339
1285 1042
702 1063
113 618
584 651
1274 537
560 387
1148 862
455 334
638 1327
708 157
868 50
995 503
166 1466
614 930
1492 996
410 753
478 626
705 231
646 315
61 364
1393 562
1324 1220
918 1087
64 1111
58 604
1474 73
1460 1252
897 69
1448 1141
855 791
900 1132
999 607
1440 410
60 504
844 982
1323 237
1252 748
117 1253
171 574
292 608
140 1206
820 577
969 431
320 1014
1193 1176
1400 1114
36 108
169 202
97 1022
714 1114
73 982
1270 736
209 668
618 1116
312 834
671 334
1295 1218
1031 436
451 1487
1313 69
898 1470
1156 879
731 39
607 976
222 879
636 1283
415 645
1451 36
718 1421
945 1021
6 1378
1277 1442
158 453
1060 1386
194 1361
1219 1061
1423 167
1097 517
1367 302
790 1315
720 403
260 1170
132 601
1081 711
349 1489
21 83
482 310
855 785
185 1087
1269 981
830 465
625 1290
1084 248
1365 291
733 1306
506 45
1307 262
415 750
232 1289
1033 612
1009 973
48 1381
386 922
665 475
851 745
752 1055
1031 1328
263 1025
1339 1232
976 1245
1135 160
325 1016
336 964
173 1323
232 1109
763 257
4 803
943 322
1017 1170
1029 1278
161 463
1204 1157
668 1400
1176 1015
1104 902
322 1332
1228 490
316 11
1428 1226
12 409
37 1495
1035 13
406 713
79 306
993 1249
444 57
1260 806
178 732
825 1297
305 179
985 748
348 906
1353 1235
470 1313
366 884
841 208
977 1092
1203 1106
443 1029
1244 201
378 981
55 1428
52 1009
