p td 2000 1991 
1 1924
2 648
2 1108
2 1457
3 53
3 568
3 1207
4 266
4 1211
4 1229
4 1333
5 626
5 1997
6 88
6 1736
7 403
7 492
7 888
7 1065
7 1482
7 1729
8 1213
8 1845
9 63
10 265
11 98
11 424
12 810
12 938
12 1383
12 1498
13 44
14 1943
15 63
15 333
15 797
16 679
16 738
17 388
17 662
17 1280
17 1485
19 465
20 1341
20 1624
20 1776
20 1878
22 518
22 860
22 1402
23 645
23 857
24 549
24 1226
25 652
25 1447
25 1630
25 1880
26 1090
27 503
27 1805
28 370
28 890
30 142
30 1581
31 151
31 1583
31 1694
32 1213
32 1373
32 1721
33 491
34 1576
35 615
35 952
35 1457
35 1631
36 163
36 241
37 341
37 1103
38 675
38 1092
38 1135
39 254
39 697
39 1207
40 1328
41 652
41 954
43 1659
44 1205
46 890
46 974
47 585
47 1882
48 1714
48 1872
49 892
50 122
50 470
50 1647
50 1676
51 508
51 588
52 1045
52 1345
53 179
53 643
53 1955
54 1832
54 1853
55 554
56 1194
57 643
57 1316
57 1587
58 1190
58 1937
61 901
61 1133
61 1250
63 981
63 1223
63 1502
63 1638
64 1169
65 106
65 1295
65 1554
65 1843
66 90
66 875
66 1398
67 885
67 1720
68 1173
68 1558
69 1054
69 1485
69 1553
69 1601
69 1855
70 481
70 1283
70 1631
70 1914
72 78
73 1216
75 150
75 163
75 483
75 510
75 705
76 1238
76 1257
76 1446
76 1622
78 494
78 642
79 945
79 1035
79 1591
79 1694
80 110
80 630
80 965
80 1607
80 1787
81 1255
82 797
82 1194
82 1518
82 1921
83 1377
83 1794
84 512
85 190
85 1246
85 1456
87 754
88 456
89 778
89 870
89 1742
90 387
90 1132
90 1153
91 953
91 1546
92 610
92 666
92 1534
94 520
94 969
94 1700
95 1022
95 1882
96 1260
96 1293
97 758
97 1626
98 308
98 1957
99 737
99 816
99 1885
100 515
100 971
100 1256
100 1916
101 1387
101 1563
103 263
104 1341
104 1373
105 1086
106 602
106 642
107 229
107 1395
109 712
109 1539
110 995
110 1637
111 1569
112 273
112 356
112 1637
113 939
113 1667
114 553
114 1227
115 414
115 1480
116 562
117 343
117 1144
117 1501
118 1004
119 257
119 816
119 949
119 1501
119 1776
120 1396
121 601
121 1118
121 1839
122 815
122 1023
123 386
123 632
123 734
124 141
124 1530
125 1141
126 887
126 1594
128 272
128 369
128 1351
129 182
131 1635
131 1793
131 1980
132 498
132 730
133 1146
133 1643
133 1769
133 1778
134 1487
135 345
135 664
135 1197
136 1602
137 176
137 296
137 347
137 1415
138 807
138 1451
139 539
139 966
140 1937
141 412
141 532
142 333
143 963
143 1361
144 228
144 572
144 1174
145 760
145 849
145 873
145 956
145 1123
145 1432
146 612
147 496
147 1220
147 1371
148 870
149 1073
149 1756
150 996
151 1098
152 1497
152 1796
153 242
153 711
153 1027
153 1657
154 1888
154 1980
155 190
155 937
155 966
157 952
157 1172
159 599
159 1887
161 1765
162 636
162 1100
162 1215
162 1227
162 1244
162 1721
163 1093
164 559
165 1592
166 432
166 1811
167 298
167 745
167 1529
169 1805
169 1885
170 1099
170 1393
170 1794
173 1737
174 576
174 1492
174 1896
174 1919
175 534
175 651
176 397
176 1626
176 1787
177 1890
178 416
178 1673
179 1092
179 1951
180 723
181 994
182 1361
183 1241
183 1273
186 632
186 837
187 699
187 1050
188 847
188 867
188 1666
188 1856
189 447
189 1249
191 527
191 669
192 1225
192 1698
192 1722
192 1982
193 820
194 247
194 618
194 898
194 1220
194 1330
195 599
195 1122
197 1006
197 1139
197 1305
197 1727
198 1323
198 1524
200 1320
200 1875
204 393
204 567
204 1973
205 1971
208 971
208 1509
208 1648
209 1874
210 371
210 808
210 1183
210 1923
210 1957
211 1337
211 1575
213 271
213 1361
213 1383
213 1751
215 440
215 551
216 1985
217 776
217 840
218 1905
219 460
219 755
220 316
220 1703
221 307
222 1763
222 1824
224 1427
225 533
225 1072
226 502
226 814
226 1644
227 1124
228 414
228 569
229 1253
229 1846
231 1485
231 1517
231 1522
231 1542
232 1759
233 289
233 1530
234 868
235 442
236 1772
237 370
237 1066
238 323
242 618
242 842
242 1035
242 1231
242 1369
243 1473
243 1856
245 475
245 780
246 894
249 1333
250 474
250 1089
251 485
251 1730
251 1864
252 766
253 981
254 1852
255 869
256 689
257 275
257 1776
257 1968
258 649
258 1109
258 1221
260 395
260 1075
261 1080
261 1233
262 1959
263 1259
264 304
265 988
266 1605
267 467
267 468
267 1017
267 1742
268 524
268 1709
269 885
270 1604
270 1678
271 1360
271 1427
271 1574
272 394
272 1079
272 1330
272 1885
273 423
273 842
274 1457
274 1790
274 1981
276 401
276 468
276 899
276 901
276 1401
276 1597
277 1094
278 1373
279 2000
280 796
281 856
283 1448
285 384
285 440
285 795
285 881
285 1160
287 385
287 1032
287 1166
288 612
288 613
289 761
289 789
289 887
289 1447
289 1571
290 310
290 654
290 1813
291 1319
291 1663
293 425
293 1564
293 1763
294 1804
295 1141
297 764
297 966
297 1727
298 1236
298 1508
299 305
299 805
299 1292
300 1736
300 1774
301 351
301 1086
301 1782
302 1703
302 1942
302 1970
304 321
305 396
306 1808
307 443
307 1134
308 324
308 660
308 1614
308 1706
308 1816
309 575
309 795
312 417
312 1410
312 1964
313 632
313 1101
313 1839
313 1886
314 1269
316 1354
317 1320
318 1837
319 492
321 987
321 1158
321 1297
321 1815
322 618
322 1022
322 1613
326 1650
327 1221
327 1639
328 358
328 623
328 1116
328 1500
329 345
330 414
330 678
330 1363
332 1764
332 1807
334 1329
334 1630
335 1726
337 1082
338 393
338 1293
338 1948
340 1586
340 1809
341 736
341 848
342 1111
343 613
343 727
343 1287
343 1298
343 1888
343 1963
344 1202
344 1441
345 947
347 1619
347 1784
348 1268
348 1416
349 722
350 985
350 1195
351 699
352 1236
353 1082
354 479
354 1214
354 1384
355 520
356 393
356 1103
356 1482
357 603
357 935
357 1083
357 1964
358 406
359 670
359 1722
360 1538
360 1668
362 1607
363 1212
363 1418
364 386
364 1929
365 655
366 1293
367 443
368 976
368 1708
369 459
369 1777
369 1840
372 1560
372 1605
373 615
373 955
374 1552
375 948
375 1209
376 651
376 806
377 968
377 1534
378 720
378 1215
378 1216
378 1426
378 1892
379 1632
379 1929
381 1664
382 792
382 1315
383 679
383 1878
384 568
384 945
384 1047
384 1546
384 1860
385 576
385 669
386 393
386 509
386 1638
388 1217
388 1977
390 1068
390 1746
390 1847
391 1961
393 1230
394 1654
394 1968
395 622
396 1095
397 959
397 1407
397 1765
397 1813
398 678
400 1294
401 616
401 1415
401 1826
403 460
403 1435
403 1812
404 1375
407 679
407 1007
407 1596
407 1939
408 1480
409 1845
410 453
410 1307
411 532
411 995
411 1043
412 1488
412 1515
412 1823
412 1828
413 1666
413 1844
414 1043
414 1391
415 455
415 691
416 1044
416 1419
417 897
417 1235
418 1640
420 1628
421 540
422 1161
423 981
424 1126
425 908
425 1033
425 1638
426 602
426 1213
426 1222
427 1853
428 455
428 1601
428 1883
429 1157
429 1493
430 583
430 1018
430 1319
431 735
432 1026
433 1582
434 885
434 930
434 1439
434 1632
434 1885
434 1981
435 792
436 578
436 1950
437 454
437 942
437 1936
439 656
439 1766
442 1128
442 1895
443 506
445 727
445 924
446 1504
446 1539
448 1137
448 1663
449 1240
452 1041
453 743
453 1114
453 1731
455 660
455 1453
455 1618
457 542
457 600
457 1380
457 1759
458 1859
459 1095
459 1992
460 1061
460 1623
461 522
462 628
462 1928
463 1553
464 832
464 1971
465 703
465 1868
467 1521
468 1531
468 1761
468 1843
469 1396
469 1929
473 485
473 1840
474 1227
474 1946
475 770
475 1054
476 487
477 879
478 1138
478 1441
478 1526
479 501
479 891
480 1145
481 1694
482 1585
482 1597
482 1736
484 1071
484 1124
486 1408
486 1721
487 1439
487 1542
488 543
488 548
488 1051
488 1421
489 808
491 753
491 1166
492 597
493 632
493 817
493 1734
493 1978
494 536
496 684
496 1387
497 1846
498 584
498 1579
498 1662
498 1862
498 1962
502 1903
505 1301
505 1712
507 1226
507 1818
508 617
508 626
508 739
508 1574
509 1202
510 1528
511 1730
512 999
512 1291
512 1613
513 1201
513 1448
514 1240
515 657
515 1255
516 1034
516 1539
517 1102
518 845
518 1725
519 701
520 1607
521 1528
522 582
523 1276
524 960
524 1549
525 1205
525 1821
526 1197
527 606
527 1194
527 1399
528 1001
528 1150
529 1272
529 1974
530 956
531 1407
532 603
532 1267
532 1641
532 1923
535 772
536 1245
537 1693
537 1969
538 869
538 1098
538 1998
539 551
539 622
540 785
540 807
540 966
540 1720
541 1381
541 1938
543 1698
545 1012
546 917
547 581
547 605
547 1023
547 1190
547 1487
547 1696
548 1120
549 953
550 803
550 1094
552 1787
554 1073
554 1669
554 1932
555 1790
556 1095
557 825
557 1749
557 1851
558 1197
559 619
560 669
560 860
560 1921
561 1291
562 590
562 1372
562 1397
564 1500
565 1717
566 992
566 1121
567 784
568 1911
569 895
569 1879
570 1101
570 1351
571 832
572 1237
572 1324
572 1802
573 710
573 1702
574 757
574 1933
575 1359
576 1467
577 1122
578 1826
579 704
579 1604
580 1755
581 1195
582 1034
583 748
585 1025
585 1741
587 1239
587 1473
589 1237
589 1929
590 1109
590 1255
590 1349
592 836
593 950
594 937
594 1162
594 1243
594 1872
596 1912
597 1041
597 1645
598 955
598 1350
599 1343
600 1042
600 1555
601 1908
602 929
602 1892
603 675
603 792
603 893
604 1384
605 1304
605 1512
606 1370
606 1743
606 1918
606 1992
607 1392
610 920
610 1499
610 1592
610 1926
612 997
612 1069
612 1684
612 1934
613 928
615 1432
615 1782
617 1308
617 1836
618 918
619 801
619 907
619 1921
620 1264
621 779
621 1348
623 1380
624 1795
625 1091
625 1832
626 1290
627 1791
627 1842
628 771
630 1700
632 1501
633 826
633 1363
634 1413
636 913
636 1032
636 1057
636 1760
637 1847
640 1228
640 1354
640 1533
640 1650
641 694
643 945
643 1469
643 1714
644 706
644 1045
645 1056
646 723
646 974
646 1367
646 1524
649 1204
649 1284
652 1346
652 1682
656 1275
656 1465
656 1785
657 1008
657 1035
657 1252
657 1411
657 1669
658 948
659 677
659 1298
660 694
660 1581
661 691
661 1529
662 1647
664 877
664 1417
665 1183
666 905
666 1402
667 714
667 841
667 1630
669 1331
670 867
671 856
671 1017
671 1389
671 1605
673 1117
673 1479
674 1096
674 1356
674 1621
675 1211
676 793
676 1609
677 1108
677 1155
677 1321
678 1138
678 1420
678 1479
679 835
680 1460
680 1511
681 1375
681 1638
682 1622
682 1652
684 807
684 1503
685 1548
685 1738
686 1431
686 1665
687 1933
687 1976
688 1953
689 1701
692 870
692 916
693 1210
693 1371
694 976
694 1357
694 1692
697 951
698 1832
701 1406
701 1767
701 1848
703 864
704 1834
705 1233
706 900
706 1180
706 1853
707 1353
707 1708
708 1137
709 834
710 1218
712 778
714 789
715 1346
716 953
716 1140
717 871
717 1826
718 866
719 1014
719 1282
720 1371
720 1459
722 1820
722 1825
723 1150
725 1039
726 1842
727 1971
728 1514
729 894
729 1693
730 747
730 1940
731 1939
732 744
734 968
735 1097
736 1795
738 1188
739 1181
739 1566
740 995
740 1004
741 943
741 1954
741 1961
742 1738
743 817
743 1267
744 748
744 1650
744 1707
744 1980
745 1811
747 1233
748 1179
749 1738
749 1912
752 1371
753 1054
753 1808
756 791
756 1633
756 1871
756 1911
757 1259
757 1984
758 1923
759 889
760 1261
762 1900
765 1371
765 1888
766 1888
767 1357
767 1843
770 1359
771 793
772 870
772 1414
772 1465
772 1536
772 1824
773 1900
774 1727
776 959
776 1855
779 1040
779 1238
779 1335
779 1390
781 1707
782 1214
783 1203
784 1931
786 871
787 1392
787 1747
788 1302
789 858
789 1128
791 1153
791 1475
792 1094
792 1212
792 1269
793 1312
794 1692
795 1372
796 1038
798 1358
800 1264
800 1740
801 1687
802 1384
804 1112
804 1563
805 1693
807 969
807 1425
808 1744
808 1773
808 1775
809 862
810 840
810 1369
813 1325
813 1532
814 962
814 1924
817 1799
819 908
819 1938
820 1180
821 1308
823 1085
823 1962
825 997
826 941
826 1473
826 1508
826 1671
829 1062
829 1641
831 1840
832 1535
833 1232
833 1477
833 1568
834 982
834 1534
836 1248
836 1575
838 1908
839 1113
839 1913
840 1986
841 1155
842 1735
843 1956
844 1957
845 1009
845 1526
845 1925
846 1433
847 868
848 1410
848 1576
848 1755
849 1044
850 914
851 1473
852 1287
853 1277
853 1401
853 1447
853 1807
854 1986
855 1537
855 1789
858 1776
859 1807
859 1963
860 984
860 1755
862 1264
862 1284
863 1669
864 1114
866 1294
866 1814
867 1269
869 1924
870 1606
871 987
871 1455
874 977
874 1926
874 1958
877 1447
877 1650
878 1622
878 1713
878 1889
879 1022
879 1715
880 970
880 1253
881 920
881 1044
881 1670
882 1087
882 1281
882 1555
883 1803
884 1621
884 1642
885 1220
885 1351
887 967
888 1872
888 1894
890 976
891 970
891 979
892 999
892 1303
892 1991
894 1452
895 1238
895 1612
895 1945
895 1973
896 1653
897 1811
900 1212
900 1344
900 1395
902 1762
902 1819
905 1221
905 1749
906 1784
908 1412
909 1352
909 1836
911 1158
914 1724
915 1103
917 1029
917 1253
917 1631
917 1957
918 1731
920 1293
921 1429
922 1139
922 1182
923 1249
923 1599
924 1711
925 1763
926 1230
932 1064
932 1504
936 963
936 1038
936 1530
937 1833
938 1302
938 1939
939 1579
940 1612
941 983
941 1635
942 1845
942 1849
944 1786
947 1771
948 1025
950 1737
950 1943
950 1945
951 1745
957 1254
957 1284
957 1992
958 1365
960 1059
960 1178
960 1270
961 983
962 1229
964 1481
965 1255
966 1046
966 1261
966 1917
967 1012
967 1183
968 1650
969 1528
969 1608
971 1140
971 1403
971 1478
972 1229
972 1460
972 1781
974 1899
975 1117
976 1185
976 1402
977 1136
977 1293
977 1350
982 1438
982 1719
982 1828
983 994
983 1668
985 1528
985 1964
987 1337
988 1253
989 1777
990 1777
992 1277
992 1889
993 1288
994 1879
996 1033
996 1831
997 1720
998 1159
1002 1191
1002 1297
1002 1407
1003 1516
1003 1838
1003 1898
1004 1686
1005 1493
1005 1590
1006 1612
1007 1086
1008 1270
1009 1634
1010 1460
1011 1035
1013 1410
1013 1858
1013 1920
1014 1241
1014 1720
1015 1452
1017 1119
1019 1733
1021 1136
1021 1414
1021 1531
1023 1792
1023 1952
1024 1182
1024 1862
1025 1133
1028 1728
1029 1296
1031 1928
1033 1155
1033 1799
1037 1969
1039 1686
1040 1912
1042 1591
1042 1966
1043 1585
1046 1248
1048 1051
1048 1266
1049 1888
1051 1185
1052 1229
1053 1479
1053 1563
1053 1578
1053 1841
1054 1584
1055 1312
1055 1639
1057 1361
1057 1387
1058 1306
1058 1501
1062 1441
1064 1375
1066 1511
1066 1886
1067 1823
1067 1909
1069 1690
1071 1158
1072 1079
1072 1735
1072 1788
1073 1521
1073 1631
1074 1249
1075 1921
1075 1939
1076 1300
1079 1321
1080 1245
1081 1258
1081 1892
1082 1811
1083 1889
1085 1900
1086 1163
1086 1431
1086 1571
1086 1981
1087 1369
1088 1215
1088 1826
1089 1219
1089 1329
1090 1269
1090 1571
1090 1952
1091 1765
1092 1415
1095 1674
1096 1136
1096 1360
1097 1544
1099 1498
1100 1578
1101 1564
1104 1319
1104 1358
1104 1414
1106 1622
1107 1151
1107 1531
1110 1545
1111 1132
1112 1522
1114 1410
1114 1945
1116 1967
1117 1942
1118 1423
1118 1747
1119 1364
1119 1745
1122 1529
1124 1620
1126 1865
1127 1961
1129 1389
1129 1432
1132 1935
1135 1988
1136 1265
1138 1139
1140 1592
1140 1826
1141 1827
1141 1928
1142 1380
1144 1282
1145 1300
1145 1498
1146 1503
1147 1179
1147 1387
1148 1192
1148 1310
1148 1498
1150 1484
1151 1186
1153 1271
1159 1418
1159 1675
1160 1707
1163 1340
1164 1321
1166 1976
1167 1823
1168 1238
1168 1610
1171 1189
1172 1261
1172 1902
1173 1553
1174 1176
1175 1637
1177 1293
1177 1633
1177 1710
1180 1602
1180 1995
1181 1389
1182 1579
1183 1535
1184 1451
1185 1878
1187 1316
1188 1953
1189 1533
1189 1751
1196 1849
1197 1339
1198 1828
1198 1995
1199 1830
1200 1468
1201 1974
1202 1653
1204 1481
1205 1355
1205 1796
1208 1838
1209 1297
1209 1526
1210 1253
1211 1467
1213 1233
1213 1418
1214 1328
1216 1601
1217 1423
1219 1607
1222 1316
1222 1601
1223 1300
1226 1955
1228 1718
1228 1902
1231 1333
1232 1526
1233 1470
1235 1649
1236 1711
1240 1827
1241 1352
1241 1386
1246 1649
1246 1814
1247 1638
1248 1906
1249 1288
1252 1957
1253 1860
1254 1709
1254 1869
1255 1984
1256 1287
1256 1614
1257 1437
1257 1775
1258 1343
1260 1824
1261 1817
1264 1633
1265 1877
1267 1338
1268 1726
1269 1970
1270 1517
1271 1525
1271 1615
1273 1533
1276 1482
1281 1876
1283 1648
1285 1472
1285 1977
1286 1395
1286 1440
1286 1662
1287 1576
1287 1776
1290 1848
1291 1883
1292 1982
1292 1989
1293 1896
1294 1352
1294 1772
1295 1536
1297 1363
1297 1394
1300 1498
1300 1948
1301 1431
1302 1645
1310 1636
1310 1700
1313 1568
1313 1769
1315 1469
1316 1547
1316 1798
1318 1568
1318 1902
1319 1948
1320 1974
1321 1924
1324 1436
1325 1552
1325 1739
1332 1580
1332 1976
1334 1527
1335 1962
1337 1381
1339 1383
1339 1541
1339 1594
1339 1889
1339 1903
1342 1998
1343 1371
1345 1347
1345 1603
1345 1892
1347 1887
1348 1638
1349 1803
1353 1673
1353 1717
1354 1524
1355 1498
1356 1785
1356 1846
1356 1952
1359 1561
1359 1727
1359 1790
1364 1568
1365 1492
1368 1566
1369 1903
1370 1398
1370 1830
1373 1525
1379 1673
1382 1633
1385 1516
1388 1895
1394 1564
1394 1958
1395 1651
1395 1979
1396 1478
1397 1595
1402 1779
1404 1443
1404 1937
1405 1515
1407 1821
1414 1762
1416 1466
1417 1500
1418 1885
1419 1440
1419 1669
1419 1748
1420 1472
1425 1799
1425 1978
1426 1543
1427 1886
1432 1507
1432 1619
1433 1764
1435 1595
1437 1631
1437 1864
1440 1662
1441 1658
1445 1841
1446 1821
1450 1927
1451 1761
1454 1796
1454 1797
1454 1976
1462 1908
1463 1700
1464 1739
1465 1787
1465 1899
1467 1999
1468 1619
1468 1642
1468 1841
1472 1788
1475 1622
1475 1670
1475 1953
1478 1548
1480 1500
1481 1609
1481 1772
1485 1522
1487 1884
1492 1894
1492 1970
1494 1800
1495 1638
1496 1888
1502 1544
1502 1864
1504 1873
1506 1704
1511 1696
1511 1839
1514 1630
1515 1809
1516 1913
1521 1912
1523 1789
1524 1541
1525 1714
1532 1606
1535 1810
1538 1619
1542 1819
1542 1950
1544 1891
1545 1767
1546 1728
1552 1683
1554 1916
1556 1933
1560 1632
1561 1626
1564 1869
1565 1747
1567 1797
1569 1738
1577 1968
1585 1763
1586 1680
1589 1703
1592 1888
1594 1810
1595 1982
1598 1877
1598 1995
1600 1961
1601 1736
1602 1828
1607 1747
1608 1909
1612 1639
1612 1698
1614 1655
1616 1691
1616 1811
1616 1874
1628 1657
1631 1826
1633 1852
1636 1899
1638 1835
1640 1753
1641 1752
1642 1702
1644 1649
1644 1821
1652 1670
1654 1965
1661 1904
1663 1929
1664 1674
1664 1994
1665 1900
1667 1698
1667 1829
1668 1856
1670 1915
1671 1733
1671 1829
1674 1766
1679 1716
1680 1766
1680 1872
1688 1766
1688 1885
1692 1833
1695 1987
1700 1749
1707 1823
1707 1908
1710 1934
1710 1938
1713 1899
1726 1959
1728 1906
1735 1954
1740 1765
1748 1760
1750 1919
1751 1890
1767 1808
1771 1904
1783 1895
1796 1945
1819 1890
1824 1964
1830 1874
1838 1878
1839 1953
1846 1994
1863 1869
1864 1919
1864 1934
1875 1922
1884 1926
1891 1923
1895 1897
1899 1939
1900 1969
1910 1958
1937 1970
1948 1985
