p td 4000 8034 
1 1265
1 2361
1 2417
2 1399
3 421
3 956
3 3161
3 3445
3 3590
4 198
4 229
4 574
4 988
4 3987
5 723
5 1884
5 2551
6 2441
6 3572
6 3932
7 1134
7 1423
7 2545
7 2748
7 2938
7 3241
8 970
8 2149
8 2701
8 3536
8 3994
9 235
9 630
9 3779
10 575
10 1254
10 3097
10 3471
11 303
11 3324
12 235
12 944
12 2391
13 273
14 898
14 3940
14 3955
15 2634
15 2683
15 2829
16 930
16 1237
16 2222
16 2744
17 475
17 1250
17 1325
17 3038
17 3372
18 2920
18 3055
18 3432
19 304
19 446
19 687
19 1129
19 1930
19 2356
19 3304
19 3631
20 178
20 333
20 388
20 1392
20 3298
20 3552
20 3609
21 903
21 2069
21 2651
21 3240
21 3307
22 2555
22 3478
23 153
23 571
23 624
23 3950
24 201
24 270
24 2335
24 2814
25 746
25 874
25 1268
25 1389
25 1461
25 2148
25 2369
25 3157
27 265
27 310
27 1834
27 2679
27 2940
28 975
28 2220
28 3520
29 254
29 564
29 1273
29 1906
30 1557
30 2243
31 573
32 1056
32 1088
32 1319
32 1830
32 2359
32 2449
32 3564
32 3987
33 700
33 854
33 1683
33 1917
34 530
34 1759
35 627
35 2837
35 3171
35 3515
35 3539
36 971
36 2873
36 3318
37 1410
37 3115
38 808
38 1611
38 2289
38 2346
38 2770
39 1344
39 3515
40 1826
40 3498
41 3629
42 609
42 1540
42 2636
42 2969
42 3132
43 98
43 2069
43 2680
43 2815
43 3701
43 3773
44 477
44 697
44 2629
44 3076
44 3219
44 3411
45 486
45 738
45 1630
45 1686
45 2205
45 2548
45 3523
46 1017
46 3785
47 1969
47 2000
48 130
48 1046
48 1463
48 3010
48 3756
48 3923
49 365
49 468
49 884
49 1745
49 2326
49 2429
49 3247
50 1597
50 2152
51 1291
51 1677
51 2309
52 1329
52 2877
52 3052
52 3400
52 3647
53 1691
53 1754
53 2459
53 3479
54 3302
54 3820
55 111
55 181
55 2179
55 2358
55 2530
55 2702
55 3342
55 3563
56 282
56 325
56 1354
56 1411
56 1753
56 2148
56 2987
56 3578
57 193
57 1028
58 1196
59 2325
59 3074
59 3696
59 3792
60 583
60 2151
60 3870
61 360
61 2088
61 3206
62 749
62 2253
62 2355
62 2466
62 2587
62 2881
63 478
63 809
63 2433
63 3180
63 3492
64 639
64 2008
64 3864
65 399
65 815
65 1212
65 2017
66 1941
66 3002
66 3560
67 2138
67 2273
67 2902
67 3581
67 3958
68 324
68 675
68 744
68 1548
68 3499
69 211
69 291
69 566
69 1088
69 1657
69 2215
69 2907
69 3653
70 192
70 408
70 1798
70 2037
70 2210
71 491
71 1094
71 1280
71 2503
72 762
72 830
72 934
72 1484
72 1516
72 2960
73 1689
73 2149
73 3621
74 105
74 837
74 1400
74 1943
74 2847
74 3420
74 3593
75 875
75 1747
75 2015
76 280
76 2831
77 724
77 1650
77 2290
77 2330
77 3038
77 3342
78 1124
79 296
79 1890
79 2786
79 2951
79 2974
79 3648
80 86
80 527
80 681
80 809
80 2885
80 3768
82 421
82 432
82 577
82 1800
82 2858
82 3507
83 456
83 3470
83 3807
84 805
84 1446
84 1705
84 2428
84 2730
84 3420
84 3946
85 1075
85 2028
85 2561
85 3459
86 2109
86 2574
87 628
87 2513
87 3270
87 3928
88 1451
88 1979
89 906
89 967
89 1864
89 2982
90 396
90 620
90 2294
90 2537
90 2676
90 3932
90 3960
91 533
91 1422
91 1909
91 2280
91 3566
93 3038
93 3843
94 307
94 699
94 1371
94 2306
94 2608
94 3654
95 439
95 1074
95 2530
95 3248
96 186
96 662
96 749
96 2780
97 1925
97 1932
98 843
98 3671
98 3981
100 451
100 474
100 855
100 936
100 973
100 3302
100 3315
100 3586
101 806
101 809
101 1806
101 2921
101 2991
101 3045
103 971
103 1253
103 2357
103 3565
104 476
104 1960
104 2056
104 2415
104 3285
104 3352
104 3791
105 195
105 1095
105 3477
105 3840
106 979
106 1903
106 2044
106 3985
107 924
107 1902
108 255
108 527
108 1106
108 1310
108 2219
108 2457
109 807
109 2770
110 1558
110 1578
110 1628
110 3554
111 250
111 563
111 1462
111 3046
112 1105
113 921
113 1447
113 2254
113 2668
113 3742
114 1330
114 1558
114 2307
114 3312
115 373
115 518
115 3428
116 317
116 1268
116 1918
116 1999
117 2027
117 2640
117 2927
118 204
118 645
118 2937
118 3027
118 3925
119 543
119 2877
119 3881
120 3741
120 3977
121 697
121 866
121 1430
121 1706
121 2037
121 2245
121 3169
122 430
122 1417
123 273
123 286
123 2519
124 2732
125 1096
125 1494
125 2330
125 3540
126 395
126 729
126 819
126 1103
126 2185
126 3553
127 1809
127 1851
127 2036
127 2118
127 2380
127 2452
127 2581
128 1275
128 2698
128 2909
129 162
129 660
129 3503
130 1287
130 1532
130 2667
130 3527
131 829
131 1315
131 2122
131 3260
131 3651
132 1596
132 2561
133 985
133 1442
133 1736
133 1921
133 2137
133 3066
133 3450
133 3461
133 3975
134 1265
134 3222
134 3913
136 793
136 2252
136 3937
137 518
137 754
137 2040
137 2546
137 3103
137 3668
138 593
138 2832
138 3318
139 151
139 165
139 814
139 1003
140 578
140 1887
140 2115
140 2471
140 3120
140 3748
141 505
141 922
141 1415
141 3811
141 3892
142 956
142 1247
142 1493
142 2274
142 2405
143 1804
143 3100
144 2612
145 622
145 952
145 3306
145 3973
146 1182
146 1188
146 1357
146 1644
146 1995
146 2894
146 3820
147 472
147 2850
147 3447
147 3838
148 1815
148 1923
148 2062
148 2135
148 2891
148 3348
148 3553
149 2328
150 997
150 1588
150 1629
150 2231
150 2732
151 433
151 688
151 1973
151 2222
151 3454
152 619
152 668
152 922
152 1198
152 1818
152 3721
153 689
153 1887
153 2406
153 2830
153 3174
154 891
154 3049
154 3088
154 3298
155 486
155 985
155 1062
155 1874
155 2288
155 2492
155 2569
155 2714
155 3043
155 3852
156 596
156 747
156 1479
156 2242
156 2295
156 3358
157 616
157 1991
158 422
158 1007
158 3917
159 2016
159 2311
160 294
160 922
160 1789
160 2084
160 2690
160 3625
161 1088
162 2702
162 3143
163 282
163 359
163 1853
163 2417
163 2791
163 3015
163 3083
163 3188
164 928
164 956
164 1487
164 1521
164 2915
164 3523
164 3718
165 1773
165 2839
166 179
166 1497
166 1573
166 2394
166 3366
166 3948
167 3367
167 3933
168 959
168 1893
168 3237
168 3512
169 1041
169 3621
170 1483
170 1487
170 2666
171 1478
171 1612
171 1920
171 2636
171 3063
171 3109
171 3330
172 431
172 1364
172 3080
173 306
173 798
173 2180
173 2336
173 3669
174 3562
175 745
175 959
175 1374
175 3743
175 3913
175 3968
176 1407
176 2900
176 3144
177 600
177 658
177 687
177 1129
177 2364
177 3967
178 1072
178 1303
178 1541
178 2082
178 2191
178 2574
179 876
179 2605
179 2979
180 3801
181 723
181 1630
181 2260
181 2880
182 336
182 1188
182 1691
182 1965
183 280
183 1092
183 1386
183 2060
183 2816
184 756
184 936
184 1379
185 439
185 2467
185 3967
185 3999
186 404
186 1160
187 1166
187 1544
187 1827
187 3569
188 1492
188 2275
188 3714
189 350
189 814
189 1416
189 2837
190 830
190 2032
190 2642
190 3472
190 3989
191 1356
191 1586
191 2563
191 2931
191 3693
192 732
192 1053
193 727
193 1313
193 1333
193 1474
193 1996
193 3465
193 3635
194 522
194 1125
194 2396
194 3948
195 936
195 2177
196 944
196 967
196 1068
196 1571
198 407
198 3099
198 3391
198 3592
199 1421
199 3500
200 660
200 2686
200 2961
200 3550
200 3676
200 3801
201 379
201 552
201 734
201 1187
201 3996
202 256
202 3079
203 1169
203 1781
203 1905
203 3188
203 3315
203 3704
204 335
204 2011
205 1002
205 3559
206 657
206 1144
206 2194
206 3661
207 490
207 705
207 3603
207 3609
208 1055
208 1934
208 2745
208 3808
209 856
209 3356
210 1873
210 3256
211 748
211 782
211 1021
211 2848
211 3203
211 3392
212 2009
212 2047
212 2898
213 1004
213 2821
214 2556
214 2725
214 2817
214 2852
214 3407
215 766
215 948
215 1626
215 1728
215 2736
215 3589
216 234
216 649
216 738
216 1153
216 1428
216 1733
216 2542
216 3523
217 1785
217 2481
218 824
218 838
218 1294
218 1438
218 1449
218 1631
218 2323
218 3720
219 1034
220 574
220 854
220 2978
220 3680
221 3082
221 3506
221 3716
222 296
222 2045
222 2293
222 2421
222 2560
222 2919
222 3669
225 2216
225 3617
226 1248
226 1276
226 1589
226 2422
227 802
227 2656
227 2917
228 1200
228 1589
228 3751
229 1252
229 3871
230 1356
230 3613
231 459
232 1196
232 1657
232 3579
233 2583
233 2789
233 3632
233 3752
234 326
234 1561
234 3135
234 3930
235 482
235 835
235 1791
236 850
236 1964
236 3652
237 244
237 1037
237 1130
237 1172
237 3081
238 2059
239 266
239 481
239 600
239 1344
239 1633
239 1711
239 1950
239 2077
239 3221
239 3544
240 859
240 1501
240 2150
240 3632
241 1122
241 2507
241 3579
241 3777
242 1853
243 2887
244 2142
244 2660
244 2898
246 1115
246 3058
246 3835
247 290
247 330
247 893
247 1943
247 3389
248 484
248 1323
248 1450
248 1587
248 2018
249 847
249 2044
249 2710
249 3100
250 1800
250 3569
251 261
251 974
251 1952
251 2712
251 3214
251 3584
252 461
252 1219
252 1373
252 3908
253 515
253 907
253 1612
253 1907
253 3438
256 375
256 704
256 1933
257 921
257 1894
258 2170
258 2314
258 3583
258 3975
259 1141
259 1717
259 2371
259 2872
260 436
260 1526
260 2731
260 2762
261 327
261 2973
261 3144
261 3874
262 610
262 1136
262 1497
262 3211
263 1375
263 2162
263 2422
263 3093
263 3874
264 555
264 881
265 3514
266 2037
266 3731
266 3762
267 1859
267 3527
267 3895
267 3996
268 895
268 2322
268 3443
269 331
269 2602
269 2792
269 2851
269 3166
269 3282
270 699
270 2236
270 2781
271 1195
271 1977
271 3207
272 1011
272 2439
272 2612
273 558
273 1968
273 3215
274 403
274 1277
274 1549
274 2584
274 3344
275 1896
275 2965
275 3050
275 3595
275 3606
276 3908
277 585
277 2256
277 3474
277 3731
278 379
278 512
278 592
278 1064
278 2169
278 2255
279 979
279 1203
279 1272
279 1366
279 2401
279 2432
279 2482
279 2829
279 2866
279 2869
279 3783
280 1000
280 2768
280 3571
281 3465
282 357
282 818
282 2599
282 2616
282 3652
283 637
283 749
283 1320
283 1925
284 380
284 1575
284 1932
284 2246
284 2892
285 518
285 1618
285 2493
285 3230
286 848
286 3221
287 376
287 446
287 571
287 1967
288 640
288 1406
288 2199
288 2499
288 3829
289 691
289 837
289 2172
289 2277
289 2560
289 3190
289 3724
289 3972
290 714
290 1965
290 2677
290 3112
290 3600
291 665
291 1622
291 2134
291 2548
291 2822
291 2961
291 3734
292 1136
292 2153
292 2870
292 3328
293 3785
294 403
294 943
294 1110
294 1111
294 1188
294 1722
294 2354
294 2611
294 2803
294 3613
294 3948
295 1137
295 1624
295 1644
295 3285
296 1922
296 2751
297 2197
297 2662
297 3077
297 3805
298 433
298 765
298 1425
298 1944
298 2546
298 3642
298 3649
299 1814
299 2552
299 3572
300 2452
300 2516
300 3112
300 3325
301 1212
301 1254
301 1988
301 3895
302 898
302 2296
302 2687
302 3281
303 503
303 979
303 2784
303 3290
303 3688
304 1043
304 2071
304 3137
304 3368
304 3856
305 1714
305 2279
305 2903
306 777
306 2018
306 3306
307 657
307 747
307 1978
307 2101
307 3332
308 1165
308 2160
308 3340
309 465
309 2516
310 322
310 1335
310 1735
310 2514
310 3021
310 3295
310 3669
311 1113
311 2954
312 691
312 1245
312 1935
313 2193
313 3143
313 3257
313 3393
314 622
314 3213
314 3594
314 3752
315 327
315 2547
315 3231
316 800
317 503
317 690
317 745
317 1723
317 1891
317 2037
317 2188
318 366
318 2085
318 2117
318 2424
318 2697
318 3206
318 3673
319 1464
319 3185
320 2332
320 2459
321 1481
321 3090
323 473
323 1694
323 1760
323 2845
324 417
324 716
324 1140
324 2796
324 3289
324 3420
325 803
325 1904
325 2455
326 1015
326 3297
326 3325
326 3451
327 1652
327 1764
328 332
328 2296
328 3666
329 896
329 1152
329 1255
329 2152
329 2983
329 3524
329 3538
329 3757
329 3774
330 728
330 1175
330 1404
330 1985
330 2852
330 3073
330 3279
330 3286
331 1457
331 1487
331 1997
332 1127
332 1616
332 2194
332 2874
332 3139
332 3311
332 3363
332 3622
333 720
333 2268
333 3968
334 2240
334 3888
335 727
335 948
335 1128
335 2166
336 2150
336 2589
336 2876
336 3711
337 904
338 770
338 1608
338 1845
338 2018
338 3858
339 670
339 785
339 816
339 2393
340 426
340 1102
340 3205
340 3725
340 3833
341 554
341 964
341 1588
341 1902
341 3125
342 1125
342 1291
342 2542
342 3302
343 1435
343 2631
343 3064
344 356
344 1067
344 1091
344 2063
345 875
346 1485
346 2486
346 3492
346 3714
346 3998
347 1738
348 912
348 1843
348 2418
349 918
349 1410
349 1593
350 896
350 2107
350 3519
350 3839
351 2507
351 2571
351 3854
352 353
352 2125
353 774
353 840
353 943
353 1951
353 2547
354 2616
354 3102
354 3883
355 1156
356 634
356 1794
356 2411
357 562
357 3298
357 3565
358 1711
358 2783
358 3320
360 1867
360 2289
360 2370
360 2872
360 3477
360 3648
360 3663
361 3829
361 3933
362 815
362 2036
362 2048
362 2177
362 2446
363 3263
363 3419
364 632
364 758
364 1009
364 2338
364 2897
364 3492
364 3846
365 997
365 1591
365 3313
366 2641
366 2909
366 3322
366 3779
366 3950
367 592
367 1254
367 1875
367 3250
368 464
369 1273
369 1642
369 2609
369 3239
369 3271
370 1579
371 1359
371 2178
372 1001
372 2788
372 3300
372 3451
373 1223
373 1724
373 1810
373 2938
373 3049
373 3206
374 1253
375 1494
375 1740
375 2794
376 1706
376 1951
376 2123
376 2254
376 2544
377 1859
377 2785
377 2809
377 3862
377 3953
378 1679
379 1167
379 1270
379 2402
379 3678
379 3699
380 503
380 1222
380 1639
381 2141
382 900
382 1180
382 2467
382 2612
383 2163
383 2547
383 2624
383 3439
383 3544
384 3611
385 674
385 1821
385 2604
386 3175
387 955
387 1593
387 2912
388 659
388 724
388 1330
388 3874
389 442
389 566
389 3252
390 1376
390 3147
390 3269
391 612
391 2047
391 3267
391 3349
392 749
392 2490
392 2846
392 2887
392 3439
392 3715
393 1976
393 2526
393 3451
394 523
394 863
394 1766
394 2272
394 2431
394 2710
394 2837
394 3919
395 459
395 587
395 1121
395 1180
395 1399
395 1648
395 3280
396 1552
396 1809
396 1829
396 1932
396 2919
396 3657
399 1327
399 1955
399 2632
399 3070
399 3268
399 3579
399 3873
400 586
400 1646
400 2032
400 2440
401 650
401 1386
401 2555
401 3123
402 2800
402 3554
403 1190
403 2356
403 2975
404 2000
404 2353
404 3220
405 474
406 1818
406 2544
406 3166
407 979
407 1069
407 2539
407 3618
408 1495
408 1655
408 2773
408 2805
408 3537
408 3622
409 2107
409 2368
409 3487
410 2559
410 3221
410 3263
411 1339
411 1471
411 2488
411 3077
411 3686
412 2666
412 3385
413 923
413 1670
414 3582
415 1086
415 2023
415 2138
415 2183
415 2622
415 2915
415 3325
416 1774
416 2837
416 2883
416 3188
417 452
417 1897
417 2371
417 3368
418 830
418 2763
418 2832
418 3533
419 1251
419 2157
420 953
420 1237
420 1911
420 2240
421 1350
421 1523
422 446
422 2223
422 2637
422 2780
422 2895
422 3164
422 3387
423 1300
423 2424
423 3638
424 1250
424 1544
425 2242
425 3153
425 3164
426 548
426 3862
427 547
427 714
427 1432
427 1567
428 470
428 2253
428 2674
428 3242
429 492
429 1445
429 1501
429 2022
429 2302
429 2998
429 3569
431 1207
431 2262
432 1476
432 2829
432 3358
433 469
433 1652
434 1309
434 2755
434 3892
435 472
435 1158
435 1288
435 2208
435 2320
436 525
436 2155
436 3016
436 3627
437 1996
437 2443
437 3720
438 1427
438 2813
438 3350
439 817
439 1226
439 3847
440 794
440 2038
441 912
441 2289
441 2683
441 3455
442 704
442 1596
442 2307
443 803
443 2434
443 2685
443 3050
444 1913
444 1951
444 2444
444 2992
444 3510
444 3589
445 795
445 1955
445 3367
445 3389
445 3957
446 3309
447 1233
447 1965
447 3255
447 3261
447 3336
447 3397
448 981
448 1461
448 2513
449 2516
449 3088
450 677
450 1202
450 3368
451 878
451 1766
451 2476
451 2563
451 3508
452 1442
452 3227
452 3430
453 3647
453 3654
454 758
454 2558
454 2796
454 3655
455 666
455 948
455 1568
456 1810
457 2981
457 3001
458 2655
458 3205
458 3351
458 3438
459 1743
459 2409
459 3409
459 3463
461 1570
461 3468
461 3641
461 3779
462 1255
462 1622
462 2570
462 2662
462 3045
462 3987
463 1672
463 2964
464 2473
465 2132
465 3239
466 1151
466 3186
466 3704
467 1579
467 2288
467 2960
468 1938
468 3213
468 3467
468 3526
469 2536
470 771
470 933
470 1359
470 1398
470 1815
470 2141
470 3413
470 3574
471 1795
471 2735
472 1445
472 2605
472 2974
472 3305
473 831
474 871
474 1108
474 1221
474 3725
474 3732
474 3864
475 1421
475 2358
475 2551
475 3456
476 1260
476 1803
476 2081
476 2214
476 3628
477 1584
477 2797
478 1754
478 2886
478 3634
478 3879
479 501
479 1414
479 1522
479 1764
479 2324
479 2727
479 3825
480 554
480 1951
480 2233
480 2720
480 3622
481 963
481 2786
481 2954
481 3378
481 3458
481 3806
482 3885
483 3381
483 3662
484 623
484 1651
484 2053
484 2105
484 3169
485 2769
485 3633
485 3873
487 1601
487 2034
487 2119
487 3399
488 3139
489 1192
489 1938
489 2021
489 2751
490 3819
491 511
491 2967
492 930
492 2082
492 3430
492 3500
493 530
493 971
493 2493
493 2551
493 3299
494 646
494 1648
494 1779
494 2481
494 2922
494 2940
494 3871
495 1070
495 2034
495 2524
495 3838
496 776
496 1783
496 2025
496 2063
497 2914
498 1617
498 2320
498 2469
498 3536
498 3979
499 2879
499 3423
502 608
502 934
502 1593
502 2187
502 2632
502 2799
502 2875
503 1210
503 3202
504 1399
504 2949
504 2958
504 3562
505 956
505 1404
505 1938
505 2975
505 3350
506 1844
507 1532
508 717
508 1188
508 1740
508 2068
508 2210
508 2535
508 2776
509 2341
509 3017
509 3383
510 953
510 1827
510 1933
510 2031
510 3550
510 3808
511 819
511 1877
512 1202
512 1250
512 3953
513 1931
513 2612
513 3210
514 1298
514 3323
514 3762
515 2207
515 3647
515 3749
516 611
516 1486
516 1553
516 2992
517 1562
517 3655
518 1050
518 1430
518 1677
518 1692
518 1789
518 3539
519 1792
519 2018
520 572
520 1122
521 990
522 3382
523 1307
523 1935
523 2684
523 3065
523 3252
524 1629
525 2069
525 3188
525 3764
526 2583
526 3238
527 1196
527 1437
527 2448
527 2634
529 1455
529 2854
529 3252
529 3379
529 3423
529 3521
530 1278
530 1945
530 2231
530 2318
530 2690
530 2995
530 3573
532 610
532 832
532 2714
532 3129
533 3519
534 2259
535 540
535 790
535 994
535 2710
535 3527
535 3828
536 1837
537 1723
537 3707
538 1575
538 2042
538 2145
538 2280
539 709
539 1953
540 1669
540 1938
540 3190
541 1292
541 2263
542 1252
542 2012
542 3286
543 1285
543 1415
543 1909
544 2245
544 2285
545 785
545 959
545 3511
546 812
546 2971
547 1543
547 2695
547 2711
547 2848
547 3276
548 1375
548 3617
549 644
549 1858
549 3100
549 3936
550 1283
550 2865
550 2932
551 1525
552 840
552 1683
552 2037
552 2700
553 2153
553 2462
554 951
554 3946
554 3965
555 631
555 1404
555 1511
555 2023
555 2593
555 3036
556 1082
556 1203
556 1464
556 1503
556 2122
556 2239
557 2282
557 3648
558 2420
559 603
560 1420
561 1988
562 952
562 1863
562 3517
562 3774
563 1112
563 2062
563 2201
563 2660
563 2739
563 3357
563 3682
563 3844
564 671
565 1035
565 1474
565 2142
566 2793
566 3016
566 3380
566 3884
568 805
568 2386
568 2794
569 2487
569 2591
570 1306
570 2411
570 3118
570 3981
571 3455
571 3784
572 1647
572 1954
572 2431
572 3047
572 3063
572 3735
573 1745
573 3182
573 3756
573 3974
574 1809
574 1971
574 2388
574 2890
574 2979
574 3337
575 640
575 1772
575 2138
575 2914
576 1049
576 1425
576 2259
578 728
578 2713
578 3411
578 3952
579 806
579 1165
579 1607
579 1883
579 2434
579 3911
580 1128
580 1132
580 2642
580 3222
581 1536
581 1622
581 1664
582 1520
582 2530
582 3850
583 2529
583 2542
584 1413
584 1460
584 3730
585 1072
585 3758
586 2265
586 2278
586 3271
586 3955
587 3530
587 3977
588 992
588 1744
588 2002
588 2484
588 3098
589 1969
589 3877
590 1070
590 1165
590 2495
591 997
591 1848
591 2895
591 3302
591 3883
593 1018
593 2063
593 3040
593 3705
594 825
594 1043
594 1547
594 2883
594 3400
594 3553
594 3926
595 731
595 1763
595 2467
595 3598
596 1087
597 1473
597 3016
598 1270
598 3250
599 2021
599 3719
599 3841
600 1006
600 1536
600 2019
600 2044
601 970
601 1046
601 1820
601 3075
601 3485
601 3571
602 1199
602 3687
602 3885
603 996
603 1746
603 2849
603 2947
603 3138
603 3632
604 704
604 899
604 1141
604 1551
604 1574
604 1660
604 1727
604 1861
604 2199
604 3130
604 3967
605 1195
605 2375
605 2694
605 3464
606 1774
606 2429
606 2479
606 3397
606 3976
608 1325
608 2847
608 3645
609 1280
609 1566
609 2704
609 2719
610 1925
610 2982
611 1444
611 2707
612 2227
612 3086
613 1231
613 2554
613 3684
614 3367
615 2025
615 3084
615 3882
616 1146
616 3359
616 3456
617 698
617 1728
617 3920
618 1682
618 2897
618 3020
619 1356
619 3212
619 3703
620 2451
620 2774
620 3525
621 1466
621 1609
621 1615
622 1391
622 2679
622 2784
622 2910
623 1415
623 1537
623 2263
623 2597
623 2802
623 3058
624 1222
624 2406
626 968
626 1115
626 1471
626 3165
626 3943
627 1150
627 2467
628 2436
628 2887
628 3631
629 927
629 2139
629 2718
629 3110
629 3177
629 3643
630 991
630 1698
630 1868
631 641
631 2257
631 2835
631 2867
632 1688
632 3361
632 3597
633 721
633 1074
633 1952
634 779
634 1780
634 2068
634 3746
635 709
635 3641
636 1784
636 2126
636 2225
636 3954
637 917
637 1411
637 2089
638 675
638 1144
638 1265
638 2204
638 2952
639 1610
639 2218
639 2290
639 3233
639 3624
639 3892
640 1231
640 1428
640 2909
640 3103
640 3747
641 952
641 1120
642 3584
643 1818
643 3948
644 1065
644 1364
644 1875
645 2025
645 3769
645 3876
646 1847
646 2524
646 3003
647 1946
647 3441
648 3097
649 1869
649 2337
649 2929
649 3305
649 3758
650 1797
650 2657
650 3895
651 1332
651 1749
651 2242
651 2322
651 2412
651 2428
651 2525
651 2700
652 1997
652 2411
652 2745
654 706
654 1698
655 2017
655 2347
655 2655
655 2754
656 1337
656 2509
656 3062
656 3352
658 1164
658 1367
658 3463
658 3570
659 1311
659 3533
660 885
660 1984
660 3288
661 3218
662 1585
662 1695
662 2761
662 3155
662 3847
663 1385
663 1466
663 2816
663 3284
663 3533
664 1115
664 1224
664 2550
664 2623
665 1056
665 1190
666 776
666 2073
667 1078
667 1137
667 1502
667 2113
667 2893
667 3838
667 3877
668 735
668 898
668 1157
668 2090
668 2838
668 3071
669 689
669 1097
669 1442
669 2634
670 2803
670 3781
671 1849
671 2002
671 2075
671 2883
672 728
672 2314
672 2714
673 1048
673 1433
673 3121
674 1839
674 1972
674 2176
674 2925
675 3021
676 1100
676 1554
676 2465
676 2881
676 3654
677 1014
677 1070
677 1297
677 2366
677 2732
677 3691
677 3850
678 2360
678 2801
679 1715
680 2269
680 2468
680 3391
681 1279
681 1710
681 2267
681 2647
681 2910
681 3093
681 3872
682 3630
682 3701
682 3766
683 1090
683 2435
684 995
684 2345
684 3312
684 3468
684 3673
685 3123
686 786
686 813
686 2708
686 2833
686 3845
687 1246
687 1368
687 1786
687 1988
687 3384
687 3905
688 1426
688 3543
689 1801
689 2387
689 2915
689 3284
689 3900
690 2389
690 3513
691 2461
691 2596
691 2732
691 2932
692 2154
692 2329
692 2662
693 1624
693 1661
693 1902
693 3419
694 1136
694 1220
694 3717
695 732
695 1055
695 1798
695 2101
695 2395
696 1480
696 2238
696 2936
697 1695
698 1974
698 3786
699 1943
699 3144
699 3445
700 1703
700 1874
700 3969
701 3695
702 2056
702 2671
702 3380
702 3828
703 875
703 1009
703 1391
703 1528
703 1896
703 3623
704 900
704 2152
704 3742
705 991
705 1109
705 3049
705 3073
705 3517
706 2156
706 2575
706 2577
706 2721
706 3273
706 3397
707 1474
707 1970
707 2026
707 2598
708 832
708 1957
708 3659
709 1790
709 3209
709 3304
710 1936
710 3268
711 810
711 812
711 862
711 1254
711 1771
711 2042
711 2455
711 3435
711 3986
712 1931
712 3724
713 2862
713 3201
713 3445
714 1656
714 2507
714 3557
714 3870
715 931
715 1173
715 2597
715 2641
716 920
716 1381
716 1591
716 1888
716 2922
716 3523
717 1010
717 2087
718 1326
718 1893
718 2746
718 3061
718 3072
719 1932
720 2083
720 2990
720 3193
720 3880
722 2670
722 3552
723 1565
723 1978
723 2263
723 3111
723 3235
724 2666
724 3783
725 775
725 1464
725 1744
725 1879
725 2484
725 3821
726 1123
726 1403
726 2758
726 2792
727 1300
727 2986
727 3405
728 3150
728 3418
728 3934
729 3651
730 1562
730 1794
730 3483
731 1255
731 1513
732 1178
732 2632
732 3546
733 904
733 1246
733 2366
733 2485
734 1497
734 2311
734 2368
734 3296
734 3692
735 751
735 2058
735 2860
735 3567
735 3817
736 3397
736 3723
737 2098
737 3042
738 1786
738 2438
738 3166
738 3336
739 790
740 1157
740 1999
741 1446
741 3007
741 3680
741 3761
742 2869
743 2454
743 3056
743 3178
743 3388
743 3727
744 1027
744 1525
744 2070
744 3229
744 3539
745 1632
745 1772
746 3251
746 3590
747 2732
747 3961
748 2511
748 2695
748 2905
748 3022
749 1232
749 1393
749 3709
750 1176
750 1674
750 3779
751 1115
751 2604
752 961
752 1282
752 3031
752 3154
753 1616
753 2912
754 1376
754 1709
754 1812
754 2342
754 2372
754 2522
754 2789
755 1292
755 2261
755 3102
755 3467
755 3764
756 1841
756 2482
757 2304
757 3026
757 3257
757 3721
758 2049
758 2315
758 2616
758 2830
759 1446
760 1509
760 2436
760 2879
760 3881
761 1423
761 1468
761 3770
762 1587
762 1812
762 2358
762 3159
763 1564
763 1924
763 2895
763 3040
763 3726
764 1269
764 2868
764 3617
765 1401
765 1476
765 2269
765 2806
765 3300
766 976
766 2212
766 2232
766 3409
766 3430
766 3604
766 3830
767 1591
767 2446
767 3140
768 1927
769 2638
769 2760
769 2943
769 3475
770 1269
770 3399
770 3441
770 3512
771 1171
771 2308
771 2720
771 3284
771 3890
772 1905
772 1982
772 2300
772 3058
773 1467
773 1587
773 1851
774 2510
774 2548
774 3762
775 1016
775 1405
775 1472
775 1811
775 1848
775 2024
775 2145
775 2387
775 2515
775 3606
775 3873
776 1598
776 2113
776 2226
776 3611
777 1183
777 1284
777 2527
777 2640
777 3899
778 2939
778 3811
779 919
779 1299
779 2162
779 2265
779 2482
779 2975
779 3278
780 2120
780 3545
781 2923
781 3286
782 2460
782 2934
782 3024
782 3968
783 1027
783 1563
783 3009
784 892
784 1362
784 1870
784 2005
784 2505
784 2667
784 3400
784 3679
785 2263
785 3568
786 1767
787 2122
788 1977
788 2143
788 2365
788 2605
788 3377
788 3558
789 804
789 1494
789 1541
789 2365
789 3164
790 835
790 1484
790 1734
790 1849
790 1990
790 2514
791 3941
792 2336
792 2534
794 1016
794 2248
794 3889
795 2385
795 3177
796 1619
796 2739
796 3145
796 3360
796 3872
797 939
797 2242
797 2796
797 3267
798 1881
798 1941
798 1987
798 2545
798 2909
798 2927
799 2395
799 2601
799 3137
799 3575
800 1915
800 2404
800 3830
801 1261
801 1423
801 1595
801 2122
802 953
802 1117
802 1722
802 2994
803 845
803 962
803 2915
804 1285
804 1966
804 2080
805 912
805 1025
805 1732
805 2609
805 2782
805 3007
805 3474
805 3475
805 3526
805 3705
806 1277
807 2039
808 1210
808 3890
809 1113
809 1266
809 1320
809 3280
811 1134
811 1660
811 3357
811 3375
811 3450
812 1798
812 3204
812 3727
813 1822
813 3338
814 2330
814 2965
814 3498
815 838
815 1068
815 1478
815 2697
815 3226
815 3953
816 2153
816 3399
818 1522
818 2232
818 2576
818 2996
818 3846
819 1298
819 1846
819 3134
820 3012
820 3098
820 3673
820 3930
821 890
821 1246
821 1855
821 2413
821 3738
822 1208
822 1871
823 2757
824 1526
824 2286
825 1399
825 1451
825 2516
825 3746
825 3912
826 1992
826 3539
826 3721
827 1266
827 3530
828 909
828 1162
831 1880
831 2748
831 3744
832 1638
832 1760
832 3480
833 1621
833 2081
833 2204
834 2977
835 1726
835 2039
836 3370
836 3571
837 1157
837 1534
837 3277
838 2617
838 3924
839 1128
839 1186
839 1890
839 3235
840 1241
840 2460
841 1681
841 2417
842 1098
842 3113
842 3833
843 1023
843 2378
843 2518
843 2943
843 3077
843 3555
844 3401
844 3689
844 3743
845 1210
845 2879
845 3054
845 3220
846 1692
846 2253
846 2428
846 3451
847 1072
847 1218
847 3238
848 1338
848 1678
849 1230
849 1318
849 3353
849 3685
850 966
850 1219
850 1361
850 1462
851 1524
851 3246
851 3876
851 3909
851 3946
852 1681
852 1704
852 2119
852 2749
853 2279
853 2483
853 2598
853 3451
853 3923
854 1519
854 1867
855 2417
855 2589
856 2694
857 2567
858 1496
858 3125
858 3134
859 1034
859 1264
859 2486
859 2951
859 3398
859 3972
860 1686
860 1962
861 1096
861 1115
861 1748
861 3416
862 1334
862 1500
862 2101
862 2423
862 2682
862 3241
862 3878
863 994
864 952
864 2951
865 1171
865 2590
866 1338
866 1496
866 2386
866 2677
866 3306
867 1145
867 1614
867 2485
867 2780
867 3008
868 3116
868 3297
868 3329
869 1593
869 2597
869 3346
869 3752
871 1438
871 2126
871 2610
871 3639
871 3943
871 3989
872 922
872 2652
873 1263
873 1722
873 2252
873 3346
873 3832
874 1626
874 1842
874 1927
874 2161
874 2449
874 3209
874 3736
875 945
875 1622
875 2244
875 2484
875 3052
875 3567
875 3583
876 2038
876 3608
877 2481
877 3074
877 3083
878 1173
878 1347
879 883
879 1814
880 1660
880 1969
880 2084
880 2840
880 3848
881 1371
881 2399
882 891
882 1298
882 2737
882 2796
882 3112
882 3847
883 1602
883 1745
883 2004
883 3362
884 1102
884 2221
884 3702
885 1752
885 2886
885 3437
885 3494
886 2307
886 3064
886 3713
887 931
887 1023
887 1525
887 3956
888 1552
888 2185
888 3126
889 2006
889 2699
889 3064
889 3477
889 3678
890 1958
890 2362
891 1642
891 2876
892 1591
892 2805
892 2894
892 3003
893 1671
893 3102
893 3495
894 2800
894 3519
895 1409
895 2132
895 2395
895 2483
895 2686
895 3189
896 2283
896 3155
897 1595
897 2258
897 2357
897 2497
897 3105
898 1890
898 2034
898 3141
898 3319
899 1427
899 2162
899 2809
899 3027
899 3168
899 3793
900 2210
900 2280
901 2775
901 3905
902 1371
902 2223
904 1039
905 989
905 2688
905 3017
905 3864
905 3916
906 1729
906 2374
906 2916
907 1380
907 3676
909 2567
909 3883
910 3981
911 1624
911 2010
911 2330
911 3437
913 2334
913 3721
914 1394
914 2015
914 2524
914 2539
914 2741
914 2784
914 3961
915 2524
915 3206
915 3799
916 1562
916 2742
916 3638
917 1785
917 1836
917 2925
917 3121
918 1815
918 2293
918 2579
918 2992
918 3316
919 3331
919 3562
919 3886
920 1098
920 3161
920 3469
920 3979
921 2223
921 3149
922 1744
922 3454
922 3908
923 1010
923 2697
924 976
924 1064
924 1424
924 2233
924 2572
925 1213
926 1267
926 1718
926 2985
926 3004
926 3121
926 3461
926 3816
927 1117
927 1760
927 2643
927 3437
927 3984
928 1018
928 1447
928 3683
929 1732
929 3406
930 1003
930 1116
930 1722
930 2772
930 2908
930 3631
930 3825
931 1860
932 1701
932 3076
933 1058
933 1637
933 2293
933 2778
933 2936
933 3176
933 3746
934 2125
935 954
935 2415
935 2471
935 3264
936 1372
936 2511
936 2544
938 1818
938 2908
938 2925
938 3179
939 1244
939 1930
939 2498
939 3295
939 3307
940 1612
940 2019
940 3839
940 3893
941 1184
941 2398
941 2620
941 3299
942 2246
942 2441
943 2647
943 3174
944 2008
944 2065
945 1374
945 1938
945 2923
946 1125
946 1680
946 2053
946 3374
946 3451
947 1071
948 1700
948 2897
949 2452
949 3250
949 3952
949 3966
950 1814
950 2307
950 3114
950 3119
951 1078
951 1359
951 2090
951 2255
951 3086
951 3199
952 1687
952 2606
952 3328
953 1982
953 2340
953 3391
954 1393
954 2222
954 3619
956 2090
956 3911
957 1109
957 1111
957 2430
957 2848
958 2028
958 2134
958 2166
958 2824
958 3271
959 1712
960 1168
960 3030
961 989
961 1555
961 2599
962 1390
962 1683
962 3589
962 3841
963 2140
963 2949
963 3221
964 1233
964 1680
964 1741
964 2289
964 2745
964 3428
964 3942
965 3756
966 1869
966 1909
966 2375
967 1461
968 2274
968 2918
968 3385
969 1254
969 1738
969 2922
969 3003
970 1591
970 1595
970 2015
970 2587
971 1891
971 2101
971 3253
972 1275
972 1319
972 1473
972 1694
972 1771
972 2884
972 3812
975 1842
975 2196
976 989
976 3969
977 1997
977 2698
977 3399
977 3901
978 2339
978 3061
978 3270
978 3548
978 3760
979 1603
979 3622
979 3817
980 1551
981 1798
981 3180
982 1065
982 1651
982 1889
982 2336
983 1171
983 2172
983 2283
984 1407
984 2014
984 2140
984 2398
984 3795
985 2872
985 2901
986 2894
986 3815
987 1331
988 2643
988 3297
988 3616
988 3703
989 992
989 1434
989 1931
989 2470
989 2708
989 2713
989 2768
990 2261
990 2951
990 3127
991 1382
991 1658
991 3826
992 3314
993 1288
993 2404
993 2876
994 2377
994 2931
994 3642
995 1069
995 1232
995 2588
995 3249
995 3271
995 3361
996 3168
996 3622
997 1623
997 3619
998 1143
998 2084
999 1957
999 2149
999 2607
1000 1009
1000 1128
1000 1381
1000 2200
1000 3177
1001 3038
1001 3185
1001 3287
1002 2951
1002 3033
1003 1780
1003 2717
1003 3852
1004 2699
1004 3254
1004 3450
1004 3541
1005 3496
1005 3506
1006 2939
1007 2155
1007 2181
1007 2508
1007 2919
1007 3462
1007 3931
1008 1784
1008 3198
1008 3346
1008 3806
1008 3981
1009 1054
1009 2123
1009 3043
1009 3283
1010 1962
1010 1975
1010 2463
1010 2479
1012 1340
1012 1427
1012 2537
1012 2572
1012 3251
1013 1475
1013 1518
1013 2264
1014 1767
1014 1931
1015 1611
1015 1868
1015 2169
1015 3326
1015 3453
1016 2775
1016 3017
1016 3355
1016 3356
1016 3686
1017 2721
1017 2826
1017 3400
1018 2778
1019 2042
1019 2490
1019 2758
1019 3634
1020 1404
1020 1429
1020 2200
1021 2353
1022 1636
1022 2179
1022 2295
1022 3986
1023 1098
1023 2069
1023 2625
1023 3533
1023 3557
1024 1433
1025 1527
1025 2855
1025 3799
1025 3977
1026 3705
1027 2730
1027 3214
1028 2580
1028 2588
1028 3439
1029 1658
1029 1661
1029 2577
1030 1142
1030 2291
1030 2499
1030 3174
1031 3033
1031 3616
1032 1423
1032 2070
1032 3365
1032 3548
1032 3929
1033 1322
1033 3805
1033 3859
1034 1349
1034 3005
1034 3055
1035 2719
1035 3066
1036 1548
1036 2445
1036 2539
1036 3875
1037 1058
1037 1451
1037 1950
1037 2594
1037 2768
1037 3037
1037 3402
1038 1839
1038 3157
1038 3539
1039 1417
1039 1702
1039 1947
1039 2412
1039 3963
1040 1559
1040 2257
1040 2572
1041 3997
1042 1314
1042 1435
1042 2479
1043 1077
1043 1264
1043 2108
1043 2627
1043 3830
1045 2362
1045 3107
1046 1246
1046 1859
1046 2124
1046 3046
1047 1411
1047 2414
1047 3235
1048 1102
1048 1309
1048 3507
1049 2002
1049 3255
1050 1119
1050 1703
1050 1979
1052 2295
1053 3084
1053 3321
1053 3809
1054 1741
1055 2326
1055 2585
1055 2767
1055 3174
1056 1939
1056 3665
1057 1143
1057 2349
1057 2563
1057 3956
1058 1226
1058 1973
1058 2140
1058 2465
1058 3766
1059 1251
1059 2123
1059 3993
1060 1801
1060 2782
1061 1095
1061 3378
1061 3914
1062 1226
1062 3547
1063 1096
1063 1469
1063 1894
1063 2328
1064 2431
1064 3542
1064 3891
1065 1270
1065 2130
1065 3772
1065 3799
1066 1212
1066 2650
1066 3553
1066 3844
1067 1126
1067 1389
1067 2093
1067 3226
1068 1153
1068 1817
1068 2883
1068 3147
1068 3867
1068 3977
1069 3702
1069 3744
1069 3797
1070 1702
1070 3031
1071 1987
1071 2622
1072 1375
1072 2206
1072 2364
1072 3155
1072 3647
1072 3909
1073 1416
1073 2095
1073 2121
1073 2227
1073 2393
1075 3491
1075 3682
1075 3711
1076 1885
1076 2880
1076 2934
1076 3887
1077 1806
1077 2926
1079 3579
1080 2360
1081 3705
1081 3961
1081 3988
1082 2718
1083 1322
1083 1580
1083 1958
1083 2651
1084 1741
1084 3192
1084 3445
1085 2918
1085 3163
1085 3932
1086 2666
1086 2867
1087 1561
1087 1659
1087 2564
1087 2748
1088 1430
1089 1125
1090 1799
1090 3685
1091 2124
1091 2935
1091 3114
1092 1545
1092 2846
1092 2916
1092 3283
1093 1109
1093 2587
1093 3150
1093 3882
1094 2684
1095 1613
1095 2037
1095 2457
1095 2976
1095 3111
1095 3666
1096 1315
1096 3120
1096 3232
1097 1648
1097 1898
1097 3523
1097 3883
1098 3204
1099 2589
1100 1167
1100 3407
1100 3805
1100 3845
1101 1127
1102 1937
1103 1820
1103 3716
1104 1250
1104 1406
1104 2750
1104 3449
1104 3916
1104 3933
1105 1631
1105 1873
1105 2376
1105 3226
1105 3308
1106 1203
1106 1989
1107 1226
1107 1240
1107 1262
1107 1891
1107 1966
1107 2212
1107 2515
1107 2736
1108 3422
1108 3428
1109 1341
1109 1753
1109 1766
1109 2591
1109 3591
1110 3197
1110 3794
1111 1859
1111 1908
1111 2554
1112 2164
1113 1355
1113 2032
1113 2365
1113 3962
1114 1598
1114 2939
1115 1507
1115 2762
1115 3967
1116 1290
1116 2269
1116 2291
1116 2871
1117 2899
1118 1155
1118 3445
1118 3668
1119 2834
1119 2915
1119 3236
1119 3559
1120 1338
1120 2901
1122 2218
1123 1239
1123 2188
1123 2645
1123 2702
1123 3101
1124 1403
1124 2067
1124 2625
1124 3216
1125 3701
1125 3720
1125 3904
1126 1464
1126 2352
1127 3045
1128 1357
1128 2175
1128 2748
1128 3047
1128 3236
1128 3848
1129 3110
1129 3787
1130 2895
1131 1750
1131 1772
1131 2786
1131 3235
1131 3944
1134 3235
1134 3355
1135 3517
1136 2063
1136 2715
1136 3869
1136 3877
1138 1422
1138 3095
1138 3463
1138 3996
1139 1245
1140 1308
1140 1500
1140 1678
1140 1807
1140 1847
1140 1865
1140 2079
1140 2763
1140 2848
1140 2899
1140 2980
1140 3960
1141 1228
1141 1339
1141 2467
1141 3136
1141 3375
1142 2496
1142 2646
1143 2732
1143 3097
1144 1331
1144 3391
1144 3810
1145 1413
1145 1735
1145 2351
1146 1211
1146 3790
1146 3831
1147 1430
1147 2568
1147 3497
1148 1826
1148 2405
1149 2274
1150 2318
1150 2979
1150 3237
1151 1318
1151 2150
1151 2557
1151 3835
1153 1622
1153 1925
1153 2028
1153 2600
1154 1831
1154 2253
1154 3295
1155 1328
1155 2064
1155 3089
1156 1719
1156 3420
1157 1485
1157 3070
1159 2029
1159 2062
1159 3156
1161 2436
1162 2649
1162 2703
1162 3750
1163 1192
1163 2488
1163 3267
1163 3903
1164 2955
1165 1643
1165 2329
1166 2254
1166 2255
1166 3500
1167 1933
1167 2898
1167 3765
1168 1406
1168 2127
1168 2963
1168 3017
1169 3346
1170 1436
1170 1998
1170 3239
1170 3625
1171 3039
1171 3358
1171 3753
1171 3754
1172 1332
1172 2555
1172 3623
1172 3694
1173 1194
1173 2472
1173 2971
1174 2771
1174 3720
1175 2773
1175 3609
1176 1420
1176 2564
1176 3014
1177 1477
1177 3007
1177 3139
1177 3485
1178 2627
1178 3242
1178 3665
1179 1201
1179 1783
1179 2065
1180 1651
1180 1735
1180 2067
1180 2126
1180 2231
1180 2905
1181 3799
1183 1528
1183 2160
1184 2540
1184 2562
1184 2736
1185 2282
1185 2777
1186 1226
1186 1394
1186 2446
1186 2593
1186 2873
1186 3072
1186 3744
1187 3639
1187 3729
1187 3785
1188 2376
1188 3807
1189 1259
1189 1547
1189 1933
1189 2051
1189 2406
1189 3329
1190 2304
1190 2333
1190 3853
1191 2881
1191 3454
1191 3579
1191 3947
1191 3955
1191 3978
1192 2044
1192 3703
1193 1688
1193 1708
1193 1729
1193 2636
1193 3661
1194 1208
1194 3229
1194 3590
1195 1776
1196 2506
1196 3102
1196 3170
1197 2591
1197 2827
1197 3221
1197 3466
1197 3802
1198 1318
1198 3012
1198 3183
1198 3378
1199 1718
1199 3858
1200 2604
1201 2501
1201 2884
1201 3253
1201 3458
1201 3640
1202 2606
1202 3822
1203 1611
1203 2699
1203 3494
1204 1307
1204 1506
1204 2835
1204 2839
1204 3137
1204 3194
1205 1411
1205 2467
1206 1468
1206 1525
1206 1590
1206 3835
1206 3920
1207 1851
1208 1734
1208 1877
1208 2580
1208 3189
1209 2783
1209 3634
1210 2285
1211 1504
1211 2443
1211 2926
1211 3361
1212 2001
1212 3398
1212 3746
1214 1820
1214 2520
1214 3012
1215 3315
1215 3983
1216 3525
1217 1716
1217 2172
1218 1753
1218 2156
1218 3923
1219 2426
1220 1372
1220 2577
1221 2496
1222 3024
1222 3092
1222 3708
1223 2394
1224 2496
1224 2989
1225 1268
1225 2601
1225 3066
1226 3343
1227 1658
1227 3751
1228 1598
1228 1904
1228 1926
1229 1709
1229 1970
1230 1846
1230 1858
1230 2115
1230 2219
1231 1821
1232 1438
1232 1748
1232 3069
1232 3577
1233 1802
1233 2265
1233 2421
1233 2468
1233 3294
1233 3777
1234 1529
1234 1552
1234 1927
1234 1956
1234 2880
1234 3127
1235 1686
1235 2079
1235 2187
1235 2423
1235 2444
1236 1294
1236 2436
1236 3003
1236 3041
1236 3870
1237 1994
1237 3381
1238 1383
1238 2158
1238 2253
1238 3132
1239 1563
1239 1915
1240 2530
1240 2538
1240 2970
1240 2974
1241 2219
1241 2950
1242 2357
1242 3522
1243 1272
1243 1386
1243 1544
1243 3827
1244 1680
1244 1989
1244 2411
1244 3243
1246 2023
1246 2209
1246 3262
1247 2115
1247 3676
1248 2164
1248 3003
1248 3729
1249 1338
1249 1988
1249 3097
1249 3331
1249 3344
1250 1270
1250 1713
1250 1952
1250 2247
1250 3186
1250 3499
1250 3707
1251 1570
1251 1697
1251 2305
1252 1395
1252 1984
1252 2177
1252 2786
1252 3017
1252 3062
1253 3612
1253 3641
1253 3714
1254 3022
1256 1655
1256 2742
1257 2577
1257 3171
1258 1922
1258 3650
1259 1768
1259 2277
1259 2749
1259 3404
1260 2115
1260 3118
1262 3477
1263 2693
1263 3076
1263 3605
1264 2235
1265 3068
1266 2325
1267 1608
1267 1920
1268 2727
1268 2959
1268 3808
1269 1287
1269 2000
1269 2229
1270 3057
1270 3194
1270 3774
1271 2286
1272 1692
1272 3314
1273 2962
1273 3351
1273 3368
1275 1289
1275 1643
1275 1813
1275 1886
1275 1995
1275 2155
1276 1543
1276 3104
1278 1337
1278 2667
1278 3358
1279 2604
1280 1541
1280 1642
1280 1989
1280 2273
1280 2524
1280 2966
1281 1704
1281 2475
1281 3490
1281 3686
1282 2432
1282 2518
1283 2254
1283 2890
1283 3568
1283 3681
1284 1348
1284 1405
1284 2000
1284 2658
1284 3159
1284 3836
1285 1532
1285 1576
1285 3029
1285 3348
1286 3632
1287 2230
1289 1542
1289 1938
1289 3661
1290 1632
1290 2030
1290 2430
1291 2884
1291 3331
1291 3835
1292 3058
1292 3309
1292 3678
1293 1317
1293 2781
1293 3109
1293 3704
1294 2238
1294 2473
1294 2521
1294 2607
1295 2503
1297 2306
1297 2612
1298 1660
1298 2543
1298 3275
1298 3946
1299 2201
1299 2365
1299 2471
1299 3216
1300 2567
1300 3049
1300 3421
1300 3812
1301 3264
1301 3598
1302 2655
1302 3864
1303 1974
1303 2359
1303 2827
1303 2962
1304 2496
1304 3680
1304 3731
1305 2016
1305 2116
1305 2549
1306 1390
1307 1467
1307 1514
1307 2532
1307 2981
1307 3544
1308 2326
1308 2684
1308 3368
1309 1366
1309 1890
1309 2113
1309 2876
1309 3753
1310 1908
1310 2066
1310 2342
1312 2270
1313 1474
1313 2180
1313 2356
1314 2264
1314 3441
1314 3712
1315 3444
1317 1863
1317 1877
1317 3456
1317 3654
1317 3816
1318 2363
1319 1848
1319 2148
1321 3374
1322 1617
1322 2628
1322 3133
1322 3975
1323 1344
1323 2209
1323 2903
1323 3726
1325 3233
1325 3236
1326 3240
1326 3421
1327 1970
1327 2084
1328 1458
1328 3697
1328 3769
1329 2759
1329 3799
1330 1578
1330 2845
1330 3944
1331 2051
1331 2899
1331 2907
1332 1628
1332 2044
1332 2930
1333 3323
1334 1630
1334 1839
1334 1932
1334 2922
1335 1774
1335 2252
1335 2716
1336 1621
1336 2709
1336 2959
1337 1763
1337 2659
1337 3487
1338 1689
1339 2690
1339 2837
1339 3119
1340 2125
1340 2443
1341 1366
1341 2049
1341 3042
1342 2825
1342 3542
1343 3595
1343 3938
1344 3865
1346 2226
1346 3601
1347 1929
1347 2198
1347 3273
1348 1942
1349 2008
1350 1866
1350 1962
1350 2873
1350 3213
1350 3365
1351 1421
1351 2197
1351 3145
1352 1719
1352 3103
1352 3487
1353 2245
1353 3601
1353 3696
1354 2069
1354 3454
1354 3533
1355 1413
1355 2665
1356 1597
1356 2005
1357 2127
1357 3425
1357 3922
1358 2359
1358 2994
1358 3231
1358 3252
1359 1776
1360 1982
1360 2808
1360 3130
1360 3297
1360 3688
1361 2362
1361 3575
1362 2761
1363 1791
1363 1905
1363 2426
1363 3626
1363 3810
1364 2276
1364 3571
1365 2278
1365 2472
1365 2707
1365 3691
1366 2290
1366 3408
1367 2564
1367 3661
1368 1497
1368 2665
1368 2799
1369 1783
1369 3046
1369 3294
1370 2413
1370 2792
1370 3846
1371 3161
1371 3964
1372 1964
1372 2132
1372 2417
1372 2441
1373 2730
1374 1458
1374 2334
1374 3647
1375 3962
1377 2006
1377 2648
1377 3068
1378 2857
1378 3650
1378 3941
1379 1623
1379 1660
1379 2429
1379 2890
1379 3857
1381 3058
1382 1490
1382 1511
1383 3478
1384 1437
1384 1946
1384 2096
1384 3379
1384 3715
1385 1405
1385 1649
1385 3795
1386 1507
1386 3341
1387 1519
1387 1795
1387 2239
1387 2260
1387 2972
1387 3647
1388 2250
1388 2998
1388 3948
1389 2760
1389 2914
1390 1422
1390 1560
1390 1576
1390 2651
1390 3017
1390 3795
1391 1784
1391 1840
1391 2492
1391 3089
1391 3253
1391 3509
1392 1843
1392 3098
1392 3947
1393 1927
1393 2053
1393 3032
1394 1773
1394 2035
1394 2651
1394 2707
1394 2723
1394 3048
1395 2113
1395 2848
1396 2406
1396 3600
1397 2718
1398 2299
1398 2404
1399 2610
1399 3263
1400 1803
1400 2650
1400 2715
1400 3674
1401 2795
1402 2074
1402 3059
1402 3259
1402 3435
1403 2219
1404 2550
1404 3027
1404 3388
1404 3672
1405 2796
1406 2064
1406 2133
1407 1574
1407 2786
1407 3970
1408 1476
1408 2014
1408 3657
1409 3242
1410 1645
1411 2892
1412 1535
1412 3355
1412 3546
1412 3822
1414 1649
1414 3253
1415 2147
1415 2491
1416 2604
1416 2750
1416 2815
1416 3212
1417 2032
1417 2052
1417 3350
1418 2832
1418 3419
1418 3735
1419 2485
1419 3172
1420 1485
1420 2008
1420 3860
1421 3273
1422 3181
1422 3840
1423 1619
1423 2396
1424 1882
1424 2415
1424 3370
1425 1451
1425 2461
1425 2466
1425 2789
1425 3308
1425 3321
1426 1928
1426 2314
1426 2437
1426 3385
1426 3404
1426 3751
1426 3891
1427 1697
1427 2358
1427 2567
1428 1549
1428 1959
1428 2227
1428 2436
1428 3335
1428 3724
1428 3864
1429 1908
1429 2416
1430 2158
1430 2531
1430 2752
1430 3333
1431 2465
1431 3464
1431 3668
1432 1746
1433 1954
1433 2607
1433 3355
1434 3884
1435 2252
1436 2827
1437 1667
1437 2113
1438 1946
1438 2122
1438 2320
1439 1586
1439 1722
1440 2029
1440 2134
1441 3521
1441 3578
1441 3687
1441 3933
1442 2159
1442 2396
1442 3714
1442 3932
1442 3964
1443 1689
1443 1898
1444 2067
1445 1915
1446 2562
1446 2879
1446 2902
1446 3163
1446 3419
1446 3427
1447 1833
1447 2631
1447 2831
1447 3186
1448 2628
1448 2683
1448 2974
1448 3069
1448 3878
1450 1673
1450 2615
1450 2867
1451 1882
1451 1959
1451 2902
1452 2800
1452 3800
1453 2495
1454 2937
1455 2558
1456 1528
1456 2364
1457 1480
1457 1531
1457 3973
1458 1506
1458 1983
1458 2120
1459 1726
1459 2502
1459 2603
1460 3449
1460 3859
1461 1884
1461 1891
1461 3510
1461 3693
1463 1815
1463 1999
1463 3860
1464 2245
1464 2272
1464 2927
1464 2957
1465 2220
1467 2500
1467 3902
1467 3917
1468 2191
1468 2556
1468 2643
1468 2975
1468 3581
1468 3971
1469 2453
1469 2845
1469 3358
1470 1544
1470 2107
1470 2628
1470 3896
1471 3026
1471 3426
1472 1570
1472 1582
1472 1915
1472 3221
1472 3505
1473 3677
1473 3867
1474 2863
1474 3655
1475 1671
1475 3064
1476 1730
1476 3229
1476 3944
1477 1525
1477 1817
1477 1971
1477 2564
1478 2148
1478 2463
1478 3995
1479 1976
1479 2174
1479 3543
1480 2784
1481 2225
1481 3060
1482 2086
1482 2964
1483 2813
1484 1673
1484 1799
1484 1926
1484 2179
1484 2684
1485 1911
1485 3061
1485 3356
1487 2656
1487 2671
1487 3505
1489 1849
1489 2711
1489 3591
1489 3803
1490 1578
1491 3602
1492 2364
1492 2668
1492 2674
1492 2679
1492 2888
1492 3013
1493 2435
1493 3164
1493 3255
1493 3974
1494 1563
1494 1771
1494 1950
1494 2968
1494 3111
1494 3711
1495 3494
1497 2618
1498 2144
1498 2506
1498 3233
1499 2625
1499 3250
1499 3356
1499 3377
1500 1656
1500 1977
1501 1646
1502 1665
1502 3151
1502 3524
1502 3802
1503 2178
1503 2663
1503 2753
1503 3642
1503 3794
1504 2590
1504 3367
1504 3508
1504 3640
1505 1732
1505 1788
1505 2771
1505 3657
1506 2173
1507 1655
1507 3175
1507 3448
1508 1770
1508 3090
1508 3103
1508 3675
1508 3911
1509 3132
1510 2297
1510 2381
1510 2566
1510 3493
1510 3521
1512 3287
1512 3518
1512 3537
1513 1848
1513 2688
1513 2915
1513 3573
1515 2237
1515 2723
1515 3735
1515 3887
1516 1541
1516 2551
1516 2972
1516 3838
1518 2989
1518 3789
1519 2316
1520 1695
1520 1710
1520 2507
1520 3241
1520 3611
1521 1569
1522 1527
1522 2756
1522 3386
1523 1642
1523 1806
1524 2477
1524 2488
1524 2614
1524 2899
1525 1529
1525 2291
1526 2542
1527 3587
1529 1612
1529 3105
1529 3431
1530 2060
1530 2109
1530 3082
1530 3179
1530 3398
1530 3759
1532 3223
1534 1751
1534 2699
1534 2745
1534 3413
1534 3684
1535 2491
1535 2938
1536 1850
1536 3497
1536 3667
1536 3733
1537 2435
1537 2452
1537 3307
1537 3701
1538 3738
1538 3806
1539 3225
1539 3423
1539 3767
1540 3483
1541 1591
1541 1864
1541 1900
1542 1839
1542 1998
1542 3171
1543 3861
1544 3020
1545 1913
1545 2744
1545 3101
1546 1637
1546 1677
1546 2732
1546 3158
1546 3907
1546 3990
1547 2595
1547 3301
1547 3573
1547 3594
1548 2055
1548 2486
1548 2572
1548 2661
1549 1631
1549 3195
1550 1989
1550 3144
1550 3217
1550 3803
1551 1646
1551 1808
1552 2084
1552 2673
1552 2802
1553 1602
1553 2230
1553 2844
1554 2057
1555 3756
1556 2988
1557 1589
1557 1868
1557 2821
1557 3040
1558 1574
1558 3130
1559 2612
1559 3121
1559 3195
1560 2234
1561 3207
1561 3235
1561 3552
1561 3994
1562 2070
1562 2370
1562 3545
1563 1958
1563 2156
1564 3227
1565 1657
1566 2169
1566 3252
1566 3407
1569 2103
1569 2616
1569 3003
1570 2021
1570 2990
1571 1787
1571 2146
1571 2889
1572 2670
1574 2687
1574 3745
1575 1635
1575 1922
1576 3008
1577 2776
1578 3050
1578 3640
1579 2004
1579 2825
1579 3067
1579 3804
1580 2946
1581 1593
1581 2970
1582 2494
1583 2288
1583 2529
1583 2688
1584 1837
1584 2215
1584 3361
1585 2847
1586 1812
1586 2028
1586 3642
1586 3659
1586 3947
1587 2383
1587 2478
1587 2752
1588 1856
1588 2702
1588 3096
1588 3225
1588 3362
1588 3799
1589 3396
1589 3692
1590 1890
1590 2232
1590 3095
1591 2698
1591 3054
1592 1695
1593 3672
1594 1637
1594 3806
1595 1694
1595 2953
1597 2701
1598 2282
1598 3280
1598 3937
1599 1968
1599 3310
1600 1673
1600 2225
1601 1770
1601 1966
1601 2455
1601 2939
1601 3304
1602 1870
1602 2397
1602 3854
1603 1884
1603 2165
1603 3012
1603 3544
1604 1685
1604 1942
1604 2190
1604 2594
1604 2779
1604 3943
1605 3036
1605 3397
1605 3985
1606 2140
1606 3588
1607 2438
1608 1856
1608 2457
1608 2589
1609 1756
1609 3075
1609 3486
1611 1723
1611 1762
1611 1788
1611 2297
1611 3779
1611 3803
1612 2200
1613 2194
1614 1857
1614 2298
1614 2483
1614 2632
1614 2866
1615 2091
1615 3145
1615 3535
1615 3728
1616 1634
1616 2392
1616 2894
1616 3437
1616 3949
1617 1916
1618 1676
1618 2421
1618 3428
1618 3772
1619 1859
1619 3995
1621 1661
1621 2450
1621 2645
1621 3083
1621 3319
1621 3453
1622 2030
1622 2285
1622 2540
1622 3655
1622 3884
1623 2607
1623 2791
1623 2908
1623 3956
1624 2431
1624 2831
1624 3081
1624 3335
1625 1732
1625 2960
1625 3050
1626 2147
1627 2202
1628 2257
1628 2293
1628 2827
1629 3340
1629 3678
1629 3980
1630 3132
1630 3598
1631 1811
1631 2040
1631 3320
1632 3607
1633 1747
1633 3089
1633 3227
1634 2388
1634 2678
1634 3526
1636 2934
1638 2253
1638 2264
1639 3415
1639 3689
1639 3857
1640 3204
1640 3373
1641 2052
1642 2299
1642 3346
1642 3487
1643 2304
1643 2776
1643 3057
1643 3299
1643 3841
1644 3090
1645 2094
1646 2732
1646 3472
1648 1953
1648 2820
1648 3324
1649 1756
1649 2886
1649 2900
1649 3248
1650 1673
1650 2059
1650 2899
1650 3186
1651 1861
1651 2031
1651 2820
1652 1795
1652 3145
1652 3485
1653 2248
1653 2285
1653 2750
1653 3442
1653 3994
1655 2166
1655 3920
1656 2270
1656 2637
1656 3063
1657 2128
1657 3138
1657 3708
1657 3778
1658 1757
1658 3848
1659 2124
1659 2725
1660 1789
1660 3324
1661 1746
1661 2101
1661 3446
1662 2546
1662 2692
1662 3065
1663 2017
1663 2231
1663 3200
1664 2454
1664 2515
1664 2694
1665 3977
1666 1694
1667 3489
1667 3889
1668 1845
1669 1940
1669 2075
1669 2172
1669 2998
1670 3334
1670 3479
1671 2645
1671 3703
1671 3987
1672 3661
1673 3023
1674 1705
1674 3375
1674 3525
1675 2170
1676 3623
1677 2849
1677 2898
1678 1782
1678 2039
1678 2283
1678 2809
1679 2616
1679 3121
1679 3250
1679 3820
1680 3251
1680 3822
1681 2320
1681 2335
1681 3640
1682 3489
1683 2244
1683 3094
1684 1795
1684 3417
1684 3440
1684 3883
1685 3132
1686 1774
1686 1853
1686 1886
1686 2050
1686 2102
1686 2660
1686 2699
1686 3068
1686 3708
1686 3749
1687 2527
1688 2276
1689 1792
1689 2371
1689 3934
1690 1953
1690 2305
1690 2727
1690 3756
1690 3810
1691 2265
1691 3232
1691 3981
1692 3226
1693 2314
1693 3806
1694 2493
1694 3363
1694 3890
1696 2044
1696 3084
1696 3906
1697 1754
1697 2077
1698 2132
1698 3134
1698 3290
1699 2689
1700 1765
1700 3160
1701 2514
1703 2733
1703 2916
1703 2957
1703 3638
1703 3786
1704 2713
1704 3140
1705 2620
1705 2959
1706 2035
1707 2323
1707 3482
1707 3971
1708 1851
1708 3033
1708 3543
1708 3909
1709 3091
1709 3532
1710 1714
1710 2868
1710 3248
1710 3469
1710 3476
1710 3697
1710 3976
1711 2153
1711 2731
1711 3081
1711 3764
1712 1814
1712 2684
1712 3977
1713 2044
1713 2857
1713 3047
1713 3387
1714 3289
1714 3638
1716 2525
1716 3765
1717 2319
1718 3356
1719 1845
1720 2252
1720 2756
1720 3011
1720 3781
1721 1734
1721 2133
1722 3667
1724 2594
1724 2761
1724 3053
1724 3761
1725 1809
1725 2075
1725 2104
1725 2173
1725 2688
1725 2814
1726 3100
1727 1820
1727 1830
1727 3652
1728 1858
1728 2274
1728 2418
1729 2693
1729 2991
1729 3150
1729 3159
1730 3360
1730 3600
1731 2928
1731 3008
1731 3345
1731 3963
1732 1997
1732 2467
1732 3146
1733 2764
1733 3325
1733 3471
1733 3597
1734 2502
1734 3214
1735 3546
1735 3916
1736 1944
1736 2958
1736 3462
1737 3233
1737 3763
1738 2209
1738 2783
1739 2963
1740 2925
1740 3248
1741 2967
1742 2976
1742 3475
1742 3505
1742 3841
1743 2424
1743 3218
1743 3986
1744 2055
1745 3021
1745 3330
1745 3889
1746 3391
1747 2696
1747 3580
1747 3791
1749 3856
1750 2176
1751 1854
1751 2061
1751 2157
1751 3173
1751 3936
1752 1806
1752 2885
1753 2828
1753 2985
1753 3791
1754 1937
1754 2989
1754 3051
1755 2637
1756 1763
1756 1933
1757 1775
1757 2038
1757 3006
1758 1823
1759 2052
1759 2270
1759 2884
1760 3109
1761 2789
1761 3174
1762 2094
1762 3936
1764 2228
1764 3331
1765 2758
1765 3806
1766 3073
1767 2311
1767 2922
1767 3822
1768 2826
1768 2938
1768 3310
1769 2139
1769 2941
1770 2552
1770 2582
1770 3981
1772 3198
1773 2818
1773 3439
1774 2171
1774 3386
1774 3624
1775 1953
1775 2548
1775 3479
1776 2585
1776 3007
1776 3301
1777 2218
1778 3158
1779 1879
1780 2297
1780 2833
1781 2216
1781 2740
1781 2781
1781 3717
1782 2578
1782 2647
1782 3214
1783 2041
1783 2044
1783 3553
1784 1964
1784 2907
1784 3115
1784 3351
1784 3668
1785 3325
1785 3847
1786 2102
1786 2868
1787 2471
1787 2799
1789 1816
1789 2434
1789 2926
1790 2095
1790 2493
1790 2632
1791 1968
1791 2187
1791 3153
1791 3525
1791 3739
1792 2001
1794 2481
1794 2890
1796 1879
1796 2650
1796 3599
1797 3664
1798 3260
1798 3370
1798 3824
1799 3073
1799 3171
1800 3668
1801 2334
1801 2580
1801 3111
1801 3156
1801 3284
1802 1917
1802 2350
1802 3093
1803 2002
1803 3797
1804 1903
1804 3643
1805 3961
1806 1815
1806 2181
1806 2415
1806 2447
1806 3775
1807 3500
1808 2307
1808 2748
1808 3697
1809 2375
1809 2383
1809 2553
1810 1851
1810 3457
1811 2062
1811 2141
1811 3494
1811 3561
1812 2254
1813 1964
1813 2756
1814 2121
1815 3133
1815 3517
1816 2428
1817 2791
1818 1858
1818 1877
1818 2319
1818 3651
1818 3935
1821 2304
1821 3812
1822 3387
1823 3429
1824 1852
1824 2824
1824 3819
1824 3883
1825 2091
1826 2664
1827 2707
1827 2958
1828 2354
1829 3435
1830 3296
1830 3641
1831 2180
1831 3184
1831 3925
1832 2705
1832 2980
1833 2236
1833 3693
1834 2502
1836 2149
1836 2484
1836 3420
1837 2075
1837 3087
1838 2167
1838 3808
1839 2849
1839 3203
1840 2406
1840 3309
1840 3898
1841 1906
1841 3585
1842 1930
1842 2019
1842 2185
1843 2508
1843 2591
1844 2596
1844 2995
1844 3353
1845 2129
1845 2238
1845 2547
1845 3179
1846 2884
1846 3865
1847 2563
1848 3090
1848 3192
1849 1972
1849 3770
1851 3130
1851 3866
1852 2377
1852 3246
1853 1864
1853 1887
1854 2725
1854 3628
1854 3686
1855 2581
1855 2760
1856 2604
1857 3176
1858 3893
1859 2126
1859 3759
1859 3858
1860 3123
1861 2902
1861 2971
1864 1899
1864 2533
1864 2534
1864 2543
1864 3118
1864 3602
1865 1972
1865 2110
1865 3380
1865 3431
1865 3769
1866 2676
1866 3664
1867 2920
1867 3686
1868 2651
1868 3144
1868 3569
1870 2310
1870 2388
1870 3093
1870 3585
1870 3911
1871 2030
1871 2305
1871 2369
1871 2844
1871 3816
1872 2912
1872 3360
1872 3441
1873 2139
1873 3440
1874 3271
1874 3760
1875 2072
1875 2196
1875 2552
1876 2734
1877 3177
1878 2151
1878 2167
1878 2592
1878 2624
1879 2717
1880 2582
1880 2936
1881 2223
1881 2302
1881 3123
1881 3591
1882 2439
1882 2513
1883 2103
1883 3987
1885 2618
1885 2991
1885 3015
1885 3705
1885 3819
1886 2847
1887 2849
1888 3934
1891 2202
1891 2636
1891 2815
1891 3243
1892 3176
1892 3719
1893 2335
1893 2877
1893 2880
1894 2302
1894 2316
1894 2380
1894 3215
1896 2298
1897 2387
1897 2651
1898 2573
1898 3605
1899 2250
1899 2433
1900 3850
1901 3044
1902 2435
1902 3234
1903 1944
1903 2219
1904 2250
1905 2364
1905 2759
1905 3577
1906 3560
1906 3850
1907 2497
1907 3789
1908 1985
1908 3245
1909 1962
1909 2185
1910 3047
1910 3419
1911 2094
1911 2205
1912 2209
1913 2265
1914 2273
1914 2912
1915 2162
1915 2733
1915 3649
1916 2181
1916 2508
1916 2693
1916 2705
1916 3291
1916 3731
1917 2599
1917 3401
1917 3954
1918 2848
1918 3522
1919 2021
1919 2970
1920 2936
1921 2318
1921 3214
1923 3856
1924 2146
1924 2252
1924 2710
1924 3446
1924 3997
1925 2232
1926 2723
1928 2063
1928 2253
1928 3288
1928 3433
1928 3795
1929 3590
1929 3598
1930 2693
1931 2025
1932 3822
1933 1939
1933 2053
1933 2895
1933 3838
1933 3969
1934 2295
1934 2915
1937 1942
1938 2103
1938 3208
1938 3443
1939 2440
1939 2775
1939 2900
1940 2294
1940 3238
1941 2138
1942 2334
1942 2732
1942 3059
1942 3550
1942 3908
1943 1947
1943 3167
1943 3341
1943 3687
1944 2017
1944 2409
1944 3608
1944 3870
1945 2981
1945 3428
1946 3403
1946 3749
1947 1992
1947 3041
1948 2996
1949 2747
1950 3299
1951 2280
1951 2626
1951 2824
1952 2094
1952 2111
1952 3418
1953 2759
1953 3370
1954 2347
1955 2862
1955 3666
1956 2400
1956 2592
1956 2618
1957 2969
1957 3260
1957 3754
1958 2496
1958 2728
1958 3112
1958 3450
1958 3511
1959 2338
1959 3772
1959 3820
1960 2251
1960 2292
1960 2535
1961 2185
1961 2591
1961 2748
1961 3868
1962 3337
1962 3532
1963 3673
1964 3593
1965 2351
1966 2189
1966 2580
1966 3222
1966 3746
1967 3007
1967 3103
1968 3410
1968 3652
1968 3666
1969 3346
1969 3927
1970 3694
1971 3342
1972 2012
1972 2334
1973 2070
1974 2788
1974 2903
1974 3122
1974 3151
1975 3201
1975 3915
1976 3541
1977 3343
1977 3573
1978 2494
1978 3691
1978 3857
1979 3393
1980 2315
1980 2377
1980 2846
1980 3075
1981 2120
1983 2240
1983 2646
1985 2153
1985 2255
1985 3319
1988 3061
1988 3251
1988 3904
1989 3659
1990 2670
1990 3301
1991 2188
1991 3190
1992 2285
1992 3732
1992 3741
1993 2129
1995 2886
1996 2319
1996 2488
1997 2399
1997 3411
1997 3623
1997 3698
1998 3184
1999 2177
1999 2426
2000 3869
2001 2865
2001 3009
2002 2646
2002 3181
2002 3883
2003 2360
2003 3516
2003 3617
2003 3744
2004 3887
2005 2924
2005 2998
2005 3615
2005 3842
2006 2451
2007 2966
2007 3622
2009 2626
2009 2944
2010 2021
2010 2621
2010 2770
2010 2989
2010 3569
2010 3590
2011 2107
2013 2891
2014 2271
2014 3367
2014 3415
2016 2271
2016 2333
2016 3253
2016 3294
2016 3720
2016 3883
2016 3914
2018 3896
2019 3520
2020 3703
2021 3057
2021 3989
2022 3239
2023 2227
2023 3088
2023 3178
2023 3753
2024 2430
2024 3394
2025 2217
2025 2369
2025 2599
2025 2964
2026 3257
2027 2615
2027 3067
2027 3147
2028 2090
2028 2381
2028 2566
2028 3644
2029 3789
2030 3577
2030 3900
2031 3448
2031 3848
2032 2252
2032 2370
2032 3010
2032 3857
2033 2482
2033 2945
2033 3303
2034 3162
2036 2846
2037 2160
2037 2486
2037 3224
2038 2340
2038 2773
2040 2452
2041 2691
2041 2877
2041 3739
2041 3864
2043 2611
2044 2858
2044 3565
2045 2847
2045 3196
2046 2712
2046 2843
2046 3918
2048 2159
2049 2195
2050 3640
2052 2520
2052 2936
2053 2381
2053 2544
2053 3719
2054 2628
2054 3001
2055 2440
2055 3757
2058 3980
2059 2634
2059 2823
2059 3413
2059 3859
2060 2777
2060 2855
2061 3235
2062 2502
2062 3474
2063 2624
2063 2649
2063 3828
2064 2164
2064 2891
2064 3926
2065 3474
2065 3752
2065 3850
2066 2191
2066 3769
2067 2781
2067 3305
2067 3706
2068 3641
2068 3845
2068 3866
2069 3957
2070 3160
2070 3566
2072 3950
2074 2388
2074 2531
2074 3535
2075 2082
2075 2347
2075 2871
2076 2823
2076 3060
2076 3854
2076 3905
2077 2383
2077 3019
2078 3281
2078 3758
2079 2569
2079 3356
2079 3552
2079 3558
2079 3865
2080 2573
2081 2269
2081 2491
2081 2607
2081 3311
2081 3385
2081 3448
2081 3456
2082 2814
2083 2126
2083 2322
2083 3478
2086 2265
2086 3247
2086 3523
2087 2141
2087 3108
2087 3156
2087 3234
2087 3471
2087 3818
2087 3885
2088 3314
2089 3323
2089 3903
2090 2735
2091 2218
2091 3139
2091 3848
2092 3580
2093 2722
2093 3398
2094 3231
2094 3765
2095 2832
2095 3438
2095 3809
2097 2220
2097 3115
2097 3304
2097 3383
2099 2173
2099 3047
2100 3353
2101 3461
2101 3893
2102 3781
2103 3838
2104 2832
2104 3068
2104 3198
2104 3918
2105 3495
2107 2429
2107 2807
2107 3081
2108 2255
2109 2433
2109 2490
2110 3351
2111 2992
2111 3171
2112 2270
2112 3814
2113 2336
2113 2852
2113 3095
2113 3275
2114 3367
2115 2793
2115 3216
2115 3821
2117 2704
2117 3533
2117 3578
2118 2514
2118 3418
2119 2532
2119 3141
2119 3446
2119 3799
2119 3955
2120 2314
2120 3501
2120 3521
2120 3709
2121 3000
2121 3923
2122 2819
2122 3880
2123 2185
2123 2188
2123 3531
2123 3840
2124 2683
2124 3306
2124 3809
2125 3117
2125 3557
2125 3569
2127 3960
2128 2157
2129 3185
2129 3739
2130 2473
2130 2695
2130 3475
2131 2225
2131 3815
2132 2333
2132 2342
2132 3383
2133 2720
2133 3483
2133 3600
2134 2280
2134 2299
2134 2392
2134 2853
2135 2442
2135 2877
2136 3022
2137 3068
2138 3217
2141 2698
2142 2392
2143 2375
2143 2814
2145 2479
2146 3642
2147 2190
2147 2939
2147 3070
2148 3607
2149 2150
2149 3069
2149 3785
2151 2906
2151 3997
2153 2459
2154 3110
2154 3715
2155 2873
2156 2439
2156 3040
2157 2958
2157 3231
2157 3496
2158 3800
2159 3766
2161 2540
2162 2528
2162 2679
2163 2726
2163 2950
2163 3175
2164 2180
2164 2554
2164 3072
2166 2899
2166 3916
2167 2748
2167 2838
2168 2265
2168 3723
2169 2473
2169 2557
2170 2339
2170 2367
2171 3002
2173 2520
2173 3363
2174 2577
2174 3051
2175 2926
2175 3911
2176 2811
2176 2994
2176 3005
2176 3973
2177 2230
2177 2426
2178 2344
2178 3148
2178 3997
2179 2435
2179 3047
2179 3285
2181 2228
2183 2718
2183 2833
2184 2931
2184 2974
2184 3770
2186 2526
2186 2725
2186 2856
2188 2992
2189 2708
2189 3222
2189 3659
2190 3272
2190 3719
2190 3754
2191 3893
2192 2539
2193 3726
2194 2227
2194 2248
2194 3724
2195 3498
2196 2808
2197 2261
2197 3876
2198 3437
2199 3401
2201 2292
2201 2351
2201 3620
2202 3195
2202 3488
2203 2684
2203 3702
2205 2527
2205 3588
2205 3954
2206 3664
2207 3532
2208 3450
2208 3459
2208 3765
2209 3251
2209 3335
2209 3800
2211 3603
2212 2370
2212 2932
2214 2916
2214 3804
2215 2757
2216 2798
2216 3269
2216 3454
2216 3624
2217 3516
2217 3921
2218 2881
2218 2886
2218 2913
2218 3388
2220 2541
2220 3022
2221 2729
2222 3326
2222 3542
2222 3995
2223 2558
2223 2589
2223 2650
2223 3238
2223 3591
2224 2573
2224 2612
2224 3321
2225 2838
2225 3128
2226 3792
2226 3957
2227 2571
2227 2779
2227 3595
2227 3853
2228 2519
2228 3065
2228 3905
2229 3096
2229 3931
2230 3513
2230 3788
2231 2581
2231 3418
2231 3681
2231 3972
2232 3172
2232 3210
2233 2614
2233 2820
2234 2404
2234 3296
2235 3150
2236 3530
2239 2243
2239 2247
2239 2259
2239 3423
2240 2855
2240 3493
2241 2566
2241 3499
2243 2373
2243 3633
2244 3709
2244 3742
2245 2254
2245 3804
2246 2656
2246 2894
2246 3109
2247 3620
2247 3916
2248 2718
2248 3020
2248 3376
2248 3790
2248 3981
2249 2386
2249 2518
2249 3244
2250 2404
2251 2939
2251 3383
2252 2397
2252 3982
2253 3052
2254 2979
2254 3524
2255 2284
2255 3570
2257 3996
2258 2828
2260 3941
2261 2860
2262 2269
2262 2454
2262 3625
2264 2896
2264 3508
2265 2850
2266 2278
2266 2698
2266 3070
2266 3448
2268 2440
2268 2984
2269 2379
2269 3801
2270 2874
2270 3585
2271 2856
2271 3362
2274 2425
2275 2350
2275 2607
2275 3172
2276 2988
2276 3404
2276 3879
2277 2661
2277 3025
2277 3283
2277 3298
2278 3449
2279 2358
2279 3078
2279 3950
2280 3162
2280 3344
2281 2845
2281 3755
2282 2768
2282 3355
2282 3562
2283 2484
2283 2894
2283 3058
2283 3143
2283 3196
2283 3202
2283 3648
2284 3179
2284 3267
2284 3761
2285 2603
2286 3939
2289 2920
2289 3332
2290 3206
2291 3892
2292 2500
2292 3258
2294 2954
2295 2486
2295 3100
2295 3986
2296 3465
2296 3787
2297 2361
2297 2457
2297 2460
2297 2517
2297 2886
2297 2984
2299 3111
2299 3586
2300 2404
2300 3599
2301 2587
2301 3776
2302 2365
2302 2686
2302 2814
2302 3704
2305 2379
2305 3307
2306 2754
2306 2960
2310 2627
2310 3069
2311 3130
2311 3444
2314 2773
2314 3831
2315 3186
2316 2414
2316 2478
2316 2640
2316 2700
2317 2503
2317 2811
2317 3082
2318 3518
2318 3855
2319 3229
2319 3823
2321 2384
2321 3658
2321 3699
2322 2464
2322 2473
2322 2587
2323 2649
2323 2713
2326 3122
2326 3296
2326 3460
2326 3663
2326 3981
2327 2482
2327 2975
2328 2426
2328 2657
2328 3386
2330 3557
2331 2382
2331 2985
2333 2631
2333 3848
2334 2596
2335 2432
2336 2726
2336 3499
2336 3792
2337 3508
2337 3554
2337 3734
2339 3411
2339 4000
2340 2668
2340 2983
2340 3000
2341 3730
2342 2804
2343 3636
2343 3701
2344 2945
2345 2785
2345 2977
2345 3465
2346 2692
2346 3917
2347 2981
2349 2788
2349 3740
2349 3753
2350 3667
2350 3724
2350 3985
2351 2536
2352 3213
2353 2834
2354 2656
2355 3294
2356 2567
2357 3222
2357 3580
2358 2964
2358 3861
2359 2445
2359 2598
2360 2417
2360 2420
2360 3969
2361 2978
2361 3192
2361 3541
2361 3598
2362 2601
2362 3065
2362 3966
2363 3159
2363 3720
2364 3539
2364 3701
2365 2490
2365 2664
2365 2718
2365 3297
2365 3758
2366 2548
2366 2767
2366 3164
2366 3311
2367 2725
2367 2852
2367 3153
2367 3470
2367 3772
2368 3290
2368 3341
2368 3712
2368 3795
2368 3866
2369 3472
2369 3974
2370 2798
2370 2813
2370 3264
2370 3565
2370 3645
2370 3791
2371 2551
2371 3767
2371 3984
2372 2905
2372 3206
2373 3904
2374 2642
2374 3408
2375 2437
2375 3120
2377 3576
2379 3857
2379 3862
2381 2426
2381 3964
2384 2696
2384 3938
2385 3840
2385 3925
2386 2655
2386 3041
2386 3260
2388 3228
2388 3420
2389 2620
2389 3490
2390 2851
2391 2589
2392 3054
2392 3655
2396 2799
2396 2803
2397 2519
2398 2828
2399 3580
2400 2666
2401 3754
2402 2496
2402 3751
2403 2841
2403 2863
2403 3082
2403 3695
2404 2684
2404 3141
2405 3202
2405 3219
2406 3370
2407 2423
2407 2753
2407 3172
2409 2806
2410 3864
2410 3962
2410 3965
2411 3519
2411 3779
2413 2419
2413 3440
2414 2602
2415 2968
2415 3647
2416 3856
2417 3334
2418 2466
2418 2846
2418 3729
2420 2894
2420 3284
2422 3751
2423 2665
2423 3561
2424 3255
2425 3223
2426 3503
2426 3901
2428 2510
2428 2768
2428 3188
2428 3935
2429 2841
2429 3735
2429 3816
2430 3472
2431 2619
2432 3525
2432 3962
2433 2830
2434 2957
2435 3247
2435 3279
2435 3845
2435 3867
2436 3351
2436 3518
2437 3782
2437 3787
2437 3904
2438 3621
2438 3911
2439 3165
2440 2774
2440 3186
2440 3879
2443 2593
2443 2893
2443 3061
2443 3082
2444 2607
2444 2761
2444 3066
2444 3772
2446 2792
2448 2608
2448 3403
2449 3112
2450 3194
2450 3718
2451 2753
2451 2886
2452 3902
2453 2535
2453 2667
2453 3415
2453 3609
2453 3710
2454 2539
2454 2759
2454 3399
2455 2978
2455 3968
2456 3333
2457 2656
2457 3444
2458 3843
2458 3974
2459 3754
2460 3831
2461 2795
2461 3603
2461 3627
2461 3982
2463 3614
2464 3302
2464 3693
2465 3038
2466 2470
2467 2520
2467 2608
2467 2896
2467 3062
2468 2728
2468 3106
2468 3263
2469 2726
2469 2736
2469 3012
2469 3032
2471 2848
2471 3534
2471 3700
2472 3102
2472 3974
2473 3027
2474 3733
2475 3810
2476 3905
2477 3499
2478 2733
2478 3127
2478 3586
2479 2693
2479 2836
2479 3023
2479 3747
2480 3054
2481 2577
2481 2598
2481 3651
2482 2681
2482 2919
2482 3095
2483 2785
2483 2918
2483 3606
2485 2660
2485 3026
2485 3263
2485 3784
2486 3933
2487 2551
2487 2913
2490 3200
2490 3558
2490 3575
2490 3801
2490 3805
2492 2646
2492 3509
2492 3795
2494 2615
2495 2611
2495 2976
2495 3263
2495 3284
2496 2866
2496 3627
2496 3792
2497 2785
2497 3298
2498 3022
2499 3433
2499 3473
2499 3485
2500 3528
2501 3396
2501 3815
2501 3984
2502 3231
2503 3084
2503 3573
2506 3442
2508 3509
2509 3406
2509 3504
2510 3084
2510 3141
2511 2697
2511 3706
2512 2527
2512 2775
2512 2981
2512 3187
2512 3789
2512 3947
2513 2538
2513 2697
2513 3170
2513 3231
2514 2640
2515 2609
2515 3628
2517 3049
2519 3727
2520 3158
2521 3546
2522 2725
2522 3399
2523 3045
2523 3137
2525 3218
2525 3250
2528 2654
2528 3503
2528 3825
2529 2727
2531 3073
2532 2878
2532 3608
2533 3175
2534 3035
2535 2756
2535 3252
2536 3763
2538 2713
2538 2989
2538 3274
2539 2834
2539 3254
2539 3975
2542 3617
2542 3983
2543 3089
2544 3619
2545 3486
2545 3985
2547 2737
2548 3493
2548 3626
2548 3775
2548 3970
2549 3573
2549 3687
2550 3400
2550 3878
2551 2712
2551 3060
2551 3911
2554 3039
2554 3276
2555 3529
2556 2643
2560 3946
2561 2657
2561 3144
2561 3568
2561 3591
2561 3601
2561 3971
2563 2808
2563 3021
2563 3802
2563 3946
2564 2639
2564 3339
2565 3244
2565 3280
2565 3777
2566 3534
2566 3794
2566 3806
2567 2618
2568 2884
2568 3017
2568 3972
2569 2617
2569 2945
2571 3097
2572 2960
2573 3307
2574 3932
2576 2777
2576 3343
2577 2613
2578 3222
2578 3240
2579 2861
2579 3262
2579 3685
2580 2988
2581 2784
2581 2795
2582 2808
2582 3224
2584 3199
2584 3529
2585 2924
2586 3039
2587 2982
2588 2780
2588 3101
2590 2713
2590 3901
2591 2723
2592 3682
2593 2669
2593 3227
2593 3754
2593 3861
2594 3820
2595 3857
2595 3962
2596 3395
2597 2790
2599 3015
2599 3260
2599 3888
2600 3743
2601 3079
2601 3477
2601 3830
2602 3193
2603 3301
2604 2841
2605 3042
2607 2701
2607 2923
2607 3538
2607 3739
2607 3756
2608 3940
2609 2991
2610 2729
2610 3066
2610 3103
2611 2740
2611 3401
2612 3462
2612 3472
2614 3346
2615 3396
2616 2996
2617 3338
2618 2629
2618 3984
2619 3363
2619 3717
2620 2779
2620 3199
2620 3872
2621 2643
2621 3140
2621 3640
2623 3144
2623 3416
2624 2903
2624 3466
2625 2764
2625 3303
2625 3328
2626 3192
2626 3548
2626 3627
2627 3448
2628 3484
2628 3729
2630 2702
2630 2948
2630 3591
2633 3880
2634 3081
2634 3134
2634 3980
2635 3685
2636 2798
2637 3357
2637 3548
2641 2998
2641 3117
2641 3140
2643 3266
2643 3391
2643 3397
2643 3452
2644 2997
2645 3658
2648 3085
2648 3514
2649 3108
2649 3314
2650 2738
2650 2919
2650 3665
2651 2992
2652 3225
2652 3623
2652 3694
2654 2996
2654 3743
2656 3205
2656 3527
2657 3572
2657 3628
2657 3971
2658 3234
2659 3175
2660 2866
2660 3251
2661 3021
2661 3431
2661 3551
2661 3939
2664 3383
2664 3804
2665 3019
2665 3120
2665 3324
2665 3790
2667 3436
2668 3458
2669 3023
2670 2759
2670 3669
2670 3819
2673 3609
2675 2947
2675 3351
2676 2718
2676 3009
2676 3896
2678 3132
2678 3427
2678 3434
2679 2860
2680 2922
2682 3924
2683 2735
2683 3161
2683 3302
2684 2827
2684 3365
2684 3837
2685 2701
2686 3263
2688 3336
2688 3464
2690 3681
2691 3094
2691 3534
2692 3271
2692 3549
2692 3733
2692 3820
2693 3340
2693 3989
2694 3359
2695 2843
2695 3173
2696 2980
2696 3344
2696 3404
2697 3615
2698 3521
2698 3661
2699 2824
2700 2854
2700 3370
2703 2950
2704 3071
2705 2728
2705 3363
2705 3651
2706 3027
2708 3593
2709 3501
2710 2795
2710 3829
2711 3976
2713 2862
2713 3384
2714 3569
2715 2740
2715 3459
2715 3586
2716 2760
2716 3040
2716 3211
2718 2985
2718 3135
2718 3188
2718 3936
2719 3911
2720 2911
2720 3128
2721 2744
2721 2793
2723 3069
2723 3880
2724 3074
2724 3503
2725 3641
2726 2775
2727 2789
2727 3138
2727 3378
2727 3595
2729 3807
2731 3737
2732 2942
2732 3299
2732 3926
2733 3171
2734 2774
2734 3969
2735 2790
2735 2870
2735 2987
2738 3292
2740 2956
2740 3207
2740 3591
2741 3508
2742 2900
2742 3026
2742 3959
2743 3314
2743 3655
2743 3809
2745 3425
2747 2781
2747 3459
2747 3995
2749 3217
2749 3747
2750 3100
2750 3971
2751 3899
2752 3501
2753 3393
2754 2890
2754 2984
2754 3508
2755 3296
2755 3446
2756 3982
2758 3369
2758 3756
2758 3802
2758 3860
2760 3203
2761 3625
2761 3748
2762 3106
2764 3343
2764 3378
2764 3609
2766 3179
2766 3808
2767 3970
2768 2913
2769 3136
2770 3863
2771 3753
2773 2844
2775 3702
2776 3758
2777 3156
2777 3603
2779 3051
2779 3848
2780 2861
2780 3454
2780 3577
2780 3753
2784 3220
2784 3938
2786 3798
2789 3968
2791 3121
2792 2934
2793 3675
2793 3730
2794 2966
2794 3259
2794 3557
2795 3499
2798 3101
2798 3960
2799 3045
2800 3991
2801 3083
2801 3406
2801 3930
2802 3028
2802 3421
2803 2826
2804 3193
2805 3040
2806 3242
2807 3620
2809 2895
2810 2985
2812 3673
2815 3337
2815 3848
2817 3366
2817 3914
2819 3647
2820 2991
2821 3338
2823 3953
2824 2980
2825 3199
2825 3750
2827 3034
2827 3449
2828 3555
2829 3696
2829 3967
2830 2841
2830 2872
2831 3149
2831 3489
2831 3791
2832 3123
2832 3799
2833 3582
2835 3367
2836 3050
2838 3570
2838 3572
2839 2968
2839 3337
2840 2856
2840 3808
2842 2850
2843 3725
2845 2997
2845 3053
2845 3504
2845 3998
2847 2870
2847 3381
2848 3419
2849 3280
2849 3412
2849 3803
2852 3996
2853 3903
2853 3986
2854 3283
2855 3977
2858 3149
2858 3253
2859 3553
2859 3743
2860 3044
2862 3255
2863 3281
2865 2870
2868 3068
2868 3085
2869 3136
2871 3208
2874 3416
2874 3922
2876 3372
2876 3586
2877 3528
2878 3071
2881 3278
2881 3727
2883 3035
2884 3934
2886 3774
2887 3372
2887 3840
2890 2943
2892 3769
2893 2948
2893 3829
2894 3548
2894 3723
2895 3451
2895 3655
2895 3837
2896 3162
2897 3019
2898 2933
2898 3350
2899 3052
2901 3437
2901 3592
2902 3928
2903 3429
2903 3584
2904 3632
2905 3401
2906 3309
2907 3942
2908 3563
2908 3980
2910 3982
2912 3567
2913 3019
2913 3178
2913 3560
2913 3734
2916 3083
2916 3308
2917 3738
2921 3292
2921 3954
2922 2955
2922 3722
2925 3994
2926 3292
2926 3523
2926 3962
2927 3456
2927 3581
2928 3125
2929 3057
2929 3393
2929 3436
2929 3908
2929 3998
2931 3289
2931 3712
2934 2941
2934 3888
2936 3484
2937 3357
2940 3056
2941 2944
2942 3001
2942 3742
2942 3962
2943 3676
2943 3857
2944 2987
2944 3243
2944 3649
2944 3747
2945 3482
2945 3530
2946 3837
2947 3074
2947 3705
2948 3792
2949 3175
2949 3405
2949 3832
2950 3576
2950 3773
2951 3396
2953 3647
2954 3948
2956 2974
2957 3134
2957 3506
2957 3919
2958 2967
2958 3985
2960 3273
2960 3390
2960 3455
2963 3062
2964 3148
2964 3187
2965 3398
2965 3426
2965 3740
2966 3020
2967 3426
2967 3526
2967 3565
2969 3044
2969 3558
2969 3685
2972 3928
2976 3619
2977 3057
2977 3995
2980 3058
2980 3491
2981 3329
2983 3205
2983 3266
2983 3642
2983 3956
2985 3926
2989 3709
2990 3812
2991 3074
2991 3247
2992 3203
2992 3393
2992 3468
2992 3944
2993 3220
2994 3443
2995 3017
2995 3021
2995 3060
2996 3998
2997 3025
2997 3187
2997 3234
2998 3140
2998 3388
2998 3509
2999 3773
2999 3814
3001 3088
3005 3061
3005 3437
3006 3251
3007 3559
3007 3608
3007 3838
3009 3112
3009 3553
3009 3918
3011 3647
3011 3775
3012 3085
3012 3112
3012 3778
3012 3863
3013 3538
3015 3234
3015 3643
3015 3745
3016 3946
3020 3543
3023 3808
3026 3877
3026 3981
3029 3273
3029 3509
3030 3136
3032 3453
3033 3247
3034 3528
3035 3689
3035 3790
3042 3311
3042 3454
3043 3992
3044 3231
3044 3377
3047 3140
3049 3245
3050 3366
3052 3955
3055 3197
3056 3726
3057 3083
3061 3622
3062 3209
3062 3228
3062 3572
3063 3554
3064 3295
3064 3479
3066 3573
3067 3465
3067 3585
3067 3925
3067 3984
3076 3125
3076 3935
3080 3131
3081 3468
3081 3808
3082 3174
3082 3370
3084 3369
3084 3730
3085 3995
3086 3398
3087 3796
3089 3580
3090 3996
3091 3773
3094 3235
3095 3286
3096 3383
3096 3866
3098 3301
3099 3212
3101 3445
3102 3185
3103 3331
3103 3811
3104 3830
3106 3915
3107 3484
3107 3567
3108 3910
3109 3682
3111 3864
3113 3372
3113 3801
3114 3233
3114 3879
3116 3809
3117 3191
3117 3727
3119 3782
3120 3940
3120 3962
3121 3820
3122 3145
3122 3440
3126 3771
3127 3631
3127 3802
3129 3531
3129 3555
3129 3695
3130 3276
3131 3219
3132 3151
3132 3241
3132 3333
3133 3708
3136 3615
3136 3627
3137 3557
3139 3456
3140 3353
3140 3786
3141 3487
3142 3143
3146 3245
3149 3830
3150 3888
3154 3903
3156 3520
3157 3712
3157 3842
3158 3218
3158 3265
3159 3782
3159 3835
3163 3567
3164 3177
3165 3926
3167 3763
3169 3259
3172 3322
3172 3381
3172 3383
3175 3221
3178 3847
3180 3433
3181 3206
3181 3947
3184 3593
3185 3734
3189 3516
3192 3617
3192 3636
3192 3965
3193 3332
3194 3495
3194 3662
3195 3404
3195 3625
3196 3332
3197 3951
3201 3358
3201 3396
3201 3690
3201 3803
3208 3389
3208 3443
3208 3768
3209 3479
3212 3519
3212 3643
3213 3242
3216 3793
3217 3418
3217 3959
3219 3690
3220 3392
3226 3964
3228 3231
3228 3907
3229 3556
3229 3979
3230 3458
3230 3581
3230 3631
3231 3502
3231 3507
3231 3637
3233 3652
3234 3923
3235 3502
3235 3678
3236 3511
3237 3599
3238 3289
3238 3419
3241 3764
3241 3858
3242 3629
3244 3539
3244 3822
3245 3940
3246 3372
3246 3617
3247 3387
3248 3991
3249 3345
3252 3921
3254 3478
3255 3449
3255 3483
3255 3485
3256 3518
3258 3275
3258 3884
3259 3861
3260 3708
3261 3993
3264 3922
3268 3473
3268 3959
3269 3473
3270 3567
3271 3943
3273 3815
3274 3763
3275 3912
3283 3654
3283 3884
3283 3895
3285 3564
3285 3693
3285 3741
3285 3813
3285 3822
3285 3887
3287 3753
3287 3955
3289 3907
3289 3953
3291 3387
3291 3831
3291 3924
3292 3953
3294 3964
3297 3411
3298 3974
3300 3903
3300 3907
3300 3954
3302 3775
3303 3695
3304 3381
3305 3402
3308 3907
3308 3935
3310 3565
3313 3623
3315 3694
3315 3900
3316 3478
3316 3898
3316 3917
3317 3404
3317 3956
3318 3951
3319 3339
3322 3734
3323 3579
3324 3366
3325 3339
3325 3907
3326 3435
3326 3437
3327 3569
3327 3698
3329 3689
3330 3396
3331 3682
3332 3405
3332 3449
3332 3658
3334 3465
3334 3955
3335 3442
3337 3447
3337 3666
3337 3748
3339 3723
3339 3911
3340 3840
3341 3526
3341 3774
3341 3810
3343 3950
3345 3694
3345 3761
3345 3873
3346 3485
3346 3872
3349 3405
3350 3533
3350 3671
3352 3589
3353 3398
3353 3826
3354 3659
3354 3730
3355 3629
3357 3440
3358 3958
3359 3460
3361 3460
3362 3609
3364 3423
3365 3955
3369 3720
3370 3801
3371 3441
3372 3787
3375 3468
3375 3760
3375 3842
3376 3416
3377 3459
3381 3623
3381 3780
3381 3945
3389 3645
3390 3800
3391 3991
3393 3953
3395 3924
3396 3579
3396 3758
3398 3444
3402 3871
3403 3411
3403 3450
3403 3897
3404 3569
3404 3895
3406 3679
3410 3443
3411 3452
3418 3941
3419 3791
3426 3973
3427 3738
3427 3789
3429 3613
3429 3697
3431 3454
3431 3658
3436 3458
3444 3592
3450 3997
3456 3678
3457 3552
3457 3664
3457 3721
3457 3834
3459 3709
3459 3744
3466 3657
3468 3821
3470 3701
3470 3928
3478 3978
3484 3668
3486 3941
3487 3575
3488 3715
3488 3899
3489 3830
3490 3628
3490 3741
3494 3564
3495 3990
3497 3785
3497 3834
3498 3551
3498 3554
3498 3577
3498 3971
3503 3557
3503 3684
3505 3508
3505 3727
3505 3814
3506 3696
3506 3942
3506 3950
3508 3958
3509 3612
3513 3759
3514 3568
3516 3989
3518 3718
3520 3607
3521 3726
3521 3772
3523 3532
3527 3700
3531 3577
3535 3618
3535 3987
3541 3724
3543 3829
3545 3976
3548 3737
3548 3985
3549 3840
3551 3755
3552 3720
3552 3923
3553 3822
3555 3633
3558 3997
3559 3616
3563 3821
3564 3864
3565 3970
3566 3624
3567 3764
3568 3977
3569 3663
3571 3609
3585 3764
3585 3985
3586 3814
3588 3976
3590 3736
3591 3670
3593 3902
3594 3987
3596 3831
3597 3968
3599 3822
3605 3827
3606 3699
3612 3650
3616 3661
3617 3894
3618 3903
3621 3635
3621 3856
3622 3914
3632 3666
3632 3731
3635 3992
3636 3870
3639 3853
3640 3651
3640 3998
3644 3887
3644 3980
3645 3787
3645 3805
3648 3739
3650 3656
3652 3671
3653 3788
3653 3852
3659 3679
3659 3730
3659 3848
3659 3987
3661 3942
3664 3942
3665 3861
3675 3779
3675 3910
3679 3915
3684 3729
3684 3956
3689 3722
3690 3723
3692 3847
3702 3973
3703 3963
3705 3899
3708 3844
3715 3957
3717 3743
3719 3947
3724 3875
3727 3950
3730 3943
3732 3872
3733 3806
3741 3957
3751 3839
3753 3802
3755 3858
3757 3874
3774 3878
3777 3977
3779 3872
3781 3789
3783 3855
3784 3970
3790 3974
3798 3811
3798 3895
3807 3846
3807 3927
3813 3830
3815 3997
3819 3912
3830 3947
3831 3856
3833 3917
3846 3900
3851 3965
3856 3866
3863 3966
3870 3872
3873 3936
3895 3927
3898 3981
3910 3936
3928 3991
3941 3990
3946 3975
3949 3987
3967 3987
