p td 1200 723 
1 979
1 1098
2 1037
3 590
3 903
3 1013
3 1046
5 711
6 334
6 684
7 773
7 1056
8 538
9 749
9 779
9 805
9 926
10 1017
11 360
13 218
14 359
15 793
16 50
17 102
17 196
17 220
19 455
20 471
20 1165
22 730
23 994
24 153
25 504
26 830
27 317
28 617
29 637
30 386
30 399
30 400
30 998
32 522
32 864
34 257
34 291
35 149
35 525
37 733
38 287
40 924
41 71
41 443
41 568
42 773
43 89
43 351
43 602
44 102
44 1041
44 1091
45 383
46 593
46 682
47 340
47 409
47 1180
51 603
51 699
52 1171
54 85
54 1195
56 609
57 1039
58 549
58 952
58 968
59 178
59 599
63 531
65 991
67 790
69 472
69 1020
70 544
70 1018
72 93
73 688
74 438
74 899
75 816
75 916
76 639
76 862
78 231
78 500
78 598
79 584
82 242
82 869
83 267
84 468
84 660
84 907
86 465
87 541
87 714
88 1161
89 559
89 626
89 661
89 1163
90 726
90 798
91 133
91 1073
92 1187
94 327
95 455
96 1028
96 1144
98 139
98 739
98 1049
99 550
100 526
100 606
101 245
102 158
102 995
103 638
103 834
104 357
105 825
106 1065
107 227
107 433
107 680
107 1003
108 306
108 1012
112 499
112 509
114 372
114 650
114 951
115 192
116 1110
118 184
120 316
120 609
120 684
122 217
123 407
123 1090
124 873
124 1192
125 263
127 1180
129 594
129 1177
131 226
132 1050
133 188
133 872
134 695
135 478
136 595
137 530
139 691
142 252
142 930
143 409
143 517
146 759
148 333
148 418
148 983
149 959
152 917
155 748
155 881
156 281
157 521
157 637
158 396
158 692
158 895
158 1075
158 1076
160 260
160 709
160 744
162 742
162 800
166 1150
167 928
168 701
171 210
171 1084
174 441
174 688
174 902
174 920
177 190
178 328
178 888
179 646
179 708
180 247
181 880
181 1019
182 914
182 1196
185 531
186 200
186 345
186 841
188 322
190 878
192 692
193 1062
194 831
195 394
197 827
200 301
200 487
200 494
202 802
203 737
203 863
204 695
205 478
206 384
206 399
206 977
208 593
209 335
210 644
211 600
212 277
212 546
213 222
213 691
214 514
216 250
216 327
218 908
219 440
219 449
221 335
221 685
222 445
223 1146
227 1015
229 836
230 324
230 829
232 395
233 344
233 774
237 390
238 562
241 321
241 806
242 516
242 767
243 886
247 322
249 545
249 585
250 574
251 1088
253 596
253 746
253 1101
254 449
255 724
255 1044
256 282
258 1070
260 475
261 572
262 603
263 900
264 1102
265 488
266 869
267 423
270 393
271 532
271 656
271 1149
272 1152
274 813
274 1040
274 1065
276 720
276 971
277 687
279 1158
280 636
281 1034
282 304
282 558
283 894
284 581
284 782
284 1168
287 411
287 1003
287 1104
292 521
293 947
294 1066
295 677
297 398
297 476
297 696
297 1108
299 511
299 1116
301 432
302 411
302 525
302 903
303 1158
304 597
305 693
305 707
306 623
306 1140
307 1027
308 832
308 1012
309 661
309 1065
309 1101
310 550
314 941
315 1073
317 1017
318 356
318 433
320 1138
321 344
321 474
323 513
324 643
324 689
324 1150
325 384
325 1084
326 1161
327 649
327 1094
329 398
329 1051
329 1102
334 588
335 729
343 714
343 1084
344 896
345 957
347 379
348 797
349 935
350 384
350 447
350 994
351 495
352 1064
353 415
354 694
354 1027
355 583
356 598
357 1029
358 705
359 1120
360 459
360 541
362 420
363 1160
364 479
364 712
364 806
364 831
365 494
365 665
365 681
366 845
366 860
367 525
369 539
369 611
369 1192
370 452
370 827
371 448
371 461
372 1002
376 574
377 717
377 766
379 719
379 1195
381 1068
382 648
382 775
383 950
383 1036
384 389
388 964
388 1116
392 405
392 505
393 608
393 1025
394 942
394 1005
397 1147
398 681
399 479
399 1133
400 1022
401 568
402 763
403 695
405 603
406 960
407 576
407 657
409 721
409 1019
410 651
412 663
413 1056
414 627
414 772
415 417
416 963
417 612
418 1158
419 649
421 1175
423 1001
427 551
427 775
430 1095
433 654
438 716
440 1126
442 779
443 1051
444 727
449 595
450 920
453 742
455 1102
458 1112
460 875
460 1083
461 782
463 840
463 1152
463 1193
465 865
465 985
467 1116
471 521
472 816
476 1166
481 928
482 986
483 1135
484 890
485 756
486 622
486 1094
488 1128
490 585
492 597
495 857
496 890
500 857
501 1156
502 637
502 724
503 540
503 757
503 1081
511 565
512 853
513 737
513 922
514 689
514 830
514 950
514 975
515 1171
516 933
517 777
518 695
520 677
521 580
522 646
522 700
524 708
524 771
527 1021
529 560
529 846
532 958
539 893
540 1098
541 603
543 550
544 649
546 683
546 933
547 648
551 642
555 892
558 716
558 771
558 971
563 607
566 1059
567 1091
567 1158
569 971
570 1063
574 1199
576 738
579 592
580 1192
581 679
581 1149
586 976
587 693
587 1161
588 1055
591 702
593 747
593 1005
596 813
597 846
597 1001
597 1090
599 1137
604 619
606 859
609 1022
611 1192
612 1044
613 760
614 1078
616 640
618 1150
621 1163
621 1183
622 992
622 1179
623 844
623 1003
625 687
629 747
631 1043
633 766
633 987
634 916
634 1090
635 763
635 1095
638 1079
639 781
639 911
640 1182
641 955
643 783
643 867
643 935
644 1022
646 1021
646 1043
649 1008
661 955
661 1112
662 787
672 824
672 1088
675 812
676 818
680 702
685 1105
693 1161
696 836
698 843
698 976
700 991
702 808
702 921
702 1031
707 997
709 903
709 1199
710 763
710 994
717 1162
719 850
723 1159
725 1142
727 1050
727 1072
728 895
732 753
733 915
735 766
736 1133
740 1011
747 751
747 957
748 835
750 924
751 885
751 1171
752 1099
754 954
754 1078
755 857
755 1174
756 953
757 1125
757 1168
772 1027
780 1027
784 890
790 838
791 1028
795 836
796 804
797 812
801 1028
802 1127
803 937
809 927
809 1023
812 1037
812 1045
815 835
819 1197
822 953
824 1089
825 886
830 1157
833 1083
834 974
841 994
846 914
846 948
849 951
853 907
855 1076
857 909
858 966
858 996
864 961
864 1183
865 1192
866 886
867 1069
868 1023
870 1153
872 964
873 1181
883 901
887 997
887 1076
889 1050
890 1058
896 1099
898 1037
903 907
905 1124
906 951
906 1042
914 1155
916 1186
923 925
927 973
928 1108
933 1014
933 1094
937 1081
944 968
944 1057
946 1087
948 1178
965 1097
966 1082
973 1154
977 1184
980 1135
984 1042
985 1066
987 1059
990 1043
1001 1140
1015 1164
1023 1175
1032 1128
1037 1104
1040 1060
1046 1166
1058 1068
1058 1100
1063 1122
1072 1120
1073 1087
1102 1115
1104 1146
1135 1141
