p td 2000 8000 
1978 912
1713 1305
1294 1475
940 1342
577 1629
1411 1655
1262 1943
1132 977
607 708
1442 220
1982 398
1488 1277
1185 964
1118 978
578 1132
938 461
1310 493
296 1428
1209 925
1023 1439
1882 1180
1878 998
1742 1106
1806 1646
563 1049
392 1945
1545 1766
362 292
309 631
1655 672
246 792
300 1069
1384 304
485 1277
597 294
894 681
1655 812
289 1280
1602 1631
1095 1065
1240 102
1975 1399
1134 657
1494 434
173 697
638 704
1539 335
1057 1275
804 1383
658 1862
1364 1626
1112 1315
1230 852
1523 299
1465 728
780 793
909 1065
933 231
421 669
1693 1154
1085 1171
1653 1565
878 1790
1640 174
736 223
176 1460
1446 1873
201 1236
1597 1255
236 784
1446 524
1915 377
1949 1448
1231 1997
317 1646
1004 424
118 537
1841 1395
1106 1480
1478 1611
537 1798
995 974
790 173
123 1590
1167 533
1499 1332
1406 742
1357 1942
417 197
1191 903
585 1270
1096 1490
1838 107
286 716
1820 714
1926 481
165 1246
780 262
396 690
544 766
1170 1046
967 124
1397 985
1557 1111
1484 432
1154 1647
1302 1377
1688 17
1697 1677
1266 1846
689 295
1871 1279
471 1850
1581 1975
1546 1712
1516 1004
1173 1680
1558 933
1425 1929
1282 1733
1979 662
521 1539
751 540
896 1848
898 1991
99 55
629 470
1682 485
735 1034
1570 965
732 738
1777 193
23 268
828 201
1285 423
435 1712
1195 432
1644 59
590 376
1226 1850
723 1548
468 1473
203 121
1815 213
1837 114
740 765
639 1180
325 530
1477 78
347 1101
1508 1516
776 1647
709 1135
1 987
935 769
1732 264
912 1553
938 1037
927 1488
916 378
1098 971
454 208
338 558
1455 945
88 1086
1330 1848
557 69
105 1416
1925 619
310 772
333 137
271 1366
1944 1730
1810 770
1715 782
1087 559
719 592
1623 1555
1955 343
1505 363
1143 99
827 1043
1456 1464
912 691
411 948
1417 1166
692 1481
267 1830
973 1313
63 1923
1024 1211
911 457
1064 513
1806 167
949 222
840 1511
1922 157
1631 847
615 1891
86 1779
983 976
1614 279
385 1175
1830 190
430 339
75 352
1974 864
331 1138
555 1419
1448 1305
1094 334
1468 1952
112 1004
1975 1652
403 221
1052 708
556 963
584 658
1272 709
174 243
1931 1123
341 38
118 924
20 282
493 1947
1862 399
1630 344
1466 1067
1075 1024
439 423
1012 1548
143 677
1267 953
121 935
839 1742
1069 204
597 76
1702 1540
1261 1555
966 1329
1437 1214
798 1017
327 120
484 1691
454 747
1822 794
1438 1574
385 1327
388 22
1419 285
743 1960
182 318
1231 1785
1888 893
1465 150
1717 1177
1875 77
947 844
1966 88
724 1875
572 1174
1436 315
1434 363
900 1617
1040 470
215 1867
1292 87
237 287
398 626
1171 1286
1499 847
1430 899
652 1002
808 1550
1581 915
1600 1847
1933 787
1751 1296
418 873
84 714
848 1318
271 140
1358 1988
66 1974
220 438
1293 1554
1634 580
1610 1770
1342 1973
1728 1476
287 1688
131 462
221 1953
1935 1274
1245 1777
314 1032
1734 153
135 1960
1570 950
1973 1738
822 1970
543 267
1559 1881
1667 623
1952 1688
660 1123
849 28
1279 958
1090 1476
945 825
1847 595
1751 1305
780 1977
662 607
696 1993
774 908
1129 159
157 1408
153 1129
203 905
1858 1290
688 1878
517 531
414 1387
1728 727
307 1507
1954 835
591 1346
1364 1121
1804 227
1515 1964
1862 1785
1261 1613
1022 1236
484 1067
1971 1138
336 1431
906 55
1755 141
121 1411
1617 539
1504 1568
1168 272
1235 1213
1501 242
1746 1824
41 1370
540 620
1635 308
204 691
1958 1489
1374 833
1444 112
86 1824
1770 1558
1699 1159
772 1398
643 416
1742 1618
633 1029
1111 1528
878 523
997 1806
1986 1415
1234 324
1514 1531
1535 1801
668 32
468 1486
661 332
1481 222
426 1909
920 1888
518 59
665 506
996 295
326 714
1727 1889
54 887
162 1668
851 168
429 1757
1718 1668
1888 128
1598 837
180 1486
1808 1874
105 1293
1605 291
1498 1196
1496 1432
1809 1096
1305 1388
962 455
1853 929
1026 1685
112 844
1813 211
1933 615
761 548
1241 541
1473 34
1513 1443
1591 1020
1022 1232
310 206
684 1794
36 172
1848 250
480 1046
256 1017
1390 1407
1137 826
1372 578
1394 1476
1170 449
424 444
1319 174
1521 88
888 1380
1826 1560
1069 983
1918 516
936 284
1757 1100
1928 1027
1179 1869
1858 1644
78 445
148 1382
1353 1988
758 967
895 711
1305 903
1708 1407
1178 93
1284 437
636 1219
1199 1167
768 1873
1931 1641
216 1641
943 1321
1587 498
1026 1606
1588 888
602 1377
288 1299
540 1861
1556 512
1136 100
1924 1338
575 570
1540 1019
1927 740
1161 1235
485 1461
1919 1585
267 555
1694 1513
566 495
892 535
642 1086
1395 672
1389 1205
1827 672
1239 964
536 648
66 727
50 413
650 1334
360 1122
1151 826
1423 1935
1395 1411
55 195
1441 948
937 520
415 854
1562 254
1974 153
211 1126
742 1205
236 278
1448 1464
397 970
2000 1466
643 808
1191 1271
910 1669
984 1649
288 1410
1223 783
112 1333
1347 922
1998 228
988 1828
1030 906
1097 761
868 163
864 249
11 1939
730 1479
486 1294
880 1490
828 81
692 1773
986 955
219 804
277 1009
801 1844
1903 1235
1900 1868
907 1159
1534 1066
402 1166
1032 1829
802 279
693 1409
1618 172
173 756
1073 119
1245 31
1474 856
1360 833
1557 259
1412 754
987 575
1414 1013
1317 502
1504 545
1558 1769
179 842
653 971
773 1111
298 1335
1115 979
1861 1219
1354 1332
535 1367
145 1219
1656 1593
1077 173
209 1696
457 1164
1172 732
1649 779
1678 413
1595 1602
1162 381
88 526
1012 1322
1295 1948
1156 1612
1962 1515
1276 1196
1598 713
1902 1044
618 1072
743 1935
427 203
378 282
1496 279
86 1304
140 419
1368 1767
663 1990
804 113
549 1587
505 355
1889 463
517 92
1115 661
508 1848
1004 512
154 977
1972 1652
150 892
1847 1751
1868 1795
1626 1117
1422 315
1169 1357
628 1380
1719 1046
1542 304
272 1733
1546 1646
1336 965
1163 1734
487 234
1534 28
1624 850
1212 1808
1875 1278
1996 1
921 1348
1223 226
360 1001
301 57
780 1579
328 859
1286 1595
1995 1210
69 1984
359 128
1889 1234
754 1061
723 995
1609 722
1110 1394
97 1159
1215 1207
552 570
630 657
1864 1827
1102 122
290 1416
519 398
176 571
639 607
338 120
593 318
726 1703
1120 1287
962 1458
323 840
992 969
1737 1344
1225 1510
1889 654
192 1653
596 770
699 1247
660 1978
289 906
658 276
1308 1586
799 158
1518 811
977 497
1914 1783
523 1
1618 1153
244 1632
790 1472
1869 939
633 405
1598 636
766 280
98 1377
1565 360
219 1335
1400 1661
670 68
1287 1920
382 917
1506 1022
795 402
1452 242
89 1053
957 378
1332 1361
1407 88
916 1033
486 818
1173 903
925 1918
589 1273
1801 1631
53 632
427 1515
473 259
1661 1959
1002 1995
1901 1403
596 405
1496 1307
603 406
1556 1346
1685 842
1446 1840
301 1610
1662 1759
660 1094
1471 31
1366 1173
32 177
375 1063
454 1767
1211 1168
461 131
522 351
1794 1946
1281 1817
272 895
777 1806
224 59
220 1650
1844 1521
1318 1528
713 187
1788 1668
1392 147
1442 453
1613 1041
191 673
1683 192
125 355
1272 20
1907 39
268 1861
763 328
1307 1233
936 687
305 512
1536 555
309 1165
422 654
438 402
37 300
729 1393
218 539
1428 1011
1626 1459
1643 865
1986 1920
469 415
962 857
724 267
1125 380
1207 1275
1955 1068
909 1413
1790 701
1879 1286
1601 684
1639 1462
9 1844
1215 436
1306 1375
120 1193
1051 235
1913 1344
235 1738
1036 1641
255 1359
1399 135
1214 8
253 734
1902 152
1636 208
60 867
1364 505
712 1074
1777 1127
1087 1507
1156 1789
1378 231
78 1878
1640 985
408 1768
39 1599
1713 1279
742 1781
949 1242
1559 283
1712 85
362 1688
1314 636
1140 895
290 569
1649 1476
524 405
1675 421
1001 1173
1575 311
1724 1516
1679 710
460 1801
1102 1660
1241 1600
154 85
772 1222
1866 336
133 1306
845 1596
485 157
738 1764
785 52
551 734
148 421
176 1809
104 1242
60 1301
1605 441
1164 1701
654 1112
387 1279
1147 247
670 1559
1788 1300
3 1800
1822 1993
1563 687
1800 1721
1413 1386
1563 1208
1224 694
1554 1323
933 245
1990 1873
289 1308
1691 917
1926 524
1363 1260
50 1820
1673 921
1258 1790
1983 1945
367 1530
73 849
1211 278
1712 1698
342 1533
1935 1005
308 361
1732 509
905 944
274 148
2000 1096
495 1922
451 1295
1205 1028
192 1236
179 1719
577 1376
624 1823
933 1336
607 73
1586 1445
537 427
1538 1938
1198 1853
1444 1620
877 1802
1529 541
1062 1109
1735 543
1651 1638
1556 1842
1978 771
1797 902
1757 591
232 174
1945 569
538 105
1863 314
1961 1872
1015 29
164 168
1303 989
1533 1395
740 687
581 186
334 1658
1434 226
517 1683
360 604
612 1333
29 963
1068 1897
316 1225
868 1673
1925 1238
403 582
167 703
261 977
58 173
1144 1364
379 1281
831 532
1499 227
932 345
799 831
294 897
514 225
49 349
72 87
584 236
460 793
1231 304
873 524
1958 836
272 1254
1686 974
1504 875
73 1282
212 1673
710 1866
1165 1041
1133 383
1182 1801
1498 327
815 793
1007 1689
993 91
430 1029
181 1851
324 557
1132 438
1541 1992
537 244
1293 287
236 540
99 1557
764 1570
522 1989
928 712
297 450
1046 1516
666 569
1403 1698
1104 1647
1548 809
1434 1275
530 740
607 278
679 432
1412 304
940 1925
1314 1535
509 1046
329 721
1370 143
579 1395
1642 1824
323 265
1625 1826
1861 1536
434 1610
1114 138
560 107
895 71
1599 343
784 75
1377 1857
54 1149
672 1996
1065 1609
1254 1675
948 1317
460 1234
569 19
1557 158
1439 1610
1883 1214
553 447
946 910
1248 600
1538 292
847 662
292 394
1214 297
1581 149
1296 1328
505 816
1617 803
467 290
1578 1875
1567 235
610 1395
195 167
1221 1521
1146 1803
1113 1146
14 1367
1894 456
1444 827
76 1284
343 1354
484 815
1825 1990
31 1279
715 1795
526 399
1554 849
445 897
1440 567
84 1356
531 1233
1397 3
1585 790
147 1483
400 968
819 22
576 1256
1952 1646
1819 1944
620 935
1236 1008
1355 1247
1919 942
725 1406
1458 1375
1557 197
546 1497
1075 1210
1338 388
673 985
1869 1723
1524 504
289 335
1275 1851
506 1610
1344 1675
1213 915
1578 1219
1715 1116
1367 1334
1148 210
1838 212
925 1407
605 794
1204 1290
743 291
1417 1259
879 1099
890 1099
1827 1818
805 723
1779 827
1202 1585
319 1144
184 1892
1351 236
1976 206
1655 1994
1016 993
1687 1317
358 885
859 1120
42 1843
1981 1968
1565 1998
986 181
88 1653
8 1782
1109 1092
1819 1715
1776 159
459 1608
1685 393
669 1087
1603 1246
39 588
560 342
220 817
1754 1399
789 1294
491 1529
772 443
1031 1100
1504 1762
132 1065
1539 374
1886 1733
1134 1973
825 341
1991 1699
313 928
258 1110
104 1227
1807 875
835 479
747 1729
1126 695
881 1600
237 1709
1010 995
187 1831
255 887
1846 55
1560 563
1970 1912
1234 1497
1715 1329
1912 570
833 441
670 1553
121 12
171 141
807 1525
238 977
11 1885
1287 1207
1658 1398
1920 1470
1136 1111
509 736
204 482
1813 1293
1786 1897
298 1526
810 1912
86 482
480 1311
644 1262
745 64
1011 260
1310 1770
1076 1808
540 1912
711 1265
609 947
1418 908
1785 687
272 194
1581 1578
841 1099
1876 1866
497 1763
1619 315
349 90
1347 663
1239 50
846 1903
709 691
1059 1569
159 86
1831 1645
1370 1236
158 1613
1064 1761
752 1909
1575 308
563 1217
1091 541
1329 407
144 922
560 861
196 1614
1673 1749
270 1469
1239 248
1679 1352
163 1044
1742 1998
712 831
440 105
610 454
639 1734
858 1748
250 540
1197 1003
234 1386
1300 963
975 780
1253 818
1890 1131
755 1999
1272 701
1025 1443
95 1600
249 1720
1951 1406
205 315
84 131
1106 908
1705 467
1224 1199
1187 213
878 22
552 476
1158 1398
602 1329
454 1722
1069 651
606 1624
1266 64
73 1621
1119 1872
1150 951
1980 1274
113 963
396 1330
600 1879
1187 451
1861 1813
18 83
781 1520
850 1367
1249 977
688 1691
1301 1359
1650 673
1616 844
1708 1777
1818 30
1459 1870
1377 1505
1376 1542
504 1896
560 631
1049 844
1297 1390
1922 1447
376 804
975 1455
703 1819
777 462
1464 474
988 1075
684 1306
225 110
1197 377
281 488
170 1284
10 1868
667 837
502 15
349 573
162 543
1077 1386
1688 1037
653 1466
1553 1794
1274 725
1210 1019
1510 292
101 1126
1839 1950
14 371
687 796
1595 136
216 1084
1748 1691
9 718
89 1370
1610 1698
750 1395
334 171
1549 1612
1870 301
1387 1153
1099 945
668 1974
170 920
480 1036
1585 54
1813 236
1579 783
1387 1991
801 1694
817 391
1741 405
656 1529
39 277
1098 828
819 851
969 1145
233 956
1141 545
1598 172
749 646
1474 554
904 1980
1772 1059
629 1104
112 267
855 1377
632 1733
1657 157
41 1836
206 849
118 64
1945 982
563 1526
895 1238
566 1047
103 539
1878 1890
1844 85
1969 1404
729 387
1074 476
201 1295
1583 547
1790 1981
520 525
1533 1403
273 1593
1308 1905
86 1132
1951 1477
1844 230
865 1698
875 834
1004 406
789 1521
1456 1286
268 1191
435 1152
567 967
335 992
1510 720
660 1383
145 1522
281 1504
1956 1014
1132 1238
61 1132
1035 1867
1783 273
876 298
1631 1505
682 840
1104 1675
277 866
96 1441
1300 924
579 1889
30 406
1567 1941
1710 1470
194 1032
654 1934
1614 1163
1787 624
1725 931
209 1385
637 1085
1563 572
1556 216
427 134
1406 1847
581 1282
1467 124
305 313
243 888
1125 1364
1891 1366
957 21
1290 1260
106 731
487 1755
955 814
1849 1087
1016 1358
1885 1173
133 679
97 1090
106 1701
171 172
1151 606
139 316
1008 1577
706 1161
1241 471
494 1903
535 440
145 1326
1718 943
397 1795
1279 139
322 1953
1098 1015
1618 134
1623 1151
867 1566
937 1889
998 1179
13 873
1202 610
423 104
1358 1053
1411 314
580 72
1170 708
1429 1087
955 1253
1186 430
544 871
878 1465
1722 1767
1365 1226
12 474
352 849
221 468
851 930
1384 1983
1555 969
1411 549
575 1048
1164 1640
650 16
1000 1536
1590 1876
251 329
1644 413
915 878
405 738
850 1405
1027 843
102 1305
1113 1876
14 1668
482 173
451 157
288 1973
273 1298
664 754
717 1365
696 1132
372 169
1734 1337
1867 1398
1955 592
477 1158
1730 347
697 26
161 469
1734 917
528 1896
1909 373
899 1504
1698 10
1871 944
629 839
751 1409
1517 1689
944 137
771 1891
1945 1257
1601 287
568 341
1483 1858
117 299
604 579
1364 1684
1936 1456
535 1567
339 1410
142 560
821 1017
1854 1960
1451 596
632 996
684 1823
1412 1281
653 367
633 379
1119 1098
622 1275
328 429
1452 1428
1076 276
449 1761
1578 154
1541 1938
16 167
421 1740
1388 1753
963 1316
1005 1244
321 875
547 318
1829 1384
730 112
1996 1726
1120 1453
1569 894
311 19
1061 1989
1974 864
1921 622
235 1714
1331 1377
1708 1986
1094 410
537 1394
913 1380
608 1925
726 1435
269 298
448 1333
611 1891
392 702
1461 246
425 1918
459 44
810 894
123 340
530 1208
705 865
656 1937
1821 1372
1441 1521
1498 785
133 434
1809 1001
893 1456
750 307
1036 862
171 1222
215 1930
935 1509
1744 1564
1069 1520
1148 559
350 1265
1973 270
1679 731
133 1017
1576 149
1558 100
1534 594
1666 1592
1446 1755
1714 1495
1351 680
1344 1103
1641 40
738 832
1761 549
427 1835
75 254
1127 297
675 1510
532 1933
173 249
1907 1862
373 12
957 387
1197 1304
536 1596
1450 1651
700 1710
1089 1168
538 710
397 347
962 1939
124 204
228 914
750 496
80 17
1427 104
1572 1897
758 1397
1218 1385
1705 335
1880 29
1272 1774
1050 1827
1762 1420
597 1334
1214 1961
268 1675
530 1364
20 690
1597 421
1639 1935
18 977
1757 705
204 1086
1508 1968
1325 1427
733 914
1942 1161
1904 1216
62 323
1860 1318
153 779
57 906
1580 1328
1313 1953
756 39
797 298
1150 1984
1690 166
1663 1010
513 833
1866 750
845 1243
1084 833
90 141
396 751
291 1173
414 705
189 524
265 933
1298 1034
1926 677
692 733
1555 1745
1516 389
1977 632
1878 71
1306 18
705 1188
510 1589
1374 448
1982 1121
1802 73
97 36
1466 815
1568 1645
1178 765
584 1424
1755 1498
815 1774
1821 1780
1343 478
355 912
840 1576
403 456
734 1598
1785 450
1307 1648
1758 506
1625 987
1905 1922
938 1934
99 203
1155 314
1377 1837
1479 1389
797 781
336 1008
1262 693
1512 244
514 1199
1343 1562
1185 1865
44 644
1030 92
786 107
1933 988
1932 352
18 1873
731 1326
857 659
699 567
1535 1106
891 452
1664 1308
1857 273
253 1456
1928 741
703 1666
1057 83
1782 1860
336 1472
592 313
143 299
1944 363
1404 56
1559 1217
58 808
810 1609
1025 1134
1233 1175
1996 1522
69 95
1461 863
1347 1108
1949 493
1669 1187
724 570
1390 715
892 1794
449 1774
412 1516
1569 1912
782 1032
1895 1509
1443 226
1281 1503
375 898
768 1014
279 504
1414 995
79 1781
166 1554
380 260
1105 1851
850 1973
1727 1543
1355 1318
1109 1241
754 1636
1174 1493
1569 1443
714 1288
342 1635
1434 1910
1094 645
1056 328
650 1948
73 1721
1436 421
331 523
1247 1676
824 1447
1074 1677
460 1511
685 1084
1352 1245
1069 1172
1116 1073
130 681
191 1801
1696 1047
493 457
1572 602
99 1753
1694 697
867 1488
574 1453
832 1141
945 1293
1991 509
1941 503
1653 486
1652 871
786 1112
624 1399
1185 172
1080 1432
566 1125
912 1853
619 693
1590 174
1958 1769
1906 1177
682 1050
812 1606
1131 1185
1160 1109
1371 1227
206 1527
1518 1501
846 787
1148 1065
453 222
1584 1562
1003 494
716 942
733 35
221 913
1944 1517
1455 1678
967 1063
500 941
1647 657
1262 1871
425 101
1019 1290
1982 1622
287 1284
1478 1670
167 527
797 918
1538 373
762 1320
175 590
1744 1879
806 1346
1918 1854
134 1513
976 1865
275 582
1596 731
959 710
125 1073
622 1019
279 708
82 1863
1117 591
1660 883
1920 63
388 1273
1628 1773
578 628
1993 1948
1876 1557
1169 1699
69 1986
1919 1007
1250 1886
1828 1131
1433 1741
873 1855
1062 1468
1805 336
1721 1391
1113 1390
1141 933
463 979
1542 1782
147 1256
861 1135
1787 693
952 1398
1564 411
1245 1913
321 969
1401 1436
1144 1928
698 1586
1829 1754
637 1555
1907 1402
231 969
1827 451
1723 650
1493 1901
1525 1326
1263 340
1204 1975
1449 1686
580 1282
281 863
1289 686
344 142
1755 640
1128 1217
1545 1861
759 183
1409 441
935 347
1881 1756
1623 806
1712 1965
666 454
1479 107
1098 1099
327 170
57 1906
767 1186
1233 607
739 1077
697 608
1527 450
1263 811
1694 929
1244 8
1467 559
1456 445
1209 46
1853 157
1043 1538
1247 1218
1222 331
746 1080
1392 830
656 63
1127 746
869 1276
1712 1637
963 1931
530 1927
850 1749
1879 1440
177 561
928 995
1507 780
585 1092
79 1439
271 567
1361 1643
1183 1295
108 997
259 268
1146 848
1110 126
1775 664
1917 176
533 1182
234 299
1923 320
1699 780
831 1377
721 1915
1088 1755
1464 767
432 506
76 611
299 1603
1732 69
1974 836
1731 1808
760 859
1342 1301
917 1276
1805 172
1114 328
1763 1973
847 1895
1603 1930
1614 1101
305 106
142 1778
98 337
1576 1610
945 583
1271 1534
180 404
690 628
440 901
1363 179
1950 1471
60 1800
1472 447
1789 40
1231 792
1806 299
917 1816
352 1199
1081 932
1249 1876
929 1218
1169 233
854 1384
128 1333
698 1398
1983 790
1921 1316
1224 73
729 1169
378 786
731 585
169 1959
1133 508
1108 1483
600 1245
1473 243
713 394
489 648
1886 668
470 405
723 1382
179 1441
789 1386
279 1829
1984 1231
1934 277
1736 1521
396 1895
1644 1650
411 568
974 1516
20 1028
1764 792
937 1451
1447 790
1100 1544
1440 1422
455 194
1908 498
1218 424
1534 1631
1776 1692
1222 1016
1238 282
1372 735
117 642
1141 1661
661 1925
1989 1610
871 362
1563 1456
412 1293
697 1486
1843 118
599 692
297 1236
18 81
7 1682
1778 572
1602 1338
733 358
1472 314
245 1936
1594 1573
388 15
390 1630
1568 1731
1871 58
167 106
123 151
1949 952
66 1310
608 950
482 1403
485 1506
105 1192
1268 1492
1187 1303
273 1839
150 452
1554 1341
601 1637
1747 787
1978 261
1272 1693
69 1746
1655 1769
1488 468
1427 1469
915 806
302 1138
1736 1933
1976 282
1691 767
758 1094
1305 1876
1317 1292
807 50
1176 1618
1354 1375
1762 921
1090 647
160 466
1210 1588
1214 719
695 527
1107 1152
1296 109
185 1050
709 1486
124 1593
733 157
1618 1240
235 1713
1336 623
1945 1071
469 393
1857 1789
1591 676
1282 334
1556 813
15 1370
95 1722
134 1803
1741 1662
368 1850
1591 1426
459 1709
1514 1284
360 514
835 1230
1298 1802
962 657
1076 1220
820 1353
1326 211
1849 233
149 469
250 888
419 1164
701 87
1064 809
950 1355
1930 285
693 1761
1207 1338
1910 1030
960 145
1539 1559
978 86
460 998
682 1052
83 541
1450 652
285 505
1716 853
211 1144
676 429
1874 1936
1031 1054
983 944
1519 985
679 319
888 830
148 723
211 1576
71 826
309 728
726 697
1719 1058
1249 1062
614 515
795 100
1384 1791
224 15
313 537
1126 1192
794 731
1709 1516
1680 1494
378 1482
608 417
471 820
1349 364
779 767
1261 1693
31 1078
792 1103
965 814
177 233
1484 72
1321 395
59 1703
505 998
76 1308
664 721
1378 1002
205 221
551 1481
390 1834
1888 1934
678 1933
1710 150
151 186
1862 153
992 1255
1931 370
515 1527
527 791
1059 1027
124 1092
901 1980
1607 789
1603 1843
1458 527
977 266
1172 36
790 1767
270 1022
379 424
180 1752
388 1574
1307 1748
1909 1694
114 72
1904 935
1276 1778
433 268
1582 890
1226 549
124 604
1382 122
1483 1049
79 1796
977 1700
1930 883
1046 803
1132 1817
1655 1487
1860 1896
105 665
1650 1064
21 1135
1673 1589
781 495
1943 1479
693 1771
1884 54
777 14
1878 379
1063 491
1844 304
1986 1168
1965 1235
795 1104
1445 1597
618 462
1946 1807
588 290
1006 1754
1018 525
33 1475
500 1368
80 1708
1055 1278
195 351
1789 671
1789 86
1323 1957
187 1450
1094 1130
875 1118
1563 1319
1947 1381
1687 753
1548 1121
973 1966
1051 1031
496 71
1274 363
1980 1753
1561 42
1418 504
294 82
543 1601
1385 881
1535 496
1993 1850
1790 230
78 1241
1498 857
504 1238
82 1583
1016 859
698 661
342 1712
1625 1241
601 238
1604 153
1788 1203
1900 1965
1341 1071
383 193
1523 82
1178 1327
1047 834
1641 912
1231 491
1009 1301
912 19
284 140
155 140
175 1070
1586 1126
684 339
1983 1753
24 344
1148 1860
1496 61
1198 660
1870 59
1310 1098
754 1751
1144 545
251 881
265 1242
1653 72
512 1922
1125 517
362 943
1862 169
168 1220
574 1640
140 747
1908 1068
885 500
1975 624
905 418
915 1441
1004 495
1451 1375
160 1467
561 1673
1656 216
1041 1439
1830 1749
1170 594
353 480
1712 1978
1271 280
227 477
1468 1875
1352 1895
913 765
157 146
144 829
1086 1650
1751 433
45 327
924 960
1633 1648
1418 777
18 1902
1879 1815
1126 229
953 664
910 1147
884 298
1637 1072
708 1789
1767 694
834 1055
753 249
1535 733
1891 1843
762 1135
723 752
945 823
1855 488
1374 1113
1423 1811
1776 1780
825 734
1091 1856
1097 709
1264 1479
1517 1248
917 6
1107 433
1766 1191
1199 794
1491 176
1302 21
1769 1672
1984 949
1606 962
1218 1214
855 871
1559 272
1012 1325
987 499
826 1170
1576 1223
501 363
924 1628
1087 1785
352 1274
304 1306
1054 160
1157 1784
790 249
1098 1071
1515 1422
864 1269
85 642
26 1283
413 650
1247 1308
740 450
1805 706
1113 1092
1354 1047
5 1125
98 1622
211 256
673 1896
1555 1251
149 266
232 1588
497 1237
1228 652
1724 1726
1583 872
622 1558
1914 478
293 1408
1620 438
1552 675
575 630
668 315
1474 1850
835 1621
1299 1438
1272 1215
1399 776
1580 1403
930 859
739 850
1561 900
141 192
614 276
1722 1463
213 423
519 1992
1879 786
177 74
803 1843
1567 1482
749 1149
549 1607
626 710
726 963
1980 781
68 605
531 335
1978 502
1299 1051
970 1981
1181 467
1771 741
1038 1117
1102 190
831 457
361 833
196 1079
755 1051
1342 1143
597 1836
1782 1729
103 679
101 1958
34 611
1891 170
248 1523
367 242
224 130
873 679
278 1956
871 591
236 1408
494 1206
1968 1356
1689 1646
1639 1489
1646 1273
1989 1576
72 455
1548 1075
933 1720
1935 1240
1005 782
1698 252
1622 208
1549 930
257 1556
1716 1080
203 651
403 1975
1093 253
1800 859
630 483
1760 910
1616 995
1062 842
615 1459
460 176
995 1256
429 1418
13 237
1489 463
1234 1977
1238 1524
525 841
169 1073
436 2000
1805 1472
760 1068
1401 563
770 520
107 1175
92 1698
1006 1736
222 468
1436 93
237 646
1025 352
554 1257
785 1728
1472 530
240 163
1882 748
816 940
27 1478
1900 902
1092 743
699 1535
1722 804
1436 996
1192 349
270 1666
415 955
910 1910
627 1824
1060 1782
394 1887
1166 720
1963 985
261 983
629 466
1419 1702
429 136
1723 225
161 1946
329 1377
140 621
61 55
1332 1035
309 646
875 1272
882 1510
16 1705
1292 417
532 444
1831 1545
1175 1815
951 1458
1263 984
715 1184
1976 970
334 1591
529 1613
1112 1039
1965 1598
184 1021
1117 400
882 1084
350 305
1104 1107
936 540
608 1334
1616 1523
207 301
1039 1720
671 995
599 1611
423 1094
938 1370
1596 1779
1062 482
1522 83
1808 973
284 734
1016 1559
1460 512
1637 313
723 113
303 1079
742 1146
102 1576
733 1365
219 1778
1759 107
942 1873
1043 1528
777 808
766 1278
1308 1760
1740 1684
575 1258
518 1609
422 1854
18 1406
405 572
1168 1758
1638 1169
1256 1086
1792 1718
1193 1977
825 845
1749 306
96 920
1975 1042
944 1223
1746 1041
1098 1076
1413 1076
1108 226
1821 632
505 12
1129 1119
1332 1938
221 327
696 1776
1713 1668
1002 487
1643 567
1041 695
864 1433
1502 1831
1196 480
9 1693
1283 435
1961 1663
965 528
1595 277
1373 721
1781 1331
369 1315
1789 612
894 1079
1739 416
287 1876
834 1927
392 277
1581 1350
1424 770
85 1302
1567 513
622 1331
1750 1848
134 1142
1912 446
128 1469
323 1661
667 1645
1365 640
490 528
1176 1432
606 1466
903 653
171 1623
779 1173
1221 1598
22 1964
1826 1708
1182 385
616 1547
319 632
1291 1294
1507 1779
124 309
371 1321
285 1316
437 57
995 15
983 1784
840 1903
1900 216
315 1107
539 1035
1417 832
1820 1536
295 604
15 1039
1713 1934
294 77
726 917
264 1749
1371 1939
298 72
1832 692
1357 1689
1712 1569
1260 1178
913 1469
1707 1898
372 1032
1601 646
1973 1847
351 1655
1273 20
875 298
703 973
1487 839
1069 853
866 1783
1843 889
1287 1245
498 760
61 515
1834 1775
1949 727
1923 622
221 519
1458 1152
1302 1513
672 1959
714 297
1500 1667
1504 1860
1740 608
1990 622
285 612
1824 603
951 382
1424 851
683 724
1115 374
206 296
1084 1178
1580 1567
1813 223
1419 386
953 1085
1063 262
1660 346
1607 904
1154 1654
443 572
720 386
593 473
1611 355
44 893
1879 1219
409 956
252 489
1161 905
451 645
817 560
1161 744
129 368
767 1363
493 483
754 685
1251 1162
645 358
1408 1369
20 27
952 1817
774 237
1459 1933
1106 1026
8 1545
550 1333
972 1112
1972 792
1784 1065
559 1235
1945 549
1227 1422
263 593
1346 904
662 1968
560 580
1185 1687
619 361
1487 747
355 1815
170 824
1130 445
227 1688
1543 1788
1781 1472
1534 468
459 1421
907 1938
680 966
1853 507
1772 164
891 56
1150 1734
1387 1468
1545 396
528 1141
61 232
847 977
1677 775
1699 1833
1482 1964
928 1941
1569 1553
455 28
90 915
1887 850
1466 334
1358 1423
1466 1704
1438 960
909 1525
411 274
512 1969
797 493
1179 1458
1484 1471
307 801
1443 1832
19 203
663 1842
417 528
24 1024
406 1182
343 674
947 1831
502 760
1279 1522
637 1917
649 1695
1188 1026
141 859
30 1975
1074 802
448 1400
1706 1952
568 1929
1706 1129
1532 658
1493 668
1749 982
1705 889
1418 1843
1590 1368
1453 465
1564 962
1205 1884
1416 1829
1238 1122
635 99
803 426
204 1890
1737 396
1132 752
753 851
1622 1279
621 787
1219 1116
1135 631
776 286
1861 1677
750 1548
391 1280
1226 1051
460 1950
1779 1509
806 1628
83 1213
875 190
1098 1851
1798 1617
114 1763
766 1574
612 1427
1276 1249
131 316
183 239
676 893
459 109
537 604
612 1719
9 220
1880 726
1992 110
917 742
1307 154
1470 1167
795 374
1696 159
449 1902
1719 921
360 535
449 629
1515 886
1327 678
144 982
1144 269
1318 1750
1968 1450
537 1244
1626 712
133 335
1241 1448
832 923
753 717
439 1713
1968 56
1792 1620
306 189
1747 1030
1680 946
1621 1382
103 93
1485 1226
642 1351
1770 549
1549 1769
833 1137
1150 443
478 1029
670 873
349 817
753 480
38 1820
674 22
1330 1465
1661 276
465 38
1106 1899
1136 710
1174 809
1915 1616
1091 1811
1668 1862
255 1784
1249 741
1151 459
449 829
1609 1112
255 1759
966 790
734 503
342 1410
1103 736
98 150
1535 776
332 655
827 555
1681 403
520 420
903 1286
658 1251
1548 1655
1203 1085
1338 115
1412 942
1278 1119
684 591
34 934
1428 1636
848 1336
1678 1676
1658 77
1383 1183
1468 1367
1415 1480
287 1614
808 577
1705 1404
1283 1863
147 1627
546 1277
23 561
1476 377
544 748
361 1118
1421 442
434 1310
789 1946
880 416
454 987
459 840
45 728
203 1409
1398 924
1393 1892
755 1268
1204 776
1913 108
318 948
235 1424
1809 391
327 963
1952 278
1148 1365
260 656
688 1166
1311 1077
187 1157
1812 1917
333 310
1489 1901
721 1347
598 1562
310 634
1488 262
592 1174
1334 1298
10 570
166 746
1619 90
1953 508
328 1456
41 1269
1927 1951
110 153
155 1861
901 1198
1344 1399
1253 747
748 1637
1087 1113
1467 145
1865 1874
28 1016
635 646
119 1938
1447 1356
719 1644
363 923
251 1994
1543 1803
1877 636
410 63
17 1048
512 1939
343 1960
1428 1641
1394 1585
1350 228
108 1407
43 819
343 1241
1950 1892
1065 1314
1044 383
800 1269
1568 1145
1607 1880
710 1199
1832 847
665 1940
1610 1081
1413 1619
777 1144
1150 847
1570 1279
660 1112
1239 1008
954 1303
590 1652
1958 848
95 1371
40 892
415 675
1918 630
154 305
1349 922
776 569
1335 1373
154 682
885 1200
1767 1266
1610 100
52 1500
1548 1980
878 688
1997 298
912 873
1230 1964
1481 1326
1366 1276
683 1843
1527 507
607 1106
1773 1573
1524 1261
782 396
764 1160
1742 47
788 497
220 1359
1092 496
1419 622
1257 477
803 174
1123 1341
1009 64
72 1936
1094 747
1815 703
1820 1721
77 232
640 1928
195 1183
450 19
310 1746
1822 827
537 1889
1745 681
1165 1619
439 1697
99 716
112 936
110 1104
1754 903
1423 1970
1424 1266
434 867
479 923
29 1822
556 470
773 630
1914 1950
1920 1249
1976 732
1570 511
1723 494
838 295
1724 1056
84 684
1130 137
1382 1454
1800 622
1483 426
159 1208
1037 493
1624 53
158 674
1088 1128
71 720
670 152
701 826
372 562
238 653
833 1353
1575 408
1371 1452
1014 1920
7 985
429 359
518 501
1996 1028
373 552
526 794
1638 1326
542 1310
1535 272
758 1093
1708 734
265 683
69 1983
50 132
170 311
586 1125
306 1321
598 672
319 231
886 525
688 1664
1285 1543
1440 792
1660 1264
1743 378
645 1192
970 1154
1093 1665
73 1020
1993 79
1355 949
1913 504
1703 163
608 218
1068 1527
1446 1649
248 719
79 469
132 1746
1363 1656
1148 353
125 272
502 913
438 398
843 1080
1955 1917
1338 1657
592 1622
462 1028
397 1010
17 1347
1774 1965
749 1641
1803 1282
422 773
394 1648
978 1246
1439 520
1134 154
922 1598
1787 1167
1989 318
558 37
928 1904
1668 1561
1666 127
1969 997
1718 1386
1688 729
1622 1435
403 676
399 1364
1250 1434
1663 707
867 516
1105 1501
287 462
616 1946
137 1907
1718 1932
508 754
182 1778
1156 975
1646 283
268 938
877 1724
1175 396
1261 1704
703 779
417 397
484 621
819 724
1777 1925
134 1325
977 1522
403 689
1530 1833
105 1258
716 223
47 1113
976 936
1256 1904
378 1171
958 1928
1696 1630
1798 455
1619 1081
1648 1062
1506 672
250 1190
1194 1363
1703 315
1551 1966
630 1397
594 643
317 176
494 1149
1202 1994
1974 656
1663 414
604 354
1718 1863
530 319
1089 864
1566 1206
1014 1318
1176 747
1393 1266
820 1431
984 545
463 1276
297 412
1676 782
1921 436
1399 1835
1906 590
1256 1751
123 222
15 428
999 1517
196 1589
1980 669
420 361
855 79
249 339
1915 1037
942 275
1648 588
1089 1045
1573 1179
682 1565
1066 459
914 638
846 699
568 1412
995 996
426 1081
1846 1841
284 752
1148 1516
1843 1186
389 981
1508 1097
379 1043
1699 508
733 1815
293 21
698 670
591 822
1927 738
1449 41
2000 1638
89 1770
1126 153
1174 1060
300 971
1575 255
1061 1672
27 838
1274 1206
486 1813
1904 504
1996 1689
1117 1647
1901 18
1893 1988
575 772
1262 1270
928 665
604 1638
74 1784
199 1274
1681 723
1140 301
1968 1415
1240 17
1483 641
345 747
805 1678
136 1158
493 584
638 243
611 1214
1156 1431
1876 1596
1113 161
679 629
1992 1757
1934 106
1652 1480
474 1760
1399 1314
681 449
1527 1746
232 1968
1208 1307
1569 1838
177 1552
28 54
1717 892
1614 292
269 635
887 973
278 1367
1661 991
785 1973
467 130
1173 613
1604 1303
26 581
1064 1923
1875 1287
1462 1702
1082 328
327 1259
1623 454
1276 866
924 1456
1618 1733
347 597
1669 1797
658 951
1426 1648
1066 1032
1758 428
689 706
1479 605
218 558
635 1539
157 28
1766 1604
776 1834
83 233
78 1206
6 1158
1371 538
724 748
358 149
965 1182
1451 281
408 710
705 1363
631 1654
1179 981
547 590
1025 1476
428 1219
1627 1646
898 382
1136 1229
876 1642
1401 1595
586 1733
1023 456
657 682
274 1538
922 1916
311 409
233 442
1590 1250
1905 793
636 899
1035 1681
613 1282
1520 800
273 281
146 1893
102 1351
1822 1417
506 1700
1252 1099
565 1151
19 887
118 404
1607 811
206 910
1247 702
1213 730
862 378
1285 580
1871 1906
580 436
879 165
1711 1331
357 45
1857 668
1227 304
27 306
592 1887
1016 832
898 398
1019 1002
427 582
277 1648
20 1008
1701 1033
1728 1658
260 1403
198 79
837 742
1440 722
996 30
1152 423
863 1898
954 1603
1139 1189
659 625
216 171
1206 933
72 989
367 914
242 1805
1793 872
127 1309
558 940
79 593
1667 421
1222 230
881 414
1227 1118
811 494
514 1276
538 316
414 685
36 274
280 1793
1469 584
1727 1005
1293 150
940 1014
830 1351
976 201
1935 609
861 1217
373 263
608 920
1386 152
1918 477
1658 1723
818 1695
1365 1771
1547 1612
882 1410
1240 1998
477 1875
551 330
756 955
1860 1690
1794 1810
1422 1347
556 966
1506 532
1847 1875
1461 788
666 1261
1567 1071
1413 994
168 1263
1513 639
1012 92
1708 1424
1222 331
1264 193
1854 193
457 1664
686 1192
1342 591
828 1387
577 1762
1774 1537
1431 323
1953 299
334 1341
659 975
1123 934
44 680
918 1388
1664 907
1665 197
1842 673
309 209
400 1610
902 1728
848 1688
458 1185
1586 561
1250 362
101 1555
146 974
524 1547
1335 2
505 954
998 1381
933 1018
1887 1925
989 1775
1513 474
858 859
108 764
1757 1375
1776 461
1155 1178
1919 576
164 1278
728 1812
1344 1509
1363 780
873 1047
1042 1027
1546 500
1674 521
187 696
120 1491
488 145
919 609
12 369
716 1815
1046 377
613 101
448 92
1682 655
1506 1108
12 922
1031 1071
13 1119
772 1692
461 1689
1553 992
1079 1664
1618 419
1000 757
481 945
293 727
1239 1075
526 1854
1385 195
518 1564
1052 1020
1806 723
1325 245
1961 1785
1784 332
1045 1417
1686 1549
1715 482
1479 72
1317 1372
1776 127
763 898
1998 1346
80 1179
737 1269
284 225
144 1965
800 1887
737 276
338 1725
1158 1858
1221 1090
280 31
1391 1304
787 1360
1895 23
1330 1074
437 744
162 1001
785 713
937 812
507 782
89 23
1354 1633
738 1849
702 1959
1946 731
1255 681
377 1832
1957 1500
597 587
304 1008
85 268
1562 1160
1382 1756
1032 1124
9 1796
1354 138
880 1349
767 1545
812 151
1156 516
1158 1376
1814 1566
658 674
543 1678
991 1060
1870 826
1991 1423
1048 1058
590 1781
961 242
927 1679
1053 563
840 1292
1794 1018
1832 1170
264 1443
1574 889
292 420
272 877
694 1222
1994 1999
1169 219
1298 503
1887 1033
220 1473
642 531
685 1786
1109 1615
1716 416
1323 1498
18 1987
89 1497
1698 135
460 1301
67 1371
1802 138
619 491
1769 1273
1809 585
1875 1233
1911 1741
1324 473
442 507
772 665
183 19
790 956
1020 638
1664 662
980 305
1224 702
1472 233
427 1719
1609 826
157 1274
804 8
1631 365
427 388
1384 108
1896 192
1720 95
75 1421
1009 1322
1210 1997
394 17
782 942
1487 170
926 817
1958 234
899 349
1716 1689
1273 609
1466 305
1991 1996
262 108
690 1548
591 453
561 220
1350 1226
670 514
1654 180
1881 516
189 1282
604 441
1177 645
1898 867
1966 1375
71 733
1415 1632
1305 198
1375 617
313 1321
145 56
406 354
708 1158
643 1148
1962 1976
851 1963
1701 1318
784 1717
187 222
1669 1143
1968 485
82 1185
724 516
1670 1646
716 1380
980 462
1597 1615
1561 980
176 239
1840 1442
231 1696
588 963
593 709
1205 381
1436 1755
1643 1686
906 160
740 315
1414 1775
1432 545
85 854
790 1957
1604 1300
1211 1469
1904 1471
1721 329
104 491
1931 1770
135 1588
1976 1207
1495 1504
163 1885
565 548
1557 884
1863 1867
1491 1404
1206 1329
620 1425
1329 305
1412 617
1917 1780
199 1913
657 249
1360 552
23 1779
1298 1145
1736 764
1440 612
925 351
463 870
1704 1713
816 1134
554 249
1294 411
507 893
1813 1819
1203 494
1478 45
1410 129
318 338
1368 522
675 1793
1020 1774
389 278
486 1202
904 1533
1009 1548
1099 230
1989 535
370 36
1182 1626
215 1082
1071 1233
388 538
249 1496
835 201
31 1562
1533 1078
1826 233
942 443
1052 676
1319 1309
1660 1789
439 1513
1042 630
223 1727
1893 794
960 814
495 502
1630 1423
661 159
113 141
445 757
1802 961
684 402
1317 763
63 1490
1098 607
898 1804
1831 1897
1656 520
427 637
1865 1471
152 620
207 1106
914 1602
1974 943
1136 516
906 1518
671 1750
1548 553
1276 516
583 269
1953 284
77 709
1180 946
1335 1497
511 886
1139 86
857 919
146 517
241 1721
649 706
826 626
1842 1472
1012 1859
1556 186
96 1881
207 1968
261 1323
1731 1896
384 1613
310 1614
884 233
570 492
791 1997
106 1278
148 365
1350 234
871 615
1929 1035
895 733
73 752
1579 1087
840 1864
167 1801
1905 1491
1354 972
346 1219
1765 1168
1893 1663
1615 1770
1057 667
1427 1154
1818 1378
1374 1847
1478 749
49 1028
983 720
845 1328
1041 1906
343 527
77 290
26 358
64 270
1834 1437
1783 1269
1866 1615
97 1810
859 1766
1291 1943
352 53
353 252
806 8
28 313
1289 487
926 1022
370 1169
297 179
1944 1445
972 288
1660 421
1256 1517
1548 685
205 1804
7 280
408 659
1756 747
893 389
1443 179
313 1037
659 994
977 809
1312 1737
1357 735
338 242
1999 61
268 1659
237 923
413 1822
1521 1513
1219 1814
557 983
166 1436
1341 745
1237 1951
182 1215
534 1562
1409 697
169 213
1144 1536
1104 1731
1838 1807
1079 453
897 434
347 843
716 562
361 195
939 1646
1440 165
696 1137
1257 661
1260 377
576 33
1639 1837
1526 1761
1115 1485
71 1113
862 1233
1177 1145
1645 623
460 1549
225 706
1816 1215
1958 554
938 1341
1272 1674
1994 379
56 994
1418 198
362 746
1827 96
1474 1110
1707 247
1313 1399
1525 253
1466 66
1695 1116
1123 1456
703 124
1130 1041
1686 393
1825 1928
1274 1987
1019 230
43 1714
1898 1254
1258 1702
1533 134
1089 461
416 1417
692 1974
1180 513
994 789
301 755
1233 1643
1755 324
929 1733
639 1576
1121 16
1558 552
126 1344
1876 114
1451 4
1996 1387
462 896
387 448
177 210
592 1041
1922 885
1717 1502
1970 335
822 276
349 1418
1364 714
1055 822
214 1729
814 1448
537 577
562 759
1125 1859
951 1071
1408 264
1667 298
1430 1047
1918 1317
1249 439
840 1630
629 1056
1427 146
1108 364
166 602
685 1325
513 1144
366 462
250 302
1564 910
1502 453
1957 1654
1675 455
581 1795
1267 367
590 596
1821 1485
1183 856
626 1436
1999 1432
25 903
694 1350
345 1738
672 920
847 617
703 1399
517 347
174 1074
31 1740
1830 1264
1152 791
1810 1096
1728 35
1739 1118
45 804
325 1930
1670 1333
1588 854
1058 214
1837 790
862 817
170 648
1439 766
9 600
11 28
1625 1750
1289 55
911 954
1110 1537
1885 439
625 27
931 70
242 1816
1873 1068
92 1217
1521 1325
1749 166
280 1541
1428 607
1163 803
1042 532
1134 1158
610 1381
467 485
617 993
1406 1682
1908 1570
209 608
895 543
533 840
1152 300
809 1767
1979 1126
1492 1665
906 1562
479 790
1941 1722
1525 220
1352 1557
598 1904
940 1391
766 473
1775 416
1326 1033
1498 617
1625 254
829 83
774 25
1040 1175
322 611
71 536
1540 1758
1391 262
834 1758
1327 635
1404 934
1162 709
1023 132
770 446
1567 942
1560 1480
1277 1330
1181 1611
576 1671
1855 730
1957 1570
463 1454
974 841
129 1407
467 489
631 214
1821 1385
803 486
1786 362
1055 727
1557 350
240 1985
1148 4
1515 995
1815 867
1914 1622
640 177
1995 1373
1518 1169
1937 701
32 136
1790 1001
1374 82
658 1958
1953 1796
872 953
527 1437
1290 592
555 1243
1443 1576
1578 676
102 818
1038 1003
1595 1929
324 1290
1371 1288
583 985
1393 115
132 323
1121 1557
1445 866
808 1001
1798 822
522 770
1268 315
9 679
1761 52
1428 610
601 1044
1912 830
1310 1265
1228 552
776 1471
1235 1140
395 910
746 332
616 78
252 1657
114 558
984 129
1980 906
1140 1534
743 6
684 830
194 815
274 1365
1363 33
779 1918
1379 486
1605 591
1109 257
426 1607
761 825
96 992
263 885
77 1222
210 1450
117 1691
1362 1500
1815 1513
1669 1188
1638 757
768 1829
912 1310
1752 1816
469 273
1554 1532
1536 939
1219 640
307 1788
1500 1446
1759 1769
1367 1833
962 553
1222 985
737 1617
1953 457
1336 709
1385 1381
1593 839
1945 1862
170 242
856 124
1309 264
654 810
1188 625
1356 148
500 792
1269 1798
1864 781
759 1083
234 1077
1085 1307
608 1379
1552 1726
1532 1311
1277 1431
1946 1475
380 1593
767 1159
1665 39
841 1353
152 1239
995 1956
1824 1177
1033 62
1706 1499
22 223
128 357
608 433
1533 1582
1910 407
1809 648
976 663
1619 624
144 1308
589 226
1805 259
1285 1924
387 126
1899 607
334 599
642 1771
1722 747
374 73
1077 1431
1728 661
1525 472
1489 1224
1108 977
729 325
842 853
1654 1041
215 1516
508 1194
27 458
1355 1853
56 32
927 1098
949 1382
366 277
1028 1640
48 894
48 920
1231 1811
1567 558
632 715
1196 1783
1644 355
338 1086
464 1514
1791 698
1586 1717
1351 145
1039 211
462 1596
898 958
1845 1291
1114 1111
263 1318
1482 1365
243 1645
1572 1536
1883 1063
1239 1669
27 968
312 794
1146 1410
1490 286
194 1456
542 1476
912 531
378 1720
395 1630
1472 634
538 472
563 264
1003 961
70 1711
1134 440
1511 1333
119 1226
348 1686
936 1371
1146 1887
680 345
532 455
1735 1792
784 857
1551 940
292 1934
771 423
1103 587
1212 1814
952 418
715 1193
1661 1236
1551 1152
766 1119
57 1626
1788 773
356 1162
1010 1626
1206 573
1025 857
793 1197
439 1007
914 299
1621 78
436 1061
1246 1773
988 291
1179 498
1937 562
113 86
243 699
1668 671
654 1557
1638 1510
796 319
1027 1311
1818 329
749 760
454 1814
1581 285
1283 1807
1537 984
549 475
1886 999
445 1732
1450 1620
1164 922
492 1320
514 406
1666 1877
1783 1579
1140 137
1178 305
892 1122
367 309
1844 1976
235 585
799 1990
977 1891
576 376
225 1344
640 1427
1211 564
1803 1626
26 386
442 1588
1751 934
1493 1582
332 1194
698 159
577 428
1472 130
1997 907
275 1873
446 704
1031 125
59 930
1018 34
880 1175
601 661
1760 815
1262 1354
1019 405
703 580
1913 978
476 1497
1053 225
168 1544
16 591
1920 809
1129 335
1984 696
218 917
621 1160
674 196
523 1264
219 1462
873 5
490 741
728 1159
944 1387
1864 338
192 300
769 1125
1400 224
15 900
1825 1001
323 936
1347 446
1075 312
318 1282
1360 158
499 1893
635 719
1543 565
712 563
1034 1343
1562 1904
1480 305
1576 1903
685 56
1023 6
757 582
1987 190
1573 815
1431 109
912 1869
485 1392
696 66
162 1185
758 1888
857 1306
1566 1703
1052 928
650 1832
1192 1728
1157 1600
606 1929
1531 269
409 1036
463 16
354 1678
1908 1841
1013 1266
1547 22
879 780
168 1108
926 242
348 73
1608 1858
1791 1074
1458 145
1496 1093
989 777
467 1883
690 931
629 1140
410 284
1483 1908
625 355
886 1773
15 359
699 1640
376 1002
183 982
444 223
465 1595
908 374
1203 405
1239 1016
788 342
156 1304
1291 1246
119 1143
1971 1369
1055 291
449 999
1402 450
1654 1714
5 18
1643 1629
1315 885
1545 1049
33 1408
1142 1253
840 221
303 585
967 1472
1435 1786
91 808
1477 1680
1004 1189
275 719
899 911
872 623
267 616
1647 74
78 1490
739 6
1412 1782
567 1612
35 421
1349 601
933 492
20 1580
222 1390
800 797
261 1246
1102 268
1915 1699
159 1670
757 396
1388 1607
271 546
1523 1027
1465 105
904 118
1506 1113
915 1500
1703 1005
1553 1424
1699 86
202 1626
1366 387
1322 1682
1306 1026
555 647
1011 108
413 1515
1514 182
1982 439
300 1094
1381 293
1268 763
1552 1370
1837 825
90 1562
1607 322
1789 1501
1087 1929
439 1151
565 797
292 844
343 1228
1290 426
1450 1317
918 1334
697 1953
12 1634
1163 777
798 55
1049 23
294 92
468 716
696 1430
1470 1570
1588 134
1054 1588
241 1240
1826 1085
389 829
851 285
302 274
1142 1095
237 961
974 1757
1550 1660
1035 123
1952 401
849 1963
1296 759
1247 1457
775 882
1525 1256
10 574
1562 663
821 741
708 536
1670 1129
1604 517
1375 276
1610 158
1937 1802
414 1433
484 916
1596 284
1635 1112
1033 50
337 1591
908 77
1152 1104
428 742
910 622
1430 763
453 701
1917 1323
1402 795
600 931
511 1648
789 1844
596 27
1033 1402
206 1817
676 1848
1438 1366
1363 1787
1006 1250
369 74
181 1947
1208 463
494 636
667 95
695 1892
1768 1040
35 268
1062 1223
1085 653
429 1014
797 1346
662 286
678 1247
1513 822
1973 1442
443 1155
1931 663
1055 1474
623 1676
356 1136
68 514
942 416
853 1255
44 38
1588 1387
1883 719
607 123
1803 221
1276 1521
529 733
392 1095
1213 34
1561 789
1108 1943
664 1707
94 1448
1165 93
1521 849
674 710
130 1854
1975 1513
1788 355
880 1897
1353 698
1140 1401
1597 9
459 1328
586 721
61 1265
1255 198
1970 515
964 1866
575 249
1259 1786
1338 437
1536 623
1487 542
250 1243
210 1361
1604 665
1114 389
1063 100
1144 1730
469 1452
1176 160
530 1377
1572 1936
150 880
1683 1464
1018 1438
856 1564
1722 1447
1687 983
1630 1271
644 992
465 180
1982 1226
239 99
290 709
180 1765
1618 1473
582 1347
980 1878
1864 1884
1598 1111
1568 1842
831 1240
1276 1274
1896 697
483 1230
1616 1035
1164 24
1527 1925
1987 545
1837 167
1953 1500
1977 823
1473 1982
1888 859
834 850
39 1855
1106 681
1132 1484
1433 144
1421 1572
454 583
639 507
473 1144
1943 280
395 522
1065 1149
268 634
981 1998
446 731
889 279
1725 720
1763 1866
858 1312
521 462
1728 1081
665 1018
403 517
1800 1208
560 1624
696 235
1895 444
1506 137
63 550
1610 627
428 1392
642 584
1788 1447
1467 957
166 420
94 1178
1037 1014
2000 1921
1678 1875
1815 586
1678 418
1188 1116
1153 496
1245 44
146 1949
534 1729
1415 1349
1146 1794
1538 382
809 768
387 1837
1264 397
662 1371
942 1654
1477 1177
1952 658
25 422
3 115
628 179
936 545
1729 1191
1778 1109
1758 1722
1550 568
1008 1057
1135 627
603 1893
1418 1944
1549 86
1615 629
1990 1092
1709 589
461 443
209 808
986 1014
1525 1311
1830 201
1970 1618
939 1569
1415 1594
1847 1979
459 666
1694 1234
1808 980
1400 1830
997 482
1937 1423
1013 1618
1740 502
1035 1172
1338 1815
219 1687
63 1863
1387 1733
1771 1023
830 505
52 279
1638 1338
23 1525
1367 7
73 912
74 1514
1669 42
949 1666
221 400
547 1912
583 772
606 79
1188 514
171 471
1048 396
998 979
1706 191
182 948
1078 598
167 520
1681 963
1293 423
1235 1988
147 1622
1933 1901
1164 910
1323 1415
1959 1266
802 1659
518 1786
1071 433
222 1164
692 1579
634 1119
1129 11
154 821
1194 1581
621 1188
427 232
725 1784
529 1475
966 599
1257 1284
985 548
1170 1778
354 1997
1245 1662
1263 290
733 496
1933 457
1304 891
1659 1890
940 481
294 684
1533 513
1626 474
1117 1434
462 1617
132 764
445 1486
1907 362
1270 869
1714 1369
1158 1869
604 1878
87 30
502 1153
1348 1409
468 1930
1449 471
827 1410
712 918
705 511
238 1142
1713 1546
642 390
1482 1822
549 1492
1893 369
1524 945
131 853
1478 1369
663 1226
271 1598
629 1861
1444 1235
739 1299
1233 1148
179 243
685 1958
1660 1814
97 244
1521 1750
1203 1490
1121 1883
975 282
991 221
1397 25
1959 885
893 1885
313 391
1657 1135
144 1968
790 701
350 1064
487 1927
1206 714
1286 560
1950 98
18 362
1305 1305
1101 1735
658 1429
1024 901
1641 1291
71 1514
560 1492
1656 1480
1844 492
1664 965
851 1255
1178 997
907 114
341 1967
1485 1017
545 1811
1911 1784
1755 268
1271 1580
538 480
580 1484
1470 1155
1191 633
2000 1281
1174 534
1106 530
916 957
812 1526
1558 293
649 449
1470 1566
485 281
611 1660
706 484
480 224
460 647
675 1915
879 245
1282 709
690 1249
1896 89
1039 858
745 1007
542 209
932 1028
1155 1281
580 495
1161 568
1780 1980
1244 1140
1936 325
1087 1714
405 847
671 1205
1977 130
957 1704
1349 271
544 297
655 274
583 1759
1874 1523
379 734
1641 1191
1548 411
657 1592
1156 1116
1227 1905
165 371
1257 78
546 10
261 1897
664 624
111 1758
1616 1140
944 357
1647 752
760 1292
654 86
1241 1577
750 1205
471 984
1216 206
468 1897
1418 1537
784 322
1025 862
1654 1196
1411 623
1292 1843
721 1802
227 348
382 1751
503 1907
1802 691
1120 207
1727 577
1876 511
464 623
710 395
1702 1584
16 780
1535 1564
865 36
176 1052
540 739
1313 1769
891 678
1250 736
1408 1913
958 1670
675 1291
327 1262
948 149
761 1738
497 1461
1264 626
77 1359
1671 1904
480 1619
919 1821
963 1493
1453 1416
333 303
315 489
1869 777
668 1628
663 314
308 206
130 869
1563 504
1178 1040
1962 446
1899 636
225 1476
1318 1928
678 679
533 1888
153 923
1642 1811
909 983
6 1674
477 1090
270 1235
755 633
1824 1223
103 385
920 1946
1245 1987
1582 1443
1448 1220
64 312
552 1516
1632 1564
1849 287
1376 1158
1724 1908
779 1580
1260 860
701 451
933 534
731 1569
315 301
1891 1804
738 532
1166 159
343 733
1086 1635
1226 1074
587 1492
968 893
7 1677
877 1702
1689 1271
221 868
1133 1975
1168 1201
1099 450
800 1868
1157 1425
1464 1592
151 578
1982 165
193 1416
983 1783
78 545
1565 911
177 1250
390 1125
1878 1544
839 860
1017 1101
1094 989
872 728
783 198
1480 977
110 1592
1223 1023
398 720
541 696
1097 462
124 942
189 1248
1782 1548
292 1888
680 120
914 1841
216 511
700 1355
909 585
612 565
1693 1674
925 1207
1091 1861
1361 724
198 701
911 633
1928 1053
363 1980
292 772
1960 1321
646 106
1396 1460
1643 1211
790 1886
1019 191
1086 701
58 1742
1076 948
1513 1406
372 1357
411 532
871 1311
1417 741
936 1252
1905 148
1025 16
783 1940
1071 316
669 1794
1448 1699
786 785
478 1929
349 368
240 1311
211 1875
1900 37
47 1257
1525 673
1381 1834
1106 1831
1338 1848
1806 1266
190 1917
668 1483
451 87
171 469
1207 1913
1937 1742
1001 89
301 1759
810 1623
1590 1794
1564 1226
1066 1641
431 1055
463 584
1054 1303
1383 356
1376 907
1960 553
1126 296
1549 1319
407 1799
1059 100
110 396
878 1772
1935 1524
1553 1015
1216 1949
1554 56
569 1797
461 1484
1407 1689
991 839
1473 1553
419 9
199 1569
8 1833
657 1796
1887 1598
1708 1861
1359 1977
968 1875
126 886
1370 988
1798 125
1530 475
1493 778
1640 484
1223 1966
1145 700
494 1524
252 90
932 927
1435 1931
1922 603
1998 1381
1598 1920
1403 1702
952 1873
1181 1181
376 1226
1462 1447
266 1183
1109 474
1529 1126
386 1503
840 1107
603 1806
1779 531
1231 1675
542 948
1758 597
601 56
1904 530
530 1334
325 1190
488 1820
1441 961
1300 1976
1435 845
1709 812
1184 1549
61 1514
728 325
109 1198
1281 319
6 1220
1615 1383
1857 923
69 1392
177 1087
1757 78
372 465
1849 702
1863 845
669 1379
1043 236
798 1690
1838 291
1308 627
1279 135
949 1376
433 1007
1132 1635
442 166
1278 298
623 1284
1627 1264
712 1451
1598 1862
1219 611
546 1592
1233 36
511 415
188 354
1108 495
1402 1563
1244 1585
731 1517
1133 1104
408 961
1166 43
407 326
185 919
1885 1080
308 443
621 1057
1194 1621
1891 255
927 202
792 1314
1591 777
383 1191
77 1366
913 1797
1050 659
1987 1874
725 1616
513 1316
962 171
153 1029
1918 28
1176 577
891 1159
67 1193
844 1818
1988 426
875 153
1089 488
417 1534
731 1983
139 1629
459 754
1079 993
1455 1580
755 957
620 1254
317 700
106 1100
518 1566
1435 1066
1172 792
779 1376
1895 1466
1303 956
1946 1834
753 1389
863 905
844 356
820 1358
502 1753
1203 112
1587 783
4 1958
1182 1019
787 1085
340 1642
418 1783
681 1212
1313 1822
277 307
1026 1118
1661 1978
1517 1294
733 708
1169 1395
1952 1099
1885 1554
1657 379
1294 291
1103 1839
62 1564
122 151
258 1032
1003 1228
1769 679
691 1878
386 804
141 853
1809 1436
1384 1344
1506 1224
1579 1268
166 1377
1034 1562
1388 990
1269 1598
1793 625
1478 945
327 1631
1485 458
1479 1810
810 256
1247 980
1599 584
646 819
1161 1567
660 760
1174 1734
693 252
1866 1484
1158 330
244 1267
1445 188
443 1123
504 1750
814 282
991 445
1044 1563
1612 93
1348 184
2 1068
1615 1804
1773 444
1850 858
245 309
845 1326
1689 1545
1296 1317
1949 1093
634 880
1853 424
877 1742
410 160
1743 1495
249 1685
137 1412
816 164
802 1130
15 1836
1610 1273
1602 564
1351 1196
196 1520
1865 1231
478 630
449 1514
664 1143
1316 662
1769 1467
936 233
688 771
927 1046
98 287
870 600
112 1946
989 1196
1148 912
769 1898
1220 1524
1205 1347
429 903
503 1812
839 364
988 1701
807 659
1092 1344
155 617
823 947
672 1020
1843 1820
1644 740
1937 1100
1483 1404
998 36
1431 422
1134 1135
954 1144
1771 1759
1067 747
1042 650
1333 634
359 1084
1872 1862
525 1418
1837 993
1457 548
1838 280
113 1177
1939 1289
833 268
143 1717
631 891
1195 1667
1280 1000
239 1169
414 57
1554 1663
1824 1506
323 166
1042 232
342 497
1023 1460
646 1123
570 180
1167 1852
1441 183
1099 1969
1054 1554
1062 271
1786 1767
1465 721
1687 562
509 139
1608 1014
4 170
1996 222
1574 893
1666 1728
726 616
228 1345
272 1651
832 191
798 833
1558 829
263 465
637 530
1917 1878
748 1620
23 1126
239 131
726 183
895 47
821 1159
1150 175
319 1560
565 818
366 1361
1005 303
237 908
1437 1254
825 1967
431 1748
825 740
737 135
935 256
724 1219
74 921
713 1246
156 1774
467 1902
1591 1855
661 649
1517 1813
1691 414
1525 962
1625 1559
61 1612
1600 468
888 777
1195 73
57 1065
788 1808
1616 1926
372 1682
1866 444
114 1966
1332 100
1577 328
1414 1515
565 717
496 1199
952 1236
257 1959
1588 1402
1221 120
324 1520
734 371
1267 1354
455 360
1729 151
670 1144
542 1817
85 1841
133 193
1711 269
2 1224
1962 875
1167 1869
1857 973
110 355
1363 96
819 1497
849 1180
1248 194
1191 1873
107 256
263 1311
586 3
1068 1369
66 1955
994 1349
912 910
1114 1924
1290 1221
1234 368
226 1555
792 144
1340 1933
1668 62
956 335
84 1961
1448 1358
965 1459
104 216
340 1299
508 1596
1155 1868
269 706
438 980
1430 1232
326 1875
129 1430
1823 1839
138 1483
850 421
691 1894
73 1624
838 836
1510 935
1191 30
111 1780
922 1304
1159 1777
16 1678
1906 1448
1693 1635
746 1560
1029 636
613 1472
1378 1675
1779 1938
1688 203
85 312
484 148
1736 1723
136 416
1658 1409
1173 445
1801 1869
27 1415
1633 11
498 1404
988 1441
360 366
1347 305
1727 639
52 264
884 99
533 780
22 953
1690 706
1715 1838
1010 369
1423 1155
723 1038
1638 1074
1970 1772
1768 1385
795 655
334 1477
598 907
1099 1947
1093 436
1642 1100
805 1754
180 617
1568 1558
740 1058
700 992
411 11
1916 456
349 1919
760 1779
1738 640
1222 1641
1876 1992
783 615
205 701
159 442
1835 791
205 40
1648 950
1472 858
386 433
1273 1700
784 961
719 468
1358 1661
1565 1392
647 302
1794 529
831 84
739 1293
718 1753
1753 1819
1333 1546
1495 1256
305 75
321 711
845 111
1678 1539
324 1176
1578 360
378 1292
1137 749
35 1145
1002 521
686 477
1615 1839
11 1447
209 1222
1981 1613
463 599
675 38
856 557
1703 1495
1602 575
1572 1328
1588 661
1634 1660
519 1073
885 1409
1954 521
1620 101
1438 1128
877 692
941 1250
750 672
1167 202
1859 932
56 57
1129 1836
1001 1625
1464 1474
1355 589
418 1196
880 1336
1942 691
441 1279
838 1688
803 1522
477 1352
342 1762
463 1889
153 410
1191 87
639 470
1344 260
312 1041
1699 50
1633 1917
449 736
710 1557
1132 1396
1592 1948
958 1471
366 1702
328 539
1210 992
1161 1899
1168 1508
1402 1782
1675 625
1167 1018
1530 962
599 1786
159 1997
316 464
517 1012
213 1507
297 967
73 1091
1029 1351
875 1795
157 1354
206 1674
1083 1096
694 1722
1909 1554
214 1499
714 87
47 597
503 1515
260 455
1623 1354
728 82
807 498
1663 1946
541 925
352 1578
866 1761
114 1598
1607 1957
512 1153
1701 499
1458 1298
1834 1024
1979 531
281 565
65 1478
523 678
1561 1433
1380 1463
622 809
799 577
279 59
297 506
871 1883
415 1832
513 869
255 379
504 891
456 1949
1197 434
1368 570
33 506
1577 49
1857 706
238 865
1584 927
377 630
1498 1565
285 1760
658 399
1302 1436
1806 874
133 198
1798 1835
1394 1634
1982 946
592 831
1934 1311
394 1674
525 1428
976 170
317 1448
1773 1287
141 821
678 165
511 1424
1138 53
633 1296
1309 1875
778 334
640 319
1556 994
1114 1055
1652 1868
1074 1071
1628 526
731 54
334 1754
1195 1057
1250 1021
939 965
1201 597
895 132
693 1010
1396 1828
755 327
1584 211
370 559
1099 1999
213 260
248 571
1968 178
1696 936
261 900
1216 37
692 1379
1717 844
1973 1679
1485 994
1088 1560
1379 1853
770 816
866 940
1314 1876
1619 416
1813 82
237 875
553 770
296 560
1283 1746
100 233
1495 761
948 1179
731 1337
1083 24
393 1909
692 565
710 560
1734 10
1421 389
1487 220
1058 419
1907 624
1299 146
662 1015
87 613
1920 1678
34 464
1813 663
718 1134
63 1899
932 624
1652 1038
876 636
528 92
1466 795
1055 1003
1947 22
193 1781
1510 1760
757 1935
847 1748
740 1917
46 50
1373 1631
203 180
724 533
1512 1715
448 294
1618 38
1552 1680
1316 1019
1457 535
1092 1225
1898 69
851 795
1998 1192
911 1898
1706 665
775 1221
1428 1425
1113 887
315 528
1101 169
55 110
1945 726
1999 1440
1728 1304
153 412
1734 792
675 1505
1535 930
493 1660
217 481
722 519
977 1037
71 1695
1797 1535
1551 470
52 440
501 1486
1440 365
246 1375
1245 1017
564 1643
1843 1928
637 1168
1287 862
1030 756
1734 983
237 1821
429 1932
782 632
1607 661
598 1073
1685 690
252 1335
278 1617
307 1100
1719 1402
1724 611
1113 566
1953 1289
1713 1537
198 1644
137 365
706 52
1096 1418
1847 1751
1460 336
503 1825
531 1400
190 1647
33 220
1786 890
1614 465
312 1890
182 1064
620 938
260 1388
1910 67
851 1971
1272 1310
359 33
338 822
643 1593
251 209
646 946
754 653
992 718
781 742
1251 620
809 1510
1612 395
991 1945
1613 690
1340 435
1441 438
1658 551
1934 337
615 1479
1478 1384
1034 502
1454 1325
965 1006
136 948
1499 738
1287 1337
1351 898
762 405
962 1828
1981 642
1287 1256
1851 1940
963 1875
1894 1417
171 1180
428 1207
1690 654
625 741
1867 830
640 974
1730 1839
483 21
1897 944
114 63
1503 846
523 1505
964 1905
787 490
927 568
788 574
782 1967
422 893
1460 673
872 1235
1590 1051
1550 1754
1831 199
746 1383
214 566
1032 1182
1860 896
40 627
946 1850
1617 796
1462 1004
1406 729
1546 1227
755 645
1188 466
1223 93
1045 632
1718 1994
418 1301
530 1576
1480 1308
1584 1818
1671 1191
1622 258
425 1506
1329 82
628 1594
273 1046
1318 974
1359 248
1634 1935
1069 1201
1752 696
316 637
23 981
1553 423
1691 421
1179 767
914 1151
782 663
1534 181
1237 441
157 862
997 1830
831 950
636 634
145 870
1681 221
1045 1447
1474 340
1270 578
1579 140
1317 1492
595 1549
1913 324
1855 356
198 956
1835 69
1654 485
709 942
1231 298
945 507
1716 1816
644 1229
891 1646
676 1733
220 953
194 389
1636 438
675 447
745 378
775 247
31 1521
1677 115
1017 626
591 207
225 975
932 864
1504 1824
169 360
430 332
1102 384
1530 30
1586 1351
314 1148
1530 750
1676 516
59 1529
1098 944
592 701
748 1057
99 1681
18 192
1889 656
67 26
132 1301
312 851
1761 1693
202 1627
1786 1215
264 1980
156 39
348 216
1807 762
1056 971
1439 648
10 874
869 1215
1086 591
1073 1634
1326 754
1272 206
661 241
885 1510
445 1220
475 1943
116 86
613 1616
1029 1149
1227 517
1193 1736
581 1722
83 333
1164 1577
317 1628
66 305
1633 725
1344 1445
825 744
1924 1955
646 495
1615 1698
1505 1100
656 275
1290 135
81 1754
1898 132
415 836
1701 458
93 1030
871 1176
1591 1984
1298 1349
829 1132
240 1584
739 322
1284 267
1443 1043
1636 1980
127 1367
108 177
989 1244
1002 157
836 717
1662 170
348 1230
1811 205
520 640
19 1802
1217 1592
371 524
1938 1312
215 1083
1880 1980
1874 184
1924 1358
4 1082
1111 1733
649 1033
1616 1730
305 1148
1356 484
1506 1947
1775 280
1478 325
1739 827
716 1054
1733 573
970 1462
37 74
1473 653
256 499
529 1429
1960 1705
1701 587
165 264
1357 887
195 573
608 1202
1155 1627
297 306
575 688
1516 86
516 429
1552 483
1253 423
867 1732
1135 1322
1822 850
115 202
330 1327
1045 134
966 1301
1417 1372
689 1283
1386 578
257 1248
1544 1268
60 249
170 1983
1157 205
304 300
720 1678
1973 1957
1249 1492
211 1166
1541 1377
671 1631
206 1453
948 472
985 1943
1148 1804
23 1043
1842 220
1576 47
1127 679
1451 765
1217 712
365 888
1982 809
1901 1809
966 1833
1846 391
1447 1
318 1456
1220 1593
1813 521
978 952
1551 1380
1855 71
1951 325
1582 1240
208 1175
546 651
1836 1236
1776 751
709 840
1059 131
1393 1458
703 1733
735 849
1123 1765
541 537
1356 1662
1715 1384
955 1373
277 842
1985 897
625 1818
1058 126
1927 254
1162 160
351 1568
96 581
1351 1595
13 1246
761 1183
72 170
251 987
1417 1471
176 1516
463 1349
1086 758
865 1499
324 714
546 1060
432 1476
26 1708
1632 893
685 242
1426 960
920 1922
1004 564
1777 190
1114 693
1226 992
580 635
1 1982
1986 309
715 1851
1784 712
146 1459
1168 342
649 1579
493 1597
1490 40
82 551
789 122
458 240
1212 648
1488 1703
1945 1809
707 1235
1284 1505
1243 1216
561 1285
432 292
713 1275
1851 414
22 579
1219 440
1432 1194
150 788
1608 1416
499 1965
274 235
1930 805
761 1684
865 1078
1785 887
699 1523
570 771
377 1413
390 1403
1340 495
1891 1530
632 1279
595 379
1001 546
183 945
667 1560
766 589
1310 1320
73 1122
1239 1994
1865 1259
1779 536
449 1774
32 1235
890 702
1842 1854
223 613
697 1137
1295 285
1251 1551
258 1848
993 1037
663 1802
1492 1778
1077 1677
777 1722
1985 1460
555 1373
360 1286
1632 1397
674 990
659 651
575 279
1235 1736
606 667
1469 490
1077 892
1548 801
1507 286
187 103
1458 1883
997 204
1097 923
1126 1791
1883 597
1682 1210
1666 992
1195 1369
1046 4
1797 1843
773 1240
1075 851
1670 1288
674 1930
511 1811
1261 1187
1010 649
1473 293
722 1374
373 1155
225 1916
1920 1010
862 314
1151 1997
82 663
628 972
164 1053
1127 1749
755 952
154 1744
1568 1026
336 1107
1656 1925
1955 1789
1248 736
1113 1542
1706 1465
1098 267
1606 1717
810 1598
1312 385
1929 1732
752 1013
51 1232
216 155
402 1776
1109 888
1855 1561
467 1306
685 775
491 1500
206 1174
1271 896
883 540
1573 376
27 1369
716 1302
1423 1751
450 552
111 1337
1604 349
263 1816
228 254
1590 550
663 195
1766 123
318 742
702 97
1668 491
894 468
528 220
1327 677
1574 1003
1838 1067
877 954
1338 665
28 1392
22 1738
1198 1607
1064 1830
1812 1019
840 108
1717 1709
619 686
1268 875
1701 1832
171 895
337 1047
1356 142
1284 242
764 2000
604 277
653 1239
1241 1093
101 503
1908 1740
188 1715
1551 1777
1705 29
431 349
5 249
1813 1602
321 993
1126 549
989 1415
1007 1628
1884 1082
1256 1168
845 1549
277 1760
569 750
32 1969
1904 1007
1544 1487
1354 1134
1592 384
1175 1095
1580 790
870 472
57 94
1018 1928
1070 1384
1483 849
885 332
476 182
256 658
928 512
450 663
210 1961
376 741
583 1534
462 1938
901 525
1457 1374
1917 1876
305 1332
1671 1797
1960 1287
601 1254
1637 1943
13 1859
1839 575
1391 1521
327 1385
535 1765
523 1414
82 502
6 1659
132 739
1972 305
770 1627
989 614
1400 1623
125 343
1005 1194
1572 53
1440 606
1739 1218
1520 4
1249 1299
1933 57
1389 625
52 514
1994 322
35 1466
312 98
1271 459
132 1404
620 339
82 769
444 1849
1690 131
1542 593
1398 446
1882 360
1947 1013
1272 1690
1977 1815
485 717
1954 1596
599 1476
1165 276
1948 1621
1306 1821
436 429
1040 549
1077 39
1231 91
732 693
872 410
1254 1024
1634 1656
1150 1267
1742 1945
1372 1208
327 1994
528 946
1208 1768
928 24
582 1605
1985 667
905 1199
407 1148
1879 516
871 1549
1016 277
1119 379
780 411
1937 459
1185 1801
1907 1164
307 870
1620 414
733 1103
1316 71
1398 1979
679 1215
372 1436
1750 406
612 901
1032 1820
1593 97
1454 952
1584 1675
1378 345
52 658
802 117
653 213
722 1266
1540 979
39 448
1916 1481
1731 1561
714 1587
649 201
860 1514
1491 1757
137 1359
1390 220
1069 1944
795 278
664 226
1716 318
1738 1305
1574 538
618 450
454 239
10 71
1696 583
585 1286
1640 568
606 1199
1289 35
1943 304
1187 1351
73 873
718 247
643 1575
932 288
1667 639
137 1009
1590 219
238 560
1136 876
373 962
970 75
1534 1005
1724 593
1995 236
569 1437
1437 1113
1722 417
1259 988
1815 1339
1708 1947
1450 707
1008 1062
1321 266
1106 304
486 49
622 728
869 1181
1652 773
1022 1701
358 1549
332 638
1011 34
1764 1812
941 440
1910 1938
1209 1102
1873 1858
154 1712
506 920
743 606
1210 877
258 659
927 1421
83 339
467 1615
1488 1416
977 401
1153 1088
1788 1922
165 1576
405 123
1807 648
1308 633
1653 860
1707 1319
1498 331
47 1155
980 1229
562 1089
1742 1444
705 1662
1512 1085
1908 378
1430 1391
104 1293
1183 179
1385 1813
1620 1374
941 1241
103 660
1852 778
502 1880
1638 475
1095 524
108 120
171 156
183 634
922 1146
1499 575
1184 1347
666 1427
1213 725
1792 117
37 149
56 1113
1259 1751
956 340
963 1785
915 619
1398 1467
467 1573
35 1527
655 679
1820 1090
1838 481
1178 1724
1635 1895
1644 433
839 1319
1253 433
1962 201
1163 990
1499 73
1191 1352
1496 1116
1679 330
696 741
1126 1261
716 1871
416 987
237 548
309 1793
387 819
1429 695
908 375
524 1323
688 1538
559 668
1822 1132
178 1599
620 577
1792 1255
1810 1875
1166 21
924 1811
835 1854
354 1295
1290 443
401 774
817 688
1177 1612
852 1079
1609 1251
926 75
1546 515
270 1813
1500 1080
1343 1245
271 73
571 1169
506 1467
903 532
776 571
756 538
1534 968
366 870
1480 1295
1397 360
156 833
1087 1763
1828 71
63 593
1247 292
181 1957
1411 885
1766 741
1038 537
536 133
1367 1551
554 615
338 180
1507 296
270 1683
820 1796
1523 389
396 154
1003 1083
62 1162
790 792
782 1462
1325 1134
963 282
1156 649
206 1737
859 1742
133 599
1326 1444
1707 139
1881 788
870 1989
438 803
1889 1621
280 18
87 314
1428 299
1468 1662
568 1418
1274 362
423 978
34 1107
192 1536
1683 148
1053 445
345 1106
1235 747
64 187
1694 661
896 1632
1004 1840
877 460
1516 119
1134 611
663 1578
109 481
479 1851
1659 688
280 994
519 12
1597 1996
1696 89
1120 6
1660 1826
439 1672
105 1610
488 1111
383 276
1655 1471
1538 1223
1764 1539
331 492
1164 1236
1880 1666
1735 1076
1404 1085
1479 948
1717 1062
292 1615
1932 1120
912 136
1602 1541
766 165
360 1393
543 442
1147 496
1771 979
1218 940
100 808
1113 184
1544 1206
1765 1225
70 1999
1213 1945
1828 1746
116 1217
1323 1568
1697 1462
1086 706
980 1974
1655 500
1709 1759
415 1679
756 1984
50 1045
1124 137
1091 780
1984 931
1052 1732
1441 1250
1179 1787
632 1038
1548 824
284 1880
516 97
1132 1535
947 623
1646 1357
1401 1908
112 1606
584 564
573 493
370 970
1449 1537
59 478
1171 1268
673 507
188 453
878 261
201 795
656 1831
840 1038
987 278
1833 1883
1076 422
328 12
1427 921
40 1094
1981 1667
958 652
1723 521
920 1037
60 1440
1646 845
1868 303
1572 1958
480 1779
1436 782
432 1978
854 1196
1953 48
1529 762
858 590
971 57
230 3
571 1937
1899 1692
607 1764
1160 1850
1242 54
388 1592
1067 1791
308 40
1462 1030
1016 16
1401 1030
615 343
1692 79
1683 667
1386 861
989 70
1626 1623
1447 778
351 1395
163 1437
213 1236
334 448
1847 266
1417 344
716 1235
74 106
189 1732
966 1483
927 247
1909 654
101 1460
1865 1387
401 152
1949 1882
1520 334
1764 744
127 978
995 1613
573 12
877 1988
983 1731
669 1467
343 688
539 358
771 1396
319 1802
1852 600
301 68
1313 1622
513 1282
36 177
1100 611
1925 975
386 1125
899 1390
826 1922
479 1298
484 868
927 779
1499 241
1718 1132
413 616
1266 1481
1786 247
568 634
827 51
1363 129
1551 909
1553 768
934 1984
1666 184
631 283
1080 1942
195 1070
672 1325
31 1137
820 1071
196 128
574 379
42 69
1271 1578
1591 380
1458 1875
1650 1629
350 988
1098 1357
1813 62
498 272
1867 1455
1124 450
638 28
1114 1454
1066 1170
918 1028
564 338
135 441
1306 490
1352 543
211 1766
1301 1556
1628 1374
382 673
540 918
1855 1418
594 514
699 1376
1865 1526
442 1928
1513 1297
535 841
520 594
264 1887
286 1989
1536 1602
1164 487
1684 1413
125 858
1824 1504
950 492
1245 1742
1107 977
976 900
999 368
1306 1555
1310 102
1080 1566
834 1194
931 681
11 1180
347 1367
934 1728
1579 752
454 1692
628 1220
806 35
1454 1339
1278 1145
569 504
1583 72
1790 321
1002 1769
626 1487
447 816
486 755
1244 464
1469 308
1862 1635
1899 968
469 269
278 1511
671 1979
523 1688
1147 237
482 1761
1362 902
911 1710
1623 1183
762 1672
750 1034
1228 1354
1595 1087
255 1177
1463 329
1382 1951
95 1064
1999 1098
286 879
66 1324
743 1416
1620 1574
1736 731
782 551
1773 1309
646 1711
321 1367
352 492
1554 127
1715 998
1022 911
1979 710
1280 1293
949 164
1250 1236
13 1277
880 1248
1031 988
242 265
191 1202
1724 1747
1019 1024
110 1186
991 346
817 1931
846 861
1038 1047
1757 16
613 168
543 736
1071 695
547 1823
1266 54
667 137
966 733
626 1655
334 1041
1457 975
1996 1098
453 460
788 361
294 203
15 1436
1573 1739
1888 1395
765 1252
87 760
630 924
565 953
571 366
145 1705
36 603
1639 582
797 1881
1866 718
1349 1992
1243 1680
172 260
930 1680
1334 1519
471 284
972 22
845 63
1112 1843
376 1629
946 928
1722 1621
567 772
445 381
1831 240
145 708
1130 1270
1735 865
1547 413
586 1552
279 1832
1128 1009
115 301
609 705
1131 966
1800 1376
1639 1253
1573 1071
1378 1037
1509 1687
1370 609
1352 1309
1430 1336
493 1878
678 1032
1604 1222
1145 1114
978 12
1536 432
404 1378
1148 1357
1870 1948
943 1892
776 1780
1359 233
756 1090
1236 1314
448 690
407 819
229 1647
1197 1586
1797 502
859 718
1776 1390
414 952
219 1304
1919 1115
1510 1166
826 627
1238 46
1948 1362
1448 59
94 1626
88 1062
282 1326
567 1396
685 1491
1532 197
1212 1103
919 1408
60 1641
1721 1293
1591 1552
1908 1318
1472 438
1056 680
791 1140
772 858
381 1876
805 1258
1448 1467
476 1297
1213 296
121 1351
1572 1707
1707 1471
1037 1495
165 1673
1035 771
887 1088
1654 69
1952 141
1491 56
89 993
1216 1307
48 1065
474 58
1501 631
1581 509
1136 26
1986 350
517 1186
513 835
290 1505
494 1117
1278 707
1187 1679
211 362
368 771
1972 1444
1563 825
376 1592
303 1984
231 1625
1532 114
1755 1859
600 1247
1990 410
1982 501
995 868
1545 1031
605 424
702 1812
1483 738
1121 792
34 1854
817 1506
1417 1170
617 127
1089 1044
1844 1013
1590 1556
447 569
232 1629
628 1559
67 941
1946 996
1428 208
918 101
1210 1675
1925 1816
309 1417
1725 425
476 88
1372 579
1202 1354
1717 1723
1376 574
1390 1737
629 1422
854 1311
537 764
1009 1497
710 1038
1012 727
759 705
341 1705
42 1282
221 816
1520 1541
1502 1429
1593 1565
716 1772
181 1103
1575 1730
375 1069
476 1269
1367 777
1176 447
1496 1512
1135 1178
1529 1971
1392 1964
962 748
550 1376
1627 1087
523 533
1250 1342
1169 1528
1068 1600
297 339
1002 1173
615 201
1463 3
949 1421
1459 414
397 673
1391 199
918 233
632 1737
976 1043
291 1692
1884 807
1242 1860
427 1150
1018 373
1921 123
175 820
56 767
1578 809
479 1076
141 1325
1939 1350
774 1508
922 1832
1684 1207
515 197
573 1661
1262 1876
206 341
309 1891
1006 359
609 1862
651 443
1799 1655
1687 812
612 1167
971 1215
23 609
1962 1674
292 1994
1615 186
1278 26
1317 913
948 1662
1554 473
482 1617
1087 41
69 303
1106 1254
1646 604
1384 926
1927 1637
241 738
1059 1418
703 980
1638 226
1146 99
1968 1027
1839 1687
1894 444
282 1334
1837 491
1756 934
1770 317
1653 565
848 250
618 1279
1687 518
644 961
432 1182
1866 50
145 1656
1156 1607
107 137
1085 1835
1403 1509
1000 880
47 19
483 645
736 1872
1704 135
1394 1725
1444 1890
1923 382
992 1573
1664 100
10 1046
590 346
912 533
984 52
1487 756
777 1660
1668 242
1436 1667
630 515
1379 887
1685 315
971 1264
1034 90
649 540
51 829
37 1040
176 687
1981 371
1620 1263
995 1731
1827 1017
482 1918
564 183
887 451
1408 1392
1737 1347
706 1000
287 949
225 1600
27 992
382 1259
745 1383
197 329
581 759
1473 983
1112 1380
1229 737
482 1866
797 1683
365 1646
366 537
287 393
1712 731
1961 1197
1085 198
1823 127
550 520
1454 483
1263 745
421 1732
928 1439
517 833
1904 31
5 440
397 1587
379 852
1074 1082
880 1180
801 824
869 1371
1791 948
1095 1498
910 391
1773 937
326 818
311 752
606 967
526 1445
292 461
1886 209
1721 563
1956 1199
456 739
231 1382
804 1776
111 639
584 188
357 1777
787 331
1976 213
544 1682
540 398
1400 1239
1443 1624
291 464
1566 1074
251 1169
125 630
260 1235
1193 234
1488 81
1809 1613
875 382
1035 1751
445 950
1014 973
360 1526
1309 623
1732 1441
1117 783
511 622
1356 755
304 1159
1371 433
1243 77
1475 661
1743 55
1937 1942
421 335
982 1356
637 343
445 248
928 185
393 293
1194 1958
307 241
758 549
1449 605
31 1159
708 989
1260 1070
116 1640
668 1574
438 944
498 1868
1067 772
1326 124
299 566
146 574
77 126
968 1200
1962 810
97 372
403 1197
1276 1899
806 1226
1005 828
325 1073
889 663
1541 258
1309 820
1523 338
504 1390
1774 473
723 1923
956 839
186 413
1377 296
645 1007
1011 1237
1159 577
1125 1712
869 1141
780 1944
512 649
1327 1963
1226 1917
1735 1395
842 1260
1928 1234
902 474
49 1134
280 1354
1853 562
653 310
1993 1276
704 12
1642 135
1923 946
1760 1770
97 500
294 1562
106 380
827 1759
395 154
1177 371
609 1579
1782 962
491 705
72 452
1872 510
1031 408
788 1512
954 109
118 288
1783 1737
628 18
432 906
164 1733
1544 1655
1452 65
75 32
712 1957
588 71
1607 1043
1336 1248
1514 1099
1784 1008
1412 643
546 1943
1989 474
1864 499
68 758
566 1974
627 1088
927 1517
901 1861
1153 1866
541 1487
411 1270
1092 1980
1787 1038
969 825
1100 460
144 189
1120 1733
1598 1944
1076 1018
1294 1684
1521 305
1916 419
1026 190
1990 1407
371 1337
782 617
751 1827
547 1639
1457 1554
847 1120
1619 253
188 911
1814 703
672 665
978 534
868 1404
1405 591
1880 1854
160 106
930 1008
1853 569
1453 142
1455 548
1944 1403
145 1944
1005 1146
394 1522
1746 1591
587 1512
1477 165
1879 6
22 1247
1532 748
1641 1651
1455 1150
1746 53
227 1675
1907 1370
826 1685
1380 1425
1292 92
608 1037
53 1615
913 83
113 1757
801 216
1183 594
1950 1207
1154 981
1351 487
405 1475
1497 584
1796 1093
1363 676
1095 485
932 59
595 524
1259 1395
1119 1965
1455 1812
1192 1895
387 256
1996 196
151 707
1008 1692
1328 1197
908 1749
1596 762
973 1113
1843 1123
532 896
1548 1495
1862 959
1304 909
1659 789
1537 84
1084 116
365 1093
1228 92
255 1283
987 55
1206 298
1712 1141
134 986
1553 1361
1810 1566
538 739
1048 567
333 1029
140 1875
1497 1671
1335 1754
788 226
773 1289
1403 1469
1942 1184
705 360
29 1096
1954 1816
1467 1568
1070 1719
1219 1687
1630 280
1253 524
900 1099
147 1957
1093 1032
1331 397
862 1841
1783 987
1507 853
1883 1239
777 1498
601 1288
1450 1669
1506 134
716 469
104 1634
1028 1988
1706 216
1960 537
676 1661
992 1077
705 1979
1541 351
1649 32
1077 826
73 1725
1481 653
1367 305
478 1966
1434 369
1135 820
1130 1660
1055 175
188 517
1639 194
581 1927
1615 1266
377 243
1079 96
1826 1216
1648 1842
572 550
701 985
239 1269
1691 575
1158 1652
1889 597
260 897
792 1016
567 1926
533 444
758 1273
685 1739
1386 1800
1269 1071
483 1022
1351 1980
1183 1045
793 1620
591 651
1350 423
329 63
109 1623
1258 1878
1933 456
1470 654
292 79
519 33
1595 1413
671 512
1519 739
415 150
1014 1352
1778 1646
171 51
736 559
1438 624
653 50
1077 1033
109 1683
1765 1876
960 1880
694 1662
909 1784
824 84
1220 1357
221 981
282 1237
1453 192
126 568
112 1476
1366 1745
545 623
1988 207
1239 1794
771 626
315 759
1992 908
542 1457
728 1113
1195 691
1136 872
1047 297
206 319
356 758
1527 1036
1382 1522
1390 1904
1510 1706
1428 1082
1884 903
1369 1502
774 820
643 921
311 355
1940 535
1272 606
1879 197
1940 76
983 647
942 1977
167 557
584 310
937 605
1340 1278
284 1154
263 649
156 689
332 868
998 399
1686 610
1262 1903
876 1145
686 103
881 1028
709 417
1551 1658
225 240
1975 1206
1991 1139
1375 741
164 1734
855 1421
1239 111
937 1474
681 245
5 679
683 1020
689 926
567 1376
326 949
346 118
457 391
133 995
225 1820
1519 876
9 970
1133 1656
1781 336
1881 1174
1001 1470
1364 934
1197 1824
705 656
1938 1424
833 153
696 163
267 848
936 175
1408 228
291 1358
78 795
161 1571
1055 1553
1449 1658
104 1832
1448 131
1990 406
248 1903
740 1846
717 933
1183 1176
762 1357
126 5
1043 84
464 1634
589 1093
725 200
1706 500
1291 1122
1203 666
1502 861
1624 300
1013 128
1466 83
621 1511
288 865
607 117
485 946
1751 107
638 178
1241 632
342 1933
1657 699
436 1146
470 1483
1368 469
1857 631
372 667
1035 1412
1748 1937
769 1685
446 1939
1231 18
1460 559
872 993
1657 160
518 843
920 423
450 1610
287 1620
1530 1981
230 813
48 36
604 166
461 642
1096 157
