p td 1000 494 
1 263
1 499
2 761
3 67
3 887
4 57
5 318
6 822
8 38
8 87
9 907
12 437
13 166
14 146
14 197
15 76
15 223
17 414
17 454
19 248
19 657
19 866
21 166
21 264
24 117
24 290
25 370
26 782
28 676
34 476
34 911
35 483
36 44
37 352
40 595
40 913
41 904
42 501
44 556
44 661
44 972
45 210
49 132
49 688
52 285
53 216
54 941
55 199
55 224
55 334
57 317
57 520
60 77
61 219
61 851
65 670
68 151
68 348
68 665
70 416
70 648
74 951
76 924
77 386
81 765
83 740
84 365
84 374
85 421
85 666
85 977
86 356
87 819
89 818
91 257
91 385
92 110
92 192
95 679
96 680
99 374
99 384
100 707
101 117
101 674
102 597
104 930
105 451
105 500
105 708
106 204
109 828
111 618
114 305
115 209
117 163
118 230
118 422
119 643
120 166
120 519
124 849
126 299
126 439
126 504
126 702
126 988
128 548
128 556
129 984
130 556
131 789
131 924
134 382
135 176
135 584
137 828
138 411
138 773
140 814
140 895
140 931
141 812
142 994
143 518
145 221
147 639
148 304
148 987
149 300
149 487
150 591
151 907
151 989
152 621
153 867
154 877
156 442
158 331
158 665
159 283
159 652
160 768
160 783
160 826
161 590
163 349
163 365
165 268
165 890
166 308
166 365
166 493
168 433
169 664
171 373
172 779
173 418
173 658
173 664
174 258
177 876
178 274
178 351
178 440
179 231
181 389
181 394
184 193
186 609
186 657
188 342
188 432
190 810
191 235
191 495
191 678
191 783
192 907
193 752
195 877
196 482
197 202
197 888
200 829
202 719
204 828
205 230
207 533
208 307
208 580
208 671
211 337
211 867
215 477
222 415
222 484
223 703
225 454
227 383
228 502
229 568
233 376
233 447
237 889
239 973
240 356
241 874
243 404
243 620
245 587
246 705
247 869
249 941
250 314
251 327
251 576
255 399
255 492
255 621
255 670
256 564
258 572
259 291
259 918
260 901
261 836
262 431
262 572
263 548
264 881
269 711
271 983
272 783
273 835
273 910
274 655
275 824
276 280
277 514
279 755
281 535
284 840
285 464
285 516
285 987
287 545
293 371
293 607
294 443
294 692
296 565
297 327
300 553
300 710
300 809
306 495
307 617
307 649
308 912
309 355
309 824
310 334
310 385
314 760
315 356
317 677
318 798
321 634
322 392
325 973
326 554
327 775
329 670
337 617
340 655
342 863
342 956
344 710
345 483
346 870
346 984
347 662
347 731
349 883
353 487
353 606
354 900
355 714
358 444
359 366
361 873
364 913
369 973
372 528
375 582
379 832
381 475
382 886
384 777
390 871
391 691
392 488
393 431
394 856
397 805
397 943
405 474
405 596
408 561
411 538
411 805
416 932
417 775
417 909
419 520
420 655
420 765
420 999
421 652
421 955
422 686
423 962
424 809
425 523
433 802
435 834
436 977
437 933
438 655
443 994
444 705
450 586
453 693
455 603
458 759
462 537
462 661
464 918
469 991
473 990
475 544
476 945
477 900
478 542
478 864
480 565
481 817
482 720
484 673
485 996
487 637
488 601
490 499
490 574
493 672
495 795
499 719
502 638
504 907
507 508
509 904
509 944
510 581
511 894
513 542
520 807
523 717
524 550
524 737
528 840
530 935
533 780
536 927
537 741
537 873
538 824
541 773
543 739
543 857
544 959
549 731
549 952
553 824
558 632
559 642
560 622
560 937
563 837
564 925
567 883
567 892
568 985
569 723
570 751
574 983
575 745
578 641
581 940
586 593
588 833
588 884
588 953
592 779
594 700
604 704
604 722
604 808
610 640
610 954
615 974
619 748
619 777
619 913
623 708
627 781
630 974
632 896
633 642
637 822
641 681
641 721
641 1000
646 983
648 790
650 693
650 981
652 995
657 765
658 833
661 698
663 743
668 867
669 1000
670 676
674 699
678 983
681 686
685 695
685 762
689 831
690 860
696 869
698 819
706 821
707 842
714 955
715 937
719 843
742 785
747 956
749 849
755 799
760 840
760 881
764 818
766 907
767 990
768 858
772 913
775 990
776 787
784 893
784 971
785 937
787 928
788 979
790 910
792 850
794 816
795 931
800 900
803 928
810 892
812 818
813 859
813 971
815 974
820 914
821 833
839 924
844 930
844 999
848 926
859 999
884 993
902 904
908 965
909 985
918 995
919 992
954 967
964 984
969 983
