p td 250 1000 
202 185
161 167
163 78
239 6
12 168
180 248
205 192
177 165
208 44
12 216
24 21
47 66
160 175
220 220
4 52
118 171
24 44
198 73
8 68
41 50
66 66
55 3
154 232
18 231
244 161
92 43
89 234
81 184
248 245
146 60
207 212
79 208
193 130
38 75
25 108
98 14
236 240
88 78
204 198
32 245
15 98
233 89
174 78
103 148
112 149
90 209
214 75
149 219
132 223
218 205
186 147
47 233
143 15
84 168
203 152
133 206
153 197
215 179
220 62
128 46
201 145
16 115
52 151
28 90
27 228
196 206
160 170
150 90
31 113
222 107
236 97
60 177
148 208
67 156
147 64
86 200
166 100
54 30
116 20
160 69
72 116
161 168
209 26
181 72
60 198
28 115
8 51
28 227
199 12
94 53
117 153
87 214
167 212
174 163
81 219
85 58
14 113
113 90
170 221
108 32
122 237
112 127
121 85
171 181
235 152
70 162
75 226
50 12
186 53
195 5
219 230
100 165
74 241
54 197
198 105
229 68
160 72
202 205
231 9
54 128
190 133
127 167
223 197
88 50
172 152
80 28
230 97
246 144
221 2
218 95
222 195
54 238
221 104
17 57
139 121
50 230
21 154
112 36
132 135
242 44
64 130
160 70
137 166
87 207
1 155
181 27
112 230
65 138
5 47
54 14
156 41
70 129
108 221
72 13
119 140
106 137
112 113
202 187
10 222
234 50
97 243
50 13
11 172
195 112
45 123
95 131
196 66
49 221
40 9
198 190
45 4
219 241
28 157
98 130
19 148
156 185
207 124
225 3
248 138
2 18
176 171
155 10
97 41
210 158
227 27
247 181
72 200
19 130
231 23
146 52
103 168
200 114
237 222
123 209
48 27
204 67
16 156
36 111
195 160
58 160
159 106
150 115
111 121
142 117
24 247
219 101
84 220
67 21
193 212
149 127
175 91
75 229
156 106
221 161
236 45
124 238
238 109
78 44
11 250
109 120
114 57
94 180
186 110
126 154
98 149
211 14
94 26
102 217
228 8
210 161
189 2
56 171
141 134
238 161
5 9
148 83
153 101
60 178
48 220
158 235
245 193
210 122
106 2
103 132
145 169
38 7
98 15
156 58
63 222
129 87
59 194
89 63
228 198
109 166
125 188
206 110
177 214
105 40
206 74
201 107
77 147
122 191
11 195
243 8
196 132
143 161
82 47
73 65
9 38
87 68
92 182
124 188
139 62
79 227
113 161
187 145
175 34
159 158
148 235
227 36
208 39
63 143
36 131
232 226
112 137
158 168
144 103
169 100
218 219
11 111
134 177
114 50
29 30
14 218
30 196
179 149
56 121
190 11
191 53
47 95
17 208
172 15
140 168
25 71
223 18
29 186
151 88
63 46
133 45
105 245
136 84
86 5
131 165
114 154
229 241
47 11
185 172
133 127
36 236
33 190
160 174
154 165
74 123
186 36
117 174
25 56
21 215
55 169
126 157
172 15
247 116
6 200
148 100
20 180
239 157
215 211
194 149
117 195
205 60
220 178
116 74
46 86
175 216
2 55
49 247
129 64
147 41
53 65
91 136
90 49
20 86
194 95
15 200
234 110
185 32
53 13
172 23
47 212
24 98
220 39
97 222
7 181
139 245
167 213
162 121
221 201
71 22
208 217
179 247
53 205
205 39
177 26
15 86
30 92
62 154
176 101
189 134
98 227
145 134
24 249
25 139
233 229
152 28
121 160
226 23
238 165
34 150
124 204
162 129
109 233
123 236
166 174
129 50
129 93
96 4
95 173
225 187
49 140
14 59
247 177
213 100
14 104
224 114
188 10
233 214
238 9
137 39
134 161
38 229
170 80
87 121
157 68
105 82
178 7
205 192
87 55
159 152
250 138
183 85
179 218
128 198
29 100
62 153
28 129
221 202
161 24
31 188
140 222
11 65
190 6
161 115
193 146
187 12
176 43
168 149
150 201
206 245
180 145
226 208
141 249
158 106
68 231
242 73
227 86
227 244
125 140
117 192
176 211
94 146
19 42
1 221
127 90
83 21
16 179
220 145
248 192
22 202
157 129
107 127
197 213
57 158
69 172
107 70
230 33
181 174
240 226
216 77
239 136
41 33
212 248
190 205
133 52
182 115
155 124
176 229
183 155
93 26
193 167
190 126
57 161
106 1
130 107
35 208
247 225
197 100
208 114
65 84
114 250
213 210
145 119
190 118
62 90
142 132
144 107
21 191
93 114
134 193
33 219
84 42
32 192
164 107
2 53
53 65
162 113
136 149
56 30
71 216
158 167
48 98
238 230
32 227
128 45
33 172
160 9
18 213
57 212
48 87
149 33
180 57
94 92
209 135
242 82
172 23
77 21
108 215
213 145
188 237
92 18
82 167
130 151
42 109
161 151
40 49
4 156
3 90
26 66
134 180
145 25
171 96
67 16
240 113
85 205
206 175
93 108
68 196
50 202
203 97
207 173
55 70
184 66
241 105
163 209
157 54
69 203
119 41
166 30
188 79
103 13
58 141
135 170
190 57
127 117
236 61
52 57
126 58
110 212
64 89
51 146
37 179
35 155
208 234
125 209
54 140
208 174
197 242
110 53
159 250
33 191
80 125
247 208
88 71
125 16
239 201
76 117
52 226
6 79
222 5
100 49
116 224
104 144
203 170
213 181
180 1
220 36
232 211
134 205
81 204
152 210
133 186
47 198
216 216
105 103
236 204
72 208
182 17
27 41
55 204
11 146
7 104
164 107
218 226
61 27
137 248
121 80
165 91
249 24
187 132
199 131
9 208
116 55
209 45
105 100
74 17
149 91
25 49
164 185
221 88
76 243
136 160
77 103
40 115
72 41
11 145
93 137
71 67
129 19
169 160
61 30
43 215
12 243
14 250
71 189
78 14
238 111
151 29
128 62
32 176
212 84
25 138
125 25
166 200
199 234
8 138
61 121
64 40
126 233
105 170
225 245
208 114
250 186
62 224
223 73
110 28
191 229
143 189
50 238
13 75
62 61
89 85
202 59
90 218
216 7
197 179
76 148
172 206
60 100
223 148
117 15
170 7
56 130
77 154
191 171
96 14
224 27
181 182
173 38
123 246
214 94
64 43
84 41
54 238
19 16
4 188
4 71
99 8
47 245
123 239
165 155
229 184
21 68
26 58
38 130
243 248
250 124
91 68
101 235
34 115
81 85
206 159
97 122
114 248
77 19
149 16
117 69
27 166
92 13
226 246
226 77
165 178
181 74
142 73
135 116
37 226
173 25
204 161
11 209
233 24
10 148
93 84
106 90
211 72
74 243
239 40
106 112
132 187
250 134
58 42
206 142
27 154
159 152
216 1
17 123
185 32
63 33
229 217
144 31
179 91
142 50
235 29
187 190
154 152
213 80
50 7
162 8
200 88
174 4
152 233
160 249
127 233
124 209
114 31
82 224
240 155
48 236
5 24
47 103
91 136
224 122
109 60
249 124
99 17
102 172
122 166
124 53
180 200
87 88
156 116
153 88
77 190
10 130
211 79
39 110
237 169
9 226
77 32
119 8
198 165
161 215
59 108
116 160
175 179
180 113
238 47
132 156
89 239
180 6
250 202
84 45
245 113
207 49
2 201
235 135
57 187
186 37
185 196
35 110
202 217
28 224
46 37
204 224
92 187
178 228
62 202
8 62
180 177
195 113
250 235
201 27
172 198
129 60
246 53
54 197
196 134
38 162
145 41
151 50
227 204
63 209
233 177
14 211
213 72
20 224
14 160
44 211
34 180
139 108
42 79
139 233
143 98
14 55
34 60
13 241
75 104
62 241
235 67
243 168
51 118
131 62
47 189
249 210
244 35
21 214
103 16
237 179
249 122
62 46
205 107
22 157
156 42
117 28
111 207
123 65
10 86
97 30
36 8
102 241
76 120
239 34
91 179
235 83
161 233
117 93
219 140
33 217
231 176
7 160
184 165
194 130
71 154
109 230
163 203
114 236
44 17
40 2
140 217
41 233
9 146
130 198
58 52
110 63
48 105
54 121
179 140
229 112
128 150
108 100
37 152
236 155
80 229
218 6
230 31
15 10
75 71
220 240
168 11
9 54
83 183
164 140
169 178
71 110
211 184
177 197
190 135
73 107
114 250
140 123
96 73
26 202
155 173
60 127
138 28
47 157
13 20
185 124
201 87
172 112
49 6
157 95
48 178
37 137
90 8
242 141
193 187
1 85
7 137
44 176
104 42
242 149
47 67
100 21
63 65
149 66
183 21
175 101
180 82
112 53
206 183
195 1
248 142
69 7
226 92
93 210
170 70
33 122
36 2
137 172
36 242
3 81
182 210
71 96
86 111
105 129
52 233
147 239
49 67
113 173
153 100
62 135
38 55
10 115
8 66
211 207
247 74
178 156
238 93
9 84
250 85
44 229
83 26
145 56
16 101
130 185
87 121
32 237
186 220
70 121
86 158
237 168
154 212
159 15
50 150
236 148
52 151
246 59
226 202
177 205
114 194
68 190
42 25
37 209
