p td 1000 4000 
98 722
102 849
529 664
900 290
548 18
26 972
523 534
23 186
800 420
88 104
161 775
527 403
991 467
475 183
770 847
247 577
531 376
221 30
230 499
549 737
60 862
49 26
336 249
372 314
635 890
457 76
89 621
335 867
930 60
317 145
150 193
683 441
325 55
528 942
128 346
648 468
915 191
105 24
510 20
496 343
959 32
295 270
692 503
10 946
426 234
19 441
275 904
922 567
343 375
99 95
460 101
4 253
910 356
28 309
365 83
323 191
781 153
626 57
146 649
123 467
189 503
573 482
263 747
215 355
33 974
85 111
824 465
621 298
960 471
577 832
160 964
682 55
173 931
856 470
835 441
480 728
771 953
999 353
994 612
970 515
214 870
454 833
232 268
341 349
113 653
286 697
465 691
997 466
177 693
737 310
762 921
318 42
45 96
416 95
632 771
793 874
627 956
348 927
588 956
472 936
986 753
594 504
11 894
538 89
912 446
907 807
450 744
279 65
37 174
256 164
345 873
728 655
809 331
297 129
527 761
554 435
928 317
80 627
88 378
18 322
867 808
128 828
126 983
374 788
945 802
738 808
340 496
548 302
942 960
458 204
541 141
584 131
990 2
218 954
539 957
911 291
792 333
685 380
789 584
656 606
392 682
394 924
963 880
428 178
544 360
431 469
599 839
277 129
586 920
155 928
194 298
213 27
561 192
530 785
319 900
945 893
785 956
288 162
871 751
163 561
175 741
599 517
249 224
922 993
606 835
426 673
614 95
402 768
890 237
494 255
510 43
811 996
632 173
323 272
893 473
171 744
808 682
645 801
399 316
771 36
55 60
757 313
11 158
668 306
940 534
151 781
614 566
163 722
912 483
406 958
994 486
301 642
355 51
728 597
431 854
71 79
91 649
886 479
681 661
315 109
507 772
597 192
899 557
956 215
211 455
381 717
189 672
4 635
521 487
211 154
371 641
63 955
992 33
351 72
176 34
546 499
594 652
830 731
590 735
203 944
628 239
462 178
339 624
78 726
792 904
917 792
895 741
843 723
278 998
73 417
101 170
902 71
157 63
806 785
443 452
497 423
276 277
315 515
304 878
90 444
930 723
700 358
737 232
345 705
349 367
932 974
295 354
927 751
916 7
877 859
603 222
682 709
104 556
982 35
205 671
792 681
114 704
254 926
946 234
293 241
846 995
869 103
435 537
740 321
255 630
820 466
41 103
12 298
296 109
127 592
977 793
140 468
523 568
850 760
298 618
820 274
685 449
249 353
583 575
50 60
645 472
299 68
940 587
553 755
57 290
665 399
665 521
865 416
198 340
137 117
84 95
586 942
736 728
454 481
42 261
849 942
708 420
657 432
353 608
788 194
593 487
569 771
165 780
786 362
820 377
790 597
704 943
298 628
876 449
711 758
299 588
996 536
783 979
279 133
161 840
127 850
698 521
995 800
677 448
110 857
232 187
411 909
601 917
369 610
286 236
237 282
52 847
470 956
801 988
35 741
213 644
384 737
914 756
512 862
123 538
44 288
118 478
625 607
852 270
289 181
655 689
203 98
344 814
115 404
949 534
562 273
891 582
688 578
863 17
209 652
843 554
830 495
261 683
214 880
929 957
788 987
125 167
584 297
160 961
2 62
927 52
485 36
386 511
920 897
789 521
241 608
838 938
522 100
829 644
502 392
705 674
80 265
773 287
384 920
318 863
810 162
208 291
435 259
562 386
306 839
601 913
212 18
401 706
354 798
353 936
64 324
267 804
556 548
601 343
732 73
805 701
81 5
91 45
455 948
140 914
278 469
552 257
569 545
132 341
964 840
820 951
922 875
824 876
165 508
387 197
436 125
351 180
78 915
905 764
10 609
601 70
316 193
232 376
136 182
247 252
535 765
807 762
809 630
587 73
971 587
982 573
883 928
802 459
638 778
243 745
861 919
467 520
587 2
4 619
989 184
521 80
382 837
369 340
790 323
691 375
652 748
831 223
850 798
646 487
638 387
110 997
594 455
680 190
239 704
837 913
89 267
669 237
220 699
969 473
18 676
514 999
417 18
914 352
854 38
194 227
513 606
8 866
998 519
758 30
612 281
934 169
497 940
899 609
300 788
259 307
203 421
227 322
968 196
104 887
14 519
744 105
631 176
455 431
524 386
369 906
977 198
747 557
530 866
391 75
415 866
796 303
779 382
748 746
780 937
881 153
880 713
891 543
286 550
212 495
859 816
764 649
821 616
676 528
654 900
681 23
949 437
599 686
568 421
714 757
527 567
3 209
70 201
766 95
831 290
402 144
557 84
424 249
871 618
838 907
646 325
519 230
621 39
325 879
677 709
302 288
66 987
581 426
915 575
237 634
8 695
26 735
737 234
775 321
424 323
841 463
298 495
359 30
206 140
434 814
797 291
304 972
37 282
876 795
943 681
256 186
896 90
436 353
311 461
591 931
957 474
231 342
902 246
703 662
545 874
249 519
372 279
334 308
469 619
122 681
275 917
102 856
782 982
269 589
146 636
934 592
685 61
391 273
621 101
80 50
581 917
738 49
964 740
466 360
485 313
509 780
211 954
185 10
633 244
474 535
401 813
386 726
771 14
98 58
626 982
581 739
297 259
126 235
874 130
842 743
173 728
56 695
257 786
564 246
114 89
607 456
631 770
18 484
433 160
616 94
979 467
987 852
290 174
559 588
772 629
932 48
817 626
671 196
505 203
562 808
888 103
989 384
997 648
989 549
441 119
105 690
400 826
641 923
912 282
213 357
504 966
888 787
14 841
600 579
117 31
954 742
864 635
640 725
73 274
340 371
205 574
725 961
316 379
843 808
645 395
157 234
121 32
542 247
545 206
528 5
164 429
211 491
855 341
327 773
588 745
633 487
995 817
299 78
349 997
646 560
725 739
712 82
600 624
395 101
205 577
719 791
379 967
855 187
718 228
319 547
425 167
362 283
521 387
881 536
285 104
114 469
165 365
497 184
619 519
169 614
943 843
393 534
160 415
720 638
984 804
627 687
616 959
802 381
35 748
348 38
506 590
712 918
615 528
460 367
815 608
49 560
124 538
526 591
909 196
629 449
775 147
558 909
404 544
264 345
910 731
961 400
416 695
678 142
915 571
425 497
915 812
260 783
877 51
636 685
481 115
396 39
309 890
562 83
402 206
350 776
981 737
26 349
273 622
244 475
772 512
193 60
743 967
679 182
735 869
860 959
924 320
661 417
967 388
562 183
66 697
649 347
835 854
117 578
528 630
739 390
874 11
814 788
828 985
43 786
337 924
465 90
326 490
943 80
4 660
148 303
217 378
791 758
763 484
794 769
643 90
793 436
348 658
897 274
61 484
461 26
888 788
751 515
50 129
239 972
592 110
476 922
647 420
174 863
73 845
479 469
80 546
725 604
48 876
259 704
977 676
805 591
436 726
36 488
754 201
210 644
666 387
112 886
691 283
879 140
154 351
272 479
428 273
544 23
810 823
146 27
127 317
79 358
706 192
121 533
797 641
355 341
718 668
893 463
481 766
494 166
733 222
666 144
223 427
207 38
22 784
668 247
174 715
270 329
550 316
277 235
108 845
465 656
485 861
163 138
494 586
696 516
345 285
247 407
782 94
674 382
872 28
441 14
754 432
352 88
240 452
571 683
36 484
689 270
475 39
265 457
33 835
278 376
449 10
938 141
95 290
756 998
151 570
366 841
452 910
266 305
383 166
203 459
422 651
661 330
450 44
286 772
636 908
919 115
918 289
256 764
855 535
488 38
654 955
943 816
961 208
800 926
846 443
439 742
226 670
429 7
208 505
794 13
299 197
885 117
648 404
972 603
831 668
83 128
955 438
578 683
720 841
527 184
226 532
654 658
98 917
78 471
256 247
417 691
441 255
245 905
777 198
921 75
859 842
947 538
124 152
808 740
469 197
200 935
785 441
254 746
641 866
813 471
834 368
207 962
269 339
504 750
887 121
219 519
642 69
536 900
341 596
725 197
167 623
534 844
448 457
823 559
459 188
757 96
582 870
462 323
730 675
230 542
469 265
942 695
966 869
101 821
784 666
593 821
196 482
733 123
165 107
756 913
511 696
20 186
499 795
833 405
721 164
745 215
337 297
2 300
346 399
107 32
334 479
233 961
525 33
852 667
825 436
229 785
541 335
543 599
89 723
924 349
251 706
305 112
352 957
572 706
539 264
461 563
812 897
921 314
136 851
990 285
654 687
874 934
429 720
734 561
685 476
901 741
326 145
697 465
973 992
940 413
432 865
668 150
467 981
517 440
493 12
579 14
782 287
359 812
57 595
66 614
674 29
716 456
504 386
903 33
160 259
232 370
281 510
676 641
922 915
801 267
199 372
296 197
615 639
60 199
207 586
455 395
337 297
486 757
696 54
64 114
808 955
697 31
567 928
317 894
2 883
383 685
450 810
372 630
990 513
979 875
717 95
290 467
273 905
544 172
579 130
342 340
124 987
985 250
701 183
893 454
396 739
305 439
274 215
910 685
25 882
215 374
787 269
453 427
568 556
316 779
598 216
79 99
736 351
571 403
235 956
794 44
518 501
604 562
48 829
37 517
231 215
838 544
215 832
225 686
77 472
499 997
434 388
846 729
760 885
401 358
526 880
180 926
537 990
812 791
155 700
57 54
325 951
860 982
897 452
478 294
695 863
542 239
409 365
379 939
858 413
920 930
781 628
387 211
538 236
87 722
480 196
473 30
813 276
197 597
699 332
607 415
373 10
98 196
926 310
775 935
832 965
1000 557
10 676
294 221
859 310
902 654
471 407
688 362
598 615
358 301
73 632
341 765
230 507
579 401
752 14
37 75
432 521
93 823
719 260
271 54
629 780
492 470
167 773
691 469
512 162
601 498
709 439
482 715
471 389
733 331
443 756
901 509
637 525
571 210
670 852
483 587
32 514
698 712
960 75
369 353
176 363
711 984
835 509
276 411
977 177
674 706
881 7
988 696
797 281
763 651
212 165
790 371
959 968
900 19
825 157
56 613
107 433
796 857
534 675
752 960
161 557
799 209
853 275
653 710
919 721
656 54
339 184
562 230
357 571
87 357
162 5
469 380
607 374
366 776
907 391
946 467
996 631
674 171
322 224
967 162
585 613
183 791
81 22
711 67
254 967
850 740
503 631
342 246
468 321
399 13
427 905
346 902
597 377
930 909
312 614
409 118
248 116
787 421
249 927
590 3
443 378
642 990
194 658
20 813
455 436
638 712
939 905
367 861
944 136
153 893
978 488
188 600
757 964
816 937
259 980
207 907
178 915
415 856
2 290
435 661
775 625
955 857
457 381
581 838
354 244
57 684
449 973
24 51
376 288
850 305
264 678
6 334
968 673
364 671
746 361
139 860
461 260
825 921
713 558
598 427
364 567
942 481
867 274
486 689
157 430
934 238
535 257
161 452
55 383
846 822
405 5
154 503
796 602
842 224
328 224
559 346
766 617
555 46
629 80
156 648
521 42
920 949
519 552
793 209
343 683
127 377
413 141
550 310
656 435
83 827
859 646
983 297
188 595
357 198
201 563
975 570
830 200
408 310
490 998
987 544
880 440
590 590
497 619
897 654
525 569
340 578
694 863
469 863
293 357
953 188
182 427
220 558
641 35
941 57
338 813
412 220
904 72
527 763
810 567
175 443
903 224
505 551
588 92
314 545
594 464
909 518
217 896
650 305
908 312
659 229
666 426
313 395
246 465
902 512
920 495
144 88
568 920
44 297
447 493
194 159
625 700
717 749
221 664
940 410
929 723
526 952
92 683
261 773
161 648
828 144
381 845
32 825
585 761
914 59
517 467
382 567
334 886
429 339
679 960
986 144
291 54
285 525
523 229
634 99
476 211
893 282
449 644
997 912
51 918
340 475
367 971
419 657
808 415
709 580
414 682
196 420
273 386
1 545
408 734
177 527
2 175
865 590
243 542
67 470
285 365
541 627
573 735
330 292
936 427
27 736
690 111
724 916
878 323
48 255
560 198
672 584
563 805
202 637
658 665
237 382
473 676
32 603
567 389
16 788
396 903
305 93
119 493
793 542
77 346
820 969
982 867
975 226
251 703
663 228
18 168
643 185
813 606
498 339
623 280
359 634
963 992
483 211
763 372
715 920
196 617
507 707
325 470
964 939
957 384
8 473
223 755
417 601
361 16
160 661
699 713
181 420
678 868
355 244
778 899
680 828
967 46
60 453
512 918
222 980
764 803
447 442
280 686
26 38
622 408
365 385
338 31
799 117
302 320
265 158
970 756
859 366
235 82
270 58
993 436
682 373
981 371
668 984
73 422
663 353
712 932
552 776
695 708
232 841
727 789
413 191
326 25
951 143
642 732
525 314
753 401
411 919
76 463
519 777
899 529
793 832
519 717
462 409
585 125
787 732
506 578
722 101
544 403
364 626
363 862
630 659
341 263
828 641
684 823
349 435
709 867
179 221
876 56
629 984
205 82
996 293
135 890
897 746
330 53
606 525
865 941
685 898
580 95
501 547
818 795
301 212
16 137
423 117
337 267
44 580
691 157
762 826
332 668
238 476
747 709
250 946
868 53
47 248
744 428
571 149
670 526
826 460
187 682
367 29
127 126
466 641
381 799
605 322
893 419
584 993
621 48
218 537
30 663
715 174
292 602
975 240
683 426
500 138
319 842
811 968
247 775
467 408
363 900
714 794
420 407
662 284
94 234
247 273
882 813
382 755
204 652
932 696
850 878
359 513
959 144
690 106
101 713
691 443
862 29
998 609
790 270
322 113
585 615
196 986
764 160
203 124
990 836
990 88
318 87
615 588
835 891
594 638
88 323
248 383
753 139
18 320
173 447
305 810
402 432
976 352
486 172
551 399
571 664
218 86
995 66
65 16
885 920
899 129
821 962
859 628
92 321
339 500
276 95
237 289
603 322
75 603
977 269
10 242
187 790
633 60
380 202
269 319
871 322
732 365
712 358
139 903
409 113
745 897
796 540
661 780
848 843
554 347
77 772
969 242
957 472
193 345
273 538
220 308
938 715
404 885
100 290
12 295
1000 217
692 200
272 996
266 146
514 396
522 588
14 309
189 948
938 742
959 873
217 500
901 145
563 691
97 614
42 132
469 693
330 900
532 977
182 2
489 135
510 471
824 113
562 433
607 82
705 153
535 415
663 517
364 165
481 203
988 132
144 651
565 68
318 910
787 830
431 886
261 502
114 497
996 389
849 366
652 216
415 313
548 556
230 895
110 197
248 74
29 280
326 433
391 484
612 556
342 604
331 809
991 411
165 856
472 982
754 812
886 182
926 676
842 994
108 701
594 677
389 725
373 943
9 546
268 796
713 157
40 654
990 255
49 249
110 429
174 439
515 758
507 235
834 276
893 189
986 808
315 611
675 261
334 161
914 367
712 478
627 981
927 894
670 277
164 688
659 22
237 396
211 790
185 345
954 772
642 295
66 799
847 258
766 510
644 877
139 38
7 711
75 560
79 390
624 589
865 22
997 434
582 715
913 744
768 19
560 638
776 114
827 47
581 956
81 480
766 981
370 142
856 392
836 908
404 110
692 181
626 722
672 641
807 481
181 950
60 376
771 510
312 701
946 251
89 365
655 983
478 655
312 272
627 777
456 582
85 666
834 106
78 897
798 839
381 449
7 809
140 492
848 968
97 116
835 588
758 500
726 872
794 204
845 730
854 83
765 237
165 803
568 60
577 725
650 912
543 704
456 234
14 815
412 493
390 168
612 762
323 766
375 844
503 344
486 224
502 808
180 531
643 622
408 823
284 898
6 956
804 44
847 375
246 398
443 963
188 751
501 354
750 114
787 78
998 899
755 531
601 638
670 202
852 456
419 240
956 1000
111 992
155 219
403 821
728 883
656 953
560 11
398 270
708 869
330 618
863 444
416 362
246 617
507 207
527 513
204 557
272 96
905 720
90 578
747 482
861 491
937 432
512 780
585 763
544 567
705 437
881 852
786 458
942 927
904 199
437 386
856 819
477 941
989 261
579 311
133 779
465 318
432 649
472 68
713 510
623 994
269 666
304 766
673 599
594 99
519 261
454 33
295 548
817 512
781 390
440 801
941 638
396 682
183 68
606 384
636 801
680 199
25 382
684 372
606 924
278 961
366 187
431 872
579 839
152 771
759 993
850 526
153 668
280 955
55 855
224 564
356 707
586 851
482 952
750 577
550 93
521 224
516 341
24 963
537 616
635 108
742 68
212 104
287 670
811 120
350 551
797 142
154 933
667 920
950 884
823 78
210 213
994 815
85 910
361 924
188 545
548 866
33 699
886 362
186 851
689 581
392 901
114 22
826 541
601 620
484 307
395 29
220 739
726 310
938 940
285 725
845 345
10 670
613 796
960 666
960 607
315 808
587 33
192 112
697 297
51 894
549 324
453 44
423 348
401 39
730 892
82 49
748 359
825 905
801 763
589 551
262 388
984 375
515 55
605 652
474 241
501 602
825 96
591 522
800 281
269 509
387 83
618 189
54 557
600 453
89 477
340 574
525 462
774 897
620 596
578 942
673 469
81 264
671 254
24 518
206 439
292 394
453 172
219 39
432 792
788 698
10 502
73 723
897 838
159 595
459 311
645 15
226 717
501 433
727 428
265 950
497 414
474 585
519 40
829 351
372 594
775 601
953 754
105 272
244 651
512 279
579 142
848 946
133 121
172 426
566 665
183 493
230 899
333 831
39 952
572 553
588 537
652 930
896 615
228 20
545 211
613 860
958 847
496 237
775 364
78 45
320 131
499 616
363 790
298 808
434 968
972 849
256 795
39 667
623 581
850 218
112 643
270 890
680 780
315 487
213 669
204 461
915 772
908 456
406 842
834 279
321 525
617 276
439 267
894 698
731 528
490 189
40 442
987 550
526 981
868 968
384 547
17 855
423 816
95 848
537 345
359 246
946 523
712 115
972 583
752 4
780 537
42 902
512 335
124 338
922 906
654 53
797 244
103 441
649 723
88 670
860 914
305 751
121 142
92 599
41 318
963 261
655 362
271 623
796 305
776 477
794 528
719 64
302 100
765 958
16 174
271 32
280 711
122 766
290 525
776 737
538 691
108 10
689 423
799 88
613 988
942 485
492 886
458 186
981 324
480 849
129 916
71 790
301 137
845 881
296 617
859 218
821 807
531 488
667 65
860 429
454 249
166 219
808 551
678 38
690 177
940 163
40 523
468 572
363 912
669 828
861 305
449 802
865 864
264 506
218 838
477 451
640 196
827 846
415 835
824 545
535 362
729 154
567 74
330 116
684 204
468 726
864 809
342 47
250 642
743 476
76 35
610 148
917 875
680 771
947 219
165 660
698 225
887 886
383 730
674 353
582 139
343 681
607 81
235 352
986 475
199 596
137 728
471 772
459 101
372 697
657 643
292 1000
975 758
426 295
777 989
346 740
843 141
931 811
10 969
671 877
823 708
245 205
720 347
689 940
551 803
154 120
970 632
942 724
895 675
995 498
37 984
844 414
405 49
258 119
861 964
134 65
808 903
417 728
411 649
465 399
378 676
660 340
126 702
97 330
479 515
603 701
980 258
972 982
673 821
269 537
461 949
322 309
783 959
982 379
833 994
632 450
709 195
529 474
194 220
766 731
334 468
286 886
747 160
308 965
78 331
257 929
532 277
632 505
979 934
302 575
349 842
130 156
294 487
284 503
18 200
84 375
969 312
618 443
343 139
532 503
993 582
126 593
982 218
401 392
829 5
193 420
504 535
7 359
776 834
522 42
129 738
673 970
990 951
102 986
473 16
776 770
899 105
326 411
341 552
50 88
443 281
336 981
430 755
172 380
637 265
697 335
167 173
567 97
39 239
29 592
610 981
457 355
579 687
234 397
138 525
407 334
11 455
358 245
786 308
589 267
850 837
605 664
767 701
426 910
882 414
132 433
950 977
67 707
993 730
680 65
641 930
298 409
361 920
699 793
272 286
402 566
816 484
967 970
924 621
582 564
5 944
931 726
842 793
291 882
255 254
25 874
164 332
148 329
87 546
704 354
335 38
375 158
325 203
340 445
316 610
147 967
901 668
493 692
34 519
791 284
932 162
67 24
496 371
545 520
162 183
624 375
685 442
582 177
384 664
820 532
721 572
843 371
70 350
364 139
260 281
98 811
155 933
316 35
277 499
668 759
439 193
982 26
899 494
895 217
665 588
490 670
528 811
60 643
730 36
69 883
658 636
519 767
552 953
695 738
584 961
952 993
52 615
219 127
197 211
785 885
397 111
140 646
250 68
410 311
856 402
252 452
549 607
789 479
697 578
406 175
393 942
520 883
985 63
70 431
617 23
733 733
9 726
452 705
740 69
920 265
765 639
922 100
856 834
62 589
384 843
58 745
914 715
754 615
354 61
497 681
847 210
647 536
588 843
578 111
595 749
760 502
754 846
166 635
140 578
257 723
765 613
676 428
190 547
347 143
407 848
94 552
270 907
307 447
536 644
167 465
203 563
206 321
384 48
92 60
469 867
916 810
468 230
805 905
394 983
517 531
63 651
728 798
668 24
793 52
656 737
82 16
593 302
194 202
644 198
975 114
131 544
668 623
287 38
747 318
801 827
562 874
386 586
901 400
246 582
918 802
574 977
661 798
559 39
847 788
495 155
364 89
512 793
419 230
742 798
676 990
790 356
534 831
959 876
898 576
151 731
448 282
547 85
382 253
115 688
962 543
90 113
445 33
289 193
979 415
536 361
953 540
146 438
404 339
748 20
16 302
783 851
848 798
674 221
494 41
784 361
193 119
971 283
286 557
994 808
853 283
493 458
185 564
147 492
994 482
621 267
587 99
315 785
966 589
463 625
37 324
780 943
400 42
373 582
965 180
451 586
335 891
406 714
321 586
559 194
103 500
626 472
118 379
713 952
581 675
733 865
22 164
999 598
272 67
292 319
46 118
529 394
307 126
712 913
176 521
995 161
534 87
894 452
392 672
449 845
864 597
493 448
303 835
643 282
757 699
543 865
568 652
700 554
722 546
387 393
246 907
278 19
714 113
789 330
374 400
23 772
954 391
60 317
414 516
966 547
847 27
834 268
998 558
65 944
455 326
187 160
726 797
853 830
285 438
397 456
238 813
267 768
162 283
224 600
995 935
834 564
510 143
68 59
997 955
162 40
23 265
182 561
70 221
363 993
113 276
820 299
702 217
112 848
84 817
492 861
197 684
912 228
221 842
331 940
262 346
586 219
105 928
978 738
490 709
963 58
862 828
793 973
631 110
941 220
236 145
659 235
638 216
457 731
430 436
41 452
505 506
833 496
215 141
135 45
268 441
209 342
489 430
836 486
356 740
733 477
117 146
135 113
569 202
126 437
350 220
714 15
397 481
158 830
873 608
248 850
182 934
345 108
215 577
262 121
989 930
654 429
603 401
77 133
874 761
165 164
920 383
391 573
305 241
79 547
749 572
99 217
218 916
66 346
193 388
969 580
966 684
321 925
314 197
756 425
53 97
379 416
374 358
664 499
862 36
44 231
553 668
602 589
615 11
768 142
42 414
5 202
371 812
911 859
459 827
829 17
538 788
920 990
532 823
977 444
983 543
447 61
722 823
871 190
532 968
112 824
777 886
810 337
128 338
366 203
518 775
68 432
629 544
417 935
79 990
827 399
401 249
308 162
315 324
665 786
66 133
114 938
6 960
10 596
535 850
285 453
911 514
835 690
478 502
105 382
191 74
151 684
562 457
429 466
243 715
831 997
49 321
553 806
10 633
423 295
368 147
460 998
514 271
494 900
110 982
690 106
156 142
160 109
93 741
880 575
622 955
529 239
596 406
412 910
198 262
27 88
200 672
259 789
817 169
841 442
547 7
903 902
921 15
787 325
245 118
411 29
229 437
847 636
394 81
705 392
297 746
607 6
506 16
513 265
794 793
196 555
671 46
364 36
127 451
708 113
786 935
261 312
431 13
973 191
718 811
62 622
277 210
898 70
248 30
955 599
514 192
510 287
639 310
504 178
509 245
491 913
571 57
757 610
533 374
895 170
707 69
106 224
534 864
679 108
380 200
78 524
144 592
466 409
590 81
675 114
183 805
686 757
403 919
704 993
499 606
278 208
367 238
348 982
300 938
510 535
906 350
154 809
882 901
737 645
389 135
498 640
92 131
699 658
3 23
760 889
287 604
287 36
441 106
441 174
950 123
310 620
299 550
952 249
514 493
26 210
307 102
687 681
338 247
145 66
61 100
571 158
658 542
445 940
142 532
956 123
105 450
920 914
739 132
140 204
464 46
126 928
286 595
863 588
420 784
117 552
904 576
992 320
700 654
300 883
839 662
686 818
807 363
999 330
588 743
988 29
492 106
212 956
792 789
520 833
389 868
493 464
746 700
737 454
950 180
924 442
547 794
912 729
831 42
396 879
660 8
295 247
411 352
887 633
646 129
611 632
977 294
569 927
606 811
926 6
393 929
140 385
331 105
796 178
389 701
40 424
419 400
830 298
334 373
267 57
990 729
835 720
224 512
501 753
138 998
964 683
681 656
711 551
870 519
802 601
839 478
326 944
557 624
328 809
614 84
15 764
242 624
709 449
219 134
370 459
584 851
20 483
277 519
306 581
620 532
757 641
765 18
173 282
819 414
626 545
208 74
638 697
355 336
940 213
979 800
222 451
558 562
254 478
254 359
207 572
837 589
215 43
414 126
703 175
712 599
294 862
976 352
103 196
451 39
496 739
441 248
710 884
909 706
717 154
33 494
156 563
434 931
278 139
338 850
715 5
969 675
170 716
244 34
966 301
604 79
726 249
848 560
425 237
725 592
213 787
582 573
208 319
402 894
438 200
212 378
786 990
83 545
346 358
32 415
593 111
21 860
95 311
750 119
322 857
250 106
547 398
875 625
279 255
610 169
735 604
384 155
162 318
339 821
988 596
727 21
224 233
366 699
150 218
114 949
470 2
586 546
95 788
327 730
183 523
397 212
991 783
883 295
81 777
552 366
110 941
102 968
9 759
769 299
457 514
960 410
454 574
55 108
573 228
166 829
669 934
345 614
92 900
965 793
84 997
695 275
131 316
212 220
795 903
852 110
784 59
293 845
625 179
699 809
921 747
555 227
120 889
795 347
805 466
561 579
231 798
73 863
76 673
654 568
176 502
156 967
377 331
183 548
337 488
692 719
3 40
244 630
222 326
566 845
591 542
605 997
143 700
255 319
713 137
424 604
416 537
565 28
474 480
875 98
774 737
122 672
413 7
922 353
920 246
446 710
287 129
50 651
863 236
868 211
35 974
682 322
229 835
163 380
946 12
312 502
608 721
334 175
38 122
790 560
990 38
177 417
943 673
137 17
826 555
464 849
555 208
996 62
723 360
447 636
426 222
724 469
775 181
984 183
324 601
687 553
927 136
585 189
42 562
214 980
24 162
890 548
811 297
743 595
661 542
639 869
53 298
163 636
158 88
346 774
974 312
609 901
393 265
866 538
238 361
17 845
28 62
397 354
740 238
62 98
827 80
640 530
80 685
5 145
671 292
130 252
365 443
251 789
55 46
228 192
970 833
832 498
420 259
857 499
358 262
879 939
760 712
762 543
866 116
608 925
721 213
846 564
247 651
696 248
37 303
66 455
99 179
579 90
766 147
450 141
957 851
115 363
680 215
28 475
835 324
597 429
177 915
749 19
701 572
932 950
747 954
881 365
950 506
286 998
85 828
69 633
669 675
191 608
937 488
161 797
410 89
545 63
538 609
228 608
867 492
209 104
77 343
587 250
133 167
631 388
930 743
458 783
843 795
171 878
137 798
72 316
539 375
718 498
236 76
888 178
284 128
736 831
475 854
944 110
14 992
337 567
988 306
106 168
999 872
997 556
751 74
807 349
528 473
849 703
548 665
821 166
36 57
696 42
737 657
831 245
721 91
571 723
369 485
487 636
690 223
873 42
72 835
274 957
386 758
381 20
534 458
414 71
105 649
580 215
545 379
189 19
203 863
233 432
816 540
668 136
752 630
433 290
774 982
381 529
823 374
835 312
390 820
833 149
945 271
316 382
395 447
590 812
722 984
634 296
535 908
648 408
288 957
581 64
760 523
265 261
175 946
733 422
681 579
298 154
423 172
932 315
962 523
806 749
2 137
972 11
3 183
377 764
166 467
741 534
335 20
526 158
118 781
186 266
407 790
594 679
691 663
625 922
128 400
550 491
164 297
652 628
684 741
888 245
851 918
185 369
717 658
168 417
497 897
502 645
281 126
112 987
808 324
28 97
762 597
597 782
192 429
410 775
148 983
271 177
552 878
420 35
537 707
343 599
885 213
120 109
82 969
753 28
441 621
788 519
82 639
603 569
598 176
204 232
505 972
551 376
957 15
444 680
446 440
461 166
768 681
742 423
838 784
572 910
571 440
81 329
491 818
173 884
60 980
391 902
864 240
758 3
307 638
958 664
515 259
604 482
716 491
14 303
660 418
810 412
208 635
72 276
1000 655
16 295
227 189
600 59
554 238
146 358
664 475
713 757
421 706
875 645
911 731
864 477
69 771
603 468
942 372
854 766
772 830
839 239
835 691
623 848
416 586
232 815
968 215
697 190
599 39
51 795
46 512
720 291
35 30
41 436
309 201
723 298
45 166
85 975
651 594
407 606
294 523
868 822
273 31
419 299
276 314
801 362
837 925
532 189
819 61
334 380
814 329
830 477
970 346
488 785
575 453
166 585
357 338
247 855
118 99
120 310
21 748
162 660
65 604
454 300
910 493
544 122
806 341
233 406
453 551
404 545
293 930
336 568
444 121
551 568
793 735
533 76
356 970
578 509
409 658
498 643
764 972
503 760
54 513
871 359
403 661
417 708
168 457
225 733
136 171
640 165
804 931
886 470
492 262
842 62
591 123
823 153
90 473
419 323
520 382
784 908
353 867
697 20
282 144
993 826
432 625
965 817
253 873
410 944
10 813
740 122
952 6
674 432
419 591
419 583
477 934
419 317
575 463
281 73
52 175
46 793
471 737
51 9
394 715
10 988
479 610
37 347
559 596
766 984
14 815
323 924
396 312
432 139
557 175
522 921
818 646
694 26
196 440
161 753
248 452
584 903
813 370
922 430
317 90
539 305
470 923
116 604
42 190
808 280
754 671
783 926
237 813
22 429
317 550
265 389
810 545
365 261
110 37
35 552
244 57
927 110
947 415
55 502
514 906
793 853
744 728
969 532
221 363
337 819
167 315
785 219
486 157
510 792
877 267
914 998
825 146
644 352
568 73
665 577
487 848
576 967
455 206
431 622
930 903
230 669
333 245
144 838
758 54
230 147
264 999
839 20
115 15
938 916
87 417
172 783
176 863
156 379
364 730
986 830
354 461
702 246
202 738
143 367
424 35
129 21
964 950
679 669
696 291
911 827
222 32
989 91
399 838
784 959
327 984
448 791
519 141
106 728
293 519
851 618
379 401
221 405
58 709
631 141
694 589
843 186
615 515
971 923
238 196
14 882
654 806
628 465
833 15
681 91
971 81
438 812
257 750
364 55
327 516
495 753
642 746
370 975
533 259
300 124
874 979
998 707
863 12
701 6
432 664
543 787
79 926
984 609
191 893
96 732
794 869
131 832
248 975
229 518
881 165
704 648
375 108
850 924
935 500
166 753
701 480
463 801
328 921
798 711
447 109
625 879
792 771
563 83
340 409
305 772
20 399
958 177
334 847
636 725
780 872
11 859
799 147
49 114
979 949
598 123
441 367
939 663
737 794
796 422
713 741
846 840
507 726
387 352
501 384
162 428
444 429
891 917
124 204
665 140
702 911
883 242
116 247
548 311
932 946
936 656
892 901
696 803
605 962
612 512
265 715
942 411
801 755
651 160
406 530
325 711
708 331
856 455
21 395
660 733
875 7
377 292
837 746
915 555
824 308
457 536
725 908
566 639
850 386
552 510
335 490
624 677
731 235
872 717
284 869
467 142
180 170
747 911
517 593
165 752
201 4
461 918
137 466
28 677
71 198
611 494
648 423
64 553
421 930
471 876
826 748
433 764
683 722
75 947
33 676
380 268
490 919
908 192
373 825
622 756
192 658
976 850
416 330
317 969
674 928
430 585
153 571
974 749
253 569
224 147
503 416
778 479
990 662
536 680
68 508
369 700
538 860
795 852
78 211
795 846
892 991
917 486
80 399
474 913
761 949
217 821
587 355
840 68
993 67
538 473
948 130
498 726
713 985
412 137
531 360
516 193
154 638
255 890
786 444
227 453
723 410
647 111
369 81
63 165
559 678
932 815
469 179
35 937
375 710
416 500
51 264
730 270
656 541
525 73
235 560
314 618
806 513
141 958
144 631
219 530
309 72
898 958
411 338
17 12
399 901
771 57
79 805
817 899
587 469
431 562
173 147
91 964
793 962
271 788
220 485
870 244
200 944
423 741
582 485
367 749
370 478
388 283
640 921
364 360
716 225
657 106
324 437
928 761
828 961
475 337
26 573
773 207
260 349
656 143
631 722
43 372
325 853
810 780
723 480
459 187
823 679
852 668
690 594
66 629
70 227
482 781
384 409
209 93
722 348
344 754
555 506
701 78
977 93
956 28
343 102
108 387
76 50
620 762
254 268
485 592
418 285
602 369
1 193
693 591
985 815
494 762
390 103
89 595
198 790
88 832
36 333
882 751
333 439
192 973
590 532
541 658
350 254
11 41
12 802
411 859
796 636
427 602
94 597
352 855
270 971
839 73
350 682
665 433
85 913
715 493
590 678
645 818
234 211
708 723
279 260
415 96
215 996
913 29
409 987
889 427
583 880
63 543
763 372
234 868
335 62
979 974
372 465
183 761
407 947
420 119
515 759
978 886
158 305
677 3
394 324
71 305
903 174
928 775
821 847
394 191
856 161
484 1
551 402
570 340
282 231
3 191
103 668
400 369
899 642
278 589
792 27
42 471
43 352
824 461
409 634
938 568
666 243
415 331
758 319
276 983
666 876
417 912
147 800
265 46
603 641
492 896
605 45
430 234
819 526
344 418
405 994
698 524
859 907
541 875
655 462
245 939
389 580
386 732
725 346
295 689
694 471
268 754
419 298
818 987
117 708
408 904
187 571
825 596
465 548
874 596
835 328
33 328
795 931
732 416
962 992
149 116
471 776
111 671
25 556
45 245
555 2
601 987
739 220
536 768
789 364
945 57
528 66
400 851
315 34
442 946
165 202
470 421
790 358
399 677
505 352
992 268
278 880
599 268
425 476
527 735
281 522
790 523
512 149
931 558
802 779
886 73
537 900
409 603
914 542
867 726
510 461
416 774
142 761
903 244
571 949
953 344
163 967
574 877
724 891
57 170
930 830
564 324
555 108
412 855
217 824
641 124
267 154
567 526
350 871
140 217
285 226
338 469
614 728
539 209
918 593
467 170
496 348
829 10
571 732
881 848
357 217
993 939
78 330
731 404
855 28
871 347
85 77
803 428
240 235
833 141
820 734
8 554
627 846
728 482
959 44
693 579
990 96
907 535
530 337
93 616
753 803
426 93
243 341
926 863
310 95
81 777
289 70
243 968
619 707
756 39
773 510
375 98
692 962
791 89
423 663
364 796
360 406
576 633
617 191
723 381
516 595
720 829
857 374
267 19
826 21
281 96
593 163
944 900
96 534
600 312
394 811
128 236
11 844
249 926
126 230
220 508
543 218
685 44
857 819
848 466
466 183
353 297
335 579
201 77
33 350
442 15
414 503
472 642
938 933
91 102
328 981
17 996
479 793
43 851
604 598
360 645
260 40
306 115
302 53
700 424
833 560
428 719
400 953
592 755
364 277
47 868
973 935
918 56
429 246
677 118
20 310
916 231
29 624
421 478
140 850
904 16
190 91
482 681
902 884
612 968
909 401
71 190
593 582
661 843
366 853
13 721
342 125
263 554
125 524
355 406
93 626
401 134
7 113
87 531
732 627
709 330
585 726
971 148
929 678
671 309
501 381
871 913
246 665
465 605
842 577
194 156
514 621
305 528
203 783
512 305
58 20
162 321
867 455
672 880
667 832
141 532
995 606
532 960
364 333
730 307
431 57
638 183
192 861
129 831
878 954
