p td 150 1500 
25 28
121 33
112 44
35 148
9 6
38 144
126 29
107 64
6 112
147 132
39 14
131 79
63 94
122 114
91 93
22 71
112 36
106 92
16 5
73 52
131 70
27 18
114 29
79 60
104 142
39 97
12 36
111 69
113 125
120 7
40 99
83 86
73 21
101 136
36 149
128 40
31 145
21 56
50 61
121 86
130 76
144 37
10 33
10 18
105 131
128 98
99 148
7 96
115 107
140 45
142 17
30 70
32 9
45 115
82 57
101 146
89 79
15 58
142 65
29 132
91 26
29 93
58 98
38 88
80 14
79 143
144 150
95 49
105 6
102 125
55 43
37 149
57 118
11 19
91 148
71 32
90 38
139 115
79 73
134 93
53 134
5 79
141 128
78 65
61 104
42 77
134 40
20 119
4 128
88 52
6 4
41 136
74 13
142 9
5 127
61 74
109 17
80 60
130 102
118 102
87 77
33 14
119 39
42 133
74 118
42 40
101 9
106 24
14 138
31 98
136 19
79 39
37 129
110 123
103 7
112 33
24 81
17 137
29 150
70 85
54 109
80 114
1 116
144 115
93 113
116 1
109 37
60 46
106 58
39 38
45 97
15 47
109 126
129 15
117 67
99 108
117 9
21 90
38 44
116 116
9 129
150 131
49 45
142 137
150 103
40 45
65 80
62 111
38 12
133 93
53 54
48 105
92 122
10 136
116 97
91 1
19 63
130 132
102 15
47 90
13 37
34 72
86 92
32 50
80 138
89 34
116 134
30 53
138 8
75 104
30 76
137 53
146 109
68 91
62 4
21 107
103 112
134 93
85 63
86 142
92 89
128 5
6 77
133 150
59 83
50 50
129 146
146 58
25 64
108 95
17 109
146 147
72 100
27 149
46 27
6 129
142 73
3 2
144 116
59 36
25 41
138 97
104 62
29 60
86 25
133 11
140 55
25 144
35 122
5 78
77 150
81 9
115 76
108 19
97 48
13 19
16 113
114 146
61 76
83 149
103 23
17 128
54 12
73 123
50 138
74 76
13 68
28 99
123 55
12 131
25 134
68 64
137 124
38 70
64 124
36 128
149 118
133 123
38 103
109 142
145 8
118 76
10 13
84 44
129 97
94 142
56 112
99 25
117 60
30 67
52 41
71 46
26 129
79 34
140 94
50 46
137 111
28 87
113 21
68 107
121 124
148 30
50 85
92 70
95 91
69 18
149 143
7 120
27 127
124 75
22 110
41 4
43 120
125 50
85 75
30 83
95 109
17 34
127 5
38 38
29 149
56 89
13 3
96 42
1 61
82 100
77 19
42 110
105 140
142 6
120 19
14 6
141 53
63 71
47 99
11 130
129 82
25 139
26 92
112 145
25 137
19 43
113 108
111 66
95 125
5 31
108 94
142 105
111 37
100 95
148 95
24 28
131 56
9 130
39 58
127 42
126 22
3 135
136 57
128 120
20 107
77 15
72 97
114 77
37 108
94 129
141 71
22 18
139 59
36 44
13 56
132 126
61 110
73 49
88 53
12 64
69 92
51 34
112 131
103 94
122 144
103 107
69 56
130 121
13 62
28 110
66 48
134 85
15 124
16 122
17 57
102 112
133 115
148 77
7 63
117 41
130 129
83 110
81 136
76 73
131 79
132 133
115 52
93 91
141 58
58 26
36 79
89 42
128 6
90 2
98 95
67 47
46 72
131 72
136 100
46 67
72 122
46 14
146 29
140 36
141 86
101 24
24 51
123 57
95 14
21 2
125 52
111 100
110 25
130 82
1 94
109 80
47 89
20 28
105 23
118 77
56 31
117 113
58 51
94 135
46 66
79 105
87 35
92 136
83 130
115 78
76 54
138 99
109 33
149 123
142 66
110 142
18 45
3 83
118 116
74 144
117 49
106 90
139 77
50 141
136 134
134 141
118 97
90 109
88 43
142 69
51 122
75 128
138 93
76 16
40 20
85 96
107 39
67 128
115 111
49 97
138 146
71 126
13 25
100 66
148 147
114 124
15 54
61 127
118 71
137 121
110 101
32 18
142 71
28 65
129 22
114 15
148 140
33 96
80 146
37 108
27 145
118 50
3 122
91 4
23 56
15 94
33 43
125 46
85 43
4 8
11 92
59 139
94 3
63 85
144 122
150 47
82 111
85 116
111 16
19 49
99 48
56 114
139 31
69 129
75 72
96 149
17 127
3 139
149 15
26 72
74 2
41 145
123 53
84 65
104 59
125 89
28 40
48 64
100 43
104 17
51 89
85 93
92 46
42 71
94 94
33 13
20 57
142 142
8 57
117 40
66 34
47 35
87 16
114 98
3 18
16 50
51 109
83 140
45 89
24 45
143 41
142 3
148 133
125 138
150 34
90 144
36 143
23 50
91 127
117 127
52 143
83 30
104 114
56 135
64 65
56 73
96 55
92 90
5 66
13 56
102 21
109 14
115 136
14 135
103 65
34 15
40 71
113 72
36 28
125 140
114 79
130 117
54 39
114 43
11 108
150 24
145 147
40 104
137 101
25 87
106 44
38 42
65 61
104 86
85 5
68 136
60 104
85 138
142 72
78 35
149 132
44 107
1 76
72 140
38 67
130 107
38 121
72 36
150 49
62 117
145 3
60 142
23 48
147 104
40 95
29 57
90 72
79 150
51 23
88 147
50 47
86 79
98 137
13 146
3 120
10 132
28 16
100 90
33 46
61 57
119 58
125 84
104 62
139 66
133 73
15 149
131 139
116 65
37 77
126 59
128 132
94 58
1 11
143 109
34 103
62 13
19 92
63 112
99 138
99 33
116 133
55 140
25 42
36 10
24 21
43 59
39 144
137 65
91 43
141 84
7 16
8 52
32 117
19 41
71 91
28 63
77 11
53 121
108 3
91 102
15 140
83 67
27 9
2 125
145 18
76 8
80 50
111 110
118 110
4 128
21 110
27 46
96 30
22 66
26 108
82 32
135 125
10 110
24 95
99 108
116 39
149 59
20 46
31 27
141 119
84 144
114 62
39 50
116 80
147 48
46 112
47 12
94 121
93 63
121 80
108 46
57 149
117 58
114 64
19 103
77 104
146 33
33 23
112 144
146 56
47 109
143 4
60 34
70 54
67 115
136 87
68 36
76 59
98 8
38 14
14 101
17 4
113 68
69 109
54 2
124 110
26 94
38 59
35 99
92 138
31 34
103 85
4 71
53 45
111 118
53 54
31 72
102 5
149 49
20 90
113 147
92 6
107 109
99 136
65 97
3 123
128 33
103 83
98 124
36 63
127 98
36 120
109 52
2 41
55 65
140 32
71 116
66 96
47 50
58 77
16 24
52 21
3 89
7 68
1 24
27 99
102 109
17 47
81 87
17 145
79 118
126 60
72 28
26 84
120 111
7 64
88 94
82 45
83 21
125 119
141 21
89 138
128 5
17 147
86 19
13 26
46 63
148 105
139 96
62 117
118 110
19 37
16 49
150 13
131 36
113 124
126 119
130 34
99 72
89 2
132 3
117 90
66 121
32 135
29 33
55 37
68 69
8 28
124 104
93 107
7 43
107 46
121 44
42 19
64 112
143 80
5 137
39 18
146 15
146 137
148 35
35 82
7 127
33 83
27 33
101 17
53 110
50 9
87 59
7 42
53 147
55 57
58 11
50 13
96 59
89 116
68 5
98 7
10 2
118 55
26 101
136 100
48 26
73 112
133 122
146 4
118 56
80 80
54 111
14 105
40 12
137 63
37 3
68 11
46 70
6 109
15 75
142 40
81 74
20 124
67 71
134 4
140 119
84 114
100 91
34 141
118 86
28 118
110 125
138 38
140 93
47 48
3 27
69 149
31 61
59 130
62 64
114 143
69 37
36 78
138 147
70 123
54 1
122 150
61 34
68 127
62 129
124 82
10 149
30 122
85 145
8 127
71 99
126 11
1 106
9 16
93 131
94 5
119 88
27 47
37 134
135 96
61 102
60 44
52 80
30 90
106 19
129 64
48 41
148 125
51 97
145 107
111 14
144 99
68 14
102 29
18 41
97 31
122 44
78 108
118 131
82 119
150 65
98 5
44 143
123 35
43 78
35 50
100 43
44 140
56 84
74 2
25 17
95 78
29 68
44 25
126 30
110 69
27 60
63 94
25 93
32 74
68 84
8 46
58 69
143 145
97 18
132 143
19 45
26 6
137 107
138 26
14 84
116 77
136 37
53 54
6 68
31 34
121 143
75 66
93 102
1 8
9 64
72 77
82 72
50 28
24 30
22 120
136 70
131 18
62 68
124 20
87 74
138 82
98 124
28 91
25 34
32 74
62 49
69 105
141 21
58 9
12 128
33 80
83 3
11 41
53 90
118 102
3 142
131 120
110 27
100 74
2 13
49 148
125 133
112 74
124 114
148 121
30 57
133 134
130 93
104 60
6 29
45 97
16 19
95 34
16 82
76 11
142 49
149 61
12 4
19 62
89 102
148 115
106 94
124 112
37 139
73 103
139 92
68 68
106 120
70 27
46 48
100 10
89 24
127 59
94 89
17 104
76 100
150 75
4 54
150 54
101 32
147 21
89 134
28 63
38 59
2 93
128 15
145 35
70 69
148 35
56 99
95 122
116 12
2 100
129 148
73 54
117 88
17 118
144 10
11 55
141 109
108 67
99 57
97 21
53 23
150 100
74 59
109 64
111 104
38 24
8 68
95 132
32 111
78 7
89 94
142 135
147 5
64 139
52 36
73 4
56 75
18 90
77 33
104 121
47 14
115 122
18 115
54 27
138 18
14 108
40 71
8 143
5 100
65 57
95 65
104 15
126 77
85 11
114 128
85 113
100 121
28 10
62 95
47 94
23 75
57 19
41 4
85 55
39 125
56 80
109 54
97 24
7 58
50 148
21 129
79 46
138 18
35 17
99 31
52 6
56 44
17 21
9 93
117 109
148 95
141 92
4 83
137 80
2 143
16 67
78 99
95 85
24 86
100 107
8 23
50 16
41 150
6 54
11 150
49 75
24 149
81 129
23 86
74 79
46 49
88 116
30 30
82 74
121 82
140 62
52 133
29 125
112 24
43 11
138 56
117 94
102 125
61 13
83 6
53 98
19 133
91 87
113 39
82 34
118 64
69 51
106 48
21 29
62 74
48 41
136 51
21 9
105 98
35 100
48 78
14 55
41 97
136 127
31 39
109 96
110 119
96 111
27 33
86 17
50 85
46 88
34 63
124 50
108 31
34 68
121 88
34 89
14 80
149 100
58 128
77 150
110 124
32 2
47 54
132 33
108 13
64 109
81 93
131 43
25 7
111 68
51 128
11 78
81 69
54 115
149 5
139 145
80 47
128 56
73 124
113 17
136 92
20 23
114 113
3 47
67 49
54 27
119 115
86 106
35 41
4 85
32 55
121 32
115 145
99 4
82 25
2 15
116 47
57 85
9 44
128 136
57 41
138 94
73 61
75 121
120 57
102 140
87 101
135 31
144 61
96 127
12 135
119 86
44 95
140 37
131 140
79 105
119 124
11 150
28 149
123 128
84 17
13 143
74 80
55 117
26 43
14 76
26 76
1 117
48 22
124 86
76 126
63 140
120 90
63 146
114 54
57 86
33 139
67 51
108 3
4 66
39 99
90 53
52 77
67 138
26 67
131 22
67 40
14 81
76 143
63 22
4 56
79 70
148 38
10 127
121 105
117 149
128 109
77 107
38 105
14 108
123 73
132 46
91 101
78 43
131 84
30 50
51 108
36 27
18 11
65 28
112 77
42 54
66 78
90 49
144 11
6 32
77 29
127 88
136 82
67 5
50 139
148 15
49 137
139 70
62 12
18 6
75 93
130 5
9 65
61 109
56 93
97 31
64 41
136 147
47 3
45 56
110 82
9 82
84 51
142 112
33 141
73 56
70 106
46 60
83 8
71 32
139 11
145 105
40 103
79 20
38 10
81 9
145 101
23 144
116 72
132 118
131 96
117 92
48 59
65 5
91 124
46 73
97 142
102 106
104 101
37 87
53 24
89 88
44 132
114 117
4 128
56 64
82 148
80 130
48 121
90 56
14 37
90 101
144 91
95 41
25 121
11 1
17 76
52 16
20 22
149 142
107 115
40 91
82 99
134 16
21 12
84 95
20 1
148 38
59 27
4 148
123 24
119 61
149 129
128 61
76 85
52 88
147 14
96 27
78 12
19 12
140 115
56 62
148 113
74 146
19 146
20 69
92 33
149 31
48 54
135 73
107 143
70 108
24 40
47 144
26 46
93 46
121 98
48 90
147 34
12 94
110 92
100 71
25 67
97 52
108 99
98 19
91 49
5 72
8 44
110 118
97 75
92 79
7 49
79 120
94 109
32 87
53 87
10 74
76 115
35 89
148 124
29 110
56 11
67 145
14 98
82 108
16 63
132 140
97 64
69 126
92 43
118 148
148 20
31 65
39 61
85 8
25 35
98 6
70 1
90 111
125 19
72 141
72 103
68 66
144 53
140 18
35 147
143 39
2 35
65 6
147 116
57 140
56 40
19 11
85 123
90 34
24 21
107 90
107 51
111 104
73 64
110 60
33 93
115 62
99 117
144 57
74 140
37 90
65 143
84 72
45 77
89 35
103 47
25 54
99 86
68 60
81 43
14 5
133 82
15 43
104 129
125 70
121 138
118 48
135 92
135 126
50 107
96 108
55 121
72 52
68 4
15 116
135 96
136 70
116 105
21 5
49 3
77 97
84 113
125 35
4 100
21 31
8 121
146 30
64 139
128 86
36 125
134 22
86 129
51 98
5 8
64 67
79 97
103 64
106 141
