p td 500 2000 
276 171
235 62
222 48
277 411
191 355
479 87
32 487
390 280
389 229
247 160
183 214
334 277
101 161
85 242
209 380
408 400
62 61
88 91
76 362
52 382
178 249
210 45
498 256
26 114
212 115
99 131
140 55
350 260
157 450
404 239
238 315
4 191
340 377
343 27
329 425
362 84
353 275
197 342
372 408
161 286
30 4
182 459
284 498
92 91
309 39
272 278
331 115
184 496
491 212
471 299
195 400
133 79
293 390
225 333
465 398
195 152
440 290
233 189
260 430
309 113
362 96
300 42
98 171
196 75
43 409
239 127
125 28
494 268
211 345
72 313
491 459
441 176
70 49
121 45
159 294
338 193
148 375
219 45
343 35
103 178
248 497
106 434
55 43
235 363
164 141
196 470
90 263
336 248
366 240
86 60
191 36
305 74
172 399
197 458
321 29
434 357
279 220
297 317
422 184
317 262
213 478
161 66
358 11
219 498
52 111
26 397
295 446
423 117
332 412
169 402
146 418
13 386
411 133
187 257
227 366
486 435
367 421
45 433
461 202
109 169
89 320
105 231
404 139
451 382
169 24
148 232
219 215
234 111
196 87
190 313
61 475
380 102
102 37
186 272
76 464
492 79
95 46
243 382
84 13
429 255
428 242
335 68
154 369
53 348
238 459
188 266
270 65
202 79
146 48
332 52
197 307
249 299
309 422
403 210
338 300
255 306
467 12
289 270
418 392
173 179
395 285
284 384
470 484
437 198
56 205
473 116
61 391
220 158
46 467
166 5
156 367
423 448
447 196
345 450
248 374
319 365
248 259
68 17
494 332
113 490
277 184
92 357
11 190
316 358
319 290
305 126
359 423
137 20
336 196
363 134
245 374
42 472
19 367
491 195
266 163
38 366
253 128
375 482
111 128
276 414
446 466
182 145
265 41
486 116
407 416
45 224
405 73
437 118
461 482
448 65
173 137
51 365
180 464
195 155
352 244
415 69
475 217
307 325
12 319
33 348
403 282
286 50
126 278
28 472
161 131
437 321
442 65
424 13
90 358
217 463
69 225
454 263
432 254
187 460
378 229
133 69
128 25
256 173
162 500
159 421
80 98
177 450
15 231
423 295
349 121
373 284
30 419
375 119
300 347
499 102
98 483
296 222
367 86
480 310
305 79
445 330
68 192
169 25
377 17
393 312
290 416
368 275
199 263
230 44
328 92
461 276
367 9
205 4
110 29
498 414
358 78
438 138
94 149
74 65
65 62
450 444
437 487
434 329
2 132
156 33
318 487
354 77
41 159
436 75
151 377
327 25
152 436
133 284
353 203
4 214
42 388
177 160
223 249
290 172
375 248
90 471
59 461
143 271
325 166
13 175
319 374
399 227
367 481
265 274
404 38
451 409
221 301
141 355
340 62
330 7
11 2
106 304
483 415
372 38
178 118
144 448
358 455
279 255
492 472
454 251
45 477
268 472
90 396
352 200
339 450
62 421
147 443
326 107
362 266
354 96
5 28
279 457
41 117
176 211
229 156
283 109
392 268
132 32
409 369
351 228
83 235
452 31
9 352
115 4
393 453
5 494
322 113
186 98
257 203
406 320
388 430
287 481
343 189
106 267
193 236
497 138
93 425
152 418
500 182
279 272
3 66
416 180
413 330
437 204
263 446
35 467
150 443
209 459
262 336
358 447
13 117
422 402
337 389
101 373
273 195
103 144
298 273
148 157
321 16
430 13
447 265
73 249
239 154
372 385
461 300
178 484
461 25
441 84
19 156
237 271
238 215
334 419
234 22
387 8
254 173
221 439
267 367
238 336
270 147
469 48
80 399
311 144
371 6
319 440
323 220
95 485
177 156
375 392
24 446
458 176
495 256
27 347
369 93
362 488
500 323
275 39
130 443
103 191
197 483
419 111
248 338
195 328
236 333
487 469
365 176
59 55
93 174
214 360
287 124
485 12
21 30
342 256
480 265
334 411
368 491
195 68
306 418
59 350
381 59
398 261
290 175
46 462
368 394
62 144
262 3
276 48
19 485
245 264
276 467
264 97
94 376
165 304
476 338
476 346
21 493
79 477
425 270
79 259
378 59
321 189
293 32
99 219
228 490
351 425
154 49
246 74
205 7
78 241
433 135
347 262
316 145
20 43
111 348
312 426
317 308
316 335
274 291
495 162
328 92
241 134
384 431
199 146
123 234
394 198
117 103
434 166
60 285
181 389
234 164
122 497
432 362
230 331
378 343
191 432
339 215
29 458
45 410
4 153
88 189
465 35
352 500
267 453
159 353
468 382
343 356
42 325
165 16
451 205
436 361
140 461
287 369
294 143
467 154
13 302
328 479
101 425
462 12
220 51
369 43
296 132
330 142
68 429
323 273
9 285
292 489
274 373
182 176
460 63
242 43
127 253
5 49
129 265
213 261
351 62
485 94
357 194
309 128
252 357
26 377
18 33
450 483
253 142
498 493
334 340
302 40
240 409
77 62
489 113
166 371
68 418
115 161
294 346
15 344
118 47
16 435
34 139
190 448
44 252
472 71
9 437
339 335
424 385
202 457
65 38
104 274
149 137
250 465
310 318
84 176
15 447
285 77
94 252
21 438
8 91
238 475
10 23
345 158
499 477
147 379
45 225
212 237
469 74
417 314
269 457
463 442
326 218
125 197
285 114
338 496
271 144
14 274
241 155
70 412
438 12
432 291
432 38
412 87
49 498
292 428
286 462
130 140
498 419
44 351
109 415
157 157
469 362
19 95
93 20
138 411
474 424
155 268
290 328
41 471
373 94
463 139
50 449
74 361
485 470
402 262
378 158
342 82
182 63
60 476
273 264
263 494
322 246
468 191
149 108
183 439
150 212
7 170
276 121
171 252
496 487
394 382
327 431
431 169
476 495
234 51
291 36
352 283
487 295
278 204
466 219
159 278
455 457
266 47
40 208
166 124
106 207
248 159
261 320
80 324
448 371
32 434
333 381
220 402
188 291
217 113
143 432
171 289
219 465
316 340
280 323
350 350
337 135
335 418
442 103
190 300
14 231
489 17
372 273
2 383
42 138
167 87
402 332
177 173
287 142
371 210
313 283
110 55
338 266
205 281
212 242
340 34
388 239
490 58
258 282
261 198
431 94
214 384
372 406
387 157
205 440
246 118
35 87
450 69
142 345
176 91
244 29
122 30
162 128
159 325
110 422
189 486
78 192
462 20
26 458
13 128
199 416
106 273
414 234
217 20
389 298
382 451
23 341
62 233
310 477
107 286
170 171
173 131
251 94
206 469
279 207
325 89
442 480
43 264
12 474
368 371
448 387
429 345
121 232
487 225
457 484
97 323
404 149
489 306
17 207
434 297
325 225
122 151
367 396
339 64
109 433
274 270
294 323
103 93
252 14
27 482
179 217
325 137
87 99
204 164
468 417
383 470
429 228
114 75
64 203
219 340
38 91
298 187
341 461
494 485
104 67
452 80
72 54
291 86
187 387
173 332
162 484
388 73
460 23
202 49
416 376
353 178
288 99
193 337
169 473
273 234
153 9
295 119
420 74
451 261
352 101
466 258
434 233
320 346
469 437
424 129
470 379
25 421
160 124
447 410
335 141
169 257
281 307
129 194
287 468
42 300
398 301
327 90
114 328
77 92
385 158
271 248
77 443
40 88
477 323
78 253
360 454
440 86
18 30
437 47
29 386
231 414
96 268
9 197
207 217
103 196
87 175
276 480
309 45
360 370
263 272
7 435
112 408
495 140
48 134
347 442
495 488
316 141
134 225
5 355
471 252
329 2
46 409
230 196
256 1
255 124
313 284
494 373
234 435
470 337
138 161
16 417
4 377
498 2
104 149
322 91
375 33
449 73
352 18
257 422
229 243
360 282
432 442
311 23
484 440
464 241
446 344
47 440
410 178
428 88
53 282
103 384
350 227
293 443
106 8
189 32
206 231
246 14
431 276
369 24
295 19
341 62
296 361
347 287
494 471
41 21
238 143
211 22
452 204
469 480
334 268
271 207
192 204
279 303
481 2
13 224
455 54
28 455
237 307
359 135
313 140
88 485
326 121
31 241
470 187
319 484
304 467
1 1
28 86
315 492
270 318
404 378
367 133
261 151
328 377
140 228
293 184
227 345
43 278
166 487
374 241
213 24
16 168
461 499
27 271
341 171
14 123
62 385
260 464
448 180
423 469
244 156
227 341
479 428
186 320
173 299
13 477
164 448
227 471
20 496
66 103
386 192
194 38
87 123
331 84
22 263
11 245
94 197
285 95
268 55
477 251
298 336
95 31
383 433
67 417
37 399
483 436
498 466
407 174
496 445
184 174
166 201
371 186
303 327
184 226
135 12
162 464
178 476
110 21
123 453
22 399
41 3
172 493
26 182
15 430
31 49
246 471
36 452
166 452
400 147
275 317
108 494
240 441
25 199
67 449
421 420
52 489
256 498
167 307
76 36
449 302
370 128
270 93
366 180
250 267
384 229
89 441
225 44
329 186
371 23
52 419
194 206
160 24
174 12
40 456
125 405
309 39
128 92
271 264
15 107
55 436
353 50
49 34
137 218
284 364
430 184
48 239
54 110
442 315
228 116
473 27
456 82
110 309
6 401
348 187
148 35
173 85
349 426
378 174
440 78
372 11
268 67
180 3
33 444
324 367
37 125
485 77
298 246
301 389
284 500
498 59
43 230
283 453
368 384
360 345
52 281
304 178
474 478
222 454
442 445
190 283
310 108
441 154
177 72
316 42
323 50
255 298
80 199
354 276
224 182
116 347
270 253
6 71
291 325
89 440
371 151
275 32
24 326
90 34
403 287
411 133
111 358
446 473
66 54
348 388
14 15
22 28
456 463
211 236
104 57
18 144
397 246
210 389
486 306
309 418
114 439
165 315
268 305
436 290
83 66
255 206
74 452
439 459
357 247
118 11
30 6
426 92
70 221
407 232
338 188
379 99
23 117
383 395
439 318
22 478
243 424
451 225
184 361
219 320
48 305
287 170
445 259
137 365
324 73
156 155
494 436
332 247
134 412
110 47
134 202
294 438
260 481
222 136
182 47
345 149
125 458
442 188
361 353
318 186
8 212
164 308
117 169
58 10
77 54
343 155
102 464
371 370
498 83
310 177
241 472
277 319
430 141
228 394
415 483
288 327
356 449
123 145
198 292
352 445
468 415
19 486
70 257
347 407
179 254
365 141
99 201
50 131
275 63
351 372
142 264
111 251
147 483
208 216
429 131
157 463
128 430
311 431
203 448
237 114
236 368
201 335
151 135
184 412
379 111
18 286
346 303
440 83
491 146
321 103
170 271
425 67
185 236
211 154
219 69
7 1
316 7
41 154
270 175
41 420
43 480
15 242
361 82
278 479
264 491
165 231
477 245
47 3
99 229
407 252
229 473
344 318
370 162
244 295
46 323
463 281
286 67
15 391
24 159
146 170
243 487
133 91
130 357
466 267
297 66
304 447
73 199
46 164
124 261
200 497
240 28
57 76
364 347
390 354
416 308
345 17
481 446
441 359
350 164
390 75
392 377
110 486
448 7
357 296
90 228
46 58
309 76
347 469
93 37
426 366
226 260
152 333
134 112
56 485
51 339
429 359
402 5
232 388
416 297
73 266
167 159
425 104
478 55
40 113
240 66
63 470
19 325
263 193
357 193
324 358
286 264
113 377
408 198
130 266
144 334
373 137
232 210
301 172
156 305
204 35
284 419
419 358
182 462
166 39
294 141
195 59
455 381
252 483
436 256
489 305
78 189
435 74
318 416
429 443
178 17
307 489
330 131
382 56
396 457
243 300
441 229
393 289
294 51
183 46
328 483
237 196
489 376
3 350
482 218
444 45
469 177
59 275
109 40
443 89
146 252
428 297
338 126
272 201
139 384
139 109
279 265
392 142
291 296
248 211
15 333
467 447
212 275
368 396
407 434
263 155
160 452
311 110
36 5
67 11
345 258
296 283
21 345
311 387
3 383
447 387
76 187
230 182
16 211
394 385
82 425
425 19
478 493
349 51
82 274
212 204
248 169
275 243
360 2
55 112
165 482
349 5
234 223
39 311
71 447
153 134
256 139
114 330
12 403
353 11
208 105
24 383
463 399
183 47
157 55
285 458
150 399
306 117
127 492
76 478
72 483
272 143
263 95
62 196
17 440
243 272
245 347
179 79
313 1
349 182
260 416
154 319
72 447
187 315
167 120
344 36
211 343
478 21
256 34
321 228
178 79
152 26
384 474
305 497
250 470
312 221
137 149
277 414
403 223
99 280
243 152
7 37
198 187
189 39
476 3
363 313
451 13
14 425
490 265
455 116
306 251
111 486
273 459
433 433
9 276
52 326
305 164
273 82
331 406
339 474
157 217
210 75
479 34
435 110
436 241
171 448
410 395
143 280
217 95
481 258
79 224
142 107
283 21
205 218
305 82
214 481
343 50
438 34
310 464
274 496
326 17
316 260
27 48
100 72
137 125
495 27
217 383
232 474
405 209
15 290
95 122
140 55
332 55
101 39
347 140
343 278
304 88
388 411
85 31
318 221
18 251
317 200
397 188
429 38
244 405
443 46
185 410
81 405
42 131
97 21
281 472
52 1
376 229
329 24
498 406
205 430
130 30
434 72
408 315
25 415
326 298
44 133
361 185
38 318
76 111
207 384
80 289
154 361
77 12
204 183
266 425
467 196
287 241
385 205
194 384
364 355
230 443
40 164
481 291
61 30
418 425
285 152
170 198
450 480
177 38
331 58
345 230
201 70
331 367
126 88
424 332
296 104
285 94
413 252
271 344
21 346
334 226
258 55
146 236
23 274
440 38
416 195
414 215
498 421
191 324
326 97
8 399
227 97
4 220
24 317
411 41
147 63
22 93
64 296
366 26
419 338
334 239
83 261
175 146
367 114
373 105
72 348
281 334
285 342
18 179
58 484
273 375
17 463
148 433
157 174
212 427
184 51
140 493
475 154
308 80
272 402
176 187
459 46
473 379
417 378
213 240
116 230
54 238
442 257
115 71
211 416
251 264
57 280
410 470
387 360
451 26
304 126
77 403
85 413
94 205
168 207
88 191
128 190
495 150
377 150
344 398
464 89
458 29
491 108
479 447
97 114
278 243
127 195
381 128
74 227
298 39
288 450
14 468
182 441
483 461
112 16
470 6
258 204
358 116
360 115
355 180
368 279
129 260
171 118
423 3
110 39
296 145
387 315
370 161
259 65
271 453
90 226
348 431
168 12
149 123
221 222
20 160
199 208
272 246
420 372
381 116
284 390
233 180
469 102
198 486
364 124
157 9
312 4
29 351
264 434
85 213
318 245
242 334
127 80
51 413
461 258
17 260
395 305
446 258
289 101
9 28
328 240
11 183
364 116
125 79
439 312
393 242
180 42
471 73
387 64
334 92
183 253
185 187
17 169
211 484
9 136
394 251
413 393
137 33
380 121
102 115
358 210
68 447
121 348
240 79
76 15
301 62
394 158
409 163
217 134
62 211
212 182
252 436
231 409
367 24
414 26
213 421
460 44
133 195
290 464
384 466
473 249
345 352
100 220
272 269
494 249
120 322
466 256
442 179
60 473
475 250
484 497
97 308
267 62
309 177
274 10
217 81
7 5
154 13
185 131
393 427
315 141
415 477
339 348
83 225
251 117
245 358
308 219
382 78
405 126
180 348
419 496
55 38
363 448
460 265
338 243
339 287
365 259
260 216
70 499
221 375
267 199
405 95
376 301
395 128
380 234
371 132
483 330
440 324
423 400
170 181
406 174
334 149
389 173
484 487
257 261
52 484
162 215
282 42
222 1
197 179
487 457
245 238
19 217
19 473
19 247
290 459
405 71
335 150
136 229
254 227
188 22
403 84
468 404
477 312
376 65
411 490
173 318
167 263
354 283
7 337
287 319
335 241
252 263
405 367
210 74
212 11
325 95
128 454
48 96
89 35
201 165
377 230
233 376
151 174
279 285
188 37
86 72
175 430
43 92
65 108
477 256
464 457
280 320
217 296
351 71
456 162
288 477
293 340
230 352
191 146
119 101
310 420
56 469
74 279
270 72
313 408
206 294
38 171
78 319
29 404
118 427
142 154
81 15
259 236
188 402
30 201
39 405
114 202
408 120
364 425
116 446
482 211
21 255
367 262
270 269
175 443
350 76
173 127
212 97
2 497
338 216
62 195
160 297
365 333
19 491
199 403
183 48
16 144
276 238
465 198
27 245
180 90
52 460
118 153
474 338
334 483
453 216
246 91
425 98
335 97
26 265
111 243
56 339
247 471
267 288
480 432
438 219
106 145
376 413
478 362
493 299
475 65
331 65
495 58
435 455
313 136
157 77
33 184
183 348
160 421
467 422
360 294
28 438
219 346
198 219
83 156
344 71
94 232
435 50
216 400
163 356
247 11
85 363
63 58
278 160
31 305
95 464
6 56
488 262
182 408
103 248
179 91
429 363
342 120
278 281
443 222
198 460
284 197
134 422
99 267
189 106
91 56
55 248
236 53
475 191
334 57
132 415
61 75
445 12
466 294
367 250
76 385
88 246
292 289
439 189
139 82
452 304
338 315
244 484
175 59
429 205
370 401
397 218
286 31
317 6
33 390
394 342
308 397
254 281
387 420
187 457
83 278
315 477
332 196
113 48
41 456
134 399
326 44
371 1
195 484
123 342
358 279
465 162
72 7
267 76
259 313
275 409
411 144
444 143
363 199
315 334
480 103
237 177
480 325
197 38
227 390
186 431
155 176
21 363
345 264
326 142
136 331
445 227
184 429
196 277
392 412
150 191
498 110
269 497
66 270
498 132
297 191
128 240
271 72
282 94
473 349
475 465
274 132
423 100
90 409
315 135
65 131
27 161
84 264
194 26
403 57
397 259
293 453
280 427
177 316
471 39
239 192
156 38
138 491
252 224
174 128
65 440
15 54
176 58
452 216
348 211
307 46
170 99
89 267
283 151
458 166
448 47
283 168
44 338
143 211
305 40
410 49
282 266
358 352
128 318
220 191
309 361
380 263
90 488
460 358
499 488
216 140
206 79
