p td 500 2000 
230 23
85 478
62 233
220 486
446 325
164 11
113 124
497 372
93 34
11 236
436 420
70 343
12 152
321 296
130 291
452 20
398 168
426 182
440 206
131 140
144 29
481 308
489 99
17 251
220 496
301 349
154 150
392 278
348 298
480 9
149 51
34 103
317 284
88 466
242 138
220 47
99 398
206 377
82 16
2 348
260 74
90 108
142 198
329 30
380 363
80 475
281 90
494 5
228 270
42 439
327 21
266 304
376 429
399 190
415 378
312 236
133 377
462 342
103 147
220 158
477 355
16 218
345 248
386 406
333 178
476 112
491 345
367 438
477 134
400 354
152 206
489 318
171 294
446 453
26 1
484 213
69 238
6 241
312 221
64 330
496 59
277 288
178 443
13 254
143 55
372 468
117 202
340 315
72 304
222 10
87 14
97 338
477 374
310 188
355 200
344 128
314 239
323 49
2 273
392 112
294 114
339 182
373 344
461 304
48 274
95 436
375 432
409 21
172 385
257 298
27 145
96 40
249 350
286 334
385 99
375 463
213 305
263 463
19 284
140 281
183 71
499 490
115 262
118 115
148 269
152 444
123 118
184 92
300 291
125 183
105 197
452 277
450 349
205 213
340 378
452 334
44 157
219 329
209 30
425 25
266 327
459 245
427 47
325 52
219 499
485 159
215 241
53 125
30 349
451 107
458 257
436 146
249 407
206 65
472 459
94 416
40 224
161 442
140 433
442 458
16 405
56 231
97 166
112 281
308 254
227 441
324 390
366 71
292 458
230 369
364 353
260 50
470 281
193 219
302 13
431 157
179 369
73 201
55 51
73 305
168 438
86 382
87 120
112 373
421 256
151 218
459 150
223 45
326 157
273 359
493 20
411 470
287 336
218 328
416 116
1 236
203 291
254 163
412 469
405 418
81 448
85 286
225 229
288 205
148 80
435 39
300 210
193 308
488 481
153 422
102 54
456 193
246 231
286 440
367 233
500 95
482 398
190 75
427 370
255 283
88 323
471 475
378 243
135 381
376 386
297 309
9 180
420 95
66 248
485 422
444 425
380 47
146 202
186 333
408 364
146 13
475 62
418 425
300 89
275 412
436 211
5 237
314 500
11 253
146 170
288 334
293 143
315 442
14 391
399 247
313 418
353 394
414 307
325 323
119 37
463 472
186 249
267 487
176 335
269 210
393 306
82 119
21 469
350 146
410 434
120 57
345 160
461 457
447 220
475 105
1 83
405 97
20 44
309 397
63 301
456 225
260 200
283 322
489 344
365 340
32 234
88 302
475 151
20 253
134 319
491 428
478 492
332 180
280 330
61 125
61 416
232 104
469 261
272 56
397 379
330 464
376 112
332 226
151 115
139 168
229 67
447 58
35 151
255 356
331 70
430 149
468 177
242 212
310 77
440 411
465 5
443 134
393 249
281 404
428 450
469 184
69 119
387 17
106 238
49 267
496 189
95 201
60 398
181 86
463 170
362 72
187 336
20 340
289 143
413 73
152 178
330 357
80 145
431 30
15 100
139 152
439 373
368 332
243 118
150 492
92 18
196 66
71 411
25 54
383 480
68 259
134 81
390 443
70 385
361 214
52 396
186 428
431 6
165 360
448 182
246 148
374 242
84 239
250 127
292 312
90 171
164 476
289 85
261 27
474 494
181 464
260 311
145 23
175 354
416 19
297 212
117 63
213 215
213 121
470 21
497 183
346 442
170 374
104 240
16 312
373 151
282 189
241 343
287 85
365 96
36 293
401 161
97 447
23 160
216 482
108 32
286 291
9 141
99 116
9 420
482 232
480 366
45 493
267 261
496 173
264 111
393 214
388 147
20 74
88 272
218 19
319 296
196 218
165 304
175 230
289 124
206 462
8 97
103 20
356 349
3 357
144 223
219 167
59 495
86 441
30 179
178 404
429 480
148 464
141 256
384 146
254 274
415 246
148 62
492 340
59 188
77 248
404 240
307 308
219 321
46 92
495 349
362 337
96 240
475 474
197 241
114 177
236 103
148 172
79 234
412 371
359 205
42 497
226 120
251 312
363 388
12 432
94 259
500 272
140 357
232 240
250 366
385 438
343 319
497 277
426 228
340 171
429 9
370 73
499 44
239 338
344 186
150 52
45 268
492 314
471 117
347 267
131 63
342 331
58 418
463 164
63 228
113 360
194 276
192 91
146 6
468 474
106 299
368 240
290 260
358 430
132 417
422 333
239 79
227 320
438 38
50 303
335 368
396 295
150 33
297 215
366 439
10 194
209 329
362 454
66 132
12 376
248 318
157 445
173 385
85 110
230 341
318 407
156 103
435 38
493 486
14 39
310 305
449 454
98 115
200 298
162 307
113 109
126 426
109 356
418 498
44 229
171 16
382 189
477 417
230 104
95 65
94 118
363 243
176 215
228 287
193 286
299 73
362 342
494 39
492 85
353 309
31 242
80 269
452 109
390 280
338 1
330 225
217 273
337 307
411 322
297 291
499 308
43 418
486 296
326 352
196 10
314 195
163 318
131 317
420 21
212 353
55 442
361 363
406 249
311 250
342 141
455 86
486 491
197 66
147 222
319 317
61 5
401 120
8 357
477 68
236 421
298 315
485 20
426 449
233 124
64 155
334 3
132 395
161 97
268 409
102 213
169 419
146 461
450 337
125 415
225 54
338 32
106 353
299 214
230 148
425 75
385 389
154 212
300 404
446 14
372 102
334 159
223 242
315 242
434 364
383 170
265 47
107 128
92 368
56 181
110 208
166 177
194 46
81 315
362 84
121 184
235 390
474 131
29 85
258 223
309 440
110 182
437 283
223 367
150 232
72 271
127 490
61 83
212 481
351 425
306 91
9 287
238 452
492 365
106 98
429 138
67 184
477 143
123 85
156 26
20 336
287 97
121 311
398 202
10 223
100 22
29 276
137 25
248 322
50 32
366 342
416 361
13 58
317 147
34 307
350 338
92 222
182 210
219 465
31 81
143 160
400 287
155 408
289 204
1 246
49 331
156 466
241 372
44 108
272 446
290 87
314 163
300 259
227 120
400 15
24 228
402 300
189 443
350 433
394 16
366 315
150 84
367 404
124 110
19 228
292 225
224 74
376 262
313 40
462 485
306 99
183 72
304 333
132 15
203 439
186 257
325 163
329 174
486 130
288 137
356 27
223 362
216 188
65 379
440 110
197 387
105 278
35 474
111 218
205 60
286 331
305 115
469 359
92 48
65 285
192 1
57 36
490 326
17 430
448 74
430 165
348 225
470 37
375 474
60 274
209 342
129 439
455 197
15 173
395 464
424 314
252 266
221 133
55 428
174 129
245 32
194 444
286 332
364 121
418 364
216 28
470 23
398 453
15 245
142 428
139 119
431 330
280 383
131 41
224 454
371 38
32 57
247 347
173 246
110 50
303 363
347 428
456 201
138 340
460 382
136 259
460 496
229 343
20 478
490 477
124 475
9 374
225 63
336 6
189 8
413 274
269 411
450 433
491 305
190 248
142 74
436 227
216 276
411 180
447 382
123 164
268 249
410 310
57 63
376 141
260 341
220 330
367 41
375 116
381 239
291 394
386 57
404 138
201 312
334 336
237 347
416 280
90 365
487 143
202 248
325 487
431 177
64 472
296 490
137 466
384 289
120 381
330 452
188 365
376 207
286 243
40 288
218 226
392 251
423 340
257 40
446 279
412 479
14 405
268 430
454 87
328 461
434 140
304 42
223 464
486 309
232 330
63 283
113 383
334 239
429 20
461 152
18 180
151 168
274 387
359 206
207 403
73 71
18 78
45 291
95 15
257 172
128 117
132 344
351 268
496 266
275 157
218 221
258 78
306 92
27 313
473 130
125 350
131 475
14 97
35 59
416 36
365 377
240 241
200 451
220 475
62 281
495 59
443 145
360 212
435 498
133 252
186 172
490 27
468 295
179 425
196 47
280 92
239 10
86 201
400 421
190 201
480 103
111 277
348 438
338 42
426 219
449 282
19 164
257 189
263 59
64 63
77 329
37 350
447 387
357 283
148 207
199 156
196 348
104 372
126 281
17 449
179 73
167 438
467 120
243 499
442 347
421 443
483 151
107 348
105 76
224 243
243 40
134 40
343 172
231 63
441 375
480 230
30 219
476 394
7 376
269 366
226 13
231 168
306 89
173 479
63 93
266 357
107 499
232 272
260 260
114 68
365 253
45 373
256 481
46 451
316 452
384 113
235 197
384 477
425 341
53 171
416 259
309 399
210 265
70 123
364 182
490 330
325 140
144 348
319 261
3 82
302 168
369 166
354 193
198 157
478 97
68 416
247 287
303 244
335 470
439 452
364 274
222 151
253 433
100 131
53 183
56 147
368 310
272 92
73 86
82 487
108 409
450 291
489 302
246 177
30 441
381 212
290 421
372 93
286 88
376 403
252 471
351 8
368 9
313 52
232 320
285 281
203 24
346 332
373 249
456 294
49 460
192 17
227 156
235 103
96 294
375 123
456 160
250 5
240 75
325 221
17 371
48 14
85 380
464 165
289 420
389 139
11 24
444 166
83 315
62 296
168 268
456 295
1 36
218 222
297 394
485 145
378 290
307 33
336 239
33 351
22 483
103 109
497 446
230 224
49 183
91 165
430 100
145 352
26 36
40 319
243 276
351 222
379 230
306 27
330 286
118 478
216 428
133 214
492 52
377 43
329 495
97 246
461 259
157 317
273 381
34 432
69 216
16 474
381 116
222 286
68 254
459 182
488 158
57 164
197 354
387 406
264 187
401 145
414 124
53 342
307 66
198 252
271 237
145 487
367 34
340 405
14 21
131 493
15 398
153 397
325 43
28 425
259 161
243 487
114 72
410 175
248 125
166 91
371 225
188 386
23 96
190 173
354 99
300 260
105 389
319 178
210 499
379 248
45 401
135 107
25 289
247 489
404 333
360 472
374 447
112 409
182 256
488 20
465 484
421 251
486 91
307 17
187 241
21 60
269 238
149 221
14 391
394 372
390 216
191 349
158 413
398 52
162 368
190 443
249 142
488 267
480 205
8 435
270 128
356 137
403 270
465 293
396 369
428 466
28 342
37 21
476 121
75 352
18 387
357 299
397 232
355 213
383 431
458 374
43 176
427 156
136 8
203 161
282 431
103 407
492 429
104 456
353 178
276 194
236 249
487 475
333 4
113 203
8 373
14 92
114 108
127 350
163 426
238 358
161 323
74 58
375 96
232 387
441 117
20 167
186 302
138 211
13 477
368 326
121 464
89 259
133 478
187 403
289 68
499 44
138 136
264 273
440 126
73 113
143 301
374 82
246 448
279 459
69 371
375 349
420 187
167 365
424 454
60 373
7 449
280 287
192 178
253 311
352 468
272 9
254 122
222 76
169 143
64 63
265 38
280 238
173 415
159 404
394 138
115 144
46 233
118 472
461 486
217 335
194 242
42 339
193 492
428 145
417 26
103 33
380 439
11 143
90 81
125 461
484 55
171 169
259 220
242 129
316 417
116 454
246 345
385 119
392 53
441 110
175 400
208 327
462 114
94 405
449 346
14 387
264 500
417 407
345 460
130 230
23 405
92 303
415 290
460 402
227 143
77 239
307 227
171 127
383 149
158 6
431 233
370 194
459 271
323 498
52 12
152 360
65 77
194 256
458 23
26 435
108 410
57 89
264 36
290 406
150 428
280 269
383 295
390 355
434 201
267 349
218 90
217 411
95 205
421 147
142 42
291 322
363 273
286 418
20 112
203 148
109 308
202 434
252 162
310 274
310 307
483 315
406 82
209 378
204 264
82 102
151 441
41 467
30 367
336 251
339 368
296 446
409 265
324 328
450 233
318 498
382 360
333 375
173 51
262 108
378 168
105 250
182 372
352 112
261 225
109 469
62 10
19 91
130 209
395 186
429 21
475 238
175 222
37 330
100 25
37 433
363 353
322 374
115 94
414 416
45 212
38 59
171 37
65 77
8 382
164 64
281 263
420 389
44 220
315 326
209 437
306 161
135 348
489 314
256 364
336 485
314 359
32 358
238 496
90 459
255 217
180 335
455 366
299 449
75 117
176 333
397 50
318 450
319 112
423 191
464 80
152 429
13 286
483 213
337 127
325 154
80 415
150 418
37 310
333 52
477 367
343 231
216 429
384 261
134 489
159 364
447 236
38 429
231 187
403 37
316 12
40 233
466 368
193 208
80 492
355 475
221 427
11 231
256 115
174 196
417 444
33 449
35 463
353 194
213 104
465 96
283 202
171 473
473 184
253 495
19 147
96 96
134 416
283 180
495 458
464 376
165 381
59 30
355 198
426 394
127 90
319 52
171 413
93 116
346 441
319 396
211 456
477 427
221 264
76 263
329 283
487 418
344 357
88 375
379 387
322 198
311 499
263 24
276 141
295 67
384 213
137 155
379 285
173 222
243 353
216 233
386 495
346 242
125 227
167 360
208 172
264 390
464 321
28 375
100 69
59 487
441 244
91 32
50 370
317 278
392 432
63 443
206 477
222 399
144 437
99 297
212 465
347 275
155 472
451 490
160 49
185 292
227 139
486 320
377 74
213 134
72 296
455 244
198 385
482 46
210 288
496 87
57 146
386 231
282 296
270 9
442 91
202 28
197 340
453 466
302 61
288 1
383 242
113 424
437 8
72 233
220 303
389 257
413 207
437 445
438 375
333 465
364 167
119 206
389 359
216 275
91 165
272 206
327 476
222 124
22 288
50 483
341 79
28 33
461 96
185 209
81 127
239 149
57 81
255 62
64 172
470 420
442 219
112 425
499 440
228 469
289 324
2 162
103 29
304 463
375 26
193 88
192 456
215 487
158 244
152 297
345 98
441 420
296 66
487 243
178 209
127 488
490 20
24 34
272 499
247 188
474 401
399 165
83 352
12 226
332 225
186 322
258 245
500 366
382 126
224 218
327 219
419 319
63 437
473 106
408 12
203 481
77 113
198 140
60 307
85 22
112 90
443 188
69 12
49 215
263 35
265 229
340 23
43 425
205 286
394 344
191 191
192 492
350 172
396 497
16 466
164 283
81 476
497 294
407 78
185 304
479 487
182 106
469 35
223 66
403 363
343 89
214 348
128 197
242 162
366 200
382 41
164 224
52 489
92 306
436 206
155 324
25 426
69 412
14 174
179 414
94 445
289 261
340 334
139 278
60 57
468 181
460 250
298 368
291 199
419 94
474 344
272 390
183 307
445 42
83 15
412 138
332 2
384 283
23 306
184 444
215 218
89 380
68 3
336 136
56 423
152 286
214 350
73 110
449 33
41 477
118 247
143 330
242 168
468 292
474 62
273 455
189 226
342 498
440 369
300 38
485 91
102 37
454 267
160 391
304 470
373 475
26 12
63 337
251 490
77 335
43 249
382 200
428 451
189 250
475 146
471 37
433 264
394 3
274 293
359 335
387 276
186 111
222 413
133 250
369 481
102 109
495 390
368 3
59 82
402 466
319 282
325 50
369 13
227 258
319 256
444 283
482 359
242 267
188 494
274 308
334 98
52 97
3 425
372 370
61 283
466 496
131 196
62 199
469 435
223 374
167 419
336 475
151 320
158 120
319 4
81 159
339 475
118 467
24 133
2 87
282 37
9 113
339 154
488 127
437 39
165 268
489 470
10 147
464 123
191 324
227 29
358 332
364 332
280 298
471 442
165 72
10 387
223 260
192 417
474 321
9 366
470 398
131 376
371 63
361 116
55 461
71 22
237 392
201 65
331 450
170 106
190 254
451 310
424 26
123 467
426 297
491 192
311 349
423 422
4 424
112 319
492 431
300 193
446 207
432 127
481 307
362 231
96 86
483 229
254 379
174 296
498 50
289 48
380 347
131 28
295 145
179 367
438 277
184 390
387 123
53 182
169 192
24 493
282 241
410 470
106 117
356 439
470 403
11 142
195 373
264 366
150 105
490 306
92 357
481 101
161 212
360 481
119 444
261 16
500 179
259 176
186 270
149 325
383 399
351 476
152 195
158 282
190 279
254 187
493 289
16 376
302 121
80 307
350 23
481 428
301 117
145 215
388 468
165 179
92 191
387 186
185 154
463 229
325 80
450 234
319 311
168 370
159 320
496 119
238 242
249 414
418 158
169 435
426 256
150 269
279 46
460 113
497 106
252 22
29 197
105 378
461 167
3 294
387 344
66 175
437 437
473 299
266 27
68 112
163 376
415 12
190 431
45 386
261 43
480 185
371 495
247 456
107 40
266 133
66 9
255 400
64 57
306 107
196 270
386 373
61 491
45 103
487 26
203 98
403 383
94 3
486 389
498 60
192 334
330 24
399 279
128 41
350 460
102 12
487 454
294 80
109 137
300 423
101 376
13 276
436 459
432 242
464 199
306 120
450 387
117 406
224 339
346 192
408 196
315 313
23 466
201 144
46 254
457 431
72 495
291 29
303 206
429 134
377 456
9 369
242 234
99 211
225 420
461 244
106 300
43 128
477 482
171 166
181 328
457 469
148 99
426 326
387 478
223 185
417 285
263 456
357 401
490 422
399 321
58 73
185 376
251 314
65 474
353 212
147 371
5 164
137 354
229 53
372 482
488 472
99 253
275 136
52 122
124 132
39 48
221 300
471 461
371 257
169 376
344 363
122 464
210 476
297 146
41 4
196 34
372 481
345 445
112 103
234 195
171 259
78 329
199 144
333 306
185 133
164 395
416 288
377 491
366 58
334 347
91 324
414 410
381 93
36 331
449 164
6 29
156 252
164 369
118 162
159 337
313 476
162 30
64 39
41 166
30 419
107 440
35 136
202 366
28 398
283 423
45 459
377 479
393 344
475 385
427 443
420 410
395 116
15 447
212 346
166 23
250 410
384 191
115 456
51 398
62 374
294 377
275 236
494 90
240 366
479 30
35 456
7 197
401 333
315 3
217 471
217 70
297 287
124 137
252 237
22 194
483 151
441 95
105 257
498 289
108 44
252 159
105 382
194 280
460 489
276 49
254 79
384 107
398 112
500 380
200 93
80 45
62 276
41 53
233 449
79 281
129 83
228 158
500 189
475 181
200 417
210 236
156 382
10 116
101 227
