p td 150 600 
78 8
37 16
47 13
138 122
149 94
114 111
107 34
18 145
104 55
71 50
46 67
84 130
55 52
115 6
103 119
10 48
96 63
88 141
38 62
66 107
133 7
25 113
120 115
125 81
138 128
21 39
35 72
33 65
135 38
85 48
104 108
107 91
43 125
54 112
9 21
35 61
17 113
56 1
87 7
1 121
130 140
135 38
43 67
55 90
58 61
53 88
144 68
74 1
148 143
134 103
51 84
116 109
37 12
40 21
110 98
32 51
63 99
72 92
90 121
71 25
65 35
37 1
78 4
4 128
62 9
57 36
18 75
141 137
36 54
25 80
133 7
16 24
40 45
136 65
34 64
74 13
102 130
75 28
106 144
118 22
103 125
131 7
116 27
137 81
111 98
27 55
103 4
137 71
93 122
48 21
150 6
16 44
114 121
6 73
89 102
112 20
134 47
119 52
131 122
137 34
146 19
14 56
90 38
102 137
56 70
98 18
53 64
138 45
77 75
115 13
102 98
70 69
70 93
19 13
41 112
126 108
45 97
11 138
102 20
95 44
142 52
2 15
102 6
99 85
13 44
127 138
133 105
1 24
34 8
51 142
80 6
135 9
33 18
63 1
49 18
129 69
23 149
21 129
16 76
147 141
103 141
130 118
40 23
68 143
86 74
5 20
43 145
142 116
150 44
117 109
51 137
9 54
87 91
108 46
66 130
100 97
147 93
110 51
127 116
99 89
65 122
103 2
113 19
34 98
145 46
30 98
25 29
10 59
97 34
26 47
4 109
89 48
18 64
5 102
145 46
142 94
33 114
42 86
33 8
134 134
11 146
95 99
138 97
147 74
78 13
31 25
127 139
86 111
27 137
48 36
115 66
141 32
30 4
5 29
67 12
42 112
147 28
77 94
29 99
112 66
134 9
134 79
126 111
56 9
145 19
147 106
24 58
127 79
78 139
47 46
144 1
7 99
143 121
67 24
46 106
110 66
90 122
91 121
53 42
13 58
21 123
115 118
57 71
145 116
19 144
33 146
31 33
18 57
35 102
46 108
23 56
80 45
57 87
111 107
119 91
15 1
129 51
89 35
7 101
128 1
21 134
1 61
3 7
129 89
93 91
135 146
45 68
146 120
142 142
14 134
113 140
111 87
54 59
125 12
150 50
72 21
11 76
73 21
115 4
143 40
51 54
147 23
120 93
119 149
122 134
105 90
148 8
54 51
93 124
44 102
35 123
68 107
102 108
120 123
114 85
104 23
55 35
51 18
118 148
21 36
80 32
47 102
53 128
115 105
138 20
7 150
107 125
72 69
123 92
54 29
16 59
32 96
40 78
119 25
102 26
79 120
23 125
2 49
33 59
107 61
147 3
55 97
56 67
70 24
111 52
98 124
19 28
2 53
99 44
104 89
13 7
70 139
18 113
134 17
32 52
52 102
143 108
148 117
45 48
106 135
15 90
97 150
69 23
58 3
59 105
105 4
45 84
72 143
40 80
37 49
126 27
144 135
27 58
13 103
102 148
40 2
32 4
103 72
133 19
40 70
60 143
34 125
107 77
9 37
108 18
128 9
61 17
65 55
25 124
118 44
58 19
101 122
61 142
105 47
15 121
72 28
106 93
11 20
69 24
87 29
131 75
16 15
87 62
52 63
130 130
19 141
52 81
44 118
86 69
150 17
83 144
113 90
126 26
53 142
136 88
127 38
114 104
91 61
144 19
84 15
18 66
21 111
25 19
129 71
143 130
81 48
16 18
106 136
134 93
71 92
8 58
8 112
21 8
134 2
105 96
55 52
24 58
116 130
91 126
5 97
123 127
10 81
106 44
79 38
64 84
71 37
72 77
54 58
42 3
20 41
111 114
35 74
104 82
30 98
73 80
93 13
85 84
70 143
50 146
14 136
29 45
40 104
28 58
73 64
93 108
122 24
72 122
30 84
88 77
48 107
85 28
2 36
28 104
59 79
128 39
40 137
123 3
109 1
5 104
45 108
6 16
67 19
35 50
45 9
65 142
75 101
12 110
67 101
124 106
93 82
60 119
106 97
125 79
93 139
120 76
81 73
120 105
71 9
38 89
84 113
34 113
58 116
145 148
139 40
41 98
95 26
55 38
54 80
28 122
86 111
30 10
107 126
32 112
138 13
21 112
74 73
142 134
107 112
113 137
29 26
108 107
110 117
111 56
53 63
4 101
45 110
61 81
107 50
20 116
44 72
125 132
140 126
78 14
65 84
109 66
92 52
139 114
103 48
23 89
132 90
115 147
90 86
85 89
94 77
64 28
140 33
82 49
7 102
16 85
101 138
43 127
2 102
8 109
46 145
94 91
42 98
24 15
37 2
135 99
91 106
4 67
80 58
10 11
61 9
53 13
105 80
108 59
101 7
19 51
35 19
99 11
121 132
135 97
44 130
145 4
139 82
123 114
24 52
95 133
4 65
145 119
39 23
56 79
108 24
88 120
60 109
95 28
78 30
83 48
15 85
75 84
54 79
83 16
100 149
145 129
24 58
76 97
50 43
82 65
57 61
20 56
95 101
149 66
104 20
89 69
123 31
50 74
34 42
27 140
61 140
33 123
135 18
72 17
47 85
31 86
53 115
150 60
99 150
87 138
133 62
140 88
86 100
108 22
62 69
79 26
76 54
12 92
4 71
143 33
75 112
6 94
6 114
50 144
61 29
111 113
134 112
132 35
26 86
129 8
124 131
