p td 1400 1003 
1 642
1 1341
1 1378
2 687
3 103
3 1146
4 311
4 368
4 847
5 563
7 355
8 35
8 820
9 93
9 188
9 440
11 170
11 705
12 895
13 323
13 640
13 944
14 435
15 527
15 854
17 1068
19 90
19 604
19 824
20 905
21 988
21 999
22 277
22 315
22 439
23 238
23 408
23 528
24 481
24 687
24 1069
24 1085
24 1166
25 648
27 251
28 440
29 101
29 194
30 68
31 408
32 1199
32 1298
33 608
33 667
34 575
35 36
35 981
35 1200
37 444
37 594
37 1267
39 1166
40 749
42 906
42 1294
43 110
43 978
43 1013
44 264
44 1042
44 1128
45 483
45 945
46 859
46 1371
47 1086
47 1203
48 415
48 547
49 396
51 1366
54 1387
55 246
55 311
55 974
57 323
57 975
58 843
59 645
59 815
59 1225
61 963
62 613
62 672
63 778
63 1149
65 155
66 154
66 488
66 1170
66 1195
67 96
67 195
67 1349
67 1359
68 248
68 314
68 396
68 984
69 1133
71 470
71 1208
71 1390
72 1013
73 397
73 1317
74 250
74 1059
75 1033
77 270
77 477
78 206
78 1214
79 614
79 778
79 857
80 294
82 159
84 217
84 988
85 1275
86 911
87 554
87 793
88 744
88 1219
89 467
89 885
90 1014
90 1355
90 1392
93 826
95 1147
96 1397
97 490
97 1111
100 366
100 467
101 258
103 796
103 1297
104 268
106 1299
106 1390
107 1153
107 1324
109 142
109 214
111 471
112 1145
112 1165
113 440
114 1151
114 1318
116 674
118 297
118 1140
119 239
120 181
120 342
120 716
120 1230
121 396
122 358
123 759
124 298
124 327
124 483
125 358
125 481
125 1103
125 1177
126 385
126 729
128 1267
128 1276
129 603
129 633
130 155
130 668
132 598
133 769
134 493
135 974
136 516
136 737
136 740
137 152
138 792
139 257
140 584
142 1173
143 485
145 412
146 281
147 577
147 895
148 723
149 697
149 702
150 275
150 726
151 637
151 1157
153 454
153 600
155 477
155 600
156 788
156 817
158 508
158 856
159 300
159 1160
160 749
160 1134
162 1025
162 1169
163 371
164 587
166 357
166 636
166 1152
167 1229
168 269
171 233
172 400
172 582
172 1059
172 1318
173 529
176 1156
176 1353
179 932
182 589
182 1290
184 323
184 461
185 293
185 994
186 983
188 741
189 236
189 518
191 430
192 616
192 832
193 703
193 1174
194 765
194 1071
195 1070
195 1177
195 1210
196 387
196 640
196 806
197 903
197 1117
197 1162
198 1341
199 519
199 798
199 910
199 1238
200 704
200 757
201 1221
201 1395
202 483
202 755
203 1156
203 1263
204 775
204 1257
208 1302
209 456
209 744
209 998
209 1004
210 1265
213 568
214 1140
214 1181
216 959
218 673
218 802
220 555
220 1090
221 694
222 1060
223 233
224 298
224 674
225 712
225 941
226 509
227 528
227 1293
230 649
231 531
231 1378
232 308
233 510
234 388
234 810
235 1135
235 1146
236 574
236 693
237 401
237 834
238 267
238 552
238 626
238 1012
240 1179
241 260
241 350
243 362
243 681
243 842
247 270
247 962
248 802
248 1059
249 1143
249 1210
250 784
250 862
250 1177
250 1210
252 692
252 725
252 1348
253 1183
255 864
256 698
256 1094
259 754
259 815
262 499
263 473
263 951
264 778
265 419
266 561
269 634
271 373
272 508
273 280
274 853
274 919
276 1339
277 783
277 828
277 866
279 723
280 410
280 1237
281 1135
283 1155
284 767
285 295
285 351
285 949
285 1389
286 719
288 532
289 761
289 1045
290 924
291 590
292 1036
292 1292
296 649
298 405
298 1379
300 553
300 1069
302 333
303 401
303 548
304 974
306 723
306 1064
307 1158
307 1361
308 415
309 755
309 768
311 345
311 1053
314 1400
315 1127
317 370
319 1013
320 373
320 1192
321 677
321 792
322 469
322 1142
323 1253
324 728
325 1115
325 1350
327 984
329 1343
330 915
331 933
331 1364
332 1031
333 1354
334 536
334 728
334 1195
335 399
336 689
338 1357
339 565
339 994
340 373
343 1234
344 852
345 1076
346 667
347 929
347 1131
349 418
349 787
349 1041
351 663
351 942
353 1284
354 737
354 828
355 777
356 423
359 913
360 929
361 910
361 965
361 1060
362 450
362 629
362 697
363 574
363 676
366 488
366 856
367 817
367 1224
368 934
368 1177
369 692
370 404
370 1081
370 1378
371 800
372 665
372 841
372 1127
373 953
373 1087
373 1322
377 839
377 1007
377 1107
378 828
381 461
383 857
385 493
386 957
391 1079
391 1198
392 708
392 759
392 987
393 1077
393 1142
393 1262
394 1018
394 1024
394 1068
394 1133
396 842
398 729
399 446
399 1267
400 415
400 1310
401 543
401 785
402 1285
403 673
404 867
405 1032
405 1364
407 607
407 1245
408 698
409 516
410 417
411 494
412 954
414 551
414 1104
415 710
415 1133
415 1301
416 492
416 1299
417 707
418 766
419 1299
421 1184
421 1276
422 661
425 1021
427 527
427 528
427 624
430 1074
431 1295
432 460
432 988
433 448
433 951
434 1219
435 679
436 472
439 1210
444 527
447 1087
447 1269
451 794
451 854
452 469
452 475
452 938
452 1038
453 1201
455 720
458 790
458 996
458 1165
459 868
459 1202
461 1208
463 619
463 738
464 968
466 553
466 586
466 1091
468 553
468 557
468 689
468 1250
468 1379
469 738
469 854
469 1268
472 1054
472 1351
475 1086
475 1227
476 537
476 576
476 937
477 637
477 1310
478 993
479 493
480 1122
481 1004
481 1177
481 1292
482 1188
485 1155
486 867
487 776
489 840
489 1070
489 1219
491 1309
492 659
492 893
492 964
493 898
494 1132
496 778
497 567
498 554
498 1283
499 914
500 1201
501 871
505 767
507 654
507 998
507 1101
508 519
509 1386
510 550
511 524
511 911
512 710
515 717
516 750
517 1380
518 692
519 728
519 1114
520 665
522 900
523 1060
524 1050
526 688
526 999
527 703
527 868
529 1395
530 1147
531 821
531 964
532 1020
536 1120
536 1128
543 787
543 1103
544 939
545 765
545 1102
546 821
546 967
548 1396
549 934
553 1130
554 640
556 1360
558 1302
559 1020
560 1056
561 883
566 625
566 688
566 1103
568 920
570 856
574 855
574 1050
574 1375
575 909
575 1370
576 587
577 872
577 893
577 1372
580 794
580 802
583 1358
587 617
587 1242
588 887
590 1124
592 719
593 875
597 1187
598 704
598 1336
599 1206
602 1088
602 1392
603 1154
604 1016
610 944
612 1137
612 1212
613 675
614 1264
617 1045
618 671
618 974
618 1195
619 812
621 893
622 645
623 695
623 961
624 853
627 767
629 711
629 785
630 899
632 1075
637 1304
637 1399
638 1252
638 1266
641 1076
645 839
645 882
645 1025
646 1210
649 1243
653 864
654 908
654 1268
657 940
657 1181
658 1167
658 1168
659 869
665 747
665 776
667 989
669 811
669 1051
670 833
670 1231
673 859
676 902
679 693
679 724
679 1132
681 746
681 1038
683 885
683 941
684 1201
687 1309
688 1074
694 843
694 1011
694 1144
694 1182
695 951
696 740
698 1238
698 1302
701 887
701 1390
705 795
705 1259
706 1117
707 1201
707 1232
708 889
709 1188
717 1195
718 833
720 747
720 891
720 1010
720 1209
720 1281
723 780
724 1093
727 884
728 844
732 1017
733 766
733 1369
734 970
734 1223
734 1240
736 844
736 1333
739 779
739 832
739 1314
740 1245
741 1328
743 891
743 1132
746 1380
747 1134
750 1111
751 970
751 1049
751 1277
754 915
755 1034
755 1297
756 1056
758 1027
758 1088
761 832
763 1027
763 1165
763 1204
765 880
765 1290
767 1326
768 874
769 1263
770 860
770 1363
770 1392
773 1256
774 886
774 1023
775 1127
775 1152
778 1065
779 954
779 980
779 1154
780 830
780 1228
781 869
782 1069
782 1193
787 1057
788 1024
789 1211
791 1264
791 1357
795 1346
801 934
801 1171
802 1263
806 1320
806 1328
807 1115
809 934
812 1148
812 1244
815 1270
821 969
822 1242
823 1231
823 1257
825 1327
825 1377
828 1113
833 907
833 1238
836 1115
836 1203
841 848
842 893
843 992
843 1392
844 1285
846 851
848 909
848 1047
853 962
854 1154
855 942
860 1294
862 1368
864 982
868 948
868 1081
873 1333
874 936
874 1166
875 891
876 1227
876 1318
878 1114
879 946
880 925
882 1397
888 1211
889 957
894 1236
899 1023
900 1153
902 1278
903 1176
909 929
911 1274
914 1340
915 1345
922 1303
923 1123
923 1377
924 947
924 1072
927 1229
928 1028
930 1089
930 1376
932 1231
936 1346
940 1055
941 1339
942 1083
942 1353
943 1018
945 969
946 1369
948 1243
950 1117
951 1166
960 1239
962 1355
964 1368
969 1292
970 1142
972 1400
975 1000
983 1252
984 1399
986 1142
986 1354
988 996
990 1325
995 1322
1000 1279
1003 1256
1007 1282
1012 1182
1018 1195
1018 1246
1019 1319
1022 1114
1022 1366
1024 1240
1025 1040
1026 1095
1026 1292
1030 1263
1031 1114
1031 1338
1032 1195
1033 1210
1035 1287
1036 1241
1039 1170
1041 1097
1041 1106
1041 1135
1042 1278
1042 1379
1043 1143
1046 1342
1048 1253
1051 1244
1052 1322
1060 1349
1062 1069
1062 1082
1063 1188
1065 1335
1072 1309
1073 1290
1074 1368
1076 1367
1078 1181
1080 1233
1085 1252
1090 1276
1092 1165
1097 1288
1101 1222
1108 1122
1126 1127
1127 1132
1132 1202
1133 1192
1133 1197
1135 1224
1135 1316
1136 1356
1150 1371
1153 1264
1155 1179
1156 1238
1157 1364
1160 1238
1160 1264
1160 1370
1164 1383
1177 1224
1183 1227
1185 1213
1187 1349
1189 1350
1192 1379
1209 1262
1213 1272
1254 1378
1263 1386
1278 1293
1324 1346
1335 1399
1375 1380
