p td 1600 1251 
1 1221
2 56
3 585
4 540
4 681
6 723
6 1016
8 956
9 1025
10 278
10 710
12 837
13 956
13 1021
14 1107
16 398
16 471
17 283
17 423
17 843
18 187
18 1371
19 1161
20 1078
21 234
21 286
21 582
22 789
22 1595
23 59
23 122
23 523
23 1143
24 689
24 1141
25 92
27 1433
28 296
28 447
30 199
31 656
31 948
32 462
33 593
35 661
36 78
36 253
37 636
37 1319
38 1513
39 205
39 238
39 689
40 436
40 1223
42 1340
44 45
46 157
47 63
47 1193
48 110
48 176
48 323
48 546
49 663
49 1202
49 1293
50 150
50 873
52 662
52 1161
53 124
53 323
53 609
54 357
54 612
54 630
55 600
55 1233
56 317
56 1459
58 465
58 1172
59 173
59 455
62 291
62 683
63 119
63 260
63 341
64 262
67 74
68 124
69 511
69 751
70 588
70 1196
70 1250
70 1464
71 1381
72 762
74 1444
76 577
77 493
78 276
78 960
79 320
79 444
79 464
79 928
80 441
80 725
80 802
80 1471
81 704
86 346
86 1257
87 282
88 1514
90 282
90 957
90 1219
90 1253
93 647
94 527
94 828
95 157
95 414
95 903
95 927
96 378
97 228
98 218
98 1173
99 247
99 685
99 1095
100 162
100 1148
101 500
101 1217
102 723
102 923
102 1210
103 1040
104 1424
105 168
105 542
105 743
107 417
111 275
111 518
113 1072
114 709
114 1052
115 335
117 177
117 1117
118 308
118 819
118 868
118 955
119 141
119 1512
121 396
121 1432
122 762
122 938
122 1160
122 1265
123 330
123 1085
124 1018
125 887
125 1465
126 1248
126 1464
127 140
127 680
129 147
129 624
130 667
130 885
130 1031
131 1045
132 652
132 657
133 195
133 657
133 1244
136 1445
137 517
137 1229
138 239
138 515
138 561
138 1137
139 509
139 846
139 1140
140 306
140 688
142 538
143 494
144 214
144 1007
145 900
147 1170
148 641
148 1068
150 555
150 632
150 1319
151 180
151 1362
152 609
152 994
153 624
153 818
153 988
153 1336
154 612
156 365
156 1205
159 423
160 539
160 622
162 369
162 633
162 1458
163 617
163 889
163 977
163 1200
164 296
164 1427
165 369
165 1455
166 637
166 1368
167 280
167 850
171 1482
173 1244
174 948
174 1036
174 1043
174 1320
175 1164
175 1570
176 231
176 385
178 466
178 685
178 1183
179 427
179 770
180 930
181 239
181 250
181 313
182 456
182 586
182 906
183 389
184 508
184 698
185 1479
186 669
187 661
187 1241
188 255
188 1150
188 1296
189 405
189 1061
190 1196
191 528
191 775
191 1000
191 1032
191 1174
191 1439
193 822
193 1422
196 1080
197 346
197 598
198 293
198 528
198 1569
201 550
201 641
201 1274
202 752
202 1284
203 738
205 1145
205 1287
206 499
206 1532
207 1578
208 248
210 1413
211 294
212 1297
213 640
213 1560
214 362
214 547
215 995
215 1288
215 1303
216 1519
218 683
219 748
220 224
220 610
220 960
221 842
223 245
224 1307
224 1366
224 1480
225 236
225 727
227 755
228 946
228 1137
228 1234
229 730
229 1476
231 720
231 1121
231 1258
231 1306
232 665
233 1238
234 1229
236 624
238 1079
239 1412
240 489
240 1141
242 1171
244 1556
247 1061
248 473
248 743
249 277
249 1568
251 1463
252 748
253 372
253 1492
254 1493
255 434
256 700
256 843
256 1547
257 1377
258 316
258 562
258 679
258 1182
259 669
262 518
263 1460
265 679
266 482
267 374
267 1526
268 1160
268 1538
269 783
269 1142
270 1056
271 763
271 977
272 1191
272 1306
273 428
274 1323
275 611
275 634
276 303
276 1119
276 1229
276 1463
277 1275
277 1480
277 1494
278 471
278 495
278 1123
279 585
279 721
280 1240
282 357
282 588
282 1325
283 1177
283 1440
284 646
284 1516
285 1261
286 362
287 878
287 1396
287 1565
288 1038
288 1161
290 405
291 704
292 633
292 1037
292 1059
292 1244
293 1038
293 1061
294 521
296 309
296 1272
297 1079
299 662
299 1273
302 310
303 955
303 1405
304 817
304 1033
306 1259
306 1301
307 406
307 606
307 1520
308 1438
311 888
312 1007
313 940
314 998
315 692
315 1316
316 451
318 1263
319 501
319 507
320 952
321 517
321 715
323 917
323 1536
323 1565
326 592
327 1336
327 1379
329 1555
330 749
330 774
331 1232
332 638
332 809
333 1178
333 1271
333 1557
334 508
334 1395
335 443
335 1212
338 1225
340 1083
341 948
341 1008
341 1034
342 1466
343 998
343 1142
344 375
344 1532
345 450
345 1353
346 1067
347 1083
349 639
349 1058
352 597
352 961
352 1296
355 650
355 1085
355 1369
356 607
357 1199
357 1344
359 901
359 1515
360 386
360 1027
361 757
361 905
361 1101
362 1155
366 1039
367 1364
372 1115
372 1436
373 410
373 1343
374 1269
375 1402
376 1229
377 640
378 1051
378 1111
379 526
379 1233
379 1235
379 1287
381 808
381 1542
382 654
382 1413
383 797
387 1199
388 605
388 1286
389 810
389 1165
389 1549
391 622
394 618
395 415
396 1451
397 1549
398 1359
400 560
400 1429
401 1400
401 1414
403 672
404 651
404 874
405 1225
405 1427
410 808
410 814
412 1492
413 1147
413 1489
414 1068
415 576
415 673
415 796
415 1530
418 1070
418 1498
419 598
419 1120
420 557
420 766
420 1331
421 1060
423 795
423 810
424 1288
427 901
428 723
428 942
428 1061
428 1528
429 1318
430 960
430 1239
431 1369
432 1232
433 1246
434 1387
435 1018
435 1019
435 1420
435 1574
436 1004
438 477
439 863
440 815
442 1482
443 1507
444 768
448 710
450 573
451 775
451 889
452 1440
456 510
456 1541
457 1046
458 1307
459 1572
460 702
460 1008
460 1173
462 873
462 1564
463 671
463 796
463 1372
463 1373
464 1019
464 1591
465 890
466 608
467 990
467 1029
469 496
470 916
470 1130
471 1534
472 1240
473 897
474 1156
475 998
476 843
477 1294
480 910
481 1359
481 1598
482 672
482 1180
482 1268
484 1149
489 1385
491 500
492 529
492 1098
494 655
494 742
494 1357
497 687
498 1403
499 1598
501 703
502 1196
503 766
506 988
506 1090
508 611
508 652
508 1357
510 999
511 1150
514 739
514 1066
515 885
516 1062
517 922
517 981
517 1326
517 1329
518 1444
520 1106
520 1439
521 700
522 1084
523 1085
523 1225
523 1367
526 1241
526 1331
527 1309
528 648
529 588
529 852
531 856
531 1075
531 1086
532 658
532 981
532 1597
533 593
534 614
534 1289
536 1124
536 1562
537 559
538 674
538 893
541 1439
542 1017
542 1218
542 1540
543 605
544 826
545 942
545 1081
546 841
546 1028
546 1480
547 1030
548 1466
549 659
549 812
549 933
549 1201
550 787
551 742
551 794
552 1509
552 1536
553 1595
554 579
554 699
555 592
555 1228
559 786
559 972
559 1169
559 1170
560 637
560 756
561 1199
562 1563
563 1463
565 1512
566 675
566 1542
567 1170
567 1436
569 1311
570 764
571 1489
574 1558
576 954
578 922
578 1255
581 632
583 607
584 770
584 910
587 1252
591 716
591 1090
593 1025
596 1045
597 874
597 1366
597 1376
599 1083
600 1224
600 1589
601 1227
601 1251
602 1570
603 1266
604 813
604 1402
604 1423
606 972
609 1034
609 1488
610 1418
612 796
613 854
615 1333
616 1353
619 805
619 1131
620 693
621 1388
623 829
624 1551
625 1190
627 768
627 858
627 1341
627 1415
628 1252
628 1422
628 1433
629 827
629 1366
630 1063
631 971
634 1515
635 1432
636 1297
637 898
639 911
640 706
641 1221
642 751
643 969
643 1342
644 769
644 1060
644 1193
645 1077
646 840
646 1484
647 936
647 954
648 1051
649 799
649 1215
650 703
650 1437
651 658
651 756
651 771
652 1449
657 867
657 906
659 897
659 1491
661 1531
663 876
663 1513
663 1532
664 989
665 1052
669 1454
675 748
676 1343
677 1195
678 947
678 1045
680 1307
682 927
683 1194
686 736
686 1585
689 1021
690 837
690 1240
691 1255
691 1352
692 1003
692 1313
692 1367
693 820
697 972
697 1022
697 1134
698 1205
704 1541
705 1119
707 1448
708 1273
708 1312
709 1494
711 820
711 1028
712 1185
713 1002
713 1582
715 1578
718 1397
718 1456
719 720
719 1125
719 1555
720 1312
722 1045
724 864
724 911
724 1533
726 1335
727 1552
730 1136
733 1312
736 1093
736 1439
736 1522
737 821
738 863
741 1540
742 1357
744 1479
745 995
745 1470
747 1209
747 1214
747 1341
750 1244
751 1515
753 1276
754 762
756 1036
757 814
759 1011
759 1404
763 1049
767 987
768 868
768 1361
771 983
772 788
775 983
775 1540
777 1527
778 1381
779 962
780 898
780 1040
781 1241
781 1432
782 950
784 1185
786 1340
786 1577
787 802
787 1042
787 1202
788 828
789 1216
791 813
791 827
793 1256
795 1343
797 1211
798 900
798 1542
799 830
800 1583
801 856
802 1429
804 889
804 964
808 1174
811 1001
811 1220
811 1297
812 1233
813 882
813 1033
813 1078
813 1079
814 1349
816 822
816 850
817 930
817 1162
817 1474
818 1308
819 1031
820 1559
822 1463
823 857
823 1439
824 976
824 1132
827 1523
828 1568
833 1514
834 1190
835 927
837 1049
837 1098
837 1231
837 1494
838 1540
839 1206
839 1214
840 973
841 879
842 1158
843 1147
843 1467
845 1135
845 1490
846 1549
847 930
848 860
850 1492
851 1298
853 883
853 924
853 1043
854 963
857 1244
859 1201
861 1203
862 1228
865 1377
867 993
867 1027
867 1252
871 922
872 1209
872 1443
873 1422
874 1294
877 1052
878 1232
879 1544
880 1230
881 1052
883 951
883 1360
884 919
884 1034
885 1475
887 1074
887 1336
889 1189
891 1446
893 1168
896 1357
896 1462
897 1102
897 1291
897 1496
900 1184
907 1352
909 1133
911 1541
912 1315
912 1448
916 1081
918 1338
921 1301
922 1520
923 1273
923 1359
925 1171
925 1430
925 1458
926 1181
926 1242
927 1166
928 1182
929 1323
932 942
933 1015
936 1356
937 1447
939 1440
941 1401
942 1222
943 1173
944 1093
944 1374
951 1554
953 1329
956 1463
960 1386
962 1299
965 1314
967 1571
968 1353
970 1117
970 1340
971 1468
973 978
975 1062
981 1046
981 1082
981 1460
982 1394
982 1598
983 1112
984 1462
985 997
985 1178
988 1433
990 1287
990 1546
993 1581
1001 1250
1002 1496
1003 1072
1003 1564
1005 1416
1006 1182
1006 1325
1009 1390
1012 1094
1014 1352
1016 1312
1017 1419
1017 1568
1020 1087
1024 1039
1026 1324
1026 1499
1030 1088
1030 1148
1030 1275
1034 1038
1035 1160
1036 1467
1038 1138
1045 1523
1047 1164
1047 1222
1047 1392
1047 1420
1047 1591
1048 1080
1048 1536
1049 1504
1050 1578
1051 1077
1052 1276
1054 1157
1058 1415
1059 1218
1060 1539
1062 1063
1063 1403
1063 1484
1064 1267
1065 1204
1067 1385
1068 1310
1068 1480
1069 1117
1069 1588
1071 1355
1071 1535
1072 1557
1073 1535
1075 1149
1075 1231
1080 1208
1082 1176
1082 1436
1082 1596
1088 1543
1090 1116
1093 1285
1095 1446
1096 1107
1098 1406
1103 1534
1108 1336
1111 1211
1112 1548
1114 1197
1117 1189
1117 1216
1117 1586
1118 1411
1118 1576
1119 1394
1121 1319
1128 1239
1129 1588
1130 1300
1132 1493
1134 1299
1137 1565
1138 1481
1139 1482
1144 1435
1144 1546
1146 1380
1147 1385
1149 1503
1150 1471
1150 1528
1156 1525
1157 1380
1162 1391
1167 1184
1168 1210
1171 1544
1174 1176
1179 1309
1180 1600
1184 1203
1193 1274
1201 1251
1202 1254
1202 1443
1202 1458
1206 1225
1207 1591
1209 1262
1211 1550
1212 1539
1216 1590
1222 1359
1225 1409
1227 1274
1230 1451
1233 1369
1236 1254
1236 1514
1238 1371
1242 1244
1242 1480
1248 1290
1248 1511
1252 1540
1255 1378
1261 1456
1270 1278
1271 1490
1273 1362
1274 1300
1274 1594
1280 1470
1284 1566
1286 1370
1286 1450
1290 1561
1292 1449
1294 1594
1297 1315
1297 1337
1297 1542
1299 1557
1301 1393
1309 1523
1316 1403
1320 1542
1321 1527
1334 1398
1338 1545
1340 1386
1342 1482
1343 1567
1345 1387
1345 1471
1347 1377
1347 1596
1351 1594
1355 1540
1357 1510
1365 1408
1372 1388
1373 1469
1374 1450
1381 1429
1383 1423
1387 1396
1396 1418
1402 1475
1404 1566
1406 1600
1417 1476
1420 1489
1424 1447
1425 1473
1439 1560
1441 1559
1448 1530
1469 1572
1505 1533
1509 1557
1566 1579
