p td 200 3200 
21 170
78 50
9 197
101 16
44 91
197 24
133 108
82 92
194 54
156 1
120 174
193 167
75 141
20 58
162 58
45 100
58 121
40 175
51 138
127 18
35 18
109 95
79 91
24 7
179 198
165 49
160 78
159 152
83 53
176 73
8 92
148 110
178 4
65 110
133 185
23 8
39 189
155 186
61 107
78 105
129 24
158 28
17 100
124 85
85 35
170 16
7 31
137 8
66 56
85 17
46 56
39 183
48 116
141 152
70 95
82 163
53 183
195 59
50 66
161 26
161 115
14 189
2 160
131 9
107 99
117 188
37 123
22 126
132 78
137 24
194 194
78 72
171 18
45 16
142 15
151 8
139 49
59 47
3 196
110 158
156 160
191 36
170 138
9 161
44 156
104 7
197 19
74 14
9 139
179 9
78 163
35 36
17 35
137 175
151 51
126 147
176 195
172 115
17 6
175 45
175 125
135 66
14 45
181 161
144 193
44 2
127 165
104 164
33 184
172 13
55 102
143 129
110 158
112 84
46 171
76 103
52 93
162 34
179 80
147 109
99 32
134 136
99 13
14 23
37 195
44 69
39 24
155 176
129 7
51 77
57 99
15 115
65 62
73 160
63 64
41 137
91 117
64 150
28 30
142 9
62 84
72 125
108 166
89 10
43 158
191 159
3 107
55 177
84 131
96 19
43 158
67 90
80 82
157 66
62 76
187 17
175 88
78 76
29 103
198 13
72 14
42 142
76 64
77 107
79 47
145 55
22 151
165 122
187 170
135 82
138 128
55 117
152 159
106 138
20 78
132 80
119 149
55 1
153 92
17 159
62 54
58 139
78 168
146 81
47 139
21 107
85 193
139 196
161 31
132 106
91 148
110 78
79 50
135 189
16 57
13 180
39 56
187 59
50 117
176 56
99 74
159 106
11 170
132 1
58 94
97 145
90 1
162 50
19 129
77 66
21 31
11 96
9 69
5 126
39 69
200 137
87 63
164 171
146 66
188 10
151 57
2 90
121 35
2 133
184 180
153 28
129 55
94 192
126 27
14 171
174 122
84 22
175 2
19 98
84 150
124 160
135 33
174 131
40 67
163 141
71 197
126 168
99 150
110 165
87 52
25 106
129 131
165 173
114 11
8 113
117 126
93 23
73 95
186 59
132 39
131 71
32 105
175 101
76 71
162 152
157 121
25 78
10 14
165 25
27 11
172 106
173 34
122 120
150 33
159 162
113 76
163 171
27 154
183 145
185 163
57 127
37 150
175 166
95 187
167 124
182 126
141 157
70 84
159 106
41 98
65 80
198 12
151 88
91 128
14 55
195 149
114 171
51 95
94 104
12 18
157 63
101 184
151 108
99 7
93 156
175 2
199 132
57 121
175 21
9 70
114 76
12 164
63 14
167 153
7 196
140 158
35 21
5 41
86 68
69 89
111 115
61 74
62 178
24 101
131 47
4 173
69 186
192 189
77 106
107 143
84 83
142 22
155 149
100 52
14 162
93 15
146 188
142 87
20 185
111 50
163 122
65 25
193 100
196 65
26 94
186 1
66 107
14 101
65 149
87 122
94 88
99 141
157 177
84 169
18 146
137 69
154 78
92 108
94 169
78 51
36 188
179 176
66 105
115 72
25 45
147 143
119 44
70 43
43 130
74 130
105 39
112 127
139 95
153 152
26 133
124 22
196 127
46 135
8 51
1 97
104 41
134 51
191 105
33 54
40 109
15 62
163 162
185 138
144 148
8 111
134 160
52 19
174 33
48 14
130 16
128 118
77 116
6 80
158 75
29 3
113 197
40 9
77 104
56 15
186 126
160 174
197 125
31 37
62 131
79 127
160 66
148 102
63 134
29 191
171 149
169 64
46 16
9 85
177 38
77 96
56 146
154 99
5 147
149 9
19 76
46 64
57 121
26 140
97 13
132 190
48 165
26 45
127 123
176 173
83 110
182 12
57 89
101 142
138 75
158 63
74 8
106 33
89 75
87 34
94 94
21 169
139 188
148 195
32 164
144 63
144 142
42 49
142 62
85 119
176 36
138 3
112 36
197 52
103 55
163 2
93 194
5 178
23 156
151 168
151 144
30 129
26 36
89 52
128 143
130 123
90 166
138 76
117 195
68 78
109 134
143 85
162 136
113 146
191 17
114 173
96 108
197 178
92 73
159 4
86 113
53 72
8 168
187 135
177 5
130 98
181 118
186 77
45 193
150 93
131 59
145 92
59 123
47 156
156 190
62 180
27 11
3 62
161 138
137 199
93 184
91 131
123 156
71 41
180 10
113 58
44 71
104 71
190 195
143 146
61 58
185 191
40 44
2 167
59 195
194 137
39 143
129 143
100 118
189 140
48 64
14 163
59 85
65 24
120 156
83 116
79 84
127 199
134 158
54 16
52 94
94 137
6 144
121 189
190 141
137 135
93 110
89 25
93 133
52 116
85 82
96 23
26 166
55 24
104 15
99 15
57 31
36 155
62 126
87 108
58 110
12 29
10 122
166 163
115 122
168 70
14 124
144 174
185 170
86 148
164 190
75 10
165 78
184 11
95 106
151 87
185 2
170 98
125 187
20 73
125 103
28 166
167 30
63 48
10 181
94 91
138 45
176 42
117 31
76 16
90 100
72 88
155 43
165 117
136 186
171 146
37 24
98 199
9 138
18 107
33 66
31 40
154 74
194 187
164 99
175 75
90 145
84 98
139 93
27 32
9 66
110 132
134 130
10 41
74 127
141 22
112 181
83 108
72 38
178 55
74 90
9 155
70 40
74 162
64 14
78 6
28 154
118 4
107 177
47 184
133 126
122 96
178 9
83 69
94 75
143 139
176 190
14 130
106 152
85 13
71 80
52 37
90 36
115 88
101 14
105 120
117 85
28 85
151 127
193 82
184 129
120 23
64 169
51 1
113 195
139 25
199 11
20 8
59 138
145 90
117 9
21 132
39 72
24 23
152 20
145 85
177 186
38 72
137 44
183 121
113 60
109 25
98 23
154 187
122 44
92 94
53 116
10 119
130 176
107 118
28 66
16 142
72 129
73 173
48 51
84 124
144 53
92 49
109 109
1 88
115 106
93 60
129 196
193 54
155 90
119 76
184 2
75 72
157 15
123 13
13 134
172 124
25 107
140 4
147 30
161 59
119 183
73 75
90 184
198 200
186 174
137 109
167 133
99 4
179 172
147 122
66 62
108 32
99 84
60 106
71 167
113 156
109 141
133 4
125 3
90 4
154 12
31 74
47 77
86 25
113 101
47 6
90 51
20 121
101 52
98 86
114 183
163 130
21 158
89 180
72 185
5 111
32 90
195 5
20 31
36 137
141 78
188 110
117 74
112 112
94 117
71 126
67 22
185 16
170 48
90 156
73 127
109 186
154 113
2 35
19 151
24 55
84 129
101 145
21 175
63 136
126 45
92 125
115 31
135 7
127 45
146 157
85 144
6 5
64 49
80 132
18 96
162 20
83 183
59 196
82 123
16 13
35 181
26 116
36 144
101 70
33 183
172 43
8 179
20 67
112 108
71 154
136 118
29 107
104 14
45 18
110 197
151 79
188 68
156 104
198 174
169 52
145 59
15 164
134 185
126 3
25 72
171 193
28 45
178 199
122 168
8 79
198 82
133 76
183 109
24 52
170 105
117 134
152 26
168 4
138 99
62 116
138 82
157 72
185 158
99 69
145 54
127 70
196 145
176 146
27 192
32 86
52 35
85 27
102 159
192 22
153 102
70 76
8 177
130 199
150 119
98 5
155 163
28 61
64 114
183 80
133 81
113 147
124 139
183 99
78 113
184 58
36 41
41 170
137 191
19 119
153 35
80 95
200 112
64 13
55 17
73 94
67 153
48 183
136 15
176 132
39 99
83 125
129 2
162 59
78 125
138 29
22 187
16 63
77 181
21 5
143 95
80 7
114 181
56 28
186 120
171 104
51 135
14 86
71 28
59 11
9 166
179 84
15 79
121 22
119 192
84 76
110 70
184 134
133 112
164 92
72 177
186 41
143 132
127 173
53 68
80 147
20 111
88 144
186 44
158 152
154 45
179 27
166 57
65 158
40 87
132 22
138 163
125 37
75 56
142 42
190 83
52 79
178 28
88 58
200 28
101 140
158 71
160 56
69 98
150 132
78 175
20 24
37 168
174 191
199 187
20 72
150 7
61 68
134 124
176 76
139 126
105 7
87 62
55 4
134 124
17 85
165 62
193 116
5 156
199 138
75 146
198 130
59 105
145 95
68 54
102 79
155 51
181 1
28 47
116 37
127 15
188 183
80 37
103 188
110 37
24 56
90 98
107 98
180 92
80 156
76 58
45 181
11 170
170 156
27 97
7 61
168 42
7 109
175 80
53 135
196 162
101 28
28 68
137 96
17 79
180 3
105 93
92 66
84 105
192 25
119 84
49 164
50 107
5 174
7 179
90 141
166 197
99 145
34 111
70 58
7 160
156 133
152 21
59 141
111 60
32 174
36 71
54 89
124 76
1 45
125 110
198 60
123 189
77 54
172 92
198 83
7 152
8 24
90 12
95 158
42 149
64 155
69 41
148 34
167 173
184 112
175 48
90 21
59 133
60 154
165 21
72 147
157 119
151 51
23 178
149 117
164 2
1 107
12 103
88 71
96 190
190 84
199 36
119 109
95 119
44 116
36 103
198 83
40 108
112 79
51 85
176 188
99 140
190 1
177 107
36 90
52 186
102 85
45 21
141 8
135 192
77 145
109 50
106 24
14 116
21 61
140 77
110 182
24 151
75 13
135 26
86 3
105 181
26 14
170 148
29 15
55 12
131 23
106 182
100 45
52 173
147 98
193 117
68 10
21 82
78 56
137 197
126 129
78 44
19 147
16 41
136 124
76 196
193 138
109 36
55 195
92 178
70 156
195 129
156 151
126 174
66 51
12 32
45 195
63 185
181 28
49 151
172 31
162 174
70 148
140 109
155 169
177 54
19 118
24 42
79 55
60 141
110 189
93 46
53 141
36 19
21 189
30 110
191 97
199 40
30 41
110 124
134 1
171 80
113 133
167 186
119 168
6 177
51 77
91 69
105 138
36 63
133 94
184 45
104 141
185 53
197 62
98 26
23 35
141 173
163 36
18 120
75 116
76 103
144 63
52 135
29 132
118 41
138 26
66 6
86 142
196 165
107 33
51 37
163 188
53 163
79 63
148 173
151 39
39 147
171 183
129 81
144 47
22 50
8 16
188 103
179 4
89 30
122 35
179 2
100 33
47 31
13 19
191 104
70 137
153 120
127 86
192 141
8 30
98 198
61 194
73 93
120 133
195 27
153 11
73 64
52 80
38 62
139 156
44 4
175 45
191 74
98 44
85 28
45 9
81 108
150 140
101 52
142 107
64 45
68 154
126 90
85 150
163 35
93 119
125 31
182 111
190 131
70 130
139 34
185 182
63 65
87 49
163 144
62 156
173 174
68 141
190 75
133 75
145 57
99 66
56 131
142 42
92 4
132 36
41 145
133 143
190 10
186 103
108 42
129 40
2 109
130 5
36 177
26 123
35 53
176 120
133 46
68 146
100 45
170 158
17 50
137 89
163 180
42 65
27 161
17 34
169 68
171 82
164 51
149 13
1 23
39 194
135 81
35 99
54 94
146 149
187 115
106 13
145 184
141 145
109 58
76 199
94 10
86 105
48 2
108 9
159 9
50 93
172 195
79 128
182 107
3 123
73 159
173 151
96 100
136 133
180 85
127 193
21 85
179 186
97 112
105 8
196 164
130 80
169 34
167 36
39 72
174 65
58 124
9 123
29 161
162 85
69 43
19 178
124 136
133 184
166 93
161 78
63 187
67 130
15 95
72 75
177 164
123 76
99 6
162 32
142 37
75 152
126 62
44 17
81 144
38 186
119 92
148 53
146 144
65 148
44 39
175 127
45 61
142 185
96 153
173 137
24 89
35 59
141 147
79 1
79 58
107 108
105 152
32 83
107 152
165 182
179 22
46 54
23 130
195 33
180 188
179 163
34 58
44 112
79 100
179 133
82 141
173 1
193 73
166 30
152 165
98 59
134 11
112 48
162 140
169 176
78 160
18 62
173 21
180 134
41 21
99 10
100 110
55 18
65 21
3 161
90 38
132 133
34 188
150 46
155 81
82 129
110 61
10 65
13 116
194 57
157 103
148 192
121 107
168 156
44 195
183 177
194 160
140 29
153 122
120 116
19 133
152 12
17 164
131 195
40 54
181 4
118 27
27 180
84 51
74 89
126 74
88 126
16 199
31 43
76 188
113 196
50 14
179 143
132 194
72 20
120 12
168 20
104 171
93 10
13 173
130 38
141 167
112 61
74 122
150 162
157 41
7 31
30 141
43 58
160 8
50 46
168 30
140 6
60 117
82 90
192 174
159 156
136 100
91 16
83 200
135 51
126 168
161 86
17 12
168 13
147 163
116 64
38 105
66 157
37 173
15 95
181 167
125 85
14 89
63 15
105 111
158 33
88 74
91 74
164 124
129 133
187 136
132 183
39 195
139 171
39 30
104 163
74 110
102 3
16 52
82 188
13 48
177 160
115 130
51 200
70 113
118 4
124 195
46 160
70 168
141 188
79 16
165 139
27 25
28 142
93 161
150 154
34 26
56 154
192 4
181 136
99 112
190 96
1 164
83 19
107 40
157 92
30 136
141 34
198 195
12 179
194 40
52 2
191 105
118 36
169 173
14 13
147 182
78 150
145 177
96 111
193 79
99 161
61 69
48 97
74 86
43 104
11 160
44 11
190 74
56 197
134 159
146 72
189 48
59 117
85 105
142 143
149 36
164 108
113 73
71 30
31 1
169 163
160 146
97 101
169 73
10 189
148 59
95 44
137 31
83 189
22 4
116 5
61 67
24 25
78 112
19 157
189 136
105 165
111 43
183 195
156 22
156 51
71 99
127 180
96 132
81 34
125 54
135 5
27 141
6 123
121 107
92 25
133 49
180 197
102 169
81 68
146 16
91 194
190 186
87 72
50 53
171 41
96 7
155 84
168 178
37 63
129 183
157 195
32 39
104 16
26 32
133 130
80 77
153 72
103 128
189 5
79 141
164 121
130 106
116 187
56 79
11 59
128 71
28 25
125 195
114 4
69 164
54 99
101 163
48 170
175 34
126 102
34 151
77 28
81 94
99 119
185 32
140 122
57 76
19 62
10 103
25 84
163 109
18 55
19 178
42 158
100 22
66 33
21 39
159 37
22 174
66 55
21 65
85 143
92 87
55 159
85 158
169 7
153 120
60 158
198 6
75 161
199 31
65 169
126 131
7 175
23 153
194 170
154 97
6 21
195 1
128 162
172 182
82 11
55 196
56 20
125 110
23 97
174 191
181 88
15 86
4 16
188 13
139 63
90 193
160 81
90 78
77 55
39 132
193 98
61 66
132 139
197 119
178 141
83 87
131 82
151 139
2 76
69 91
132 116
65 40
44 200
156 34
34 149
120 139
18 65
189 54
107 168
144 145
70 72
18 187
139 77
54 87
103 152
29 157
51 79
149 45
158 199
31 24
160 98
125 150
69 119
176 57
117 127
157 196
5 35
152 63
26 74
164 139
19 110
165 80
52 60
169 26
58 43
198 102
41 116
141 1
131 37
78 33
164 186
117 191
182 190
29 45
53 72
108 47
73 7
12 92
37 103
130 108
80 35
36 29
192 122
13 182
18 115
133 131
62 111
29 106
56 192
101 126
190 123
159 170
195 94
14 16
179 48
106 197
41 163
59 8
136 176
93 121
33 13
22 56
93 21
58 159
57 57
184 96
57 58
53 71
47 8
115 122
56 195
106 159
125 171
93 39
11 26
124 42
98 62
31 88
53 154
195 158
6 190
157 5
61 58
76 68
118 61
82 17
37 95
139 69
86 81
113 147
16 57
126 39
160 39
71 174
87 110
9 139
194 180
74 194
191 146
134 41
177 146
169 106
16 168
107 63
190 45
45 8
141 22
188 104
174 143
6 71
149 151
176 105
159 94
119 147
179 97
113 100
172 115
145 20
7 50
63 2
101 176
186 118
2 105
105 10
88 42
162 164
83 133
106 183
69 178
146 37
161 6
157 199
22 101
176 178
155 17
101 150
195 72
146 34
4 37
193 25
161 56
63 200
103 193
53 96
180 54
94 87
168 32
97 63
132 137
19 150
16 76
188 34
145 87
180 110
13 132
9 20
95 46
24 27
28 92
87 111
17 58
74 1
188 37
200 99
171 5
104 142
1 61
166 62
91 90
108 149
182 193
128 25
32 179
43 73
53 85
178 105
33 101
184 83
66 56
55 44
78 100
8 120
117 199
77 3
194 152
168 170
92 70
121 84
154 56
79 4
18 76
28 105
194 58
106 41
4 143
124 194
112 55
109 138
91 89
155 138
175 24
112 180
128 134
39 38
170 142
73 130
108 152
13 155
63 36
182 9
3 164
166 149
136 28
72 101
98 117
200 159
67 128
14 143
180 99
68 9
189 9
6 91
8 155
184 69
58 186
127 59
131 75
190 43
159 99
167 172
27 168
83 184
52 179
39 181
159 78
32 155
133 121
112 58
120 71
103 100
33 179
103 66
32 32
62 166
178 122
50 178
117 33
111 198
3 24
182 67
20 137
39 58
117 79
175 198
31 36
163 69
44 148
80 51
109 158
168 2
160 66
18 193
28 20
116 180
193 36
15 92
178 187
64 23
75 69
154 184
61 94
166 78
70 53
101 165
49 8
146 53
133 126
192 39
8 147
56 68
81 189
113 107
96 1
163 28
109 80
148 11
41 42
150 84
87 80
60 45
23 161
105 163
68 105
142 89
189 74
192 71
184 165
123 149
13 17
144 46
103 169
161 65
55 60
147 75
52 141
37 111
8 150
78 189
96 190
81 116
69 97
145 182
145 139
177 106
100 21
92 92
190 199
81 58
98 133
163 175
9 82
106 149
86 174
13 118
14 186
195 174
122 11
151 181
188 157
133 75
159 4
72 162
112 21
200 170
152 183
20 127
122 156
69 116
83 83
96 140
145 43
98 137
177 198
163 185
103 178
23 123
55 62
160 134
42 6
90 1
94 52
130 171
123 150
32 14
26 195
17 71
35 43
107 128
69 53
195 21
30 175
143 19
85 35
65 4
55 48
59 52
131 115
106 78
150 86
112 61
92 64
75 194
36 114
128 103
76 3
51 158
185 150
200 90
154 120
167 198
102 186
129 190
182 3
121 186
153 51
95 99
2 56
148 59
142 93
134 22
198 51
93 158
4 42
145 156
96 82
196 142
190 58
84 139
12 47
71 156
39 17
159 186
122 136
15 79
159 158
58 188
182 6
162 52
176 70
195 189
36 60
112 152
40 99
119 72
81 107
126 69
12 28
84 22
161 186
59 6
192 170
94 23
114 9
171 61
146 92
137 86
66 177
91 15
125 2
33 144
69 49
22 55
21 34
130 133
10 19
9 134
112 92
118 181
27 73
27 37
145 128
118 41
138 162
74 145
24 100
108 7
162 1
25 162
54 110
19 110
175 143
171 101
75 24
102 94
103 157
10 117
6 170
172 39
54 71
30 187
79 161
87 157
55 37
121 136
191 183
177 160
125 108
145 50
198 30
172 157
5 57
190 1
61 99
136 130
144 113
197 108
196 89
15 186
39 96
110 152
175 75
57 8
8 200
96 88
163 189
49 82
157 94
117 79
117 74
8 63
58 141
81 42
197 57
154 96
104 51
14 149
106 115
154 57
169 112
140 182
86 153
80 160
166 116
52 151
117 186
148 77
75 54
199 153
169 91
165 179
176 118
8 13
12 43
200 77
69 62
31 135
150 115
24 8
200 21
196 99
117 162
19 118
43 49
136 129
48 169
94 84
94 175
170 197
60 84
91 32
66 73
166 134
19 102
197 139
172 20
169 52
106 112
168 186
151 64
61 16
85 105
196 157
192 187
141 74
108 95
186 170
174 145
61 100
47 5
64 181
192 180
96 99
92 198
171 175
166 191
111 81
161 109
94 80
73 106
150 142
34 188
16 129
177 133
28 1
160 149
47 65
177 52
88 63
34 196
194 96
109 2
52 192
198 152
7 180
28 151
25 148
63 36
33 13
175 64
19 164
92 133
107 43
125 169
37 25
72 68
200 187
22 159
174 154
128 192
87 77
169 18
156 159
108 118
94 118
12 114
68 126
124 153
72 129
87 51
13 154
41 141
58 9
39 90
117 81
120 9
90 87
77 98
153 195
67 132
186 187
28 158
128 67
89 119
128 102
130 13
117 48
143 69
21 135
189 103
184 170
59 89
110 31
184 135
58 102
34 16
121 5
186 72
55 133
146 24
24 152
119 16
148 43
175 46
19 118
42 192
175 183
109 77
37 46
143 129
23 136
35 169
33 185
34 61
20 16
104 113
177 118
103 130
68 76
60 159
188 186
83 159
55 128
11 43
194 155
109 148
28 176
73 88
118 64
62 110
145 111
64 142
11 96
190 137
66 191
71 15
7 3
20 167
25 190
71 68
186 106
160 149
175 23
97 97
123 123
33 46
59 113
96 56
23 121
176 165
104 190
99 24
77 168
37 176
93 19
151 132
2 41
81 14
162 111
10 102
43 180
60 55
34 39
127 170
179 1
44 189
54 34
140 169
199 164
58 25
115 165
86 17
132 193
186 165
85 26
176 195
200 98
54 188
101 105
96 79
63 97
112 86
57 158
190 119
141 76
30 105
75 83
125 97
4 128
107 159
134 144
89 95
151 118
151 46
126 89
107 186
19 25
83 10
82 17
129 114
29 195
87 24
10 123
12 84
131 61
111 195
42 22
176 191
194 135
166 86
32 163
193 147
43 7
157 109
166 14
196 88
37 6
24 170
63 174
36 70
132 118
114 45
54 87
189 59
83 188
145 13
183 179
22 154
131 102
13 52
185 45
43 50
4 194
135 4
97 163
155 196
185 19
33 160
200 83
168 192
141 144
131 2
152 62
86 106
32 139
64 43
38 155
102 80
113 134
2 75
40 200
74 81
62 47
184 28
123 55
1 97
2 101
18 50
72 82
171 69
125 151
116 37
156 56
14 147
70 195
106 115
32 154
156 26
91 184
111 72
97 156
182 12
163 188
35 36
85 118
98 17
61 62
105 40
9 139
76 112
7 36
154 175
111 63
77 159
40 89
46 109
10 12
176 144
20 129
53 17
100 128
93 9
187 16
164 17
90 104
47 84
48 6
180 146
62 103
45 53
90 182
18 117
95 111
7 43
131 45
191 79
43 1
176 166
55 58
19 99
182 124
21 132
140 109
73 30
131 106
48 198
108 169
14 123
74 24
40 136
14 126
67 133
88 32
100 109
13 74
60 50
50 53
182 104
142 145
31 173
93 109
167 190
97 136
176 8
44 96
167 79
10 88
8 100
17 121
75 99
158 50
8 158
30 54
156 173
144 68
180 50
63 41
26 190
115 132
195 168
116 81
72 106
105 106
39 122
42 100
137 113
185 3
23 46
121 116
170 55
132 102
187 39
97 93
11 81
169 107
142 149
55 195
160 87
145 33
3 126
165 172
68 46
155 123
73 161
162 57
90 36
15 10
171 10
131 78
131 147
75 183
60 6
38 65
101 52
146 144
54 88
177 121
46 18
79 74
7 89
54 141
65 163
159 165
174 24
74 101
165 103
173 158
112 161
38 178
79 1
129 14
44 27
105 19
196 106
29 2
2 123
27 37
131 173
182 33
98 25
178 58
90 83
57 154
165 102
149 21
161 139
136 14
35 127
76 65
93 51
28 197
27 120
180 62
87 142
163 124
79 154
37 108
156 66
67 9
179 184
82 4
89 24
94 185
52 167
146 162
178 164
36 26
102 121
91 156
31 194
153 75
184 19
146 138
49 127
54 141
169 42
114 147
194 87
125 130
64 122
158 176
17 148
80 49
75 61
63 56
189 183
42 34
43 78
44 138
111 109
129 85
115 57
15 69
85 125
85 81
52 66
135 44
114 133
73 164
19 81
15 60
11 92
87 67
185 13
27 40
147 92
40 93
128 4
94 93
84 34
3 100
105 157
46 200
119 55
194 128
37 199
88 130
176 200
145 19
147 199
87 3
175 142
92 172
53 102
28 165
86 88
75 11
1 45
104 42
183 23
147 40
73 48
141 98
110 115
139 134
55 78
4 99
88 51
138 181
4 180
198 136
124 10
128 139
197 27
106 105
20 137
35 185
199 167
96 68
24 4
4 117
20 85
9 40
56 127
120 28
100 146
35 177
129 110
149 9
9 29
79 31
9 21
97 34
141 176
133 139
26 93
129 78
155 142
124 174
135 196
110 174
72 193
162 20
197 71
123 52
5 88
58 19
150 47
37 96
34 134
70 190
197 58
5 68
62 169
179 157
129 16
178 68
1 36
137 177
102 114
57 165
176 149
183 155
5 177
32 105
176 97
81 156
25 86
59 116
123 43
82 142
89 159
180 4
108 143
5 123
75 127
193 73
181 88
31 79
143 78
29 114
90 1
140 54
128 176
81 33
76 88
122 40
117 155
159 76
5 179
76 61
158 86
109 121
177 93
93 107
108 104
141 175
93 100
1 72
99 148
107 117
123 134
129 13
11 168
69 123
174 30
94 10
88 129
160 121
54 3
179 52
29 103
43 139
90 57
126 141
25 47
28 36
66 181
44 115
21 11
47 111
113 46
51 25
103 159
135 130
168 167
127 122
185 94
145 29
29 109
38 33
24 95
68 109
184 95
198 65
88 198
42 190
135 102
143 32
166 136
49 144
124 134
117 3
99 45
26 152
196 126
168 81
135 63
56 53
41 85
182 142
5 176
116 178
98 76
22 169
130 62
157 102
66 132
61 20
184 198
21 146
184 44
170 161
93 29
119 170
63 94
53 97
39 162
166 48
117 20
74 42
20 15
89 63
12 25
49 146
71 184
150 100
25 125
87 111
105 63
15 156
116 169
119 187
72 98
109 171
140 129
127 74
60 172
57 183
8 95
153 133
194 7
129 57
153 116
113 69
115 118
28 184
53 135
156 97
104 12
199 103
105 112
188 106
198 144
99 163
155 45
11 108
4 47
128 80
116 199
107 166
127 134
59 51
79 123
64 12
68 99
174 148
10 151
86 62
2 102
126 74
131 127
168 11
62 188
200 77
26 152
117 6
158 182
132 129
67 122
128 44
199 47
53 58
7 174
35 79
82 76
105 69
85 8
66 133
127 91
97 70
130 135
171 73
62 92
188 153
67 71
133 19
48 188
119 166
112 159
155 74
138 23
66 43
26 100
9 192
158 55
42 133
141 53
41 156
133 140
37 59
119 130
194 42
158 105
75 69
140 88
21 138
187 111
51 23
39 129
83 8
24 10
146 104
80 16
97 91
135 115
136 143
50 135
88 170
89 60
1 163
105 184
194 78
105 76
125 190
166 79
178 59
85 4
121 104
178 86
196 175
196 129
118 85
112 93
110 76
91 83
102 142
175 192
42 199
165 146
38 39
138 54
151 72
27 149
172 107
154 179
63 63
114 50
4 157
56 172
158 117
131 104
140 30
64 9
145 177
140 78
139 156
26 2
166 21
79 158
130 142
166 70
193 21
103 134
76 188
51 51
194 123
186 149
181 122
196 97
152 147
109 137
136 106
122 13
180 67
14 140
128 85
135 77
45 35
121 58
144 180
110 97
62 134
110 53
103 12
110 124
78 128
142 179
70 105
39 132
105 125
118 34
124 42
33 174
68 97
140 25
47 35
182 159
147 178
67 187
166 121
137 5
113 197
36 38
46 62
39 94
64 193
100 115
71 130
133 154
117 116
80 110
25 62
112 126
66 46
14 159
151 41
117 34
2 120
41 116
64 118
35 57
120 126
110 142
4 32
102 3
113 101
81 122
195 123
22 156
45 93
137 63
158 82
81 136
186 165
149 95
137 135
175 165
123 31
85 114
154 125
40 44
36 19
192 27
68 45
99 192
10 90
15 76
51 146
69 48
158 170
147 27
111 16
180 25
121 88
56 133
157 60
97 107
188 112
155 13
39 153
196 139
132 74
60 58
94 6
6 91
166 155
121 197
164 139
34 157
187 75
49 157
151 102
130 116
68 162
77 165
44 40
44 87
116 153
199 151
181 102
196 193
169 134
107 19
13 100
122 65
43 158
179 27
44 187
48 89
36 37
82 138
90 93
114 12
43 173
175 135
30 124
5 181
98 98
22 113
128 47
136 118
168 105
84 151
93 26
50 109
170 131
192 63
175 129
17 173
119 182
139 161
174 179
141 99
100 121
71 54
26 153
102 136
172 184
46 194
12 110
35 192
191 164
195 139
45 160
73 73
71 26
62 198
45 121
195 87
196 7
198 80
87 198
182 171
122 156
153 54
171 173
35 135
109 180
60 23
126 196
23 91
88 18
126 55
2 119
57 85
68 16
106 96
36 151
151 27
37 192
94 98
28 106
