p td 150 2400 
5 70
73 59
145 109
87 56
50 18
54 96
22 52
137 53
20 118
32 100
31 97
18 23
39 82
77 65
61 135
99 63
109 72
73 63
105 68
71 57
47 31
50 18
135 84
56 108
80 64
120 131
109 104
30 111
82 10
73 84
28 70
27 113
25 111
49 75
29 79
71 114
81 54
87 120
59 115
68 69
73 102
56 41
119 115
62 86
29 26
141 41
71 132
49 1
25 10
14 139
129 13
106 62
141 72
1 100
31 101
105 9
76 148
59 77
142 97
72 15
127 48
34 137
65 90
103 134
149 120
15 42
43 8
58 28
121 130
45 57
39 11
136 143
46 80
30 142
25 35
47 108
31 88
71 17
98 84
41 8
144 33
39 121
101 7
60 56
38 60
46 113
81 130
27 103
66 45
104 93
24 42
86 78
67 16
12 27
95 31
118 134
38 27
59 52
87 5
107 51
9 122
111 52
58 64
70 16
110 16
94 45
123 68
122 68
122 38
64 67
117 110
27 88
125 83
69 76
62 85
80 115
76 26
137 53
139 106
41 113
29 42
59 113
40 29
82 123
8 98
55 41
14 146
56 144
140 110
81 61
146 131
148 52
87 102
23 118
84 43
20 14
29 8
29 98
17 144
81 33
39 46
27 23
142 56
149 4
117 117
49 132
144 105
50 30
129 112
138 127
38 140
114 69
85 12
48 102
55 46
95 123
137 132
61 147
82 48
113 143
16 1
120 77
50 1
2 34
97 5
129 59
85 119
22 20
129 60
12 40
16 14
110 104
97 62
123 120
26 3
46 147
81 42
150 78
22 21
49 5
22 147
120 38
80 7
98 144
129 58
100 84
66 148
6 55
38 95
66 85
111 20
21 105
124 113
56 121
66 59
17 125
2 144
146 139
77 111
42 121
28 103
103 83
57 139
139 35
107 106
138 48
43 77
32 41
101 74
74 103
78 70
72 19
110 60
82 75
31 95
110 87
48 91
26 37
115 144
27 130
23 22
28 32
126 99
95 82
28 81
5 37
65 48
52 129
138 17
59 37
107 110
53 56
33 108
143 45
56 142
63 145
3 141
145 56
112 83
104 19
10 4
29 149
113 82
68 89
91 60
90 11
28 118
74 12
137 17
53 39
48 134
144 122
126 147
112 118
67 67
16 53
80 32
7 4
14 103
40 78
23 134
52 59
131 86
31 139
113 65
117 147
48 22
81 91
4 87
97 32
131 10
87 144
50 136
38 97
77 38
86 11
45 103
137 81
29 6
74 32
16 44
102 109
41 49
85 55
41 28
102 51
115 57
75 134
107 18
147 126
116 123
117 67
149 113
24 39
4 120
144 141
96 41
29 112
131 8
24 38
91 61
146 109
23 45
69 62
142 127
135 87
1 141
146 83
105 61
91 122
6 88
29 131
121 11
51 117
26 118
39 13
139 147
89 95
105 47
117 79
120 65
28 71
44 42
93 5
106 8
74 88
130 142
114 99
123 88
108 100
7 105
125 9
71 124
107 100
116 110
59 21
126 93
86 50
21 119
3 78
112 40
118 102
63 79
93 137
118 19
58 137
28 114
73 78
29 9
66 124
42 114
75 135
97 51
19 142
27 25
96 125
148 1
105 14
14 93
149 84
133 22
8 3
139 98
132 79
109 41
135 130
77 27
48 41
5 91
9 67
56 130
110 92
34 23
8 8
131 28
47 82
10 54
117 107
75 12
138 131
75 50
60 82
1 28
33 81
89 61
82 99
117 119
3 148
12 116
144 34
78 33
32 97
145 25
55 77
100 57
15 84
112 30
127 97
119 42
80 43
35 77
39 8
93 88
103 45
121 28
78 64
140 104
130 24
6 53
113 53
114 142
108 117
99 108
67 17
112 7
129 42
43 122
54 115
69 142
25 88
130 84
119 114
82 108
12 144
4 15
135 101
90 108
3 106
62 75
28 135
112 8
144 116
107 56
143 148
121 90
56 2
57 6
75 59
94 95
149 137
43 38
50 45
79 133
67 7
27 133
50 1
110 38
146 149
77 83
21 39
135 51
77 13
140 83
111 141
118 126
26 100
86 133
109 41
5 144
122 148
149 27
61 140
94 50
40 80
111 132
92 99
85 57
54 105
76 102
28 70
73 41
141 37
58 37
93 97
120 62
49 101
96 79
51 124
19 78
26 30
77 63
73 60
132 29
146 78
31 41
44 56
74 58
72 64
14 63
106 128
83 143
141 138
100 44
92 146
56 119
34 51
90 30
130 74
39 86
141 148
73 31
7 58
109 40
89 38
58 98
58 83
56 27
11 100
5 135
76 73
8 148
144 119
50 49
132 129
18 146
60 42
121 36
119 104
145 46
35 129
63 22
94 141
26 70
95 44
128 130
24 12
14 101
14 119
20 42
19 13
39 80
64 98
75 112
81 9
39 79
13 25
123 18
70 86
109 54
46 64
150 118
78 96
126 16
84 88
41 22
1 143
32 40
147 149
145 130
34 143
82 4
21 150
115 144
97 83
67 91
68 52
101 34
49 60
119 59
20 95
10 119
72 60
132 59
53 76
111 10
32 113
22 126
143 87
87 20
32 52
108 137
45 49
16 38
60 136
50 72
140 91
78 18
59 17
113 50
81 19
147 69
76 19
5 134
138 56
48 33
1 139
11 85
119 85
63 50
39 136
121 122
140 108
58 10
114 129
14 92
29 13
40 12
55 75
99 149
109 40
102 66
4 99
24 58
130 121
134 48
144 69
144 16
113 97
47 120
44 44
14 144
22 150
1 125
130 133
111 36
146 105
105 100
1 107
98 7
67 131
42 109
130 130
123 48
68 68
12 90
72 79
138 25
2 71
97 14
146 143
92 140
53 140
83 139
10 124
17 39
124 109
128 9
121 104
48 50
107 57
10 37
69 38
3 101
4 129
143 98
107 12
78 49
148 105
14 24
48 123
38 56
128 106
72 21
109 25
121 9
79 67
81 130
53 120
130 64
110 18
60 130
8 144
77 66
32 84
90 109
101 125
8 114
142 57
75 12
43 17
89 137
50 10
28 107
31 131
14 58
98 52
108 57
101 11
108 37
146 12
114 95
49 87
88 33
115 35
62 10
30 62
12 120
75 96
145 59
50 78
146 17
34 134
116 111
55 38
51 70
44 139
101 145
137 27
115 127
138 128
111 89
38 9
82 106
41 112
79 137
89 52
127 104
35 35
140 102
138 98
102 127
133 21
58 149
108 135
48 68
149 136
65 110
85 113
105 142
23 128
58 24
34 140
57 72
13 51
32 95
144 100
118 24
104 80
26 23
35 98
60 83
116 121
12 126
4 27
139 101
11 29
37 7
135 12
88 117
79 22
21 22
8 25
57 127
109 21
2 57
54 44
74 3
40 129
69 3
56 125
9 106
16 76
13 60
23 18
134 2
97 47
115 145
47 100
30 83
26 64
115 27
141 48
88 15
62 29
129 40
136 59
125 27
42 28
108 46
41 61
54 88
30 39
7 12
69 121
3 107
50 113
25 123
106 21
61 62
114 131
31 93
97 102
131 89
80 32
129 92
121 67
27 18
143 123
16 18
113 7
53 40
123 111
7 55
81 99
85 85
119 105
150 128
54 70
90 100
8 81
132 19
73 44
79 78
143 62
14 23
10 46
33 130
80 50
89 32
32 96
119 80
41 147
145 129
31 105
23 109
64 134
117 104
14 108
8 46
145 9
51 21
21 46
93 123
134 103
99 37
43 79
35 126
129 145
1 57
83 56
99 137
46 41
58 92
22 113
118 139
44 87
100 19
6 13
54 55
131 42
103 110
76 128
38 56
30 10
102 96
51 63
4 109
41 144
65 109
125 61
24 101
19 105
40 55
63 109
77 37
11 11
139 112
47 33
60 101
71 143
64 60
39 143
30 104
56 7
81 103
80 3
47 51
91 40
126 130
77 73
90 141
20 121
32 46
15 53
77 125
16 61
114 35
135 48
144 52
131 146
4 24
8 63
80 139
106 92
51 150
12 2
124 31
129 59
146 136
132 108
74 72
132 110
132 26
20 96
21 122
4 110
61 9
128 71
62 20
83 114
37 43
138 64
107 63
110 145
39 78
19 45
26 126
79 104
109 64
83 57
35 113
123 111
45 135
136 10
25 67
140 122
11 3
88 95
102 72
31 48
17 116
44 46
115 128
140 113
43 122
130 39
83 137
52 52
19 92
103 142
84 45
109 40
142 114
5 127
64 132
44 129
147 81
66 77
6 85
137 67
27 97
64 11
20 60
25 68
38 112
41 70
24 37
116 11
100 87
64 54
60 101
77 5
11 89
103 99
92 105
106 39
43 127
144 33
120 144
124 68
125 57
24 142
140 130
40 93
70 121
114 65
137 119
115 82
39 32
132 37
113 61
41 69
146 80
83 96
60 126
118 136
99 18
20 46
123 10
35 70
125 52
101 9
67 145
95 18
81 25
150 93
16 63
32 61
24 51
18 26
51 129
52 26
88 98
31 120
140 83
47 68
135 9
124 42
81 137
50 39
93 42
110 129
83 76
101 119
17 121
147 147
32 20
101 7
147 108
21 35
63 70
40 140
77 113
87 144
41 142
55 24
22 62
33 48
4 96
7 108
26 131
83 94
76 3
3 134
96 74
112 40
104 133
78 21
3 98
25 40
87 25
58 82
119 51
143 4
75 24
47 12
109 54
90 131
26 2
136 8
132 114
4 58
12 109
102 17
76 53
85 53
119 128
106 98
80 38
9 83
132 60
150 65
137 101
15 110
90 1
70 96
24 25
138 31
44 56
69 116
150 121
105 27
74 103
125 81
41 51
118 11
94 16
3 146
63 18
103 9
67 89
61 106
72 76
148 106
3 72
100 147
30 127
58 71
75 94
58 16
80 123
150 76
147 101
65 33
111 138
121 80
98 68
24 123
102 15
23 54
20 135
45 102
29 4
56 70
88 101
149 106
74 102
62 115
10 78
148 128
27 117
135 108
86 87
58 131
82 15
115 21
110 147
59 43
62 79
101 59
148 93
83 84
60 43
68 112
50 3
113 26
113 78
83 18
132 119
136 37
8 118
83 34
64 115
20 121
134 96
124 69
45 51
62 117
17 73
120 66
4 108
8 88
20 114
107 147
19 95
3 83
143 56
78 48
90 147
141 122
19 108
3 114
112 61
59 30
23 63
27 130
95 23
99 123
64 35
66 128
12 100
148 137
146 18
40 143
46 52
14 146
96 53
91 28
66 122
50 8
42 28
147 48
114 21
132 107
11 54
52 95
115 149
105 111
40 104
120 103
103 68
78 4
85 12
102 28
114 58
9 86
2 32
10 62
35 33
102 23
14 72
47 92
36 53
121 89
136 30
76 18
36 66
32 25
149 23
143 55
118 85
114 91
140 71
106 139
136 121
86 92
75 42
137 62
125 52
1 77
4 146
44 26
75 42
103 36
67 56
7 115
107 124
1 130
135 138
110 120
102 51
81 99
131 14
8 61
24 125
35 67
49 119
147 90
88 26
72 131
83 134
119 31
66 110
97 17
88 117
26 22
131 108
50 27
135 108
8 116
42 72
134 44
32 15
7 134
9 130
44 63
95 1
74 30
36 136
51 73
128 140
134 26
87 107
8 50
9 128
47 35
8 43
44 131
147 87
50 84
136 52
54 19
73 74
134 39
149 117
127 36
5 17
116 1
114 86
118 71
59 4
144 32
108 58
6 135
19 24
24 133
5 49
149 38
1 20
126 129
94 79
12 141
150 99
17 4
73 18
102 24
36 92
133 16
94 101
17 100
125 44
92 81
118 132
110 13
99 54
30 46
134 104
29 126
70 121
84 47
122 107
40 101
145 47
72 116
139 41
56 51
86 39
112 24
7 9
80 138
96 120
24 8
106 108
68 132
146 24
122 37
64 145
123 3
105 82
9 13
51 146
62 136
134 37
12 106
110 116
4 34
39 120
147 3
34 20
124 30
68 12
150 103
117 110
149 52
148 149
140 78
47 79
132 64
130 26
19 46
136 117
68 65
113 71
109 17
67 70
146 60
6 19
136 38
15 134
50 96
72 10
56 38
29 64
64 22
108 37
53 59
14 33
28 74
39 71
5 22
13 86
16 97
16 96
5 16
98 29
80 80
108 51
127 4
141 71
81 137
142 140
41 14
62 74
34 31
104 145
144 28
89 82
80 25
112 19
94 122
47 146
29 147
34 111
34 145
102 77
60 3
96 75
142 42
100 46
17 35
133 132
65 44
77 79
34 83
59 101
48 60
132 141
127 22
99 138
74 89
73 85
140 26
144 99
144 92
47 108
130 47
128 83
133 29
35 94
89 27
71 150
12 69
67 5
16 84
148 140
92 21
100 117
121 80
133 69
105 29
81 78
67 75
19 50
78 116
89 116
103 19
23 137
73 134
27 150
40 47
137 43
10 71
73 149
112 32
88 28
36 3
76 84
25 141
96 82
142 52
33 37
31 123
129 150
150 83
146 92
18 122
128 23
103 93
95 124
37 80
21 94
34 135
96 142
109 83
49 19
45 149
126 149
100 32
124 150
101 5
1 90
69 2
68 6
98 109
134 40
36 92
121 62
142 115
144 62
115 130
35 134
88 87
17 24
6 103
121 98
109 81
88 35
123 117
145 87
90 4
148 93
1 135
56 40
64 59
110 64
113 81
65 150
103 68
34 92
139 122
67 129
28 19
121 138
148 108
136 144
112 113
34 21
58 11
145 132
106 107
133 137
147 70
14 18
32 123
150 62
103 124
12 34
37 10
10 29
130 118
47 21
12 102
46 83
9 6
140 133
109 111
76 83
31 53
36 149
112 82
71 65
126 17
86 19
63 47
118 129
49 30
72 58
129 1
29 36
44 6
143 102
139 15
81 133
79 119
141 119
105 94
35 43
147 128
107 143
76 62
119 119
28 47
3 8
102 36
37 148
80 46
112 105
128 11
100 147
15 125
49 65
69 86
51 35
99 53
89 126
13 95
24 64
42 49
36 2
137 120
35 109
133 39
19 118
26 2
5 119
3 131
87 128
130 91
19 5
143 88
139 67
8 88
40 8
37 49
72 100
70 42
123 112
36 61
44 74
99 65
104 55
38 148
70 73
9 62
58 17
30 146
123 33
53 70
120 2
78 133
20 94
27 7
145 97
128 101
99 150
118 123
66 42
55 57
79 96
45 48
135 57
80 36
98 25
83 146
69 143
106 69
66 83
83 18
110 84
100 39
76 97
24 39
57 37
41 49
82 48
76 120
10 92
47 124
24 21
115 53
49 3
26 119
33 121
145 19
139 81
85 50
7 78
124 40
44 91
112 16
39 74
45 119
142 66
137 32
135 60
25 120
121 115
35 6
37 50
54 71
71 76
64 31
150 143
108 150
114 69
14 53
121 5
15 105
32 30
53 68
11 102
119 12
78 121
98 76
140 12
68 20
142 127
74 110
92 79
16 138
83 70
93 98
114 11
109 46
90 77
40 143
134 72
47 48
98 102
41 31
129 100
102 54
46 2
82 59
119 74
119 122
140 142
33 50
13 80
102 116
126 33
63 75
29 126
108 102
135 101
49 127
102 7
24 111
87 16
54 126
37 64
136 149
132 106
82 48
143 13
49 131
34 69
126 23
59 140
91 149
85 38
13 24
55 146
148 18
47 144
43 133
48 17
120 4
16 72
100 92
119 115
95 126
141 37
44 55
15 58
130 88
73 120
21 67
111 145
141 128
44 87
71 10
34 137
3 72
33 65
42 138
10 140
59 150
142 20
60 89
128 94
70 145
111 72
140 146
106 37
6 125
145 66
9 10
126 12
83 86
135 50
147 81
69 143
89 85
5 72
128 91
115 143
62 85
8 15
103 97
19 94
150 69
118 81
150 3
39 65
121 139
105 14
125 84
86 101
93 110
124 37
4 104
81 116
120 49
136 65
112 122
57 63
33 98
96 99
120 74
63 88
69 78
62 5
125 26
34 14
20 28
46 20
97 44
89 109
10 96
57 42
26 51
67 57
84 15
117 50
146 76
64 7
82 71
34 80
96 92
64 50
66 70
130 18
134 118
54 109
19 68
5 68
48 50
92 21
104 83
41 63
140 82
75 71
51 75
38 73
138 18
108 76
62 122
117 48
77 122
37 22
29 127
140 28
2 70
100 134
6 125
6 56
94 85
11 145
96 12
43 62
82 55
131 50
99 117
24 140
55 10
108 28
77 122
113 136
142 134
74 149
23 147
50 66
103 30
56 50
83 6
88 129
138 114
13 7
39 110
84 143
60 27
37 27
98 100
25 99
67 126
114 99
113 102
48 21
59 141
105 122
123 113
70 35
51 109
53 58
75 59
9 129
87 80
110 36
22 28
99 22
73 105
76 21
81 150
16 104
5 32
32 50
63 37
78 87
135 125
17 69
64 2
2 85
117 96
61 98
12 78
19 62
6 4
132 129
15 12
95 99
4 106
103 47
114 94
110 12
118 91
133 41
37 17
41 20
98 39
116 73
27 59
148 62
92 135
96 58
90 34
116 45
95 77
113 33
19 2
126 35
141 19
5 56
108 148
110 62
129 73
51 19
60 15
33 136
101 80
143 48
47 141
7 122
13 57
84 22
19 86
43 51
9 43
82 74
51 65
133 102
43 60
5 145
42 69
119 123
37 24
102 129
90 63
66 124
71 87
47 113
105 78
90 100
93 60
123 110
87 102
2 128
40 113
29 136
81 128
115 106
37 66
16 148
135 28
55 9
13 18
54 75
93 128
46 131
108 81
85 22
36 105
55 70
145 97
108 150
126 70
49 26
47 46
122 135
28 39
39 102
125 34
62 146
62 53
85 61
34 83
72 113
79 9
126 47
146 54
62 111
82 96
65 8
28 85
61 142
116 67
54 112
114 119
55 88
58 68
84 100
145 31
143 88
64 122
78 121
55 24
30 147
37 43
68 90
132 118
145 79
64 101
116 143
11 105
54 94
132 72
29 51
101 88
117 49
36 122
16 16
64 106
54 23
116 77
71 79
75 95
4 91
20 136
78 67
61 101
65 24
111 103
72 145
116 15
85 33
121 92
148 40
147 142
70 32
143 139
18 59
109 69
78 31
4 84
62 42
13 67
109 93
81 35
91 18
78 67
105 36
90 86
16 145
121 62
117 37
97 125
143 104
108 45
39 82
84 137
70 64
97 145
56 72
123 3
58 5
112 119
131 143
120 149
135 70
76 131
121 140
73 127
77 37
102 10
72 42
57 100
36 131
94 55
40 26
11 34
58 33
138 9
47 42
64 89
3 53
143 32
104 24
130 34
28 84
125 120
110 139
98 110
124 4
45 11
60 116
38 46
18 69
62 101
66 83
105 49
61 96
99 56
87 44
141 48
31 27
40 64
85 17
93 113
74 121
138 82
18 3
144 90
87 32
34 63
23 111
67 59
139 30
146 117
144 81
48 52
133 39
129 147
101 77
8 137
38 47
92 12
68 139
38 76
43 17
89 72
49 29
78 81
77 33
112 118
127 115
143 142
137 80
98 58
120 13
96 120
35 48
62 134
112 26
95 55
65 73
23 14
133 73
37 119
17 130
62 115
31 129
137 47
146 32
41 99
148 100
25 98
56 91
96 119
129 3
65 13
68 36
59 44
141 106
123 18
7 15
86 95
33 67
53 79
26 130
21 135
68 102
128 147
95 132
47 44
98 103
91 93
33 145
13 100
140 122
77 41
29 4
104 30
118 5
90 31
137 54
35 28
113 91
99 19
116 103
61 117
109 149
113 28
138 140
59 10
89 149
98 125
146 10
99 2
55 32
69 104
115 142
65 56
116 38
10 141
53 116
148 135
26 143
84 102
125 33
80 72
98 66
84 131
36 33
86 66
125 128
1 33
66 147
114 40
80 114
130 83
87 93
122 5
103 33
123 68
66 100
59 49
120 95
6 17
60 45
88 5
44 55
26 145
118 97
93 27
60 114
28 46
58 77
46 111
85 49
52 136
96 120
5 38
24 106
9 61
7 76
86 4
78 136
9 118
16 1
75 103
97 29
35 106
123 50
84 121
96 61
54 98
66 33
96 81
26 131
102 55
142 125
19 137
24 90
118 139
100 140
47 52
145 145
127 95
19 118
98 34
90 104
87 142
45 110
66 66
47 103
46 95
84 122
56 98
62 47
77 65
31 97
67 101
98 120
136 99
20 21
35 138
3 87
39 127
78 31
82 56
62 53
57 89
52 64
17 46
88 47
125 65
147 41
6 118
52 101
76 128
4 134
123 106
52 3
32 13
72 59
11 149
15 33
79 69
102 30
108 34
125 103
31 136
140 7
87 58
29 81
61 62
125 43
121 132
104 33
79 90
122 87
122 109
13 129
7 91
79 145
10 94
101 90
69 42
84 107
103 22
2 87
65 112
87 114
80 43
53 107
24 65
24 137
105 81
8 135
65 146
141 58
74 81
141 141
72 7
53 131
141 1
42 21
139 46
131 78
76 57
134 57
76 41
20 145
20 120
122 42
99 30
37 43
150 133
64 19
140 80
17 11
91 98
122 147
2 143
119 42
84 110
133 29
46 66
23 6
25 6
24 41
102 106
41 85
30 87
124 78
51 110
23 68
2 28
121 94
15 80
39 36
16 89
6 127
42 132
56 96
56 79
64 36
38 39
146 56
76 81
119 18
22 123
134 70
125 98
54 134
44 76
39 77
24 56
12 28
36 14
19 86
88 124
123 90
6 89
57 73
94 55
90 68
78 138
140 119
84 40
138 122
66 145
106 4
42 13
91 8
23 84
9 134
90 7
43 95
139 110
125 28
58 3
4 139
128 68
128 41
10 139
146 110
64 58
13 13
76 77
