p td 350 1400 
222 250
157 259
177 108
112 228
319 259
67 83
262 43
346 212
29 224
11 89
211 327
151 253
9 24
303 305
151 347
15 258
115 260
149 350
101 167
303 274
162 275
185 245
312 225
149 190
334 148
195 344
286 50
92 140
201 92
56 28
19 153
96 258
253 293
347 150
338 271
142 211
53 142
306 140
130 265
224 65
251 175
263 80
253 191
275 152
226 228
19 22
8 295
82 254
163 65
304 183
309 21
130 326
91 248
180 118
88 107
174 170
208 17
260 239
208 145
202 329
115 250
2 328
108 39
133 5
294 314
197 86
184 189
346 91
150 283
60 307
172 70
103 259
157 320
11 315
320 119
31 23
193 104
187 235
135 303
316 268
160 346
281 59
321 29
200 180
1 141
73 342
104 294
162 339
135 31
95 65
234 93
320 132
23 64
67 85
323 204
348 271
205 206
212 281
344 192
276 160
266 104
281 247
99 156
203 207
274 10
85 240
70 87
232 240
89 261
236 5
90 150
176 46
138 43
122 321
89 16
185 180
128 339
194 210
19 42
8 164
188 247
255 15
152 151
51 15
178 334
131 145
179 322
337 275
13 25
167 272
9 32
9 49
99 12
5 170
251 31
5 203
317 181
343 214
296 73
131 78
270 310
39 336
82 23
298 228
152 285
8 104
198 35
238 281
69 64
232 344
38 68
190 7
348 317
287 171
132 176
24 26
110 287
321 212
284 158
312 211
276 3
202 334
17 47
106 25
6 99
258 276
343 130
299 42
5 300
118 3
209 287
256 295
63 286
231 334
135 16
280 36
84 18
59 341
41 51
311 193
256 238
223 164
60 66
182 67
143 241
6 244
206 277
153 231
7 198
183 292
231 253
51 78
226 249
264 14
168 308
213 105
169 58
117 158
250 254
230 207
350 186
328 222
83 139
283 309
50 314
279 118
325 306
148 104
86 131
211 138
194 301
170 107
37 93
5 99
89 306
330 263
174 132
82 336
160 307
281 264
161 163
86 298
143 9
105 131
80 199
256 282
99 130
212 250
106 41
349 177
219 81
235 247
316 228
45 59
335 252
60 301
167 184
61 220
336 94
150 101
336 173
248 84
281 188
4 279
233 124
106 78
253 142
206 100
337 65
91 164
260 284
193 158
317 141
270 292
297 252
67 256
234 3
125 160
191 82
289 302
7 323
206 198
140 3
180 342
308 117
219 202
265 221
224 20
170 271
51 311
92 22
311 3
272 29
157 301
350 348
59 49
122 184
129 338
19 288
45 187
344 127
160 318
332 13
140 79
273 49
203 178
66 91
18 49
122 56
197 86
200 18
284 38
216 282
232 106
226 38
281 140
162 71
83 234
48 63
3 68
281 203
137 328
33 91
299 325
332 109
297 110
315 43
137 31
288 102
198 124
302 114
198 175
58 63
127 40
51 174
330 313
321 156
133 135
231 57
81 18
98 161
65 92
226 287
54 125
9 186
135 112
154 292
327 130
184 58
291 253
293 76
222 255
231 313
136 29
249 277
62 220
62 302
350 15
322 324
93 282
300 168
133 78
27 295
99 276
92 320
319 208
168 38
317 226
277 149
13 266
320 28
227 117
347 310
320 311
19 348
306 321
55 350
248 285
65 188
345 306
335 176
57 148
98 322
124 95
223 186
279 85
334 126
181 150
242 212
266 147
85 229
291 278
8 300
15 108
24 140
237 254
208 115
243 125
179 330
267 198
76 163
97 284
1 193
319 93
298 21
227 126
202 238
294 83
21 218
156 263
101 75
184 285
213 29
123 141
1 236
78 206
21 50
81 191
112 304
69 318
230 325
265 37
161 342
151 170
174 302
327 186
22 171
142 221
51 237
349 295
289 330
326 118
154 182
69 184
254 247
37 38
78 55
221 338
153 93
314 100
327 203
120 291
111 61
145 233
315 136
275 344
207 124
95 274
246 183
290 111
191 332
79 345
24 100
163 238
304 326
327 310
334 330
126 154
259 135
335 98
221 175
327 261
229 295
166 108
27 181
100 291
290 307
167 44
63 81
330 297
76 195
104 148
271 166
204 337
4 181
331 64
35 57
133 140
186 317
150 125
331 61
249 293
219 281
141 344
285 280
48 332
187 160
272 257
156 15
199 300
81 241
329 288
63 125
300 200
67 287
291 38
17 297
84 306
294 290
132 155
13 280
264 178
72 276
39 65
138 41
229 256
306 334
273 178
257 130
156 107
51 344
167 217
36 144
293 312
301 95
215 267
224 92
252 223
188 71
147 254
253 22
70 197
239 34
85 164
160 179
32 155
30 31
135 348
204 293
209 110
233 154
262 259
52 149
219 18
246 241
302 69
218 318
82 190
232 55
284 223
173 20
163 103
140 287
300 168
208 59
143 59
340 192
62 119
285 103
105 294
1 115
171 291
95 324
160 315
341 214
223 3
129 87
306 204
225 45
163 117
119 124
31 297
170 289
247 70
256 295
255 314
275 98
260 29
185 87
293 310
249 218
247 128
129 298
228 208
218 120
37 56
178 101
213 330
65 161
9 289
180 110
186 19
134 122
135 181
15 200
283 182
69 336
186 270
216 137
194 104
166 198
197 206
214 259
2 232
148 77
312 132
176 338
240 193
129 292
77 248
169 220
263 2
244 182
57 70
29 242
285 249
131 145
101 37
194 153
334 134
234 207
259 241
146 277
186 303
8 110
25 43
210 119
169 327
193 222
217 14
285 253
3 213
1 129
211 246
77 142
136 43
274 346
161 5
5 241
49 160
204 213
344 102
125 187
280 254
219 23
11 159
80 298
227 113
321 318
329 187
194 234
207 77
303 279
248 231
329 187
268 84
139 220
161 158
299 249
29 125
46 125
282 72
117 292
90 98
178 113
299 82
348 96
238 177
319 283
255 193
277 242
161 249
184 87
38 324
58 70
40 303
139 35
102 243
302 77
271 247
31 331
211 317
185 40
141 71
279 57
272 34
88 137
222 59
35 224
207 63
335 257
155 241
110 330
11 277
241 49
58 195
345 340
87 123
171 188
133 238
72 138
333 105
92 52
9 117
302 80
163 308
191 212
161 56
67 258
166 239
187 183
289 287
144 213
136 252
221 139
219 286
278 149
110 316
189 11
83 225
167 129
337 302
204 329
346 206
219 329
227 67
139 35
59 242
252 222
232 197
160 74
228 47
4 141
269 313
200 87
178 77
335 82
260 4
324 104
225 282
9 327
14 206
346 238
66 229
286 298
76 228
61 64
241 315
192 136
314 55
9 174
22 149
178 201
174 172
264 229
69 87
268 86
329 199
147 263
145 257
305 211
137 2
218 146
49 234
167 147
309 286
338 33
237 222
4 269
152 348
259 335
332 223
212 299
213 172
24 76
223 28
300 288
162 88
216 248
282 67
91 80
321 297
344 213
299 23
176 149
27 301
194 267
171 175
185 345
341 87
251 342
2 23
305 133
226 268
301 339
227 291
24 34
140 209
124 115
65 120
7 322
102 309
124 98
62 41
84 53
97 110
187 344
180 194
275 33
248 252
325 329
275 340
1 116
72 65
274 155
295 173
120 88
171 289
6 328
185 346
341 321
79 145
190 79
232 232
229 337
264 335
82 46
57 96
334 120
60 200
303 12
264 54
325 277
253 271
259 88
266 216
138 333
334 315
184 18
182 342
306 344
153 60
152 94
177 236
175 36
192 280
332 135
187 321
210 316
311 114
42 81
129 302
17 263
6 8
231 340
173 56
134 219
233 11
68 339
339 234
153 296
206 264
282 108
263 126
132 130
155 164
57 320
269 224
278 241
231 238
239 266
129 257
269 142
66 131
323 48
231 276
132 319
74 21
141 12
71 72
76 281
9 164
136 160
60 77
33 7
294 44
319 221
326 258
227 103
48 182
171 116
94 2
37 80
177 88
191 348
314 157
42 15
341 147
330 277
224 239
109 193
234 319
303 81
18 287
15 336
169 5
264 8
50 343
99 221
67 113
330 277
256 128
341 183
159 69
280 290
245 343
188 287
124 98
150 53
28 37
108 2
237 33
128 336
192 111
96 178
136 28
74 155
268 250
77 60
64 183
148 211
317 229
304 350
284 150
39 329
159 9
321 123
181 126
66 178
320 164
112 147
306 30
85 175
246 102
31 18
138 276
213 31
105 24
26 327
160 345
121 289
14 283
283 41
158 80
243 263
300 162
241 172
38 224
311 12
182 213
74 84
219 83
193 132
333 219
186 91
45 59
305 140
122 239
327 6
72 140
113 55
123 312
156 83
128 141
290 311
291 27
307 216
263 291
256 47
283 152
160 185
118 37
81 349
304 178
123 347
245 37
220 234
173 96
111 171
282 108
83 317
172 132
57 42
94 45
50 230
82 41
165 47
304 30
250 96
230 91
238 207
347 334
2 301
280 229
164 138
112 161
266 303
143 24
294 121
297 124
60 225
330 136
142 3
11 143
164 128
81 17
231 285
142 326
166 64
96 34
247 163
327 91
60 319
213 152
110 237
189 307
178 153
94 304
259 70
225 331
80 233
320 115
191 291
243 233
243 12
83 273
123 291
166 321
272 86
3 308
325 242
242 12
167 26
334 143
308 142
232 227
200 265
305 52
346 94
208 13
25 117
297 262
84 66
217 213
348 156
173 248
344 214
12 254
8 94
235 274
76 4
301 82
348 30
189 165
175 137
248 98
106 324
188 116
284 345
17 194
115 306
282 90
64 140
77 331
162 215
300 8
286 222
282 4
15 41
297 314
159 330
58 161
57 1
164 11
212 264
74 139
339 153
186 35
48 275
72 214
169 109
110 75
233 177
308 119
339 64
285 65
285 65
176 218
210 282
36 299
219 345
172 20
129 298
142 186
345 127
277 273
171 19
118 238
50 329
257 206
231 87
263 21
178 243
238 135
33 55
97 316
186 267
35 238
350 42
115 19
208 24
79 81
189 145
31 81
30 98
300 292
102 279
245 46
149 170
348 57
161 295
199 317
168 4
4 327
330 89
211 211
62 292
79 7
136 22
25 197
100 94
208 177
122 147
343 70
322 288
90 26
276 145
22 65
80 192
42 317
25 242
100 251
176 255
334 169
239 65
267 75
332 311
164 134
37 30
44 144
146 7
350 122
59 132
280 172
35 10
81 185
72 301
294 106
315 73
17 144
114 177
9 208
39 317
204 229
203 18
161 84
76 180
193 178
267 314
129 308
129 301
197 56
305 240
156 95
79 49
78 158
255 348
342 264
275 303
94 338
176 123
215 17
32 333
104 223
38 83
7 292
7 337
323 30
126 96
255 140
287 305
11 109
240 180
34 50
207 250
278 241
325 84
50 344
137 61
185 277
80 322
123 109
169 32
134 216
209 7
107 88
114 125
57 120
123 84
243 271
29 155
185 179
201 161
329 250
45 312
328 139
19 287
154 84
246 306
10 253
238 189
50 62
32 111
222 142
233 348
281 128
69 41
294 124
269 257
301 195
176 290
210 37
171 318
25 75
265 247
171 21
22 136
263 42
301 98
262 165
157 106
192 180
288 346
41 334
293 156
35 170
238 136
181 321
282 14
78 96
53 291
257 314
207 247
317 242
271 247
199 270
157 168
223 294
121 201
97 259
58 91
222 172
226 89
22 169
348 202
166 267
55 127
350 220
31 15
311 241
134 80
261 329
132 45
151 331
221 179
253 303
63 69
253 73
301 229
261 263
39 125
20 225
147 263
164 178
60 29
211 121
222 119
23 160
184 52
320 189
207 300
281 323
159 119
34 291
228 20
47 150
173 189
348 101
24 245
74 130
289 331
67 322
162 284
223 216
96 28
135 288
30 121
181 17
348 218
14 40
18 144
280 206
2 50
97 228
21 333
161 156
212 120
106 142
9 89
92 216
182 152
140 285
70 253
313 210
266 197
298 183
35 222
18 237
217 131
338 192
8 23
230 316
90 240
323 322
152 250
29 111
308 15
39 193
335 68
44 328
52 90
228 251
301 52
147 94
178 288
263 322
164 47
343 72
25 286
315 229
244 245
349 152
287 189
105 134
271 319
249 142
245 331
228 290
172 300
273 121
36 322
213 228
166 349
252 292
56 29
333 188
252 7
284 86
69 266
261 69
300 98
281 284
338 307
220 43
50 278
114 147
295 322
72 75
298 19
144 189
83 149
273 99
345 318
131 260
93 123
181 124
103 231
143 83
318 75
313 201
248 215
86 311
135 287
258 296
136 344
141 303
58 270
209 90
338 277
162 53
222 347
241 233
193 22
61 147
20 253
92 270
121 14
79 183
39 207
126 188
224 135
12 25
74 189
102 106
102 100
101 110
135 23
136 318
188 179
209 13
