p td 1500 6000 
1046 1286
556 577
557 741
1280 1022
604 905
243 1343
1388 1007
945 1134
1404 1011
567 1500
1142 497
364 1381
1143 861
81 324
1272 1391
957 1094
172 1458
281 1004
190 1474
1440 1159
1406 738
457 620
319 282
1269 820
1150 1001
875 1073
1379 1499
1391 1107
984 1349
1352 805
162 485
1198 35
535 707
501 766
1259 641
643 893
1360 684
827 73
42 884
557 921
1082 629
115 744
1420 173
828 1247
302 1454
404 614
1404 997
390 747
1187 516
426 360
10 212
845 944
298 818
339 155
441 223
777 1399
421 900
817 492
956 1361
1093 766
273 1091
989 1354
1210 101
647 952
1264 114
459 164
218 964
396 443
314 1202
33 1161
1251 508
421 1253
59 225
133 1116
642 556
733 1198
502 540
1275 65
79 1375
1497 220
1417 1409
101 651
1037 706
254 739
987 839
14 1398
487 825
721 747
505 100
258 1146
1315 1305
977 180
9 706
238 1307
332 1109
278 60
124 379
1176 62
814 303
67 999
1216 350
859 60
1271 239
1236 242
592 124
219 1029
1192 1440
25 931
749 932
48 988
78 893
725 1245
1086 109
601 304
27 116
591 1150
24 949
855 453
175 1077
148 1127
584 212
635 390
1128 580
83 1341
134 18
967 988
1132 537
817 344
329 349
376 436
900 899
964 387
414 969
1194 686
66 1248
226 942
1021 1098
634 701
299 821
805 180
721 484
320 469
561 1022
1114 121
1350 167
1417 802
1235 925
1328 849
436 18
660 756
870 118
1105 949
656 1179
1243 801
83 971
988 644
1236 708
1307 1354
460 747
841 1103
206 451
854 622
917 1011
9 499
649 100
528 1098
1237 1032
352 1465
1015 1417
1363 642
1251 1158
1249 1274
1309 239
1178 234
654 672
1182 1248
762 1215
86 179
976 985
1449 1317
1402 613
463 1131
884 60
1498 886
466 458
1234 1077
607 528
1064 1381
548 807
32 111
410 1275
304 1317
709 527
197 704
1251 1307
685 468
1477 1059
688 254
1335 844
566 1366
227 976
908 735
1341 525
1408 267
1077 1444
792 228
459 1203
529 1103
892 530
444 1358
460 261
1483 875
212 451
859 343
1313 1164
542 496
1195 67
984 436
982 243
585 1176
884 1140
906 448
514 66
757 433
16 1003
1440 953
1184 199
336 1055
235 902
140 583
541 846
199 1071
1195 326
301 22
1164 1001
1280 1467
4 225
781 1345
1422 1251
434 500
1390 654
933 1338
525 1254
52 348
1182 78
82 174
1493 1066
516 914
811 1399
127 872
998 262
916 965
1057 1207
1331 463
849 104
20 1381
98 1174
112 453
602 881
863 136
174 893
297 1327
540 918
571 76
1276 60
473 745
1393 593
198 1100
496 1174
704 169
1149 746
446 1256
497 1060
333 56
374 1357
324 701
365 558
95 631
741 129
491 746
761 1480
1272 250
881 1211
1018 828
1414 873
44 642
436 720
1151 152
847 578
227 1345
1392 207
1359 777
1352 566
908 311
921 512
862 562
314 1130
536 1492
419 292
232 595
604 749
1125 770
646 929
938 394
760 663
1338 534
1340 159
1220 1418
872 180
1205 1303
957 1349
359 784
1336 627
684 82
1280 284
835 1228
442 801
587 341
14 1190
1272 544
1426 952
448 927
320 1220
604 711
1340 1203
708 488
353 407
641 657
416 1126
884 1066
1013 483
967 796
312 1414
143 759
1106 1431
678 915
1221 514
169 1058
713 1171
1245 318
362 459
371 603
142 680
533 774
7 588
1019 1288
1490 476
930 1369
15 946
929 1283
672 221
933 201
364 901
265 1046
905 211
924 903
464 452
1418 1216
774 563
251 955
1188 292
383 344
183 622
314 476
599 692
1394 859
1161 959
643 1112
814 1227
380 658
249 1100
1389 491
91 1235
8 226
1296 597
1356 1317
602 110
282 35
621 893
1049 549
470 1217
757 636
1398 758
492 734
1418 178
1015 683
1070 159
921 80
749 51
518 1405
55 1382
126 446
371 396
897 287
285 1375
831 1334
860 85
487 872
1429 301
454 101
425 1241
513 540
564 260
325 941
233 66
834 393
547 440
1373 844
312 1462
743 2
1066 699
467 237
957 433
711 654
1451 313
819 622
1379 1106
86 621
646 1058
579 1432
465 830
1025 1154
813 98
1154 39
1385 775
598 932
219 25
1311 469
277 413
646 627
327 411
287 891
1112 1153
1187 377
548 313
706 818
988 1032
32 186
863 618
169 106
1304 97
1219 229
1228 675
594 111
51 334
721 1335
376 437
1230 1279
1273 1166
853 119
345 423
617 1407
1437 1241
1453 1084
546 1156
1244 1368
1499 1307
204 983
860 663
1274 159
1387 1002
938 1267
728 1411
309 1450
568 969
989 698
1191 1463
1191 801
63 1367
1363 1041
354 337
272 145
1006 265
677 1088
102 1136
1239 156
1328 1413
315 190
1039 1446
1062 103
902 799
267 781
1269 1280
1108 704
1253 1171
903 1088
417 915
1149 845
712 888
1473 843
675 908
685 573
62 618
142 1308
325 243
979 1224
153 288
965 1038
1441 1422
1215 884
257 201
761 697
30 28
1409 1390
97 629
1386 197
354 589
350 62
1485 1445
626 1117
691 462
1174 1439
279 199
948 413
957 1444
824 383
790 1205
679 1383
508 1206
1345 495
321 1187
411 544
321 941
747 1459
1460 988
683 125
335 1168
671 320
496 1333
1176 896
496 760
736 1191
1339 1157
312 1473
748 954
1487 883
884 140
57 537
1235 683
250 1468
1383 1416
1061 1289
455 1467
542 151
776 911
412 526
1337 217
322 948
1192 1041
921 1214
86 453
401 474
925 722
693 766
243 40
656 518
239 997
1246 1301
1017 1357
976 514
1239 391
110 301
1391 1255
933 571
885 1185
1098 447
712 1380
10 869
452 552
28 1048
1212 1421
1399 847
191 1259
28 843
973 216
1017 946
31 1239
862 1116
949 985
29 723
215 4
1076 423
1393 554
1021 1039
1343 327
1226 584
954 54
738 77
526 1473
240 190
425 1381
284 192
1321 36
207 998
1305 1051
1029 1090
1204 274
1118 542
1082 943
192 367
57 333
387 580
1214 1153
525 1293
716 183
1297 481
1192 338
1482 1254
711 1110
536 1024
1247 1159
105 404
299 209
375 732
774 322
577 1104
233 461
1232 543
1060 55
554 432
1042 1155
509 539
964 285
779 469
1300 659
1324 1126
1006 281
455 490
1182 986
1383 141
209 1427
147 551
1356 1436
421 1434
616 1335
727 1345
1354 782
1286 404
145 185
1222 747
350 602
735 1062
502 849
383 809
653 478
1050 1171
829 377
71 802
472 161
174 568
1027 519
92 1461
805 306
859 667
124 189
693 292
570 895
63 1323
1070 213
209 862
580 761
796 429
835 741
835 386
141 1052
926 1205
1196 202
68 316
44 1259
514 843
231 527
977 509
1100 1495
409 108
163 804
1367 50
787 134
924 1347
948 959
1014 812
456 625
1115 114
880 613
330 665
1260 1192
596 909
1378 29
37 372
885 1353
97 579
1089 1159
73 506
918 1275
298 1108
506 485
218 853
681 1390
1263 60
851 321
235 1265
313 114
757 385
57 664
428 964
536 730
1443 390
80 1201
915 388
302 1397
841 359
547 593
1369 1467
1429 1068
1028 563
1236 791
65 1304
3 363
1045 1439
744 1193
103 58
993 1246
1356 1055
1341 762
568 1271
765 1228
457 318
1230 1434
34 215
360 784
260 422
584 232
37 114
1235 1334
468 215
1442 173
819 51
613 1280
315 1114
269 667
1085 878
1466 682
1158 894
1489 1339
791 878
1351 681
1331 1380
1216 244
1284 220
531 744
1202 678
361 110
717 1263
1486 590
1245 1226
852 1189
1295 1403
167 253
1248 798
757 1312
887 104
841 167
549 499
1466 525
723 1401
550 1076
1453 105
933 1186
517 1311
1244 1434
732 73
454 655
468 1366
742 783
349 1038
867 1225
812 395
738 560
1193 157
442 722
865 680
660 1262
680 247
1305 933
1498 1048
1393 114
1111 622
51 538
476 1418
1167 1186
697 1139
840 1468
11 43
1114 423
1119 1497
94 901
546 369
652 1128
348 1036
884 1089
92 186
182 652
635 184
1116 1131
751 1476
628 1393
718 1139
1273 887
601 872
710 464
929 726
696 508
1440 179
575 1124
316 1485
446 466
821 1363
216 1301
457 1273
571 1439
224 1410
700 250
737 447
993 208
1400 107
877 1138
49 1199
763 1008
708 989
158 626
1370 1365
22 797
139 853
235 1069
126 1311
805 298
752 883
935 17
1072 50
969 1094
751 1242
99 1328
52 712
860 1062
1305 202
1261 52
1119 874
351 1172
1034 1001
209 1149
555 1132
1346 366
790 1179
1141 627
1406 1277
351 1018
1274 1448
1200 1373
533 818
1140 1432
1365 1389
1141 1235
760 946
1053 779
672 1450
47 175
1402 644
219 381
1102 1146
689 92
667 585
1007 1108
865 1357
1280 961
171 288
681 979
351 1049
413 14
1144 1257
1490 1449
1149 519
1371 1366
1386 1444
1455 80
379 827
381 950
1375 1306
1332 632
869 240
155 641
554 735
336 605
212 436
435 147
1224 597
1279 103
529 92
8 305
199 475
1391 1494
343 416
924 292
1374 1267
1352 218
378 1305
136 622
1022 1035
343 1456
1064 881
1234 1493
1013 749
729 170
642 886
1206 1134
1475 337
888 292
45 1497
772 892
454 994
1174 1117
1256 1179
17 163
116 430
1266 688
932 492
589 266
32 914
491 615
4 1063
114 753
172 201
588 832
848 680
583 291
382 356
817 365
1327 150
1327 268
414 679
145 1315
236 721
340 946
588 982
35 152
871 1053
687 1378
1216 197
30 235
939 238
1297 1394
457 1089
732 32
268 935
939 1409
1016 918
1435 159
711 559
1325 224
1421 670
293 239
539 1049
1265 1409
489 560
372 941
462 1007
320 969
1403 164
524 1021
317 1049
644 458
1494 323
840 1439
142 295
626 1064
1061 959
477 1276
272 784
1367 993
1287 786
898 1166
809 659
1175 1414
414 898
237 106
1378 290
1127 213
620 1067
93 926
192 676
1446 1087
701 666
299 686
874 1430
326 421
919 113
1026 1187
738 1240
1180 1249
1014 1340
311 1096
1287 1371
664 586
855 332
745 14
892 349
626 809
861 1480
785 147
949 269
392 832
1440 667
686 1313
1016 921
972 1121
187 696
1132 169
18 317
1191 907
999 834
936 658
693 458
639 576
50 210
752 1118
1025 434
1437 112
1298 668
1487 1432
321 92
1243 1288
224 788
632 1440
1013 1006
1395 232
373 519
640 419
544 1127
86 529
357 148
969 10
760 1473
914 151
367 837
1451 1447
1107 190
1083 1314
288 951
724 1308
329 801
791 694
803 56
414 867
1384 215
453 412
281 575
728 87
934 1157
31 243
973 1000
117 1402
1209 269
916 384
1435 1290
973 127
598 1063
421 701
494 308
529 726
1005 956
1177 1115
1094 10
769 161
607 1297
1214 393
1122 1283
735 273
875 619
975 903
288 1011
1426 1049
263 81
1177 230
1176 1148
559 428
863 964
475 331
1375 590
332 377
656 1147
997 1163
1031 470
742 1284
234 1374
913 698
1440 158
254 36
1468 1404
739 52
100 580
1223 175
949 1398
772 1159
297 1087
1234 169
1012 471
137 1143
957 119
931 807
448 501
1014 281
232 116
1372 991
1470 576
306 406
155 572
624 833
385 839
936 997
1287 91
994 481
1133 1357
843 134
1120 559
384 684
1240 901
289 30
1167 1431
362 737
1041 244
692 1191
1461 37
16 1210
1440 590
859 1493
1067 905
778 749
240 812
1115 1134
1313 247
1474 569
72 1281
1153 774
744 700
669 1126
627 498
857 1474
1443 1358
1218 805
385 1467
339 559
718 841
415 164
11 832
691 805
813 1157
773 493
993 1041
95 438
1039 1312
863 711
874 1277
174 276
1493 412
161 913
988 1345
310 1152
44 39
250 337
936 385
958 1287
929 803
1179 158
431 708
404 720
27 706
59 409
200 977
1049 717
1469 800
975 889
939 447
1179 1114
72 1400
193 374
427 1070
221 1095
395 1221
1344 1312
229 279
722 1358
1290 1231
82 676
427 822
394 348
977 1210
1343 295
21 937
818 301
343 882
330 413
1089 883
1329 1378
1099 469
726 304
423 944
1011 881
781 4
1330 140
635 1427
1287 544
154 798
612 281
1378 955
1062 443
727 1441
1148 783
436 700
1189 329
480 1350
69 52
940 909
187 7
380 1181
1014 1434
1405 19
351 173
853 191
786 1317
1478 1090
1353 1448
1331 935
369 1211
366 475
223 389
548 824
27 200
817 1309
632 1173
618 414
266 739
1002 834
996 1037
1379 957
1301 448
448 1329
1006 473
507 1275
1233 252
509 119
362 725
611 181
1204 248
590 1439
1302 6
447 712
1433 1178
1211 725
972 533
712 1484
1163 342
919 1091
864 172
1173 913
669 281
114 186
1349 515
174 844
58 320
1172 284
1052 1239
1065 188
302 231
425 31
1387 1354
1226 391
1315 983
1372 1429
164 1328
63 1206
781 753
714 227
976 768
496 328
778 1496
295 1216
667 202
671 658
282 976
808 1328
1330 551
555 819
154 117
768 354
1452 1372
133 1358
114 529
921 343
906 1343
961 274
1305 360
1271 196
863 394
580 315
1390 52
58 291
342 1069
1053 1336
1033 212
1055 1088
789 91
353 72
55 332
1368 1393
40 1291
93 844
720 204
40 101
1278 1426
1337 1406
688 1428
1401 420
703 1045
362 30
825 934
48 408
247 984
771 1060
1493 30
1409 1123
459 377
1403 416
1253 360
101 31
41 550
505 434
540 1445
113 1252
429 1287
843 1087
630 1149
66 304
5 1209
1163 28
1063 941
37 1153
1145 1355
43 533
77 426
383 233
994 394
187 201
1067 416
496 1062
671 323
752 269
277 957
234 1359
4 150
762 976
928 896
1039 338
1434 569
323 193
1445 76
331 905
551 722
48 284
221 1048
756 953
382 559
1243 412
1269 1250
829 903
1413 485
41 1303
1080 425
1101 826
1197 842
1439 718
325 332
1029 16
376 578
1100 1481
1110 1407
1058 302
1453 1250
84 745
1163 355
125 11
43 585
1492 1124
1174 1488
1000 1049
672 1261
735 797
382 345
1136 319
779 611
1280 369
1172 1235
343 758
646 1369
1374 130
1488 1450
294 447
282 534
505 885
662 1106
57 1118
1430 138
574 36
423 671
351 445
848 1247
1367 970
78 366
324 1219
527 455
905 306
176 794
392 995
735 1254
580 526
604 1253
226 1107
662 848
1259 1351
648 279
224 730
159 356
839 1317
396 240
24 276
397 827
938 404
96 1046
1076 151
1263 769
171 1447
1395 871
432 1324
456 414
1169 68
1058 1118
1379 504
1394 1002
931 817
768 617
114 903
571 1122
121 1496
973 123
1256 999
1231 1426
429 830
40 720
1359 300
413 1229
1316 941
1047 178
1270 998
238 191
682 747
447 885
1038 96
313 161
985 963
914 495
1156 57
1416 1002
1037 1313
305 1078
736 1351
845 854
655 1005
38 33
49 356
1383 230
405 1207
1426 1115
791 342
509 762
489 774
565 1317
964 972
953 51
360 653
221 361
1369 646
1308 518
374 720
206 581
1250 599
67 1404
211 1069
449 235
899 522
232 1263
205 327
337 245
22 445
674 140
89 345
521 1235
778 523
388 1478
1031 160
603 1026
1236 919
224 579
186 1339
424 1250
116 951
1248 9
246 495
1019 1447
885 184
1101 653
850 676
568 1417
1091 201
1195 1473
868 94
765 1122
1283 831
444 848
676 115
297 1422
415 28
1448 20
1058 555
114 118
862 1346
200 117
1273 642
89 7
605 582
1171 1368
756 1158
483 541
1422 603
386 941
669 652
989 628
626 860
69 490
1380 962
464 1071
1348 512
443 86
1239 67
408 290
1031 237
667 59
1452 933
1423 1007
494 1481
202 653
1329 1403
484 796
68 111
134 499
1258 386
172 949
286 227
276 1020
1441 1363
382 364
255 1234
1345 780
976 838
1115 1319
111 1263
1175 1212
351 915
736 1149
1288 1372
935 1329
428 1295
648 223
667 697
44 539
868 1289
1272 525
940 248
495 895
578 1005
627 176
1305 1027
913 345
867 1186
1401 696
635 203
612 1488
1410 861
1436 524
189 1021
568 643
249 1223
640 1056
773 1084
532 119
301 879
854 1010
1496 638
948 1217
1116 520
1061 869
430 1319
1473 1373
446 1143
869 75
520 160
130 1147
792 879
137 1138
998 246
1492 1040
18 996
1235 875
1109 558
1400 291
453 1175
988 1127
1115 939
181 1081
817 972
814 483
14 907
799 359
718 871
971 319
107 297
946 935
1157 88
1433 614
88 1439
197 360
967 365
363 190
607 1456
77 279
1348 95
272 1144
423 1250
787 169
199 1414
1239 1247
1388 711
800 1317
1088 572
750 1452
244 671
685 1276
1203 493
195 907
1011 1269
1457 791
778 875
162 719
1307 859
21 123
795 746
1485 1118
457 711
1161 326
989 534
896 1204
1486 277
572 1070
1183 108
1046 541
21 791
1087 1102
1455 912
1337 219
363 839
464 185
721 181
1363 491
245 1159
1336 1326
670 977
895 368
909 1104
1498 1185
1207 301
761 280
800 645
1367 404
1001 708
264 864
1066 944
70 443
321 660
989 1249
668 1195
1003 919
587 102
1317 1001
1433 1268
217 827
642 261
638 1360
413 367
987 737
328 454
1233 676
321 1022
975 673
846 289
798 40
737 1300
599 1046
1351 1295
1277 359
377 343
1179 1045
37 320
440 37
638 173
696 703
1320 609
466 1498
186 735
1026 1333
1190 117
477 788
1298 1263
1269 1431
602 610
177 1237
998 850
287 319
1393 892
1020 700
1109 567
878 616
346 56
1198 1215
51 736
38 1293
452 401
154 614
377 472
1021 1191
995 46
576 921
90 1177
1003 1076
837 1196
1157 1332
1168 1159
69 1484
931 451
484 313
181 332
1364 49
1473 1163
842 1119
160 612
401 797
1118 1231
1169 1
716 818
1150 902
1332 1
165 1466
229 383
842 1440
26 735
1242 424
687 263
1426 1195
70 599
450 1400
278 148
359 654
87 1497
104 49
550 338
267 615
936 1377
116 1355
363 911
261 1463
172 108
804 32
391 481
276 805
700 213
991 1266
975 300
610 1028
1033 514
317 1469
1492 878
191 855
1034 1265
983 427
152 549
962 591
105 63
73 176
372 690
511 807
667 727
1027 1154
819 854
99 1020
346 908
1142 462
940 1259
603 379
1297 1093
339 1168
1300 187
282 338
1285 1329
1269 691
789 501
228 647
134 493
1203 739
1054 50
1270 1021
532 352
1135 817
1339 1372
174 646
1150 392
1004 919
1228 1364
1212 982
141 578
811 1026
1300 179
1190 332
135 800
148 1209
134 334
1130 972
940 864
1448 1010
970 435
1380 543
37 420
464 769
1118 1202
62 820
887 659
1030 1496
183 486
435 321
901 326
309 695
1232 417
144 746
404 1045
974 918
762 1346
876 256
1276 614
163 672
1499 888
1443 1084
1016 1416
690 668
380 674
178 1089
511 1470
54 145
1015 746
622 1234
144 865
1175 455
300 349
635 1307
822 626
1065 818
1397 767
756 1052
1179 1285
956 600
1096 1243
12 1498
688 1082
547 911
476 584
727 1388
1100 1117
433 1342
219 206
1114 840
811 914
505 1337
441 1103
873 116
59 451
969 905
107 1403
165 199
196 1060
633 524
670 1164
193 1262
695 1483
1318 959
1093 513
1446 959
886 267
388 871
644 1012
1286 767
263 916
1313 1198
1425 1239
1040 1021
1190 1352
156 748
1310 1155
636 1402
949 872
85 1327
1301 1472
1181 660
981 106
364 1236
236 1220
285 469
354 504
855 129
1130 202
604 855
1483 1105
694 856
1048 616
1471 219
848 161
1090 138
795 784
1209 346
1022 18
81 1285
628 835
366 612
774 1479
401 1417
423 806
1367 1100
380 684
1486 1405
1455 549
452 626
1320 1106
215 1393
990 1412
832 584
838 1463
1108 842
649 807
1178 283
1275 930
598 791
1299 1462
496 765
249 1486
664 171
681 971
679 14
1113 1050
1041 39
1034 1003
834 11
504 547
1477 276
920 113
162 1176
1149 1348
1151 130
900 207
818 351
1199 1151
148 1275
334 1055
1490 812
365 372
812 1153
1153 832
778 554
32 137
13 1243
1378 1170
710 608
1395 980
580 1169
1439 421
592 1142
420 323
1054 1364
807 272
22 1162
117 1126
655 570
330 1298
1187 1129
780 68
995 1109
846 1291
892 361
1500 1392
854 933
1402 1395
1162 897
1389 409
503 960
620 1472
929 140
554 1211
763 922
690 412
1166 454
1380 1138
543 449
1228 893
1207 1109
221 1349
1255 1184
167 172
1205 744
1143 1407
945 569
102 508
1396 729
990 1229
1376 992
470 406
964 372
974 353
933 349
1452 1070
377 1324
1225 716
1449 441
1329 1204
352 894
907 1215
1382 315
696 1188
151 48
1020 1051
928 768
417 409
1451 1448
511 1427
963 59
269 528
1428 1022
1472 1370
1120 724
1335 1
1481 12
337 1345
570 300
154 580
317 874
760 735
1010 518
551 1237
1033 515
797 804
1221 814
713 1143
962 308
1187 55
822 1102
372 498
472 1299
507 630
200 1496
676 948
341 307
689 1312
429 362
726 1248
263 9
1496 321
206 715
82 564
689 140
736 112
1499 838
1373 27
931 544
72 376
1434 15
682 144
235 361
860 796
592 1037
340 722
1463 1314
1227 606
669 910
85 539
2 1451
957 394
785 1318
484 1451
102 255
458 1135
267 726
906 241
388 580
1076 854
1220 1124
852 205
423 1243
401 1085
77 801
203 1385
246 1023
1070 746
1185 61
1388 278
608 435
410 635
67 1159
819 961
1407 1095
938 785
1264 1269
1301 442
584 1308
1193 66
963 1482
391 455
1092 561
873 1033
1386 491
466 7
1193 1013
354 272
989 410
412 699
413 181
326 822
810 536
1181 1084
880 1239
783 1170
1458 970
465 465
818 681
336 283
22 1364
105 730
144 1268
1442 503
139 174
158 197
438 747
1353 1338
549 1436
156 196
981 1147
1262 621
989 1183
1459 434
575 1497
117 693
435 692
1302 1169
846 674
1093 321
530 1321
188 135
40 1245
353 71
142 946
135 654
117 8
559 1344
370 233
981 1389
396 1256
845 259
1281 926
675 469
569 865
530 1298
108 697
116 368
203 1272
1080 1021
1287 277
564 923
1375 73
1426 833
1035 312
290 412
732 1111
1226 690
540 1034
1143 312
969 802
1480 1436
1489 1391
387 693
1172 886
8 575
516 1282
113 490
927 1057
606 76
436 437
72 300
190 1393
409 748
164 974
825 770
684 608
668 1079
9 1367
664 95
969 1270
1425 1152
149 575
239 650
1070 730
1234 1293
1181 1165
1500 1429
1165 1258
1202 1464
1494 300
292 309
1467 1484
455 546
439 240
1175 568
1270 1420
960 131
1040 693
1175 29
806 133
151 528
524 281
1478 1037
107 1459
261 1388
409 76
373 16
839 1281
66 1345
1267 846
26 1181
1045 1476
421 1113
430 305
558 1189
867 810
1178 1060
598 24
409 609
483 802
1165 1334
591 1264
1390 274
1241 769
280 466
569 247
183 706
1463 1213
130 405
147 1434
786 404
863 1460
717 962
1379 1358
1457 1485
488 536
134 641
1320 221
119 435
1253 150
1166 377
345 1317
1343 686
819 142
310 506
750 517
1450 46
1388 1130
971 299
508 610
294 133
1238 481
1340 1456
1103 994
1444 763
1083 1288
1030 536
32 729
427 1266
717 866
71 174
1190 809
821 43
383 846
638 1346
730 277
45 210
1462 635
90 329
634 744
1174 370
1081 119
51 1461
1010 1345
1148 1481
169 183
447 318
1048 455
574 1498
1347 270
750 1483
1378 3
782 660
1175 601
1272 1394
507 455
856 237
692 18
1445 314
1456 1201
513 694
160 480
1465 598
402 999
1320 713
668 1438
1181 1043
64 526
19 196
962 1388
952 203
166 1472
631 41
480 1424
1266 895
367 450
1381 1205
564 842
845 44
472 627
39 799
647 1317
762 156
45 453
1073 1291
871 1188
1429 30
449 668
581 70
402 1435
1070 484
1496 863
36 805
57 100
1420 150
1068 463
274 391
1198 501
182 901
155 1129
881 427
1011 709
116 1177
1427 1410
1476 230
181 415
1284 103
473 549
332 495
626 920
781 274
189 669
573 1271
535 1129
865 288
66 1438
1226 205
400 585
802 1178
1061 1292
604 941
1279 230
838 454
216 1014
1174 1254
1291 978
1497 1256
1212 435
1172 1470
126 1204
1136 1249
1423 1073
748 790
1214 690
367 787
499 1016
1409 645
787 1235
1161 810
729 222
174 1472
1023 1431
1358 1221
939 808
658 1079
575 1441
416 95
932 1382
1218 1389
1188 1234
1156 628
731 586
702 2
161 404
1087 1241
201 681
1297 26
1019 808
901 1440
458 589
125 588
477 342
505 599
1109 826
498 836
450 1049
1285 1266
583 767
1397 1219
186 225
1024 844
203 132
1163 311
1038 783
331 728
1418 1312
894 1167
389 95
453 897
1180 848
628 776
415 1442
289 330
806 1400
861 1158
921 484
355 1036
656 1190
41 209
903 1167
725 821
1272 1432
1341 1120
894 1096
372 171
46 1280
1109 294
823 673
1475 1459
880 1021
775 60
115 1217
566 130
784 535
1493 605
1181 961
385 1284
1446 499
805 345
458 516
735 917
792 1323
466 1487
42 1324
942 1330
249 1252
36 219
516 1365
1089 456
468 1285
293 1110
534 757
310 963
1418 1195
783 620
314 1265
1065 1397
497 486
1435 263
1479 590
314 1399
346 561
257 123
1315 814
425 1267
1166 2
1211 1354
1379 476
312 996
1173 1336
773 466
532 9
1066 724
1003 1184
1014 157
1486 655
980 800
774 1287
144 632
269 192
28 156
151 89
1024 643
450 496
1135 387
371 434
887 1458
1144 184
775 1256
667 1443
670 851
1125 1343
621 267
1181 1476
765 1039
1322 1490
92 476
896 954
175 1283
185 1001
488 479
1261 733
138 767
914 916
533 1029
684 1421
1101 530
186 231
953 1013
504 277
356 371
1039 1058
853 37
197 1440
557 1163
1178 1487
1216 25
1185 1406
700 959
382 1151
319 582
416 312
683 360
1189 984
1228 86
736 509
1172 583
273 537
269 283
708 542
168 1415
807 296
842 857
1127 615
330 710
1439 1150
821 132
42 1446
1346 189
908 305
207 201
83 44
598 297
707 3
1409 1157
73 157
1307 724
831 1331
1121 850
421 971
182 456
1334 1211
919 549
1350 1410
861 535
183 917
526 1337
201 77
247 555
675 6
297 805
115 1081
1461 1203
1166 1237
825 1469
724 754
658 1296
800 58
922 1043
897 285
1032 1358
997 998
542 188
323 427
1300 953
578 809
619 262
67 1399
1227 300
1088 920
503 1232
808 147
596 1020
842 898
171 522
1031 23
1313 1405
1000 91
1282 170
982 132
431 777
11 254
1072 1406
1343 403
688 58
53 1431
928 628
1225 1207
727 432
215 742
559 580
1068 17
345 1338
129 1217
1080 674
1240 353
738 850
1480 1005
1226 374
1355 612
134 34
60 736
940 1022
1418 371
65 1388
1292 419
523 1211
1377 230
216 1165
1021 1048
908 178
1487 65
402 277
1060 146
113 268
330 302
1305 645
1026 343
505 66
682 209
558 447
1235 764
610 354
1362 404
340 451
1276 868
1217 1210
791 801
153 201
7 1335
983 1395
702 471
778 1408
1294 620
1084 1245
424 1407
295 278
60 866
114 1441
1054 976
1165 583
539 1284
290 1083
261 711
450 978
1289 414
1268 30
493 428
601 959
320 1127
326 463
1334 1377
783 1079
1113 972
497 37
1185 1094
1220 323
1219 781
1469 1487
507 624
652 1130
1073 707
1028 511
101 902
482 545
1100 238
1491 897
901 548
185 236
1362 407
1157 503
981 427
867 1491
1411 1470
1112 612
1112 797
698 980
138 1071
1165 747
129 1288
1270 1300
963 383
788 1055
468 1308
147 950
655 478
502 1042
1230 1496
887 967
1042 1290
3 918
1033 777
248 112
342 42
167 1126
941 291
1334 450
380 169
56 1117
91 1342
893 325
400 59
532 1415
914 578
1385 683
630 803
599 1112
1376 749
166 601
1423 231
941 1480
1089 632
731 826
36 622
288 992
490 682
579 1250
422 927
930 1079
42 376
926 1167
443 1374
869 233
932 828
1474 1051
134 828
1260 841
181 597
263 929
1189 1145
715 486
1495 347
308 555
538 564
883 151
923 663
780 201
1046 114
1032 11
859 303
851 794
205 1321
371 274
384 36
90 1326
107 775
365 826
790 921
1331 1146
1325 557
371 1042
167 685
826 1010
1167 780
891 611
694 1391
584 1317
1379 1144
1121 323
357 489
1403 510
1423 625
643 1489
1418 1139
633 206
1182 525
1224 269
616 413
1038 1167
492 1221
1151 395
626 939
757 913
998 1413
280 1120
541 644
544 121
1340 509
1112 423
533 1315
793 1392
1355 1011
1401 139
1401 68
530 451
144 871
65 1468
597 278
1070 631
1309 383
2 549
998 1430
630 1218
206 308
1423 884
886 494
20 457
626 1287
89 1394
759 1032
467 1365
1166 511
205 564
413 1027
767 174
856 1158
1352 905
203 793
1249 296
1163 182
610 1446
97 1170
931 328
398 74
740 675
1370 31
868 1075
100 55
1143 1457
981 353
783 275
556 504
1157 744
483 1003
283 1172
707 1447
403 43
399 1263
152 793
203 1475
118 56
835 746
108 1418
1409 179
989 361
520 196
276 440
640 11
354 28
1271 297
44 636
782 955
887 110
851 337
470 875
479 155
743 296
1433 8
511 924
376 1193
270 172
727 164
1253 1048
175 553
386 1376
1230 44
1134 404
1126 768
143 588
1396 848
1057 1340
866 168
373 385
912 573
1091 352
341 401
632 1224
164 1115
257 297
1190 109
813 849
442 1409
800 268
722 1248
175 560
410 1082
169 694
827 873
113 688
410 1390
703 169
929 1083
1101 204
513 610
116 1207
1111 143
833 744
655 1315
686 501
1472 1425
673 355
533 102
200 1058
1350 87
612 32
817 317
557 584
405 1295
13 888
907 1500
804 597
1381 1374
1340 1495
429 771
751 666
1214 542
308 1151
626 977
292 59
367 1497
638 1423
1116 1246
580 453
1349 1006
713 456
193 499
810 1031
1225 541
1489 24
575 25
380 160
51 1082
1419 1214
692 998
276 939
711 658
1479 935
708 197
1274 4
1159 796
855 415
43 49
1234 791
433 1302
914 1080
1146 524
681 1219
194 895
993 514
648 240
1222 112
59 1102
33 872
424 1395
338 852
653 933
1237 1232
716 1349
1329 1352
1459 1277
39 112
453 1436
915 260
1314 1436
597 1051
321 381
1103 854
205 1257
761 1103
888 564
1399 677
1160 1125
797 1454
981 764
973 73
930 327
700 330
257 925
451 217
1053 835
57 1355
1285 857
1363 676
745 1417
134 176
688 1266
1284 1243
1224 1280
404 138
221 962
1318 887
217 30
206 161
168 980
1333 361
259 208
1489 1410
746 946
169 558
1015 101
1496 1452
1485 679
1006 1051
292 1256
1257 148
104 213
1167 703
594 1005
902 1020
375 1383
342 644
1324 848
943 483
827 533
76 1425
371 1047
579 296
938 576
421 1308
762 34
930 1258
1286 1057
1184 203
605 1250
266 1040
688 262
243 546
1239 919
497 576
104 1233
74 209
990 799
295 1467
1000 93
381 1255
386 1200
1271 178
842 483
583 52
520 1126
1197 1292
278 570
93 54
1315 530
1467 1259
719 821
1155 660
505 841
295 1407
310 1382
936 430
353 1424
1484 1014
795 312
436 294
246 1274
29 486
324 200
560 861
1483 803
325 642
47 698
215 345
680 383
129 471
1151 382
961 748
1214 1331
529 369
750 836
1476 460
224 1152
53 425
557 877
257 586
1419 853
641 1029
1089 245
19 240
677 1069
1165 619
776 170
1106 1260
1255 158
456 869
429 834
180 770
286 462
784 818
500 1123
1255 1059
160 805
1169 735
515 1358
131 758
951 559
531 1296
935 1009
1259 1296
1107 340
464 1033
1131 910
925 239
351 206
1454 1412
464 980
562 719
950 786
567 89
1073 26
882 217
659 1428
38 1287
33 1172
61 1380
1176 732
893 400
994 352
679 982
1048 1062
894 1442
1014 1272
880 304
229 173
1076 1267
569 225
48 678
716 592
338 926
899 28
824 338
1045 181
343 770
1285 587
909 1223
166 741
85 840
162 105
1259 204
377 124
767 1384
692 1084
758 876
178 1131
200 820
203 683
854 1411
419 765
64 527
1479 1371
816 26
1157 1476
483 168
1279 1216
1462 878
56 613
733 80
1389 856
1395 411
935 951
178 738
225 232
1097 984
503 375
120 206
1289 1211
902 342
763 711
758 1335
825 1107
930 1292
798 1241
411 1497
328 667
1241 364
1095 478
1297 1205
378 247
1075 250
118 468
43 64
983 952
1081 1212
587 827
688 1443
1148 681
44 1090
217 742
548 988
610 1328
162 870
1409 1312
943 1461
232 220
1024 522
580 857
351 155
292 854
530 834
779 94
149 526
1219 1381
1138 372
401 906
1076 1029
227 583
129 298
526 1080
1423 601
32 967
838 987
1429 757
871 1422
303 866
1335 1338
802 122
750 1019
843 1448
398 1219
250 399
631 275
855 1246
1435 410
650 1327
296 1306
120 480
1392 711
63 484
39 343
193 22
1346 470
1463 1278
224 1416
892 803
837 899
615 520
1192 1249
276 902
66 967
856 243
1483 692
1290 625
242 155
1247 558
1306 1305
1118 944
875 798
762 1472
481 1018
1391 770
1412 1024
87 1415
909 454
224 956
584 888
605 1156
804 1265
1277 1304
1470 594
253 149
1407 705
1164 206
868 390
1154 738
1444 1450
1246 840
933 124
1325 1196
1213 996
837 1073
406 306
803 1441
1497 482
1122 1224
1499 1449
1195 462
91 1167
67 1199
761 541
130 158
556 106
19 96
132 1336
1026 255
373 729
1002 1205
412 9
433 473
556 587
516 633
1167 602
1322 796
1233 872
1347 1108
162 868
913 868
1004 153
277 992
940 45
635 1401
939 781
771 189
665 611
218 904
1398 50
334 433
56 876
891 750
1356 439
1154 246
1263 1372
70 171
710 1326
341 986
986 377
415 1189
816 612
66 788
757 1180
1136 1410
724 320
164 1437
436 521
737 986
495 144
632 329
825 789
10 285
1202 911
353 860
1367 1198
752 625
1433 1405
261 1402
1464 1405
578 1046
1407 328
991 182
444 482
1480 583
458 1270
615 529
1484 1264
1033 230
1021 44
901 1297
1160 1017
216 272
748 414
1309 204
696 30
1073 583
107 448
1349 604
674 714
424 387
736 372
863 762
687 880
83 848
1420 1281
55 1444
321 19
712 1464
1340 326
622 27
511 622
136 974
409 847
1355 1309
231 524
600 909
177 1042
364 867
1192 1338
189 590
1470 1475
244 838
901 1019
1146 397
1429 909
274 15
1314 1236
310 177
1223 154
1208 487
587 1261
1085 576
1298 1390
725 943
34 1065
469 748
314 1207
519 1498
394 412
544 1071
325 604
1026 1028
686 1222
1086 277
1487 545
254 1377
360 461
1142 1060
369 963
269 531
924 1387
145 509
1113 1186
1483 772
1388 267
1102 1179
1086 1422
17 666
292 906
849 480
1127 1009
610 1000
1118 476
962 18
1301 1244
528 985
542 31
215 1078
88 1204
634 1159
579 701
1045 781
1195 1239
910 976
135 1358
711 527
1280 1303
1439 257
1011 1328
702 659
740 44
226 353
63 717
16 340
1020 1228
1273 202
665 361
1497 1211
738 703
783 217
255 506
601 1372
644 880
1260 330
111 604
118 997
1424 1376
1459 318
1049 501
613 1194
1095 69
533 33
171 602
1321 700
401 758
803 1005
984 1295
233 1195
188 1444
1137 1486
1214 239
762 569
343 679
187 151
89 367
1467 272
1066 410
910 826
639 321
659 1379
706 1466
993 402
883 1479
207 455
1270 794
6 548
1281 411
1204 55
875 1079
691 529
22 403
1031 123
860 1435
59 361
1311 1
875 621
1021 1272
561 1161
746 1122
499 1371
417 1178
1066 1071
49 708
1401 925
1479 473
590 751
1012 1460
434 1396
1491 1443
504 1211
1177 388
175 200
231 756
601 470
396 12
666 602
740 377
964 215
491 1376
18 404
102 737
67 319
707 33
916 1190
1462 919
717 1499
1463 759
787 1395
492 1209
644 52
702 1481
726 1126
293 60
618 1051
835 745
1406 675
592 940
1447 136
705 317
19 758
670 754
552 498
1263 955
128 1246
454 411
417 266
1354 463
828 1270
708 499
730 112
713 853
528 647
177 1313
955 1119
1308 1470
1067 1372
1235 1273
405 1294
652 844
661 1219
103 302
274 237
40 637
1367 361
551 880
1266 728
1032 1354
1078 990
897 910
279 1371
222 1343
645 851
1269 405
1206 716
19 328
1282 1077
254 1225
626 672
284 239
1462 1180
797 1017
856 273
914 751
224 415
210 1236
279 894
343 479
652 414
198 419
197 1283
176 458
473 496
1060 21
276 1115
572 606
567 285
542 1330
1449 31
702 1111
1203 248
509 8
1482 256
138 946
443 1060
347 1007
915 546
407 837
268 923
333 1097
1016 1121
453 1007
262 92
1314 52
93 47
455 989
147 111
278 175
1211 125
1201 393
1011 652
1364 1280
1181 29
97 1123
1101 358
1200 1020
1258 758
634 982
57 41
505 1455
509 1428
180 1244
257 221
815 145
339 825
478 621
1289 383
361 304
1364 881
89 628
535 1045
892 1028
489 181
630 406
882 215
856 1260
771 1439
1148 955
1062 949
895 1003
937 1443
1315 651
536 267
1115 1461
838 474
1482 932
795 305
735 1295
485 1440
652 1393
881 977
803 1217
1301 1170
132 37
1068 840
1224 343
149 1153
1470 532
792 426
1151 57
1491 364
113 656
693 1281
71 1248
1306 1269
95 1005
1348 1486
752 873
1411 926
726 343
453 525
560 539
400 200
100 559
1277 772
1149 851
550 1325
648 131
498 754
1405 442
1429 41
892 79
112 488
299 980
746 1273
640 724
1440 570
405 497
747 770
532 26
493 1125
164 144
1293 334
983 1423
637 1264
204 736
1461 772
253 1272
1208 635
405 619
1226 394
511 447
749 445
867 642
279 44
1281 1120
621 624
1226 452
1335 74
1483 185
308 202
516 548
539 1003
527 622
1224 413
1444 899
480 1301
1462 169
521 182
334 744
1152 390
684 859
538 1015
1287 439
42 428
1065 179
618 757
402 464
239 868
728 626
621 641
1369 380
459 993
480 1293
731 1151
441 81
893 32
684 1002
1345 299
671 851
1232 712
588 1389
1127 793
1276 589
108 1385
92 76
1408 550
623 1330
30 1148
1093 786
371 365
1217 477
211 1294
1467 672
1459 838
906 1422
786 1494
955 1102
497 96
178 1068
428 1450
538 835
471 881
164 613
186 274
649 167
716 1104
1325 155
552 1331
231 1092
714 848
1217 299
1322 686
68 1295
941 228
1441 1162
410 296
603 20
821 1439
382 630
1321 546
1304 285
890 256
519 920
906 46
261 904
1102 1403
841 1367
726 1054
682 609
391 638
50 1484
1107 277
478 1109
816 1065
1210 742
557 815
637 947
1411 361
412 316
939 457
250 1084
803 869
344 1062
264 778
738 1189
167 1449
385 627
777 346
935 1197
671 70
452 1132
112 945
97 556
1432 690
436 335
664 250
735 288
1432 1224
894 893
932 1164
260 1018
726 1065
447 1306
359 579
1307 1253
927 936
1492 689
1169 1310
188 227
47 1158
730 587
374 500
1376 1500
389 395
1289 290
312 285
797 284
206 1346
300 1314
1032 1277
183 459
546 769
621 603
40 1095
558 1114
1044 299
257 642
187 1445
1359 210
861 56
440 1359
154 225
1145 408
1124 1080
165 951
827 1347
561 1058
603 490
742 853
1050 1195
1220 1022
585 420
1395 1446
86 207
845 10
294 1029
1397 344
1450 741
1011 528
712 590
818 1256
258 564
473 483
1500 209
1201 738
1036 1255
1112 1128
35 93
338 356
356 217
607 417
777 1392
664 1224
441 225
1325 209
764 1044
981 109
295 920
1299 476
258 785
749 368
601 1091
496 1462
257 1331
904 923
1178 642
129 997
653 1137
1054 549
59 96
522 1379
402 1424
52 1002
793 1357
1316 740
811 744
1078 952
201 1038
892 89
787 472
1377 880
49 574
99 238
1080 680
692 328
692 1090
1071 764
953 240
34 990
1205 254
521 22
1397 959
549 1274
793 867
1402 1492
1023 1412
684 650
1397 280
254 915
1088 166
371 177
1422 727
37 812
703 319
217 421
963 163
86 656
1271 1034
239 778
929 984
831 194
527 950
407 625
757 1500
1002 1279
865 869
1212 1075
79 1253
1255 533
1307 1355
729 1351
783 1346
1434 1104
193 808
960 492
266 1047
560 897
145 196
362 1149
130 648
276 565
307 87
600 1452
49 236
194 33
233 423
386 278
916 745
109 1417
1129 125
403 653
1044 1118
747 1190
492 376
590 869
1370 37
1182 1044
449 977
863 106
1384 1056
78 91
993 1068
299 1498
328 830
1205 1488
976 1002
1111 900
1139 101
1151 860
1216 533
631 86
515 1250
1100 1215
505 1140
1067 712
646 1004
1415 1245
1031 1040
862 1426
589 603
828 309
764 240
1458 896
467 1333
1044 1307
856 1470
794 862
940 358
859 1183
30 756
1378 967
877 588
614 302
386 836
809 1300
875 921
55 1128
1129 527
24 395
986 1277
17 1092
1196 843
905 1247
1254 1172
942 165
1363 479
1200 7
967 1471
1073 904
453 311
370 821
627 682
214 1139
214 1356
646 1492
1218 446
290 1426
191 764
179 783
887 985
49 1090
772 907
1416 689
995 1161
76 57
383 599
625 70
473 944
739 842
544 1121
1115 203
267 6
1470 66
454 636
1134 591
851 982
1435 98
1193 1008
1459 1476
894 174
1384 424
386 1103
850 785
1237 109
1240 1193
986 1107
952 630
955 199
941 239
1485 184
572 1170
976 1367
1072 1055
1395 1165
197 1378
865 453
1493 405
931 428
584 381
595 363
75 271
251 1370
787 1401
255 132
376 194
1462 1127
525 212
1361 387
970 897
1319 456
1122 212
1202 1097
483 1417
596 532
1159 1426
875 529
1492 666
918 93
199 297
1277 889
297 161
1013 355
977 689
1003 1391
1111 974
1194 1182
311 1193
770 267
74 960
568 194
289 470
1149 1039
1178 279
1004 126
201 527
1276 1479
1422 618
906 802
577 968
979 169
133 925
898 244
1122 1074
846 1260
48 1223
617 135
1231 604
432 1005
1369 994
821 249
1347 464
1477 141
828 399
75 264
534 248
793 716
761 317
778 795
1138 581
1156 192
1060 1130
289 1419
408 428
698 781
1466 875
1227 958
441 1073
1115 97
1124 275
1271 1376
386 565
355 755
1431 734
1430 399
20 516
112 1041
1400 1353
879 1435
1086 77
567 243
145 339
726 1001
122 826
1381 962
204 833
857 295
634 70
295 1495
416 259
1329 919
154 459
815 248
252 543
506 1310
996 707
942 757
257 1082
130 961
1163 1240
179 266
465 1113
861 1137
890 666
889 1457
484 1175
968 1017
883 197
932 1484
876 1111
364 81
537 1192
745 1484
788 89
1404 1300
879 848
31 608
451 49
1257 951
1053 835
1190 1050
903 1070
1265 205
409 491
1014 1314
951 187
1314 511
347 500
714 733
562 403
332 241
895 322
394 1120
338 1394
451 1487
61 306
544 929
753 1429
65 31
1145 609
613 229
1268 44
610 995
1454 140
1185 307
882 656
153 1132
758 756
834 744
349 820
1193 891
1367 253
620 299
475 702
923 252
1305 926
935 822
988 681
358 531
768 849
516 1289
953 221
900 1337
1107 938
1242 1153
1147 126
448 1393
1113 1355
1163 1090
1330 205
154 1188
340 1079
71 1062
35 1344
746 31
258 1289
976 786
110 332
1484 246
1076 35
350 246
1003 743
746 40
1252 766
1017 608
356 1066
1387 1013
1 1322
859 755
280 1197
741 91
793 987
658 1056
1298 1262
498 344
799 814
1358 1091
28 178
545 1132
247 419
132 1427
327 462
847 1496
505 416
251 1041
56 280
1326 344
686 799
1163 1415
29 302
440 512
933 960
168 1191
549 540
870 1332
319 1043
621 1318
1438 38
1452 1378
749 1000
919 443
1399 205
1092 1307
791 62
674 606
1200 623
1357 378
1363 1329
713 974
831 811
416 426
1127 432
577 1121
214 903
1397 1428
939 679
64 733
911 468
1024 1107
777 571
421 1027
1419 835
475 1405
941 956
966 1277
209 334
420 1398
100 649
739 741
14 1498
716 1117
989 1213
249 743
1008 833
174 939
844 170
349 958
190 232
692 790
1094 150
1446 786
550 1057
1332 1075
1141 1238
100 1048
1336 383
267 324
1059 264
460 988
187 869
1468 897
518 1076
507 115
275 539
1035 1379
604 1142
1465 389
104 777
471 407
1387 488
75 1480
510 981
971 296
515 656
1481 450
444 1018
480 1101
1167 940
86 1354
1069 327
733 1342
703 1409
335 1487
946 1120
482 354
110 292
843 168
946 107
1354 1280
826 1082
487 362
447 344
747 975
836 256
559 1312
750 1259
426 515
1149 583
868 1009
1268 313
1181 1309
867 1180
729 1057
285 1364
572 840
1283 1375
1414 562
951 633
457 710
1426 915
294 20
1256 1289
1012 1413
860 758
1333 239
464 283
2 1352
676 1054
331 1456
917 1156
699 211
1482 1155
929 62
1462 84
1247 1141
1008 1019
398 1456
1100 627
173 1473
77 1241
1375 483
1119 276
1181 972
371 784
858 1354
1066 1500
136 1474
668 809
822 1420
388 732
85 819
499 203
633 394
843 484
1131 763
985 94
96 783
300 1135
596 20
1169 519
955 1028
368 658
1346 488
669 889
1470 146
986 1169
733 815
1041 1091
1454 1128
27 1103
388 399
608 513
437 79
652 819
247 791
29 60
924 1160
1094 760
837 1212
1303 1295
1288 26
699 507
759 394
800 314
1333 334
583 793
1366 993
1500 414
1043 983
1063 754
1159 711
540 355
309 956
1493 1493
474 1088
1251 442
111 1428
111 221
1337 1358
1132 875
510 863
1409 451
409 289
890 759
1206 1086
245 387
517 914
817 61
683 1359
1094 1440
497 11
980 692
285 92
1226 1229
2 931
1039 1450
1434 645
441 450
457 391
405 1039
852 952
1499 259
606 1343
428 1359
107 131
1041 1489
449 296
1382 1085
248 291
1457 1174
756 197
952 1240
209 732
242 131
583 1498
1406 1016
192 1498
1405 166
1317 1306
693 517
482 282
547 536
1185 1373
270 1005
415 1486
682 1481
905 423
740 239
1350 967
1337 1366
819 753
153 195
1220 24
882 1422
1132 642
899 953
667 473
1 403
1325 579
973 1064
122 1245
365 94
1210 1500
938 20
391 372
1099 988
531 946
346 1259
2 304
287 6
1129 1274
378 1219
301 177
1 1239
336 585
595 913
339 1205
345 1176
962 1451
454 879
1294 1019
511 689
756 1117
1006 1381
1385 1331
246 412
877 885
586 423
364 747
1247 284
83 9
1165 872
901 814
412 839
1406 764
1203 1284
1078 486
542 1144
399 94
885 899
452 1393
468 1201
618 655
49 383
412 494
1167 82
55 274
1485 625
265 292
410 847
783 5
1061 970
1178 559
1003 819
76 1047
744 99
536 1399
242 673
945 539
1091 552
1011 997
1042 673
68 809
971 1371
274 420
75 459
1324 1174
408 435
341 771
1486 243
73 1473
1154 433
540 885
1139 306
1124 1402
165 1089
454 1137
1472 1188
526 1156
918 1249
514 1487
985 1217
1407 946
1375 854
745 841
704 1384
823 1076
1164 75
1167 1105
1219 1130
97 181
1327 192
1316 762
1235 770
577 1217
1277 213
1382 1167
1114 732
1446 309
934 186
1407 405
1466 968
1021 1047
1340 563
624 673
1103 78
389 1352
281 1374
1363 602
357 1096
1083 220
378 1070
1241 198
1375 1140
187 310
796 1154
735 682
110 996
1166 41
212 733
172 232
71 1233
1075 338
296 56
41 318
205 1475
166 225
816 994
1355 1282
480 692
661 1409
701 1409
192 1027
1165 1402
1413 814
207 18
413 1281
150 1410
979 426
626 1431
849 116
954 1130
1261 575
569 3
825 909
984 376
2 410
268 1311
667 1336
782 1262
100 136
1500 227
1240 1268
281 885
1415 836
418 436
215 1068
350 160
443 168
207 162
209 209
1052 345
595 137
1325 638
580 310
429 430
1299 1351
1484 833
1045 778
1280 1391
1423 160
1043 746
1108 563
1037 388
1078 591
761 733
1253 1159
12 1434
443 212
849 107
987 764
1330 1215
88 1410
163 555
693 665
588 989
354 566
1344 468
1469 785
702 937
1076 750
573 108
454 1425
918 982
269 222
294 1438
1297 1400
1136 1163
101 917
651 1128
860 736
759 1351
1309 1272
848 840
343 23
1167 984
959 1205
932 903
129 847
1148 1255
105 613
412 451
166 811
144 1460
551 243
911 1105
891 1267
1031 299
110 303
1168 1225
868 636
1349 1286
946 1096
832 261
962 1025
279 802
641 1104
1331 330
862 1237
1135 1418
114 141
262 406
1219 612
1377 635
375 552
1352 1046
1161 373
1225 610
485 931
1054 1299
263 913
1053 1487
546 1309
795 561
898 18
858 1346
941 342
728 1339
1208 884
446 999
78 74
15 318
1426 1374
383 854
227 670
842 1193
1304 431
421 1336
1283 711
1070 694
571 183
1073 63
1467 1259
141 299
977 1212
879 162
837 623
920 71
1315 1473
184 992
294 1
579 215
873 1338
167 726
674 1372
851 81
783 123
649 1356
1278 1318
1296 765
349 475
1392 102
1318 69
185 719
1321 1296
1074 242
201 343
1058 246
659 1418
913 1148
1121 1483
1456 958
435 760
353 872
1034 307
753 1073
43 111
73 584
638 586
988 887
412 807
408 95
1441 364
913 1052
1062 219
497 327
371 801
1480 1245
907 1483
1328 492
1409 200
737 1062
1193 703
880 425
1175 1453
98 590
509 612
155 798
359 1147
676 973
40 1458
1056 780
373 42
919 729
657 1387
321 569
1227 654
702 717
285 189
711 508
1388 656
93 1176
304 790
909 1152
1160 38
630 1068
508 1467
142 39
925 10
1415 661
754 1495
429 1469
183 874
1296 1329
1033 602
562 324
321 975
559 1407
154 593
24 734
577 855
878 948
44 1100
397 562
846 1088
992 237
752 151
1106 290
279 633
1015 1028
58 691
219 96
1028 920
138 57
855 1381
291 312
692 1495
185 466
1346 630
1269 997
1236 42
458 1381
207 673
1413 514
1474 403
897 108
976 1422
164 1388
293 1279
839 197
1036 195
1465 146
1195 1078
525 515
246 1315
875 887
519 854
67 882
1380 952
700 1430
68 1446
1096 153
1058 666
118 318
1218 134
434 1110
1417 952
686 466
16 527
864 1179
557 405
987 299
20 557
429 1271
438 125
109 252
320 1128
678 621
1447 1265
577 1388
784 259
347 834
574 983
11 1081
827 417
719 396
513 639
1474 535
435 787
975 1399
1197 888
605 628
1446 472
953 813
1434 979
1347 923
86 614
963 63
70 1215
1169 1198
1009 1418
472 1477
850 685
1470 567
770 291
199 529
1165 685
39 1174
1089 60
170 1051
1188 574
1036 102
409 500
289 201
1297 381
1079 946
590 323
1073 1293
343 1015
432 310
121 851
591 232
618 766
700 692
904 1185
430 952
920 781
468 1275
1097 615
821 911
583 386
1285 983
943 1203
952 1152
771 189
696 413
1156 65
1080 1065
836 270
862 337
936 215
1426 409
933 1137
493 44
388 1132
862 304
1158 576
165 965
560 1456
184 116
1072 1288
471 983
1298 706
91 1234
484 536
956 339
754 967
99 723
544 1174
882 1075
647 837
463 1057
1114 1072
1186 999
684 1183
869 1011
43 1448
729 1352
1307 163
739 174
437 1459
526 1428
266 1434
802 311
735 944
681 216
1001 858
1079 1132
529 867
695 1320
637 146
948 1114
1153 357
976 851
13 69
1447 376
1195 189
1224 204
445 1341
920 1488
666 54
1325 25
1300 1001
696 1240
480 670
144 1496
1277 195
1129 172
1316 1375
957 283
1131 960
447 268
269 1329
335 696
678 1016
416 153
289 750
154 830
344 111
1395 1393
41 1216
1099 217
999 540
108 336
146 653
450 1436
1223 120
1038 939
811 200
912 1122
1347 153
1430 250
683 890
317 655
511 703
137 1252
775 1258
207 770
1224 1272
598 115
972 41
1252 153
1244 766
1235 389
231 12
616 285
710 1436
148 1036
823 373
822 1371
340 337
159 1156
1239 73
337 1492
767 1041
25 61
804 904
642 1115
1368 947
594 490
1111 1214
1424 92
800 880
824 125
950 323
248 271
818 783
1422 828
646 76
141 550
1398 1073
210 1039
1211 851
1094 876
664 955
126 814
1330 857
1492 272
1105 746
926 840
504 1462
103 1269
115 1050
137 1343
136 1084
854 273
476 1048
955 444
953 1350
362 127
1305 1115
1019 687
488 472
1257 940
616 29
442 1481
427 454
784 833
1216 278
1453 913
1113 809
961 260
442 115
844 293
116 322
436 333
249 887
839 1042
73 197
1096 781
1270 1328
1486 1135
619 425
740 333
1447 666
843 788
896 651
553 195
465 450
723 1115
950 111
82 782
43 591
167 1395
1241 1191
434 131
1491 954
875 323
372 344
1085 163
434 180
36 785
702 100
1236 1280
1215 531
703 768
1123 1114
396 44
549 799
429 928
228 791
1096 37
290 235
955 691
190 949
83 997
703 1018
1211 1262
1473 123
297 553
37 1330
923 1185
419 1173
1132 301
509 450
476 1189
1403 731
368 1483
961 407
965 1296
1167 18
825 1287
1409 368
291 604
1183 565
771 59
90 692
193 601
1102 437
1049 717
1234 297
1107 271
432 1474
701 1252
1332 1490
477 751
421 604
581 611
182 79
20 364
212 552
877 450
870 457
1441 1486
356 583
1021 356
741 911
1085 531
1000 1182
1135 754
145 25
1477 702
1135 1356
861 168
857 1088
1476 143
597 804
45 357
1230 622
317 1340
1162 126
1216 405
1266 424
784 200
1389 1479
1001 775
528 16
1459 970
59 103
1454 353
1411 248
1171 655
574 1230
1220 1399
339 634
1427 425
1440 1107
27 405
997 1128
148 648
1401 163
841 1465
793 648
1377 201
137 1096
1035 585
1364 712
1233 112
234 585
346 1079
523 1281
1017 1113
994 1080
919 758
107 1371
1403 1343
1024 609
102 1330
1471 1420
827 1002
1461 356
360 1365
1235 405
1285 130
143 829
950 43
241 951
209 623
116 1220
115 984
1300 224
655 316
850 467
522 905
1439 321
1426 482
1355 249
278 150
661 1418
236 318
1356 1453
1431 866
87 1276
968 919
540 1325
1089 1450
68 542
1208 104
1077 522
1332 299
750 836
1469 575
416 22
575 1043
1200 182
829 988
287 1080
1472 750
790 423
1453 310
1202 1086
640 797
401 1482
156 626
1260 855
823 1461
721 220
1494 1368
1348 1256
1434 1376
1206 51
1096 246
1145 737
469 502
688 1129
870 913
1197 1079
1093 1054
1190 883
524 1036
832 750
634 1194
1442 457
888 1328
240 1105
1026 353
493 1429
789 150
879 1329
362 1436
926 150
867 1239
1445 1005
355 930
734 577
298 652
308 688
1388 1198
357 273
27 175
1112 428
1147 1195
541 793
1391 1078
1408 853
418 435
504 217
1186 235
402 1221
883 861
815 106
936 459
1113 1236
540 1418
623 1237
727 1393
750 421
1174 1136
1224 775
1102 1085
192 1375
1234 1180
901 470
869 1447
807 552
1376 1269
828 915
336 946
784 1286
371 626
451 16
1047 1365
527 954
384 337
1004 1079
359 1202
589 417
1196 688
711 286
817 943
1091 624
1192 1469
231 1148
1465 790
28 753
631 1134
671 136
710 191
695 1073
1314 548
1239 1310
840 1028
1427 1166
737 1005
299 933
1315 1305
884 1230
858 918
207 391
170 491
698 375
1164 839
464 560
1053 1323
266 781
1060 1466
124 248
688 38
167 1435
1266 103
374 1282
123 604
1483 470
1040 558
931 767
861 404
415 671
1242 261
897 987
475 687
1368 1488
910 275
560 967
644 951
124 648
1440 568
199 362
1270 353
1428 178
253 440
1242 42
609 1473
664 846
367 622
426 516
964 1473
1250 644
666 239
45 252
1139 198
807 1243
881 75
1207 725
724 183
846 1362
355 429
1291 951
652 753
566 64
1295 1106
1344 1405
778 584
1199 1012
1076 307
1186 1081
1193 1370
1465 997
925 82
203 1421
519 591
663 1438
77 1232
492 494
1233 753
641 1419
1194 901
1244 1301
987 1044
1046 610
1230 212
897 961
1123 505
1473 1137
1477 1420
657 1182
962 784
515 1154
974 1128
1301 218
157 165
1037 423
1057 1058
741 101
13 768
1300 1441
1207 885
137 1456
1168 214
910 4
1211 117
1223 1185
1019 1047
260 1141
646 1427
107 698
843 426
1453 1242
1065 731
1063 1231
683 1373
797 64
1193 1283
726 578
1486 1131
662 1033
79 363
1338 235
59 790
796 1104
881 248
322 1464
548 552
624 662
1163 1363
508 259
390 636
1286 1069
869 390
1440 611
368 865
171 418
396 1010
1319 674
733 1466
1159 56
354 964
1218 251
874 870
760 355
489 1186
157 1274
637 14
1350 3
666 691
1001 1461
702 155
1020 76
585 633
94 721
348 1314
645 1208
105 1207
1429 419
989 598
1071 1275
406 811
1170 180
1075 1224
1116 988
827 1159
549 644
183 1253
689 885
534 140
858 1291
526 873
160 823
1423 1249
934 763
1358 6
143 304
934 835
1496 162
1184 294
887 1488
1388 300
1323 599
178 1134
1339 785
643 930
333 1497
73 170
218 1220
233 1178
286 1129
1055 1315
87 574
1254 338
1476 1252
1025 686
833 1069
192 244
810 1382
1395 764
1181 547
1419 1426
1198 257
174 1054
94 1334
83 266
810 1127
58 1128
351 861
816 829
703 1076
489 175
634 1210
207 374
322 1205
184 67
212 1414
738 742
1487 762
239 1007
362 92
773 687
15 526
591 219
522 551
248 668
797 1142
131 423
586 790
1273 1435
1217 61
421 1274
1316 544
401 681
501 1500
612 973
1224 509
1151 941
1138 106
647 392
1334 299
1348 187
1444 1048
1345 973
1386 1099
1429 552
1014 1282
1254 640
1100 1181
254 808
571 558
286 215
31 747
1090 116
1209 579
976 708
517 292
923 598
575 463
718 290
1357 1349
213 1043
581 932
3 378
112 112
1002 1192
238 575
709 398
674 651
501 291
637 1352
1343 839
1006 1043
385 693
230 998
602 43
288 356
918 261
889 827
50 960
64 520
874 439
1464 43
982 347
589 516
244 1163
206 555
833 241
766 267
426 682
1349 1182
1474 1026
215 1204
703 576
646 1407
545 405
413 31
189 1034
1063 1064
1142 208
197 370
387 25
782 908
509 998
1233 472
1371 858
1019 947
150 1321
895 485
1411 910
969 1474
1119 762
599 561
402 1226
1045 1
150 353
894 934
1366 1183
852 885
1390 1499
563 207
916 1127
843 40
906 770
8 1289
811 1130
412 575
639 941
1315 835
1356 130
784 867
756 1398
71 1411
223 201
349 1075
492 1328
482 720
489 215
235 467
647 91
1352 283
794 840
1425 599
416 864
931 1340
1068 1113
1419 1412
470 241
247 1471
1241 327
926 872
1163 376
228 177
77 739
1242 1068
500 1312
43 212
1085 1405
677 644
444 302
521 1032
776 1248
1422 1207
1070 1477
218 1380
551 253
141 31
1307 559
1454 77
650 1395
169 26
788 861
42 1303
954 382
197 213
624 510
849 1096
770 1326
620 864
400 1282
1361 456
830 452
1195 1383
623 1039
270 1361
1283 1277
499 474
779 558
1219 787
426 578
1395 1304
127 845
769 718
886 514
1039 433
79 1382
457 814
1085 95
923 295
1336 1387
779 937
740 1329
395 106
516 1247
180 1213
266 679
701 1160
320 194
1459 1197
488 356
984 1289
1206 1201
1455 198
1446 689
1266 1312
618 1386
1134 981
978 697
976 226
975 707
1349 1451
20 471
1008 1240
1250 1490
953 314
1386 1200
1145 3
415 147
1049 694
472 1172
415 1081
973 1173
1121 745
731 1253
1165 901
956 1192
1246 336
1280 605
1001 592
177 666
712 557
1474 1359
985 940
351 348
1428 1333
1456 418
1008 999
998 872
597 908
1463 1255
268 901
958 382
1376 684
1145 1211
1305 214
989 575
1413 1176
508 1124
518 1160
338 834
606 954
398 909
866 786
1159 1264
181 572
799 1334
356 1058
715 1484
1373 383
1363 128
475 180
45 1274
535 1311
1343 1066
1165 819
203 1083
33 565
1406 211
784 80
624 1384
1082 1416
1266 498
577 634
295 313
1090 705
192 162
765 157
349 1389
1214 1198
997 1264
729 1049
962 1341
1202 536
576 1267
426 326
334 1255
1310 996
286 1390
1305 59
1238 650
354 95
1029 300
1232 413
131 953
165 1361
90 1209
357 486
903 710
856 1053
672 1101
780 541
190 179
878 67
616 1415
1088 501
765 541
791 291
819 115
663 901
853 378
1112 365
722 586
241 1032
830 854
227 467
222 803
