p td 150 600 
81 126
59 113
54 33
103 128
65 32
40 85
8 148
22 25
32 20
90 16
124 5
52 71
106 145
7 79
87 58
67 114
15 64
14 40
5 5
14 114
64 94
91 3
112 69
31 48
51 104
4 32
94 59
120 89
82 45
4 86
64 77
10 143
62 90
102 86
94 150
75 132
39 102
88 33
49 136
27 126
129 136
69 142
36 142
137 122
28 98
30 31
2 80
9 149
85 128
142 30
40 34
94 4
139 45
5 79
63 115
137 108
39 82
80 47
80 105
21 84
26 58
104 54
123 9
58 119
89 46
108 143
40 135
99 139
118 118
58 55
4 98
54 23
86 40
38 82
67 50
130 54
65 31
83 30
98 119
79 78
105 65
58 13
23 58
69 147
10 15
10 1
77 125
111 67
34 84
82 2
73 124
119 126
1 67
109 83
75 5
38 92
97 79
120 60
49 69
102 74
83 79
112 5
68 44
121 105
45 105
25 52
31 41
43 3
35 118
116 121
120 125
121 113
70 85
150 131
131 139
143 77
68 99
103 43
146 74
99 118
94 111
6 116
35 130
105 1
142 91
10 91
109 29
66 80
91 93
6 50
36 140
87 73
19 25
52 137
80 92
48 139
144 15
118 54
25 21
122 19
68 120
44 23
47 69
144 116
145 148
121 23
78 120
85 39
33 76
93 19
93 116
85 112
10 48
29 114
123 117
36 62
43 136
125 98
111 102
127 76
120 31
123 53
39 127
65 46
149 4
81 10
33 56
97 24
6 48
141 75
24 24
91 61
99 108
20 139
64 129
61 58
129 86
72 133
149 9
108 65
13 17
138 6
129 23
127 144
21 50
145 116
28 76
23 69
38 119
33 55
121 39
25 7
6 114
91 125
25 144
19 63
18 86
141 49
116 147
130 64
118 136
59 94
24 95
73 60
135 133
2 120
102 100
14 57
103 150
32 141
87 50
30 101
34 135
40 86
109 17
150 60
9 119
7 60
82 147
41 111
7 108
146 68
99 3
143 95
121 63
87 26
110 63
149 101
115 34
8 67
91 76
100 130
25 59
128 125
113 118
107 61
18 125
54 46
116 48
118 30
49 141
80 52
127 96
71 116
100 101
33 66
85 126
83 105
105 31
140 116
69 82
61 48
77 54
115 138
141 146
45 93
47 99
146 59
108 63
150 108
2 65
14 15
95 82
139 106
147 4
46 100
29 74
62 118
103 94
120 65
20 103
42 22
147 68
121 64
50 59
66 142
9 116
117 31
69 96
81 8
16 8
20 37
20 54
31 119
112 72
2 120
36 127
65 54
63 123
129 85
45 132
27 80
85 17
108 69
133 54
13 30
127 39
98 14
107 120
22 139
86 99
107 44
35 25
124 118
114 1
15 89
44 79
25 148
100 30
35 29
77 14
6 28
147 19
10 88
104 80
145 17
95 76
116 95
66 28
123 34
37 2
76 93
49 27
112 122
6 109
3 55
65 136
18 45
86 88
144 137
84 26
34 75
44 106
52 64
101 11
64 106
24 135
92 80
118 44
12 11
135 87
143 96
103 117
37 148
5 99
93 20
43 38
110 140
7 29
111 19
124 8
126 83
58 38
62 26
114 115
40 76
125 16
141 61
96 24
1 142
110 140
85 55
70 22
147 109
137 132
48 47
94 94
121 125
39 87
112 67
133 70
36 75
129 120
68 51
53 115
136 147
100 112
94 111
147 111
110 75
147 132
119 120
138 134
66 90
34 3
43 44
33 8
43 144
121 32
76 138
5 15
132 41
80 93
93 139
56 144
45 98
117 132
30 40
13 100
92 105
147 141
149 54
37 136
94 92
94 7
85 6
91 131
46 123
3 125
116 111
16 94
85 110
20 19
8 12
110 74
112 113
66 57
42 45
30 121
17 61
97 58
54 54
73 24
109 50
123 26
61 14
93 65
91 33
77 14
43 31
51 58
72 126
70 63
86 58
130 134
103 43
137 60
123 74
136 142
59 81
143 63
40 141
56 77
114 8
24 144
35 33
86 82
52 118
33 6
117 85
107 93
35 105
27 48
31 33
137 83
128 7
81 54
102 68
71 30
71 110
44 82
99 93
149 149
78 60
143 55
109 40
114 66
46 101
98 116
13 2
145 10
143 50
116 18
72 23
51 136
74 116
144 22
89 135
134 91
141 3
127 111
73 66
54 62
106 46
59 54
18 90
78 34
64 1
34 27
27 14
28 8
38 110
97 99
93 59
136 43
2 22
1 90
93 22
112 64
112 110
126 145
103 12
112 140
147 14
17 145
44 114
13 85
63 149
88 63
5 120
16 31
131 113
117 84
123 121
54 21
66 144
19 59
112 95
82 7
86 23
84 58
118 146
108 54
117 90
112 89
127 43
119 21
27 105
121 64
12 144
48 65
56 76
69 28
109 48
32 43
69 26
2 149
15 84
2 69
9 141
17 38
7 45
147 4
102 5
125 28
85 95
18 56
125 148
128 88
52 68
76 69
67 95
3 30
150 29
117 50
85 36
33 123
63 3
68 114
13 107
30 29
94 33
124 43
83 7
89 78
18 42
150 106
7 106
91 108
19 100
23 64
49 16
37 31
12 117
3 139
144 92
31 131
8 148
63 28
20 142
56 86
88 105
9 38
128 10
45 30
54 35
113 117
130 143
108 124
147 8
78 54
130 113
95 88
75 131
30 148
79 71
54 100
13 140
6 34
112 86
