p td 1800 1587 
1 259
2 523
2 631
2 968
4 179
5 324
5 440
5 1237
5 1352
5 1504
6 290
7 34
7 321
8 1702
9 213
10 1311
11 373
11 856
11 1317
11 1343
12 386
12 656
12 1091
12 1666
13 441
13 1502
16 1159
17 304
18 20
18 251
18 1525
19 51
19 1473
21 857
22 1047
24 255
24 1495
25 138
25 819
26 1684
28 1225
29 1417
30 325
32 598
32 1150
33 1518
34 852
34 1520
36 838
36 1793
37 574
39 115
39 1397
39 1403
40 172
40 831
40 1321
41 574
43 1370
45 265
45 648
46 1091
46 1533
46 1759
47 69
47 669
47 886
48 155
48 908
49 1726
51 95
52 645
53 1177
54 985
55 454
55 475
56 346
56 1668
57 255
57 1705
58 1127
58 1655
59 950
59 1204
59 1554
60 111
60 1237
61 1361
61 1424
61 1764
62 744
64 188
65 1220
65 1425
65 1585
66 523
66 1008
66 1707
67 1307
67 1682
67 1718
68 148
68 488
69 591
70 783
70 896
70 1066
70 1297
72 342
74 500
76 593
77 583
78 1353
79 265
79 659
80 294
80 314
80 1592
80 1725
81 921
82 622
82 1568
85 130
85 491
85 874
86 1549
87 374
87 831
88 700
89 218
89 471
89 1120
89 1164
89 1792
90 743
90 1579
91 149
91 1409
92 830
92 1088
92 1397
93 520
94 644
94 1681
95 815
95 893
95 1191
95 1451
96 274
96 1190
96 1723
97 557
98 418
98 519
98 1176
99 104
100 1078
101 418
101 739
102 134
102 175
104 420
104 431
104 434
104 1672
104 1689
105 1353
105 1646
107 317
107 602
107 688
108 333
108 1621
109 732
110 1150
111 157
112 154
112 628
112 647
112 1622
113 715
113 855
113 860
115 1253
116 1499
116 1651
117 683
118 263
118 639
118 1220
120 771
121 1488
121 1540
123 332
123 691
123 1192
124 1237
126 704
126 1072
127 1412
129 697
129 899
130 641
130 1105
131 315
131 412
131 724
132 1592
133 202
133 237
135 188
135 559
136 171
136 819
137 574
139 459
139 518
139 1269
140 637
140 977
141 453
141 1786
142 446
142 1490
142 1507
142 1549
143 197
145 1061
147 1668
148 346
149 482
149 1650
149 1670
150 815
152 973
152 1584
154 575
154 1697
155 471
155 854
156 277
157 200
157 805
157 1052
158 1522
158 1691
158 1697
159 1401
159 1408
160 1019
160 1053
161 529
161 659
161 1782
162 809
162 842
162 1453
164 1294
165 1751
166 764
166 1182
166 1626
167 586
167 1007
167 1287
167 1611
169 204
170 638
171 353
171 1549
173 948
173 1186
173 1556
174 967
175 913
175 1377
175 1732
178 238
178 893
178 930
178 1755
179 829
179 1612
181 492
181 936
182 468
184 576
184 853
184 970
184 1462
185 1727
186 707
188 1780
189 477
189 844
190 1235
190 1571
190 1697
192 1131
192 1265
192 1636
192 1700
193 622
194 230
194 520
194 1048
194 1480
195 446
195 849
196 1164
197 289
197 360
197 793
198 554
199 982
200 1129
200 1147
200 1331
200 1611
202 652
202 1787
203 430
203 1523
204 1296
205 1351
207 863
207 1052
207 1677
208 1565
209 1063
210 929
210 1152
211 353
211 524
211 683
211 1567
212 577
212 762
213 310
213 418
213 1087
215 655
217 799
217 837
217 1192
218 1354
218 1431
219 626
219 1348
220 875
220 963
221 1221
222 452
223 373
224 418
224 792
224 1288
225 865
225 1136
226 360
226 800
226 1382
227 552
228 1111
228 1296
229 1329
230 634
231 698
231 1546
232 915
232 1664
234 1133
235 246
235 840
235 1453
235 1747
236 616
236 1335
238 527
238 528
238 548
238 675
238 963
238 1245
238 1257
238 1264
239 432
240 1190
241 739
242 911
242 1399
242 1717
243 1759
244 740
244 1177
245 1631
246 741
247 573
248 722
249 313
249 419
250 747
252 680
252 835
253 286
253 752
253 1671
255 849
255 1356
255 1650
256 431
256 515
256 1164
257 1585
257 1647
258 1362
259 556
259 1051
260 1481
262 576
263 460
264 1236
265 1229
265 1447
265 1727
266 568
266 828
268 276
269 513
269 1385
269 1458
270 683
270 771
270 778
271 309
272 313
273 831
273 1326
274 901
275 319
275 421
276 1202
276 1240
277 351
277 1001
278 1313
278 1764
279 375
279 522
279 1139
279 1153
279 1185
279 1449
280 281
281 1377
281 1547
282 596
282 1767
284 356
284 1147
285 568
285 667
285 943
286 1052
286 1069
287 653
288 1188
290 516
290 673
290 790
290 1525
290 1689
292 810
292 1616
293 385
293 451
293 569
293 1049
293 1211
294 614
294 770
294 847
294 1363
294 1773
295 331
296 1065
296 1499
298 622
298 1784
300 759
300 1719
301 461
301 825
301 1139
302 790
304 1338
305 1217
306 1070
306 1113
306 1467
308 912
309 327
310 1438
310 1567
312 965
314 496
314 911
314 1203
314 1322
314 1581
314 1583
316 1666
319 1768
321 1073
321 1384
322 611
322 956
323 563
323 1214
324 1325
324 1371
326 1478
327 897
327 1723
328 427
328 1620
328 1631
329 771
329 1160
329 1390
329 1651
332 1410
332 1779
333 582
333 614
334 1463
335 377
337 509
337 782
338 1778
339 862
339 1682
340 573
341 663
341 953
342 1397
343 1352
344 509
344 815
345 1065
345 1179
346 557
346 1080
346 1140
347 467
347 744
348 621
353 480
354 1070
354 1383
355 834
355 976
356 1660
356 1754
358 580
358 721
358 1180
360 1384
361 546
363 1553
366 906
367 774
367 1039
367 1457
369 1398
370 1068
371 1612
373 1094
374 747
374 1226
375 1664
376 483
376 1097
376 1495
376 1705
377 590
378 640
379 691
379 950
381 822
382 1237
383 1172
383 1246
385 672
385 1503
385 1624
386 770
388 947
388 1709
392 714
392 1374
393 1113
393 1283
394 787
394 1185
394 1450
395 926
395 1278
397 636
397 1049
398 922
398 1057
398 1473
398 1706
400 1426
400 1543
401 1201
402 1024
402 1342
403 1448
404 501
406 1058
406 1264
407 1415
407 1431
408 880
408 1143
409 731
409 856
411 1257
411 1336
412 799
412 1184
413 1775
417 702
418 492
418 1709
419 1129
420 1068
420 1127
420 1369
420 1673
422 1772
424 1077
426 1579
427 505
427 1502
428 451
428 1088
429 1640
429 1695
430 536
430 642
430 824
432 865
433 1063
434 709
434 1290
435 965
435 1031
438 739
439 1100
439 1507
441 794
441 1412
441 1540
442 1031
442 1442
443 1109
444 732
446 635
446 707
446 840
446 1159
449 1409
450 454
450 863
450 1483
450 1492
451 1749
452 920
452 931
453 518
453 564
453 741
453 1053
454 666
456 760
456 844
456 933
459 1536
460 1074
461 645
461 658
461 1023
461 1419
461 1762
462 1453
463 1202
464 1009
464 1043
465 800
465 1499
466 1608
467 1254
468 1765
471 1133
471 1169
473 725
473 1616
474 906
474 1024
474 1347
475 1485
476 1091
476 1640
478 538
480 521
480 718
480 794
481 726
481 816
481 983
481 1503
482 702
482 1754
483 1473
483 1765
484 653
484 1287
484 1533
485 1043
485 1775
486 529
487 1788
488 1742
489 855
490 891
490 1262
490 1597
491 672
491 1072
493 759
493 1172
493 1349
494 1447
495 1395
496 1284
498 1383
498 1474
499 1550
500 748
500 1177
501 917
502 1190
502 1488
503 605
503 771
504 1061
504 1254
506 1794
507 1063
508 593
508 833
508 1345
508 1662
509 631
510 1160
510 1244
511 599
511 859
512 900
512 1264
512 1314
512 1596
513 1024
513 1050
513 1181
514 1343
515 1137
516 959
517 639
517 696
518 1542
519 1122
519 1501
521 997
522 1081
525 933
525 1483
525 1739
526 771
527 551
527 846
527 1386
527 1506
528 948
528 1500
528 1569
529 897
532 1059
532 1170
532 1217
533 1778
534 672
534 696
534 1303
534 1679
536 1302
537 886
537 1505
538 1299
539 651
539 1042
539 1081
539 1262
539 1541
539 1656
540 733
540 1321
542 614
542 1193
542 1356
543 948
544 581
544 687
545 949
545 1112
545 1779
545 1793
546 1720
547 1361
548 1533
550 1700
554 636
554 650
554 897
554 1482
555 999
555 1347
557 644
557 1376
557 1573
558 564
558 1692
560 905
560 1398
560 1634
562 645
563 738
563 1185
564 1633
565 1410
565 1425
566 922
567 828
567 1409
568 830
570 1782
571 1407
572 920
572 1768
573 605
574 1158
574 1568
575 970
575 1643
576 1174
576 1288
577 1637
578 1626
579 1132
579 1798
580 1358
581 1432
582 1268
583 849
583 1100
584 651
584 1612
585 758
585 942
585 1640
586 1593
587 980
587 1009
588 1098
588 1621
589 870
589 1435
589 1762
592 1108
593 923
593 1346
594 1305
594 1436
595 833
595 973
599 1653
600 810
600 1261
600 1702
602 1098
602 1159
602 1275
603 1241
603 1331
605 1514
606 822
606 1255
606 1714
608 707
608 804
609 1028
609 1583
609 1791
611 855
611 1751
612 1401
613 775
615 757
615 910
615 1439
615 1752
619 1605
620 923
621 1074
621 1681
623 1656
625 1179
626 993
626 1440
628 1440
629 1329
630 870
631 703
631 1453
635 1246
635 1373
637 927
637 1507
639 1763
640 1098
643 1493
644 846
644 1622
646 1556
647 997
647 1063
647 1699
648 885
649 1259
651 915
651 1664
652 1214
653 930
655 875
656 1535
659 1151
661 1190
661 1732
662 1368
664 1083
666 833
666 1704
666 1736
668 1363
669 815
669 1075
672 1064
672 1602
673 957
673 977
673 1585
674 1083
675 1405
676 1476
677 823
678 1778
679 696
681 802
682 1443
682 1587
683 1388
683 1407
684 1609
684 1787
685 1114
686 732
691 1308
693 720
694 1616
696 1576
699 1195
700 1270
701 1421
702 941
702 1296
705 1207
706 738
706 1507
708 1794
710 827
710 1378
710 1387
712 990
715 1655
716 1229
717 969
717 1264
718 1109
719 1275
719 1621
719 1668
720 1692
722 1109
722 1358
723 1212
723 1363
726 1362
728 1383
728 1538
730 731
731 892
732 1159
732 1165
733 1716
735 1481
735 1752
736 955
736 1001
738 1028
738 1372
740 1602
740 1640
744 1168
744 1261
744 1269
746 1133
747 1257
748 1309
749 1780
750 1595
750 1686
751 1142
751 1527
751 1717
752 1729
753 954
753 1313
753 1358
753 1537
756 1438
757 1470
759 998
759 1095
761 765
761 882
761 1293
761 1527
762 821
764 1209
764 1751
766 1067
766 1513
768 1126
771 1414
774 1168
774 1254
774 1578
776 857
778 1118
779 1467
780 959
781 939
782 1229
782 1384
786 950
787 1466
789 1022
789 1155
789 1761
791 908
793 1078
793 1252
795 826
796 1220
797 800
797 883
797 1223
798 1562
799 1711
801 1620
802 947
803 1126
803 1148
804 1209
804 1624
806 974
808 947
808 988
808 1461
809 1481
810 1249
810 1513
810 1556
810 1568
812 871
812 1356
814 1372
815 1028
815 1296
815 1514
817 1003
817 1036
817 1349
817 1352
817 1446
818 1111
821 941
822 1032
823 1374
824 1765
826 1021
826 1360
826 1585
826 1686
828 1689
829 1452
830 1394
830 1627
831 1333
831 1553
831 1669
832 981
835 1167
835 1595
838 839
838 1108
838 1385
838 1753
839 1451
839 1509
840 1693
841 1730
843 1005
844 1697
845 900
846 1522
846 1559
849 893
850 1251
850 1266
850 1368
851 1135
854 963
854 981
854 1224
855 1615
856 1632
856 1743
858 1610
860 1431
863 1226
865 1086
866 957
866 1017
866 1072
866 1544
866 1556
870 983
873 941
874 1087
877 927
879 996
880 1217
882 1771
886 1258
889 1205
891 1548
891 1644
894 1237
894 1356
895 905
897 1047
899 1283
900 1523
902 1243
903 1635
903 1774
904 1262
906 1413
906 1606
907 1010
907 1039
907 1364
907 1447
913 1412
914 1672
914 1767
916 1777
919 1143
923 1461
926 1150
926 1571
927 1260
928 982
928 1047
929 1196
929 1292
930 1027
930 1223
930 1237
931 1004
931 1201
933 1113
934 1329
938 1675
938 1713
939 1679
941 1686
941 1714
944 1092
944 1580
945 1032
945 1494
946 1523
947 1193
948 1614
950 1310
951 1545
951 1587
952 1439
957 1229
958 1064
958 1361
959 1480
960 1759
961 1441
961 1604
962 1193
963 1110
963 1703
964 1197
967 1221
967 1227
967 1306
969 1551
971 997
971 1498
972 1282
972 1428
972 1704
973 1548
975 1070
975 1580
977 1308
979 1562
981 1116
982 1372
983 1591
984 1711
985 1106
985 1652
986 1084
986 1796
988 1340
990 996
991 1101
992 1461
995 1426
997 1683
999 1246
1000 1011
1000 1572
1001 1763
1002 1180
1002 1236
1003 1296
1003 1720
1005 1604
1008 1023
1008 1205
1008 1464
1010 1412
1011 1461
1015 1727
1016 1514
1016 1553
1018 1488
1019 1681
1020 1105
1020 1313
1024 1416
1025 1076
1029 1291
1030 1137
1030 1324
1030 1684
1033 1484
1033 1782
1036 1265
1036 1571
1037 1152
1038 1776
1040 1282
1040 1387
1041 1456
1042 1342
1042 1522
1043 1090
1043 1521
1043 1583
1044 1522
1045 1102
1045 1235
1047 1630
1048 1505
1048 1769
1050 1078
1055 1092
1055 1680
1055 1700
1057 1298
1058 1121
1061 1191
1064 1274
1066 1091
1066 1236
1066 1333
1066 1679
1067 1385
1067 1469
1067 1652
1068 1440
1069 1612
1070 1364
1071 1427
1072 1582
1075 1522
1077 1632
1077 1685
1080 1403
1082 1575
1083 1221
1087 1633
1088 1244
1090 1230
1092 1217
1093 1377
1094 1644
1095 1144
1096 1520
1097 1389
1098 1573
1100 1261
1101 1685
1102 1588
1103 1522
1104 1203
1105 1462
1112 1381
1113 1481
1118 1324
1118 1530
1120 1431
1121 1145
1123 1146
1123 1199
1124 1594
1125 1223
1126 1483
1128 1277
1130 1144
1130 1510
1132 1184
1133 1668
1134 1748
1135 1224
1136 1799
1137 1148
1138 1599
1138 1713
1139 1300
1142 1629
1144 1701
1148 1244
1149 1715
1149 1755
1150 1259
1152 1522
1152 1600
1154 1257
1154 1737
1155 1606
1156 1325
1156 1799
1157 1405
1158 1278
1158 1660
1162 1347
1163 1408
1164 1469
1164 1793
1165 1596
1166 1296
1168 1539
1169 1389
1170 1256
1170 1485
1172 1452
1180 1758
1181 1496
1184 1249
1184 1396
1185 1518
1186 1404
1188 1645
1190 1709
1191 1336
1191 1683
1193 1452
1193 1798
1194 1199
1197 1799
1199 1202
1200 1458
1200 1462
1202 1745
1205 1206
1206 1525
1206 1532
1210 1473
1211 1241
1211 1253
1213 1225
1217 1428
1219 1345
1228 1489
1229 1481
1229 1530
1237 1346
1238 1395
1238 1426
1240 1611
1240 1748
1243 1587
1244 1432
1246 1451
1247 1717
1248 1426
1249 1394
1251 1609
1252 1488
1254 1543
1258 1575
1258 1711
1259 1398
1261 1305
1262 1290
1262 1692
1265 1652
1266 1483
1267 1491
1267 1575
1268 1306
1275 1509
1277 1373
1277 1786
1283 1563
1283 1618
1284 1598
1286 1778
1298 1467
1299 1347
1299 1732
1300 1567
1305 1331
1307 1657
1308 1542
1310 1698
1311 1453
1311 1716
1313 1583
1314 1370
1315 1487
1317 1469
1318 1453
1319 1441
1323 1438
1329 1614
1337 1372
1337 1449
1337 1628
1341 1369
1341 1400
1341 1452
1342 1662
1343 1788
1345 1519
1348 1389
1348 1425
1350 1502
1353 1604
1356 1449
1357 1444
1359 1721
1359 1738
1362 1654
1362 1685
1364 1710
1369 1777
1370 1550
1370 1720
1371 1531
1372 1457
1377 1487
1378 1402
1383 1663
1384 1571
1386 1712
1392 1584
1393 1590
1395 1712
1397 1527
1399 1660
1410 1639
1411 1571
1414 1419
1416 1439
1416 1541
1420 1583
1420 1690
1428 1590
1431 1451
1433 1674
1434 1522
1434 1580
1436 1781
1439 1521
1442 1646
1443 1595
1448 1535
1459 1793
1460 1772
1466 1472
1478 1714
1484 1514
1486 1667
1487 1597
1494 1654
1494 1716
1501 1578
1503 1733
1512 1534
1513 1792
1514 1638
1529 1702
1530 1562
1533 1558
1533 1694
1534 1795
1548 1569
1553 1566
1554 1721
1555 1700
1557 1653
1559 1567
1560 1613
1568 1781
1579 1794
1588 1785
1589 1764
1589 1784
1597 1748
1620 1652
1628 1678
1633 1710
1645 1755
1651 1719
1682 1771
1689 1763
1699 1795
1715 1721
1716 1736
1755 1795
1760 1783
