p td 600 185 
3 326
3 391
4 75
5 129
5 143
8 97
15 436
17 383
17 399
22 460
25 249
25 442
27 157
27 406
27 437
39 346
50 414
55 598
56 547
57 143
57 552
60 141
71 546
74 327
74 333
74 350
76 574
77 371
78 499
82 137
82 537
84 433
85 314
86 277
88 436
89 144
91 172
92 421
94 485
97 581
98 275
101 364
101 577
102 452
104 192
110 395
112 595
113 385
113 552
116 169
116 529
117 179
117 267
118 472
122 425
123 319
124 512
128 213
128 254
133 340
138 224
138 362
139 447
140 264
141 358
142 460
145 480
147 330
149 448
151 223
153 352
153 365
154 575
155 497
157 253
159 494
160 217
162 392
164 573
165 416
165 538
166 310
169 311
169 318
170 376
178 420
180 284
181 184
181 519
181 536
183 240
183 283
185 404
189 190
189 569
193 285
196 351
196 404
196 461
197 326
197 473
198 545
200 392
204 509
205 426
205 570
206 288
206 524
206 540
210 219
210 240
210 303
211 285
217 345
224 230
227 456
230 447
237 407
245 468
249 526
250 281
250 460
251 496
254 387
254 595
261 400
264 396
266 385
269 415
269 542
270 463
276 591
278 480
279 398
283 544
289 343
289 541
292 300
297 596
298 357
300 588
302 433
304 506
315 367
315 539
316 581
321 558
322 437
330 411
336 357
342 418
347 533
353 453
356 468
357 367
359 550
360 435
361 512
365 528
365 596
368 450
370 448
388 516
390 497
391 425
392 466
394 542
404 423
425 492
425 574
426 551
426 579
430 566
452 585
463 515
495 501
496 581
499 558
512 599
516 566
521 586
522 524
522 595
529 592
556 590
