p td 500 2000 
156 157
40 5
492 148
433 436
2 183
167 222
94 398
363 422
403 45
434 347
208 8
153 249
96 130
155 90
332 295
303 436
185 353
468 99
176 50
177 102
193 244
131 240
488 85
11 48
148 103
222 367
193 294
133 233
417 245
67 482
294 194
235 33
38 57
262 444
42 235
191 484
167 306
488 296
139 90
478 275
228 483
393 70
286 404
253 79
60 52
195 251
191 452
263 49
8 492
269 11
94 278
140 9
400 478
27 242
347 197
91 76
101 167
385 74
307 266
256 14
351 265
162 491
356 131
381 446
489 462
414 81
93 128
500 56
282 416
130 358
194 188
243 174
171 38
40 491
110 12
370 141
423 145
401 431
296 319
438 267
219 9
245 225
471 141
296 325
177 341
83 242
444 188
93 127
196 419
415 433
81 486
468 10
338 361
306 403
89 276
181 422
251 22
80 168
93 25
445 78
431 204
241 374
322 488
490 208
345 37
420 167
108 5
172 390
342 112
210 460
470 4
300 260
389 491
85 444
455 307
407 482
195 77
287 183
312 204
321 117
194 89
52 246
175 291
242 476
236 245
404 401
68 352
413 268
498 205
19 378
436 345
491 319
32 370
371 123
287 231
232 231
148 249
326 446
165 357
15 209
281 427
488 491
404 16
326 423
465 470
20 119
281 497
498 156
471 253
37 186
10 144
6 401
398 244
79 393
396 403
441 431
436 80
350 374
496 324
464 188
127 346
209 440
128 466
425 143
203 196
305 14
178 27
75 401
155 57
240 297
60 28
445 127
296 350
210 304
304 220
125 334
168 275
381 210
375 380
410 494
68 441
212 278
372 232
376 467
315 432
257 269
387 23
454 122
213 369
148 166
311 390
464 359
261 292
94 341
198 302
235 451
384 125
488 84
499 233
434 33
182 349
45 295
413 498
498 55
198 143
343 307
391 288
388 84
295 90
27 70
413 446
229 189
155 42
95 165
34 291
156 462
181 254
45 332
249 239
350 293
400 360
61 442
423 91
440 60
98 353
82 417
18 32
372 411
485 357
119 91
232 156
173 364
237 264
206 134
343 76
452 149
281 48
397 22
276 442
50 225
111 149
63 94
21 332
275 499
261 198
37 332
141 358
228 297
151 447
444 353
200 371
477 78
292 296
94 31
477 450
72 161
362 500
80 35
379 195
484 2
155 231
10 139
418 193
222 34
359 347
300 137
126 399
172 428
415 236
41 260
481 401
295 300
158 416
403 131
77 195
53 139
467 195
50 381
127 403
255 483
64 39
62 135
192 471
76 344
140 33
110 189
421 449
427 336
237 485
38 7
260 181
5 351
307 129
362 317
42 286
279 336
350 285
63 327
9 164
211 303
98 32
284 270
307 295
224 5
69 472
345 203
354 152
405 264
16 327
414 29
292 289
354 411
32 241
290 239
367 217
11 499
394 180
227 426
116 452
75 273
476 6
429 245
330 309
341 33
150 330
75 318
92 286
455 434
270 361
443 372
218 170
57 125
89 372
431 121
225 60
234 45
185 325
223 132
191 238
67 325
91 79
491 403
497 452
388 385
171 485
234 76
50 475
424 40
125 467
225 106
363 423
351 339
185 437
86 166
423 491
134 405
297 24
307 191
44 44
154 309
54 444
196 389
352 483
199 420
460 437
258 374
410 297
76 371
99 486
273 404
111 182
487 500
287 404
396 367
36 173
15 419
187 146
162 75
285 13
16 403
344 28
361 247
363 459
84 98
127 450
196 466
372 483
400 342
47 166
174 180
326 292
464 108
325 299
438 238
252 281
404 428
349 489
113 294
250 433
360 153
429 446
196 9
408 85
424 422
63 108
279 409
500 411
174 103
6 377
252 263
11 338
489 352
479 234
471 179
460 226
88 57
202 6
119 197
486 164
357 498
124 464
24 463
227 438
318 296
93 23
357 151
218 342
416 132
483 294
85 327
160 17
244 242
8 45
19 34
72 204
426 342
249 431
402 279
80 364
105 207
468 342
467 66
122 278
287 273
380 448
181 431
271 158
336 413
383 367
330 373
390 259
427 21
386 227
69 256
28 463
135 477
302 492
459 161
165 330
483 160
354 452
230 347
23 485
23 289
375 426
88 73
102 249
315 462
359 104
212 21
170 275
201 142
446 205
293 15
148 95
487 26
268 297
363 421
57 50
316 293
454 91
329 15
299 297
323 45
359 233
135 380
286 204
497 313
359 400
171 55
115 311
57 233
269 194
360 20
335 61
193 379
4 228
475 226
202 102
388 367
285 26
410 250
481 217
355 115
471 21
74 478
481 321
298 327
216 224
251 50
113 351
142 341
337 476
261 330
193 141
192 34
234 276
199 2
183 466
62 167
157 68
54 197
481 3
198 174
54 131
47 392
11 16
195 452
394 39
90 473
277 59
452 194
105 153
453 5
264 160
390 494
139 167
144 439
101 93
392 113
35 280
191 20
12 248
200 384
156 293
26 115
432 385
445 377
29 237
96 437
154 484
400 386
134 160
415 101
457 90
297 52
64 249
439 208
166 498
57 98
258 440
277 337
498 152
66 103
410 277
182 117
429 214
193 362
430 337
85 81
309 326
290 58
99 463
105 199
182 365
353 92
322 327
198 484
404 84
191 496
44 8
84 322
99 169
64 216
327 410
448 33
454 80
411 62
315 377
330 137
273 257
402 222
41 73
284 346
4 40
250 56
384 309
232 497
496 442
323 228
194 345
353 138
160 159
441 324
181 150
34 317
102 496
225 211
34 305
85 383
230 367
346 299
390 398
234 190
156 180
138 369
424 282
158 500
278 179
132 425
439 209
84 434
174 155
407 29
367 485
76 162
177 361
371 71
183 15
201 222
316 148
325 337
381 371
352 57
374 275
347 49
55 434
149 269
434 223
208 446
106 341
318 212
56 227
220 444
494 39
338 1
321 146
314 107
339 281
451 482
41 57
454 205
178 34
75 444
193 141
374 285
333 466
214 25
118 112
315 121
70 215
196 476
313 1
137 184
198 416
83 135
79 333
287 83
32 48
80 51
79 228
137 400
14 483
328 366
315 279
239 233
316 26
121 61
469 234
380 353
139 270
478 298
344 217
431 94
229 477
150 401
37 370
473 491
392 331
244 343
155 171
101 158
327 314
139 371
339 132
59 64
199 236
195 272
481 197
377 326
26 409
458 101
413 17
149 10
64 321
247 112
176 266
80 214
144 416
114 435
292 96
381 144
30 491
181 331
179 349
482 267
360 222
60 240
164 5
373 476
76 370
423 494
168 33
168 220
50 256
212 367
65 380
162 137
395 235
12 222
249 314
211 274
21 350
379 454
116 221
120 107
214 266
93 470
306 300
16 417
158 1
1 242
317 498
258 101
175 24
85 58
70 398
1 63
306 500
59 402
361 36
229 92
453 375
89 73
271 313
357 92
41 398
418 90
160 182
136 300
53 95
450 114
328 143
488 291
119 423
425 253
478 142
252 150
43 412
215 469
386 70
139 263
114 123
384 386
186 406
203 419
491 195
42 83
157 62
242 361
13 333
473 61
376 10
370 37
417 213
447 470
306 308
35 51
386 309
235 457
266 217
156 134
348 116
453 51
1 321
320 21
327 2
450 6
258 353
221 146
328 494
449 108
155 162
378 439
131 131
446 271
409 196
209 44
188 324
354 452
253 242
10 252
299 307
123 191
205 147
334 367
245 404
405 299
407 136
295 401
152 318
16 145
17 4
290 29
303 245
266 66
473 192
195 459
87 141
68 289
272 443
18 482
240 145
312 246
50 187
486 70
48 400
455 115
493 314
219 192
286 336
447 409
125 140
216 35
165 68
120 268
169 60
322 428
485 188
250 310
166 14
498 115
191 460
220 318
452 378
30 22
249 331
324 315
169 225
27 423
310 155
181 103
154 476
320 292
86 34
468 201
236 248
44 275
260 155
434 320
172 315
242 234
84 168
435 253
56 308
173 345
428 179
346 373
59 146
216 371
370 174
323 11
282 336
46 299
311 37
393 422
385 374
489 174
311 203
156 316
359 22
269 462
228 288
178 150
184 375
94 445
53 49
183 343
150 144
242 338
334 22
194 426
290 474
84 321
218 25
38 63
394 63
448 429
460 237
208 36
137 149
157 122
415 110
110 494
371 317
343 471
146 351
200 12
346 30
379 239
403 325
15 332
390 53
63 245
362 212
151 81
359 46
25 185
378 397
418 314
69 386
178 1
139 478
472 344
313 488
338 300
45 351
159 235
89 47
206 100
244 402
46 323
12 434
178 225
467 45
253 399
489 49
156 467
285 18
309 14
415 153
279 361
213 413
360 125
418 413
80 273
498 396
169 13
200 3
346 186
280 245
343 314
203 300
109 164
265 305
427 91
241 201
340 450
258 410
211 195
194 71
450 420
123 106
453 41
53 274
96 397
84 95
290 372
327 378
499 46
19 25
190 346
202 45
379 109
30 274
83 110
79 6
407 468
462 16
164 203
59 275
262 104
159 15
482 271
148 238
115 279
419 170
30 63
259 132
270 394
496 182
413 227
474 260
265 335
61 335
365 204
57 64
347 72
16 96
381 51
428 180
216 378
58 100
151 290
156 167
60 248
31 245
104 50
453 497
103 117
336 13
106 65
39 100
99 428
10 183
262 178
139 244
463 452
437 171
158 65
312 462
73 317
118 295
429 355
489 191
498 89
46 242
176 487
58 406
323 188
164 399
461 51
190 483
371 49
157 244
182 194
175 58
43 67
176 367
114 430
203 452
500 365
17 46
162 337
441 9
105 325
85 262
300 95
388 476
436 277
162 267
274 418
152 369
168 351
465 411
311 490
105 74
402 408
358 119
296 290
198 312
261 261
186 126
408 97
248 310
66 477
45 2
63 96
203 491
470 209
479 162
275 200
405 475
112 24
218 388
177 493
398 347
272 411
314 80
245 315
187 246
403 417
270 473
51 460
9 428
267 16
409 347
285 56
490 137
62 141
174 148
332 240
4 379
308 129
24 437
8 158
155 136
258 105
115 382
347 30
409 148
439 217
94 239
9 188
346 435
451 379
349 419
322 150
169 177
253 74
199 473
91 163
312 357
107 377
413 426
16 298
428 51
433 222
52 252
17 94
156 264
188 159
468 2
192 137
132 481
238 229
386 266
440 442
196 488
483 285
55 123
114 94
341 135
368 388
45 457
158 431
275 493
500 188
194 102
425 478
248 402
306 309
139 106
133 325
217 211
337 485
128 221
271 101
355 74
76 53
260 67
487 63
462 331
156 22
60 120
349 142
220 55
447 100
220 328
75 323
112 98
188 366
12 101
438 12
494 252
81 453
4 413
12 188
496 492
134 253
149 493
370 266
318 129
140 263
239 71
459 254
394 257
144 336
418 202
102 455
165 430
199 415
51 321
78 38
449 145
291 102
479 72
447 83
397 327
316 181
439 119
257 292
87 272
170 405
170 384
144 34
374 383
253 171
278 489
4 439
239 487
155 142
366 411
424 476
443 166
99 285
278 493
11 434
375 437
93 112
465 243
485 198
273 293
179 117
115 12
262 251
247 277
111 296
332 488
2 147
199 373
31 327
11 271
411 494
350 469
31 220
131 43
283 268
166 297
55 208
21 381
354 494
337 396
124 163
113 439
333 316
266 227
276 16
236 463
128 145
209 306
88 132
375 189
193 214
210 364
352 120
160 434
497 298
394 276
355 244
323 261
81 475
244 315
412 450
377 282
139 131
331 106
206 482
335 71
324 451
52 300
167 91
64 461
279 466
284 342
191 175
156 365
355 426
143 201
158 223
125 102
206 325
188 443
468 313
275 335
185 84
104 306
447 370
344 221
166 86
168 448
382 150
106 116
134 289
384 272
353 475
161 211
30 4
262 184
119 23
158 24
356 401
431 338
324 34
89 485
428 149
67 230
352 488
117 422
58 139
154 238
362 389
70 480
165 144
182 45
164 273
104 323
363 194
462 358
195 238
284 151
118 2
332 277
130 217
466 394
327 425
290 298
457 468
320 170
214 112
9 129
231 7
166 323
108 404
200 29
159 347
359 361
156 434
226 47
225 102
288 3
413 187
48 178
126 375
446 478
167 240
388 82
378 314
110 420
195 71
326 403
160 18
184 266
175 248
296 310
336 222
306 386
273 285
26 105
188 143
377 186
347 87
48 434
121 110
240 138
10 155
145 167
295 351
186 288
306 291
471 72
146 83
228 178
493 480
43 411
104 15
74 55
172 415
415 92
368 321
396 163
415 76
279 111
434 118
105 463
241 101
321 249
242 450
474 277
211 494
365 120
141 170
351 479
406 326
28 182
300 280
292 249
384 456
126 303
83 374
200 393
426 42
52 423
229 12
126 474
338 129
308 88
445 301
193 238
19 423
456 488
56 343
456 365
157 402
497 54
65 250
112 354
173 198
4 338
456 406
355 455
323 328
103 23
86 334
30 491
344 451
431 31
416 392
6 36
38 335
208 137
22 494
348 11
86 123
31 445
74 200
408 412
160 330
261 205
383 379
391 316
305 462
448 33
100 414
377 266
1 430
107 420
98 286
201 406
316 18
159 246
401 4
175 44
161 344
473 50
485 36
416 452
361 119
202 38
299 374
350 432
373 231
203 136
299 409
343 424
2 272
431 358
193 274
447 102
374 433
452 244
281 402
206 374
296 363
175 205
170 90
65 242
86 447
288 407
154 221
308 61
142 31
67 452
365 31
485 462
116 6
252 384
265 447
446 61
412 280
121 169
361 84
257 250
427 265
239 186
252 61
464 163
348 252
178 105
421 374
5 319
294 460
483 219
368 272
314 360
342 344
144 80
493 466
155 446
85 162
363 358
151 194
36 137
376 435
458 149
148 112
26 169
283 265
320 428
290 152
99 217
207 148
5 141
471 331
107 374
463 47
192 359
451 444
180 473
399 288
277 157
144 294
195 292
199 179
234 48
206 322
329 496
432 352
146 407
110 28
127 283
344 357
204 25
369 159
119 384
114 69
101 155
10 29
32 459
427 357
348 355
250 306
372 259
426 113
281 147
41 353
42 412
292 172
282 113
275 329
221 132
460 363
466 30
167 82
169 55
199 60
197 100
363 252
16 331
77 474
216 451
96 37
61 386
395 99
35 368
85 119
363 366
271 112
221 12
435 344
208 259
362 11
230 231
176 499
429 270
182 478
179 110
243 273
113 163
246 39
187 400
264 223
428 311
144 225
104 100
317 431
492 492
5 178
335 232
440 395
426 340
305 388
409 55
200 449
333 480
343 460
277 206
218 367
483 452
171 414
23 110
131 44
1 96
442 485
248 177
420 421
232 12
158 129
105 257
489 123
393 171
395 272
156 216
376 277
49 217
63 80
473 204
375 431
285 67
21 378
140 179
422 270
174 28
196 208
88 343
39 99
451 20
213 168
413 19
338 210
190 118
202 133
381 247
176 424
85 326
81 6
500 371
46 430
332 280
441 202
497 178
481 130
251 303
239 246
97 400
439 312
477 430
284 303
148 490
76 219
140 136
495 371
90 153
287 278
228 379
77 65
269 488
339 493
19 41
243 216
430 5
344 240
476 25
496 439
413 233
118 61
199 361
184 302
396 93
191 320
495 254
323 387
66 207
181 194
47 292
388 184
133 427
340 217
133 413
63 109
407 307
80 474
413 496
419 216
183 46
363 263
138 309
257 322
5 15
6 244
413 125
244 336
43 407
105 240
388 381
417 182
325 367
492 174
189 444
4 274
283 310
169 179
241 72
326 338
331 467
391 443
178 387
381 179
16 9
285 106
48 203
262 336
416 226
17 164
248 435
181 286
260 428
408 263
110 349
90 203
239 430
366 35
171 356
78 95
238 412
242 83
65 312
145 274
104 264
443 135
70 10
31 185
34 155
302 386
385 141
411 64
403 253
409 222
357 193
61 352
283 154
401 63
99 312
372 475
478 37
457 126
417 366
451 151
244 201
463 351
284 415
242 140
137 35
6 108
132 409
4 478
294 331
54 195
191 115
350 68
410 440
102 218
29 301
445 50
377 46
118 469
412 142
244 89
311 109
469 226
98 274
92 277
470 316
77 461
51 58
476 385
37 463
75 391
60 187
394 115
381 217
308 329
134 26
279 491
187 166
270 270
198 186
332 431
140 375
44 461
280 360
53 232
449 310
41 41
182 406
159 24
169 295
156 258
368 369
327 435
261 284
388 429
43 343
77 186
314 410
491 187
279 468
306 192
270 217
259 250
422 133
30 228
105 247
54 127
361 188
375 359
63 49
336 151
366 236
204 445
328 498
148 29
117 290
449 314
72 451
18 178
329 58
267 251
17 188
262 476
203 164
314 492
420 277
439 279
161 27
307 4
369 382
25 41
193 187
13 69
327 263
262 156
251 441
495 250
162 355
265 25
447 4
172 200
156 18
262 33
48 484
183 335
383 237
295 31
58 134
340 11
87 196
327 457
257 298
180 233
444 167
66 344
491 135
325 323
65 172
28 483
27 120
460 31
288 488
463 408
239 24
225 269
27 179
448 339
229 375
106 190
291 70
285 291
450 425
330 67
110 95
404 304
188 129
357 143
357 307
424 151
124 436
264 425
410 117
297 342
499 265
41 298
191 87
223 320
214 368
288 277
180 455
314 357
395 480
345 378
158 204
95 381
66 245
33 356
160 37
457 383
393 8
262 442
426 293
162 366
378 387
165 469
293 486
190 439
414 255
274 343
210 56
365 74
495 3
164 239
395 195
89 183
54 217
37 224
119 93
303 476
51 90
368 281
456 455
209 432
115 441
475 352
374 205
307 272
108 258
413 425
247 3
479 429
428 427
96 142
159 484
125 424
153 119
405 402
278 36
9 358
22 31
160 196
377 280
475 182
135 288
276 30
226 470
217 127
9 217
399 44
163 257
275 227
275 423
477 494
417 165
54 116
101 369
55 33
232 437
212 348
204 262
14 199
125 37
113 265
146 254
143 198
403 278
309 494
427 4
55 141
406 437
261 33
310 198
93 350
188 101
186 235
46 225
394 263
494 11
360 39
73 24
395 52
457 13
389 368
