p td 1600 1307 
1 681
1 816
1 1067
2 1480
2 1588
4 542
4 598
4 619
6 222
7 32
7 1008
9 1397
11 1389
12 292
12 302
13 1100
14 999
15 776
16 323
16 1593
17 1074
18 225
18 412
18 532
18 866
19 1355
23 346
23 1463
25 1057
26 803
26 1313
27 1169
28 1368
29 723
29 742
29 752
30 372
31 664
33 826
33 1095
34 544
34 968
34 1079
34 1106
35 137
35 207
35 429
35 1131
36 716
36 918
37 146
37 279
37 1001
37 1465
37 1595
38 538
38 961
38 1101
40 190
43 284
43 1120
44 346
44 974
44 1332
44 1334
45 1484
46 356
46 702
46 1448
47 116
48 379
48 593
48 957
49 756
50 312
50 1191
51 446
51 977
51 1389
52 300
53 332
54 1075
54 1533
55 644
55 833
56 301
56 441
56 1187
57 1406
58 609
58 822
58 1048
58 1122
58 1255
58 1307
59 529
60 308
60 1381
61 482
61 1049
61 1599
62 701
62 1518
63 702
64 656
64 831
64 1029
64 1146
65 68
67 784
68 1155
70 190
70 1531
71 273
71 330
71 646
71 694
71 1100
72 226
72 1409
74 320
74 1153
75 1116
76 341
76 358
76 840
78 830
79 593
80 307
80 1013
82 125
82 176
84 419
84 986
84 1129
84 1521
86 481
86 1454
86 1559
88 1120
90 284
90 784
91 1275
93 415
94 533
94 550
94 857
98 669
98 839
98 929
98 1545
99 320
99 547
100 288
100 1475
101 493
101 630
101 1458
102 635
102 930
104 237
104 941
104 1235
105 886
106 722
107 886
107 999
108 448
108 1487
109 132
109 189
109 1515
110 163
110 955
110 1395
111 796
111 1153
112 1091
113 455
114 1141
114 1148
114 1285
115 447
115 487
115 765
115 1280
116 211
116 307
117 1398
118 840
118 1363
119 395
119 1039
121 211
121 526
121 915
121 1291
122 224
122 1355
124 142
124 221
124 1568
125 165
125 1166
126 1039
127 167
127 766
130 812
130 921
131 599
131 1268
132 827
132 1213
133 1227
137 742
137 1542
138 1083
139 918
140 633
140 749
140 1355
141 495
144 1319
145 812
147 490
148 762
149 303
149 1354
150 1394
151 600
152 677
152 748
153 581
153 748
153 1140
153 1529
154 977
154 1105
155 1473
156 1027
156 1393
158 206
158 604
158 1315
159 602
160 738
160 745
161 426
161 595
161 1325
161 1397
162 751
163 273
163 762
163 981
163 1273
164 798
165 368
165 956
166 1030
166 1484
167 466
167 738
168 1402
169 631
171 1597
172 1294
172 1466
173 515
173 588
174 469
174 1097
175 298
176 297
176 621
177 1235
177 1267
178 605
178 1091
178 1296
179 469
179 1089
179 1459
180 242
180 1394
183 1147
184 491
184 588
185 1581
186 1556
187 1070
188 1074
189 1003
189 1121
190 963
191 749
191 765
191 1062
192 520
192 809
192 1106
193 625
195 617
195 679
197 1130
197 1340
198 818
198 1209
199 1439
200 529
201 1105
201 1393
201 1528
202 512
202 988
202 1030
203 392
203 1152
204 447
204 452
204 1126
205 616
206 1031
207 769
207 806
207 1180
209 1405
210 757
210 1509
211 1569
212 955
213 343
213 567
213 697
213 725
213 1479
214 457
214 523
214 878
214 1217
215 520
216 554
216 658
218 1175
219 1354
220 1539
221 337
221 1155
222 1115
224 643
225 629
225 1418
226 493
226 629
227 512
227 576
228 1019
229 1300
230 435
230 493
230 983
231 418
233 1275
233 1446
237 977
237 1370
239 255
239 441
239 1298
241 290
241 1426
242 305
242 1007
245 387
245 818
245 987
245 1124
245 1262
246 1330
247 1207
247 1438
248 1225
248 1553
250 363
251 429
252 1059
253 873
253 1020
253 1401
254 826
255 409
255 1367
256 635
257 1238
258 814
259 1430
260 299
260 334
260 405
260 589
260 906
263 305
263 1112
264 348
264 1024
264 1038
264 1227
264 1475
265 378
265 514
265 676
266 1413
267 1081
267 1410
269 392
271 984
272 874
272 1045
273 680
274 360
277 615
280 1365
283 1435
283 1488
284 574
284 1429
284 1485
285 316
288 569
288 713
288 1141
289 412
289 709
289 1022
290 733
292 753
292 1515
293 1088
294 631
295 934
296 333
297 716
297 733
299 403
300 771
300 906
301 461
301 1139
302 651
302 870
302 1236
304 349
304 1208
307 800
307 1493
309 390
310 1360
310 1507
311 825
311 1237
313 716
314 1462
314 1477
315 461
315 739
316 682
316 789
316 1201
317 828
318 1194
319 668
319 801
322 1414
323 590
323 636
323 1258
323 1360
324 844
324 1010
325 774
326 1452
327 632
327 1222
327 1419
328 1550
330 370
331 1005
332 1309
334 978
334 1474
336 856
337 447
337 970
339 1467
339 1581
341 746
341 922
341 1043
342 1411
343 746
344 798
346 1083
346 1247
346 1263
349 530
349 1057
351 526
352 438
352 747
352 794
353 933
355 1478
355 1570
356 1211
357 949
358 1421
359 1016
360 927
360 986
361 446
361 856
361 1209
362 940
362 1132
362 1353
363 1116
365 1036
365 1095
367 640
367 824
368 911
369 431
369 765
369 1005
370 1472
371 1536
373 391
375 562
375 722
375 849
376 407
376 522
378 1544
379 416
379 628
379 1067
382 1052
382 1094
383 1165
385 958
385 983
385 994
385 1213
386 1400
387 1314
387 1321
387 1434
388 404
388 423
388 765
391 1579
393 828
393 869
393 1049
394 1200
394 1257
395 974
396 489
396 621
396 1087
397 513
397 1346
398 698
402 759
402 1554
402 1562
404 959
406 565
406 1072
406 1118
407 744
407 1091
408 574
408 704
408 1357
410 972
410 1157
411 642
411 1256
412 507
412 1022
414 432
414 842
414 1145
414 1522
417 996
417 1209
418 435
418 628
418 816
418 1078
418 1480
419 1167
419 1211
419 1342
419 1432
419 1494
420 841
420 1197
421 495
421 652
421 750
421 762
421 805
421 1480
422 574
423 1143
425 1303
425 1420
427 594
427 1398
428 1302
429 982
429 1146
429 1190
431 467
433 517
433 1478
436 987
437 646
437 804
438 721
438 1537
439 689
439 992
440 812
440 1248
442 1059
442 1151
443 719
443 1037
445 673
445 1169
445 1316
446 974
446 1072
447 1438
447 1570
448 628
451 1012
452 498
453 1054
453 1367
454 922
455 1118
455 1296
456 659
456 1332
457 959
457 1382
458 1519
459 560
460 1253
461 971
462 1329
463 737
463 778
463 951
463 1108
465 487
465 536
465 761
465 992
465 1034
465 1262
467 512
467 1564
468 963
470 566
470 1011
470 1224
472 553
472 1280
473 1540
474 1211
476 645
477 482
477 1277
479 599
480 1241
480 1461
481 1009
482 1248
483 879
483 1459
483 1514
484 895
484 1258
486 1343
487 672
487 800
487 1077
487 1432
492 1597
494 1455
495 613
495 978
495 1351
495 1453
496 818
496 1346
497 577
497 1063
500 1452
501 592
501 670
502 1156
504 720
504 999
504 1498
506 788
507 516
507 1270
508 1500
509 690
509 727
509 1340
510 1407
512 737
515 1151
516 1067
516 1229
517 635
517 1285
517 1430
517 1451
518 1224
519 785
519 1508
520 677
520 1307
521 806
522 864
522 926
522 1222
524 714
527 888
527 1347
528 726
528 1099
529 1396
531 1380
532 790
532 853
534 1241
534 1289
535 667
535 703
536 951
537 1487
538 596
540 1241
542 673
547 604
550 563
550 943
551 1349
551 1473
553 1097
553 1536
554 1124
555 1381
556 1097
556 1463
561 1051
561 1173
562 652
563 705
566 1096
568 776
568 1015
568 1034
568 1462
568 1572
572 804
572 925
573 1499
575 1588
576 605
577 1270
578 1590
580 1223
581 974
581 1262
582 1045
582 1209
583 1252
583 1320
584 625
585 1468
586 748
586 1204
586 1285
586 1504
588 656
588 812
588 1541
589 1375
590 1313
591 1250
592 939
593 1218
596 1433
598 1506
599 761
600 1370
601 1419
603 933
603 1040
605 723
606 1220
609 709
612 724
612 929
613 690
614 1125
615 770
615 838
615 1015
618 825
619 670
622 821
623 1404
625 1388
626 826
627 1297
628 739
629 1242
630 1477
631 1513
632 967
632 1169
632 1314
633 751
633 907
633 1073
633 1485
635 717
635 1417
637 1021
642 1124
643 672
646 1007
647 1475
648 941
650 1408
651 1199
652 708
654 658
654 803
654 857
655 1013
659 1153
659 1275
661 1310
662 1273
662 1293
663 1117
664 1178
665 848
665 1264
666 1318
667 864
670 1364
670 1579
671 1035
672 1018
673 1121
674 1332
675 949
675 989
675 1580
677 758
677 1101
677 1146
677 1268
677 1532
678 760
678 1116
679 1181
679 1470
680 1461
681 1282
683 1574
685 1255
686 713
690 899
691 1247
691 1482
691 1496
693 892
693 930
694 1100
694 1520
695 1323
695 1552
696 1485
697 927
697 958
697 1100
697 1544
698 1417
698 1479
700 1375
700 1427
700 1562
701 1060
706 1216
706 1284
707 1302
708 815
710 818
710 1251
711 1058
711 1259
712 1467
714 1453
715 1258
718 1058
719 1402
720 757
722 830
722 1355
722 1391
723 804
723 872
730 1274
731 1140
732 1228
732 1393
734 1499
735 793
735 824
738 1097
741 1492
742 1156
743 1535
744 1438
745 780
745 1114
746 1198
746 1262
746 1416
747 1243
747 1281
748 860
750 1265
752 1361
752 1519
753 1293
754 969
758 1192
758 1309
762 1460
764 908
765 846
765 1559
769 1587
770 816
770 868
772 1024
774 1366
775 1449
776 981
777 1023
779 1319
781 1552
782 800
782 989
790 1521
791 842
791 1169
794 1560
795 1039
797 1570
798 996
799 959
800 1041
806 1524
808 1463
809 876
809 1462
810 1353
811 889
811 1014
811 1286
812 1507
812 1533
813 1178
813 1201
814 837
816 893
817 1235
818 966
818 1297
820 1191
820 1298
821 1490
823 1038
824 1236
829 998
829 1522
830 961
830 1190
833 1599
834 1015
834 1545
837 899
839 846
840 924
840 1095
844 992
844 1233
844 1363
845 1038
847 1111
849 900
849 1264
851 964
852 1194
852 1372
852 1541
853 1270
854 1525
856 929
857 1217
862 1479
864 1316
865 1162
866 1312
866 1526
868 1067
869 1404
872 1564
873 967
873 1138
873 1153
875 1180
875 1245
876 1353
876 1400
876 1504
877 1458
878 1400
879 1348
880 1183
880 1533
882 1023
885 1185
886 1456
886 1545
887 1403
889 1425
890 1537
892 1166
895 1531
897 1597
900 1025
901 1489
904 1550
906 927
906 1240
907 1043
907 1208
908 1518
910 1235
911 985
912 1427
913 1429
915 1317
916 1275
917 1230
922 1562
923 1214
923 1324
925 982
925 1307
925 1445
926 1310
927 1343
928 1381
932 1474
934 1420
939 1441
943 1002
944 1496
947 1255
947 1444
949 1349
955 1081
955 1555
956 1273
956 1437
957 1326
959 1320
959 1379
959 1433
960 1119
960 1195
962 1332
963 1195
963 1218
964 1153
965 1340
969 979
970 1261
972 1135
973 1212
976 1440
976 1562
979 1253
980 1012
982 1469
983 1126
983 1165
984 991
984 1260
985 1549
986 1063
987 1305
989 1164
996 1128
996 1497
997 1085
999 1460
999 1499
1002 1227
1005 1115
1006 1483
1007 1218
1012 1063
1013 1127
1014 1167
1015 1473
1017 1019
1017 1365
1018 1311
1018 1450
1024 1106
1024 1423
1024 1501
1024 1530
1025 1040
1034 1041
1035 1358
1037 1207
1039 1116
1039 1404
1039 1408
1042 1336
1048 1415
1049 1263
1050 1443
1054 1216
1056 1342
1057 1078
1057 1094
1058 1069
1059 1346
1059 1503
1066 1246
1069 1103
1069 1325
1069 1401
1071 1196
1073 1351
1075 1281
1076 1254
1078 1133
1081 1532
1086 1295
1088 1272
1094 1410
1097 1230
1101 1431
1105 1550
1106 1172
1107 1522
1108 1562
1109 1221
1109 1535
1111 1250
1111 1356
1113 1142
1113 1252
1115 1153
1115 1358
1120 1485
1121 1280
1122 1151
1122 1204
1126 1410
1128 1212
1142 1370
1144 1445
1144 1543
1146 1274
1147 1398
1147 1463
1155 1454
1158 1492
1160 1473
1161 1272
1163 1369
1164 1453
1166 1294
1170 1364
1173 1230
1174 1503
1181 1484
1184 1234
1184 1449
1185 1305
1190 1553
1192 1202
1194 1507
1195 1488
1202 1226
1205 1283
1207 1220
1207 1366
1209 1326
1210 1367
1210 1482
1211 1561
1215 1581
1216 1333
1216 1597
1217 1352
1218 1329
1218 1330
1221 1422
1222 1334
1222 1474
1222 1588
1227 1308
1230 1596
1236 1338
1237 1310
1245 1302
1245 1467
1247 1268
1248 1531
1253 1425
1254 1384
1255 1270
1255 1482
1262 1396
1262 1418
1263 1514
1267 1550
1270 1309
1278 1503
1282 1315
1293 1470
1294 1371
1300 1369
1304 1581
1309 1452
1309 1585
1317 1382
1317 1519
1319 1490
1327 1525
1336 1535
1344 1419
1348 1552
1349 1586
1368 1501
1374 1437
1380 1460
1383 1464
1392 1485
1392 1527
1393 1441
1393 1526
1399 1571
1400 1416
1413 1547
1425 1435
1425 1597
1433 1484
1437 1518
1440 1560
1447 1526
1452 1460
1454 1531
1454 1567
1456 1566
1460 1542
1470 1482
1472 1551
1485 1517
1518 1592
1535 1557
1567 1596
1580 1592
