p td 1000 4000 
728 34
123 412
938 193
406 434
385 877
532 959
590 784
977 512
536 804
147 222
567 980
620 709
487 710
297 222
447 559
834 781
624 220
631 419
114 802
433 306
982 848
209 337
470 209
869 304
207 341
272 496
997 401
552 604
214 385
889 41
160 786
597 237
877 877
254 500
619 751
623 341
962 915
115 655
365 780
22 252
486 853
190 769
582 618
473 835
122 445
866 806
364 663
27 103
173 884
579 841
6 670
659 686
533 709
817 914
977 818
610 207
526 198
528 439
931 185
946 509
922 743
621 699
10 122
842 244
9 739
604 138
30 981
370 260
514 725
420 288
326 429
43 511
94 329
298 783
601 214
228 835
791 795
123 236
715 351
212 481
832 457
1 516
954 247
573 279
930 749
921 305
193 47
93 218
668 676
905 589
463 848
483 111
909 543
172 127
397 311
825 576
703 37
399 219
54 178
198 731
253 205
809 67
266 177
187 302
192 592
16 64
920 231
368 172
825 75
566 832
244 72
135 359
792 915
991 123
402 728
523 816
68 596
96 457
602 669
831 355
536 202
112 400
283 789
750 889
892 526
669 979
952 89
441 457
106 263
346 253
831 667
4 552
352 320
431 638
330 38
625 784
500 320
542 430
234 94
182 93
182 485
921 632
564 897
417 19
816 183
140 662
450 297
945 259
603 651
991 466
808 242
942 618
486 532
346 623
824 112
887 49
636 323
448 606
194 378
821 153
199 130
256 251
488 201
441 680
548 680
653 39
747 788
536 786
537 674
441 114
209 111
26 692
530 530
174 28
726 95
944 578
451 112
440 839
836 448
545 290
506 275
410 905
911 572
270 237
380 365
871 937
145 812
133 660
270 337
455 738
182 478
117 901
119 459
276 886
976 691
485 600
774 646
979 885
556 237
554 549
520 906
635 441
526 870
524 218
308 363
935 171
864 166
550 194
407 109
250 529
880 310
704 641
921 994
422 74
580 701
58 552
755 679
817 331
936 256
116 31
89 835
832 87
12 495
616 495
455 101
969 105
911 897
798 562
252 629
743 915
945 98
468 789
35 449
974 965
704 89
119 431
619 663
36 845
852 625
561 337
12 129
153 526
59 116
267 595
84 684
969 859
294 407
297 299
975 290
719 788
715 44
177 118
330 30
411 975
995 313
856 566
501 590
346 56
316 113
135 197
951 794
503 517
704 410
566 554
378 608
463 219
92 972
678 597
767 529
483 734
619 739
256 567
537 201
972 378
886 175
863 946
61 886
252 296
664 353
963 302
397 669
187 891
81 394
519 977
368 771
283 577
39 305
391 378
457 552
565 87
359 804
556 886
783 277
332 178
614 37
540 554
386 596
593 60
503 750
557 191
73 325
67 183
297 781
954 987
660 599
179 884
533 987
388 995
2 549
485 657
675 597
206 180
353 637
438 627
506 49
493 212
757 606
966 696
995 566
356 873
445 399
529 474
504 332
659 882
88 739
470 1000
556 596
721 790
655 638
258 64
153 288
354 305
31 839
392 788
223 762
82 853
413 579
784 757
875 883
105 105
868 541
776 892
384 787
525 478
418 513
496 412
1 993
66 753
604 269
363 26
425 194
317 91
638 371
102 683
186 675
805 806
166 81
610 892
701 602
863 691
113 874
982 390
54 837
509 579
334 575
507 839
873 28
625 219
760 621
323 611
885 440
543 128
786 914
23 82
961 226
451 948
449 521
812 879
379 446
96 141
116 325
982 805
343 178
826 632
251 104
627 823
659 292
206 79
586 914
209 450
331 611
955 453
170 572
240 665
548 653
941 141
125 516
166 154
289 969
833 87
666 839
635 599
987 543
419 131
607 389
270 252
381 228
937 107
756 767
43 827
407 884
536 143
360 819
424 508
564 35
278 810
482 20
884 28
426 368
693 155
630 358
69 396
470 639
269 79
208 801
217 325
289 164
223 524
403 976
561 165
831 570
887 352
357 323
574 775
116 172
825 585
562 618
909 116
562 181
172 994
1 154
241 208
524 313
184 260
634 846
227 303
507 740
443 946
949 540
923 298
378 887
400 961
380 407
713 384
58 335
57 146
715 924
916 596
620 86
500 600
529 242
947 877
828 96
526 889
267 952
672 795
768 115
236 709
725 411
969 56
305 347
558 984
233 377
902 220
497 235
75 760
294 38
59 697
969 467
727 830
645 281
973 83
811 815
139 138
557 460
791 880
117 679
447 966
379 993
24 526
596 893
574 963
586 424
745 910
68 163
377 899
142 956
872 421
494 632
328 481
318 697
979 38
197 504
641 454
268 347
107 575
5 899
31 205
834 226
344 860
333 269
935 719
326 178
835 694
773 675
860 609
704 437
155 194
838 398
493 83
658 124
846 123
332 765
579 472
621 575
691 855
682 153
657 300
707 515
957 36
682 373
909 649
960 368
771 247
484 156
356 551
803 437
241 346
164 123
30 349
995 280
256 951
200 25
409 803
165 131
483 59
7 976
766 827
206 299
700 714
505 551
201 268
129 447
856 983
148 386
242 442
520 583
835 307
673 57
386 715
422 972
453 687
911 463
843 78
850 359
187 837
519 243
91 170
158 37
344 893
298 656
504 22
135 702
455 818
38 297
512 50
691 27
326 423
32 989
342 403
555 135
472 409
118 120
636 322
213 828
690 331
902 201
825 390
36 206
299 310
13 633
131 494
231 828
183 629
26 64
650 607
290 974
874 873
265 265
808 705
447 135
841 330
628 287
21 284
471 947
863 485
58 812
338 257
417 101
424 851
560 738
416 19
60 923
849 146
851 384
365 651
581 191
996 53
582 295
923 732
615 370
393 666
275 994
858 636
159 856
527 207
805 538
277 243
221 902
431 126
506 772
33 96
735 477
464 734
869 291
806 262
919 525
474 533
353 394
867 651
498 43
71 477
839 517
808 627
293 973
874 953
815 42
693 761
17 500
909 492
266 126
451 785
620 667
564 654
991 128
370 656
526 938
308 8
789 719
635 806
783 906
671 625
236 972
395 408
694 200
580 595
427 530
211 956
861 761
40 226
254 251
226 300
597 151
629 664
969 873
393 185
25 383
807 459
39 471
812 302
637 382
484 635
790 233
573 300
416 122
414 137
836 381
909 402
749 509
610 372
919 229
527 868
730 505
546 477
258 115
363 967
463 886
591 481
434 167
722 435
190 651
393 401
949 385
5 211
861 304
662 285
775 130
444 616
802 143
756 339
621 603
245 239
362 642
798 713
541 284
811 644
508 139
487 18
951 793
879 843
997 26
432 228
103 540
291 917
875 285
215 862
751 512
99 282
381 834
503 128
635 711
2 704
558 606
864 494
224 354
482 179
695 26
321 966
365 7
207 292
171 296
271 600
334 656
735 691
104 42
353 585
923 354
797 594
484 821
303 549
166 81
691 53
586 278
343 276
553 139
200 266
821 398
715 305
233 303
376 402
858 171
135 24
528 364
203 447
160 689
903 178
217 359
309 526
800 369
204 190
846 402
313 195
243 796
687 203
729 12
856 11
149 441
769 977
631 362
725 225
27 929
172 8
242 154
446 786
233 573
888 332
291 562
542 6
617 398
937 760
560 747
773 370
379 789
180 837
474 365
110 586
468 962
46 223
586 420
193 967
489 233
292 266
504 466
354 537
929 276
39 792
856 787
180 854
32 726
185 425
316 164
915 117
697 938
969 663
808 482
581 188
435 508
350 98
186 364
887 956
227 348
694 398
713 216
9 861
286 984
917 461
155 91
967 358
655 288
857 637
473 592
907 191
720 742
64 817
481 407
391 492
842 955
705 121
754 103
373 909
393 839
757 199
288 121
810 832
81 632
903 67
541 986
73 492
536 485
450 197
819 843
892 729
68 198
46 595
639 145
162 722
888 418
909 826
584 212
291 692
699 472
140 158
304 603
790 896
230 994
938 139
764 385
313 668
304 121
398 498
164 147
805 863
417 251
591 663
997 694
120 935
319 781
910 337
899 964
265 529
933 723
664 987
619 418
934 992
249 615
447 833
284 319
25 339
567 83
998 563
611 394
223 444
557 881
555 869
258 178
68 181
583 202
193 859
70 131
477 852
2 839
213 333
288 807
867 907
756 668
606 571
432 197
459 34
69 736
946 878
301 781
316 186
679 639
131 558
727 392
306 857
256 949
164 355
665 220
232 718
977 919
724 645
783 742
202 328
602 184
760 531
361 257
29 257
676 526
990 407
956 497
415 340
691 844
236 572
934 182
341 462
555 899
722 221
182 832
926 34
991 678
464 354
324 856
522 958
168 893
238 27
563 380
326 379
882 570
687 872
419 281
623 315
174 506
258 606
874 700
663 470
395 726
822 225
528 793
383 354
889 72
77 549
361 721
510 74
576 135
697 857
862 662
619 647
99 630
589 310
945 218
220 41
168 657
934 815
832 633
627 277
713 946
643 729
393 641
241 498
603 742
979 933
344 5
681 977
568 41
855 989
957 619
311 883
283 218
367 510
218 730
105 50
832 325
330 15
793 373
215 840
992 102
231 786
526 28
408 842
862 578
745 811
821 951
290 100
11 485
452 711
806 597
337 441
497 822
826 112
392 84
838 151
471 757
571 452
627 13
642 115
421 37
767 330
112 219
106 712
11 822
495 432
989 931
529 133
114 803
8 464
534 234
758 437
744 146
610 932
809 924
250 27
951 147
66 343
85 174
462 21
929 735
231 36
93 6
118 250
41 952
259 498
829 422
855 541
751 915
221 942
434 698
874 961
791 477
513 280
118 114
529 728
226 564
333 793
212 27
507 149
556 705
113 74
624 334
299 853
109 49
699 34
71 36
554 901
980 107
809 915
476 154
448 645
781 325
682 244
96 71
827 553
472 961
665 30
863 615
877 615
219 926
195 9
113 724
174 982
976 481
818 794
361 710
581 12
394 482
143 937
218 419
347 344
202 53
770 900
114 196
428 865
933 142
660 218
276 469
51 394
86 144
15 571
163 375
602 210
542 94
999 112
636 811
991 440
528 890
764 380
628 206
901 55
909 345
577 886
170 131
57 602
989 867
966 891
47 376
477 127
945 416
384 848
600 726
21 324
100 659
737 616
440 828
628 882
881 187
200 258
16 57
347 230
395 193
224 739
354 601
721 283
80 991
524 391
172 434
599 646
515 962
540 390
359 88
837 825
996 423
129 944
68 790
190 309
244 548
510 68
53 367
510 789
643 125
607 613
518 735
804 314
96 343
595 786
516 252
748 937
318 510
710 597
743 436
740 761
78 1
108 277
72 97
887 284
731 842
139 396
169 465
481 978
296 415
95 418
451 35
526 33
604 20
541 753
286 146
348 58
234 135
685 389
706 487
899 56
557 875
952 451
481 801
238 125
370 82
493 365
880 432
569 779
18 275
625 566
495 52
429 127
577 250
299 252
26 696
832 758
154 114
156 759
923 329
691 855
455 315
723 680
87 223
358 612
16 777
973 193
590 608
626 134
763 458
577 554
581 12
734 427
625 707
122 304
188 270
84 65
951 865
643 857
111 833
884 73
573 353
810 55
552 914
756 262
826 906
519 908
713 786
4 827
457 761
841 397
14 266
984 464
691 914
42 811
932 907
200 664
485 902
168 997
86 443
972 744
442 646
817 905
398 384
674 57
932 374
250 289
922 377
822 117
537 258
704 607
249 102
626 715
694 587
195 362
443 147
700 88
373 280
640 985
791 78
636 370
958 522
428 307
319 64
133 465
874 24
287 294
899 140
77 689
781 863
753 367
167 140
557 298
131 236
249 481
829 567
418 163
277 179
828 962
965 10
255 957
711 770
316 778
395 624
687 287
780 966
74 122
34 309
610 89
857 701
151 678
537 7
185 480
884 400
872 467
648 253
627 756
38 956
50 963
165 864
738 718
355 38
595 591
423 320
37 697
753 874
686 944
376 3
484 355
725 573
210 601
302 7
770 243
55 456
89 147
652 412
249 502
582 379
254 775
605 124
701 916
634 966
443 492
610 114
763 717
310 793
747 258
769 536
752 437
121 34
570 502
975 897
49 575
733 276
845 637
668 848
195 349
849 871
811 855
729 616
613 319
69 63
217 397
245 282
535 464
461 998
240 444
827 77
812 855
818 33
532 677
699 772
401 568
689 520
732 982
909 225
224 662
546 509
772 708
474 591
792 201
139 851
98 468
194 938
742 634
632 448
151 861
397 530
979 363
575 609
252 451
123 62
319 290
566 57
435 221
748 830
366 113
550 833
640 752
850 674
249 380
106 221
414 709
890 860
860 248
944 256
567 146
294 928
124 354
621 659
976 207
551 204
497 206
477 407
861 269
100 571
399 45
482 56
460 106
44 598
13 947
208 738
336 119
732 308
13 139
687 521
206 118
972 287
560 438
993 668
968 289
969 530
884 245
809 847
508 409
338 394
759 421
214 544
121 713
713 178
76 57
962 962
959 357
84 117
520 465
185 583
563 15
381 810
467 835
393 692
962 958
249 108
565 92
758 900
489 329
588 454
316 374
134 28
228 594
865 888
987 647
172 332
203 177
769 760
665 351
878 167
815 519
61 507
741 965
795 886
205 621
583 93
154 879
494 663
894 799
223 410
714 881
738 979
290 493
562 928
96 341
602 632
702 160
73 661
540 619
89 876
779 931
235 820
491 510
7 397
624 195
901 558
628 704
807 95
104 15
859 788
185 838
414 228
235 258
360 83
844 165
580 506
67 694
607 654
230 289
857 277
756 152
902 89
933 673
556 479
37 404
288 393
653 565
403 939
959 355
740 175
458 757
77 829
553 170
662 868
147 844
984 808
970 59
175 79
353 704
95 235
147 878
158 844
288 893
915 379
322 71
966 272
359 274
85 829
868 966
855 1000
430 846
91 348
468 559
178 842
886 248
20 432
738 745
152 840
362 654
732 561
8 184
100 19
51 672
216 136
598 886
739 213
464 709
31 59
621 509
404 672
440 792
258 552
270 345
699 537
815 549
681 893
934 672
246 998
877 750
110 397
786 37
731 496
963 196
259 113
308 692
493 403
539 522
955 567
834 738
436 691
228 72
525 315
881 357
644 797
818 391
248 81
996 538
953 634
948 240
238 451
619 502
401 533
11 922
281 100
822 532
68 471
600 444
690 95
690 431
346 210
490 549
490 132
763 392
402 465
319 361
883 1
438 671
211 641
236 401
722 855
697 373
707 27
353 299
380 461
961 225
639 424
409 20
620 718
506 391
617 149
655 591
348 118
389 138
999 739
770 807
912 834
605 792
176 603
992 994
787 515
414 275
204 391
720 857
302 267
1000 425
932 227
617 962
256 219
176 252
62 289
123 876
256 274
408 567
646 703
444 500
740 934
125 408
613 198
233 885
907 864
12 994
215 921
549 992
653 723
230 245
157 510
909 530
806 479
435 683
458 847
535 454
77 782
448 550
902 224
313 615
988 112
382 728
599 326
18 661
271 569
698 317
966 406
564 326
47 849
649 206
60 313
668 601
488 112
594 236
420 76
373 888
642 746
976 188
652 334
179 801
669 279
49 79
153 782
717 400
598 387
933 708
528 876
405 178
86 883
273 25
637 379
479 244
15 630
159 565
925 911
880 781
449 732
19 870
625 508
632 577
936 922
362 818
369 284
266 295
119 764
150 150
782 685
903 541
932 561
497 179
785 456
799 837
515 505
140 187
21 610
999 282
870 821
785 768
336 935
738 293
549 418
510 79
71 740
188 104
837 959
596 647
297 234
506 564
208 93
443 192
787 432
942 776
85 924
325 663
950 280
223 948
156 504
947 583
281 907
506 247
466 495
745 927
487 617
574 970
221 623
412 29
502 248
629 75
196 316
862 369
543 647
115 27
977 537
999 880
784 553
805 499
279 107
217 257
480 748
324 434
94 863
248 447
13 65
736 119
593 230
32 327
757 6
997 723
210 927
699 560
59 904
734 756
928 276
261 295
417 441
29 124
752 133
714 99
128 951
906 362
196 341
468 462
236 598
437 224
97 828
960 207
957 848
888 280
444 708
70 267
226 127
395 332
37 527
39 584
81 663
248 610
478 633
215 923
968 363
935 665
773 449
512 847
312 669
40 464
370 775
629 138
917 945
51 821
449 685
541 18
663 990
375 971
977 815
68 677
90 797
59 730
746 568
933 172
905 678
129 383
564 896
686 366
379 410
14 138
651 306
519 366
449 184
402 968
183 935
913 762
216 120
824 723
363 56
96 303
673 75
54 534
241 402
238 656
281 305
187 683
477 401
335 327
801 980
435 264
302 596
194 97
600 785
611 491
511 397
157 287
798 55
156 820
715 893
872 134
865 966
687 447
568 254
518 64
530 242
506 827
399 132
578 870
189 634
674 538
286 263
361 615
724 133
7 300
117 828
818 550
897 204
567 746
769 375
194 537
588 884
947 806
533 871
636 152
383 298
336 930
499 136
780 573
224 653
323 415
432 275
534 118
437 386
790 932
119 300
397 360
520 56
873 127
299 709
216 422
359 329
618 248
877 653
748 251
714 983
115 494
357 533
94 145
641 451
49 749
604 138
161 630
829 676
188 323
930 168
87 98
960 480
13 497
289 305
673 345
604 169
247 643
104 437
897 385
719 681
488 222
281 422
315 329
103 670
676 233
140 563
219 945
50 494
522 529
485 549
586 233
295 434
419 378
223 693
320 872
625 704
697 449
890 332
17 521
12 888
442 731
982 191
619 212
125 978
690 302
535 415
345 79
723 387
322 577
972 440
614 973
527 534
984 201
746 67
562 336
625 349
331 786
569 480
567 820
394 368
511 349
726 668
440 7
985 477
357 761
223 802
548 908
731 549
78 321
914 232
735 947
244 985
666 491
469 109
390 566
915 510
809 343
384 997
874 18
639 514
393 15
427 913
770 621
455 460
376 50
53 693
151 129
497 232
756 384
560 162
548 585
976 585
232 177
791 982
779 732
151 73
51 849
414 735
334 867
832 535
857 150
682 355
943 838
438 298
747 60
594 75
56 709
80 159
815 809
842 159
121 15
362 504
66 32
296 772
257 392
127 577
113 112
746 434
947 874
866 96
215 558
340 38
840 46
805 229
986 64
437 471
241 345
285 405
803 748
947 329
361 449
316 300
900 515
745 39
479 952
26 747
899 253
979 708
542 69
160 91
444 359
881 373
100 355
171 271
818 537
472 220
103 416
420 107
33 826
106 771
920 571
419 769
110 589
250 802
945 134
485 880
246 83
313 239
678 507
445 559
746 721
515 499
631 297
215 925
447 644
328 958
361 607
24 541
116 770
767 101
73 455
136 435
289 338
940 212
811 518
817 625
217 597
714 937
43 991
919 456
931 425
739 98
198 647
527 602
63 682
84 777
662 894
499 597
284 764
371 557
528 558
182 382
808 56
186 291
513 658
505 614
839 833
905 375
342 894
969 420
203 217
118 539
669 351
221 488
920 982
524 102
123 765
115 171
301 289
383 445
40 934
881 76
571 761
658 840
231 559
716 200
704 275
499 221
520 291
813 340
256 199
48 813
603 816
959 551
236 386
495 635
498 72
641 439
424 358
863 136
844 796
838 316
597 227
755 451
334 722
22 820
539 846
890 779
649 903
610 837
27 761
897 545
171 235
639 356
637 659
995 65
730 280
602 902
779 881
324 935
923 203
611 611
227 75
687 267
908 648
292 610
640 667
17 612
637 886
350 820
752 535
431 619
195 54
128 909
879 405
780 630
17 610
417 967
318 6
412 795
683 356
950 103
618 337
884 465
646 472
295 117
768 759
273 252
738 739
486 550
804 940
816 467
727 916
661 51
213 728
541 570
960 99
368 331
89 569
860 365
114 400
53 304
774 857
107 940
18 125
398 386
697 143
163 549
431 770
181 979
25 721
736 586
115 404
342 805
769 509
112 850
268 987
266 65
230 424
604 431
560 930
194 842
63 6
674 324
460 275
861 6
162 356
320 992
73 137
57 359
466 471
14 619
821 875
153 254
660 441
745 195
261 842
302 107
773 770
794 788
637 339
883 816
480 465
75 551
757 154
167 666
15 440
310 363
765 937
167 977
247 398
626 169
62 558
735 507
177 109
394 120
771 703
909 678
406 872
477 907
238 527
761 538
935 773
123 654
197 483
968 11
192 843
186 756
117 385
1 642
830 808
119 558
95 286
740 18
830 630
932 874
808 982
474 315
154 632
843 507
279 651
570 101
563 926
990 123
438 172
326 851
277 990
368 670
303 858
896 506
273 304
123 367
490 523
223 389
818 603
116 310
404 722
149 234
825 69
922 307
373 152
444 340
26 37
923 168
829 523
687 472
134 350
51 653
80 257
718 525
169 595
592 872
580 428
11 149
657 292
951 281
9 405
524 362
656 307
211 881
730 949
467 581
43 271
265 24
642 582
347 210
487 281
882 969
401 146
684 266
758 346
759 482
994 817
771 416
205 296
694 954
52 711
699 432
949 829
523 981
687 204
504 322
875 836
920 328
352 309
358 578
298 786
469 691
750 335
749 838
581 196
684 778
635 1000
464 197
516 248
593 23
838 632
4 365
547 695
555 850
719 39
865 364
49 411
501 162
585 760
236 590
938 324
432 518
417 762
581 80
559 242
198 985
568 497
727 234
494 64
598 700
33 946
405 784
26 584
621 129
252 823
642 778
480 765
986 444
658 409
541 323
527 212
180 272
457 184
926 654
674 75
292 29
988 969
855 438
727 968
419 660
747 815
869 124
316 69
541 914
675 473
128 998
136 233
831 922
236 908
120 235
270 568
835 191
130 725
996 668
536 542
227 175
668 652
717 772
307 877
432 320
806 718
488 728
470 744
688 246
930 569
751 632
908 253
519 110
953 41
804 563
69 87
215 213
752 619
406 824
656 304
716 711
39 910
225 345
866 223
894 581
615 237
740 398
550 131
980 580
960 562
500 97
200 14
603 125
639 948
955 135
601 870
554 564
236 191
80 262
429 573
947 637
989 498
758 463
642 999
229 532
350 409
814 943
393 579
307 137
606 412
838 123
384 961
335 309
269 879
1 663
244 903
720 143
427 360
604 387
968 986
561 515
339 738
339 787
341 632
208 95
785 527
883 73
764 642
218 115
86 477
447 472
532 187
3 23
140 271
192 88
137 999
817 973
937 823
294 573
879 34
153 309
281 178
315 688
894 525
570 974
489 751
921 701
192 264
341 154
957 122
987 516
408 414
357 561
515 296
357 928
998 222
387 380
316 697
427 76
522 357
825 835
514 243
346 461
893 384
78 522
613 17
698 168
785 683
266 476
668 541
72 865
288 999
474 580
674 351
818 114
901 882
26 275
211 274
620 331
19 967
179 445
8 40
85 443
891 85
632 771
27 558
166 483
329 946
110 433
731 743
725 842
292 810
109 895
330 841
849 50
455 166
737 524
375 969
119 327
662 817
606 215
88 961
90 649
958 631
266 805
112 136
300 441
306 977
582 848
394 64
214 779
81 761
543 453
256 631
273 745
191 795
635 962
486 970
824 361
420 417
29 904
19 722
65 620
511 475
995 748
294 566
87 735
186 903
378 180
511 314
268 127
718 381
931 889
169 992
604 918
724 285
555 128
245 733
624 361
223 169
869 721
186 399
39 992
159 158
106 631
802 253
230 984
33 921
604 149
156 405
584 421
721 326
142 980
413 560
216 151
920 842
111 437
218 809
111 305
352 770
618 732
376 2
887 151
368 160
206 928
338 350
276 948
663 93
15 738
616 685
416 165
458 826
996 230
405 82
672 378
674 467
138 508
950 727
291 53
916 872
899 326
578 751
976 798
301 56
126 402
53 253
454 536
315 58
962 40
75 664
534 697
453 221
525 589
998 976
391 649
817 892
450 303
867 468
104 777
503 269
989 357
13 895
771 597
893 486
69 309
83 547
695 261
412 116
477 890
742 871
872 306
411 639
522 853
705 707
776 179
301 762
2 751
199 995
143 990
651 278
144 499
53 17
398 698
143 291
990 110
70 726
714 33
775 38
263 385
316 405
659 26
953 213
80 391
173 84
952 157
148 313
540 878
444 164
935 618
794 42
524 402
810 943
410 267
669 61
564 877
380 586
735 43
156 548
601 305
706 690
149 834
919 605
436 431
881 857
774 591
184 299
998 672
649 918
970 813
295 19
332 129
975 994
206 319
671 842
992 220
779 704
869 271
773 130
551 424
681 236
174 782
389 263
664 566
309 372
666 792
880 433
28 644
427 219
349 274
500 929
178 67
101 424
181 634
675 97
264 763
584 959
751 680
978 711
789 296
14 93
117 489
836 941
996 833
102 21
164 987
235 740
450 350
923 805
43 759
7 378
195 947
127 72
595 131
707 650
217 401
31 99
569 865
71 154
383 391
232 757
989 450
18 626
528 582
180 969
523 257
94 659
147 369
486 893
54 772
578 846
119 722
268 558
912 703
223 472
107 694
476 980
171 898
860 394
729 462
837 384
761 161
339 917
599 365
661 786
816 937
866 278
680 110
927 706
27 768
210 449
192 765
695 697
12 326
172 600
909 818
642 820
45 242
271 98
258 451
549 104
776 649
737 1000
315 352
131 270
792 554
250 360
931 54
304 121
267 372
146 186
28 616
553 57
339 846
763 507
484 527
406 332
551 634
221 174
373 291
130 958
793 268
205 727
44 600
676 258
177 516
632 914
246 70
782 391
312 820
465 994
1000 969
135 281
309 725
343 374
3 240
97 330
994 964
660 799
865 677
196 416
797 402
70 903
921 312
381 358
770 69
280 292
164 279
158 161
306 233
461 268
687 213
252 241
620 12
369 285
198 635
502 585
576 291
324 572
908 735
908 675
117 414
101 803
557 203
16 180
624 968
482 57
692 947
242 316
483 63
494 343
749 965
91 677
147 111
54 942
902 507
168 729
973 790
279 558
850 711
950 18
921 20
19 900
738 936
13 107
204 449
997 362
921 734
815 771
225 739
679 364
886 355
817 337
408 114
583 498
941 954
681 689
108 223
140 528
58 76
145 847
184 218
284 474
114 798
663 619
399 178
164 729
490 741
146 248
344 825
696 560
327 422
827 406
757 243
120 620
32 843
908 700
97 952
603 246
14 589
705 999
971 563
487 26
338 310
638 450
666 630
714 881
81 754
645 291
784 432
995 527
470 129
10 101
785 230
356 625
952 967
935 394
289 579
62 990
317 729
795 728
636 516
685 202
86 686
634 569
465 820
780 870
33 572
42 270
921 675
417 371
796 544
276 995
22 328
744 313
383 768
421 69
656 922
784 782
195 170
594 390
875 324
647 699
750 682
877 983
160 525
44 306
859 609
523 505
835 297
717 934
912 619
794 253
830 421
153 147
966 697
312 940
271 726
449 307
745 238
491 593
679 797
445 410
91 34
305 64
65 752
611 573
725 454
219 894
817 755
640 159
816 449
214 279
916 255
680 29
690 652
158 945
653 148
676 407
383 70
905 317
624 191
604 191
365 411
619 437
113 356
58 636
56 582
502 333
710 866
274 33
675 712
34 343
810 817
36 917
792 395
761 663
65 921
682 167
650 647
54 265
470 310
710 8
988 356
685 292
648 473
366 122
236 816
475 34
278 401
566 54
420 37
645 870
228 129
861 980
518 979
63 113
949 674
61 547
80 173
254 463
326 175
199 209
150 749
164 185
733 436
635 96
34 444
307 152
923 71
106 822
945 923
131 41
361 279
670 211
943 772
6 380
796 377
454 995
453 511
874 645
736 365
34 351
486 485
626 877
568 877
837 94
395 80
170 894
258 22
454 948
311 682
989 968
395 142
581 959
471 379
968 626
734 900
258 170
33 843
625 49
673 901
222 397
946 760
42 465
496 293
550 238
226 920
466 40
303 539
343 779
161 894
726 329
674 730
101 114
140 606
63 423
116 491
626 20
202 212
17 141
879 423
638 938
42 104
949 931
208 465
608 568
96 739
142 801
368 736
629 795
189 579
693 61
614 167
793 579
208 920
338 727
632 262
237 1
811 836
5 590
28 448
3 968
883 845
687 340
112 401
874 328
278 392
414 338
461 213
636 614
317 121
922 668
671 841
411 619
184 375
954 958
840 102
674 543
983 396
830 19
443 908
99 214
671 154
698 623
213 645
506 894
417 73
580 936
187 844
929 498
400 814
429 693
160 154
433 911
811 193
356 624
66 222
683 887
588 564
186 442
77 266
530 568
576 239
55 507
323 889
871 153
523 993
663 18
253 838
165 209
87 17
397 904
810 671
846 739
267 299
403 155
626 952
165 197
787 103
556 930
177 556
986 802
981 992
251 560
24 875
428 883
448 948
742 697
143 4
657 159
155 550
88 903
308 1
797 688
422 305
285 423
113 421
965 776
282 857
293 787
226 254
650 294
231 998
707 52
87 806
873 248
298 469
988 638
959 128
144 322
10 980
962 950
491 800
848 413
589 110
41 346
63 777
679 656
281 381
392 30
337 272
409 735
782 255
245 304
252 337
228 996
338 233
138 741
892 641
134 626
642 164
731 854
669 738
386 243
935 668
568 510
575 617
294 574
992 442
233 148
650 613
809 298
478 765
750 8
803 152
560 597
186 952
663 55
85 968
372 585
398 908
111 464
962 290
441 691
235 687
746 528
421 454
626 439
252 186
996 502
17 888
213 313
222 412
573 155
929 208
764 580
932 984
59 748
312 977
646 380
822 1
78 150
867 133
926 454
371 240
714 200
809 816
848 745
228 856
86 907
450 214
99 139
649 750
864 318
653 137
285 393
923 250
237 415
835 920
626 656
490 578
573 722
90 653
475 574
228 199
312 629
491 507
771 412
549 127
248 489
479 565
12 500
897 647
912 23
242 835
782 185
545 971
902 960
758 959
983 880
108 563
405 157
223 155
426 787
600 256
680 663
582 231
165 392
350 672
725 616
317 23
745 73
768 196
314 946
904 23
732 370
119 277
551 339
138 703
538 7
253 898
347 155
625 450
303 817
991 783
930 788
814 733
224 919
201 539
888 813
484 174
470 901
870 698
924 713
3 268
558 554
97 417
498 269
309 863
58 130
130 736
306 156
758 755
855 821
861 654
320 669
784 853
67 38
219 590
750 924
51 347
844 827
155 367
694 105
151 855
910 37
635 600
141 278
244 63
94 641
934 295
717 529
509 861
917 228
184 465
528 374
97 494
858 772
388 3
215 784
578 393
292 825
643 488
812 823
199 23
664 496
523 804
225 407
479 180
301 195
464 951
240 168
530 199
380 794
130 426
522 720
296 854
490 488
931 329
398 853
610 773
781 970
60 750
158 817
912 560
129 608
64 441
610 123
804 65
258 901
336 694
275 848
870 383
329 645
94 95
216 818
516 689
674 313
509 600
215 718
798 595
618 980
195 319
742 652
736 405
383 17
702 435
224 423
603 60
11 724
553 828
754 125
14 146
54 614
422 434
827 506
739 503
510 404
534 546
150 428
967 4
684 596
721 460
945 601
987 802
323 256
260 405
72 252
983 894
708 35
418 275
703 319
606 49
51 454
891 17
124 30
568 923
161 850
421 307
325 551
746 51
813 507
759 806
239 874
804 48
57 19
636 601
809 430
633 469
296 119
6 317
306 481
773 854
415 176
24 993
821 385
627 957
448 541
221 133
565 812
18 809
327 568
230 812
167 611
613 774
871 263
360 528
154 234
459 29
263 298
357 252
461 354
841 549
41 258
28 588
977 487
867 477
813 505
459 827
157 75
700 418
792 489
763 341
993 628
197 286
768 427
709 376
192 711
531 91
761 981
883 787
993 545
615 895
518 204
804 899
654 201
900 449
101 130
583 734
314 439
657 645
249 238
69 218
984 22
325 180
84 212
874 214
45 115
733 279
174 786
767 296
229 397
320 686
641 222
299 967
97 166
19 130
804 776
910 364
617 888
946 830
163 338
273 355
362 183
384 481
909 62
972 162
584 72
637 927
579 474
396 135
876 593
515 831
941 158
273 466
526 620
869 629
358 989
396 682
231 174
585 352
617 316
354 904
659 232
428 413
821 764
328 430
373 565
303 165
838 742
251 827
152 540
651 975
826 193
495 32
695 825
619 637
486 876
898 334
561 999
185 511
876 744
452 777
376 27
504 684
803 458
347 548
405 591
780 878
61 883
304 988
314 620
782 359
690 995
231 82
755 748
40 310
300 792
792 571
373 311
424 799
310 964
385 229
77 38
987 260
75 276
245 553
858 933
33 652
124 489
143 948
131 807
897 465
783 62
555 976
639 730
260 332
725 21
603 383
688 919
8 958
421 448
534 411
841 529
132 376
574 962
668 466
886 593
575 838
449 39
811 29
55 6
939 16
797 127
762 965
799 557
962 182
958 214
577 321
140 806
240 828
659 496
763 39
926 975
102 338
416 823
258 513
997 215
495 277
275 309
958 397
568 543
641 670
11 408
223 513
397 471
436 271
661 755
443 602
649 672
390 32
238 688
192 75
269 671
330 632
587 190
114 66
164 952
744 675
584 12
396 505
723 712
901 647
752 669
888 221
23 656
562 152
563 879
454 238
602 953
31 226
501 891
34 973
153 509
406 145
72 677
684 710
468 672
329 588
148 165
4 659
487 932
682 222
562 571
24 635
869 23
321 865
203 370
369 441
935 835
214 387
822 573
862 9
553 893
105 474
396 688
434 773
550 416
945 352
612 574
171 16
925 587
255 465
622 226
949 987
785 391
861 166
780 57
732 856
970 643
910 361
24 365
752 346
522 619
376 926
144 646
817 47
267 43
18 317
451 871
562 522
488 435
846 660
370 645
725 605
471 343
118 115
537 184
61 859
438 700
257 259
402 32
929 82
122 973
137 565
112 813
406 593
404 44
396 711
442 596
613 519
540 123
123 452
290 40
234 935
313 950
632 707
405 595
919 241
60 582
824 217
44 832
290 675
616 749
752 404
880 438
804 656
983 960
208 564
255 141
269 170
930 286
653 460
344 997
994 321
208 11
93 251
84 572
796 188
748 537
573 846
504 449
758 317
170 204
365 168
680 635
681 591
383 996
853 778
509 188
119 765
780 804
151 719
369 955
848 208
194 181
592 595
262 236
16 757
197 719
366 510
704 916
133 44
491 536
125 747
448 91
545 466
533 586
307 833
390 954
743 341
148 448
326 552
460 402
386 908
564 941
243 856
258 833
871 8
105 679
842 637
298 417
973 635
312 166
350 749
643 974
307 584
12 365
685 687
531 228
514 787
200 371
249 398
868 841
709 651
975 959
428 773
663 196
821 639
700 382
138 2
390 644
90 51
914 328
530 707
244 914
971 998
472 507
123 756
705 997
505 34
876 613
689 670
500 119
338 239
232 779
10 865
61 91
111 186
788 841
650 736
638 999
536 43
577 938
600 770
217 689
944 424
664 150
595 620
283 418
490 949
834 608
939 290
56 490
390 319
153 260
936 646
903 651
969 831
91 484
868 930
308 718
509 382
753 358
338 887
431 274
520 871
835 395
549 598
480 74
591 51
862 376
208 663
649 301
676 77
568 401
383 926
320 757
983 578
978 767
298 404
312 485
702 732
790 200
53 589
864 270
871 389
259 459
44 187
163 192
953 957
641 505
953 226
10 324
202 119
611 805
114 825
934 410
622 336
528 91
73 245
525 471
454 32
1000 625
297 93
698 706
345 713
486 87
962 887
941 1000
883 933
774 766
803 740
772 302
29 291
72 289
505 129
964 576
87 887
923 38
303 260
816 607
417 952
671 328
769 821
200 979
798 48
216 805
929 146
172 586
151 22
692 721
767 970
640 78
835 208
351 857
56 616
349 69
362 772
718 560
645 386
806 813
649 581
324 475
89 693
348 155
454 703
259 44
722 892
824 467
151 169
769 950
860 608
472 829
558 278
583 837
37 589
307 406
415 497
119 980
887 431
713 842
829 523
676 716
130 459
228 888
513 789
522 115
597 163
752 159
924 853
340 807
583 2
890 446
819 560
834 381
55 999
775 164
639 127
884 163
79 611
511 191
307 225
553 176
522 99
898 206
41 718
622 437
55 767
121 319
169 23
580 426
223 752
330 776
509 979
739 230
111 612
913 201
235 2
81 826
903 296
187 13
69 625
603 360
325 893
634 847
11 137
51 516
132 485
21 908
