p td 1400 978 
1 1087
1 1093
3 1003
3 1191
4 411
5 372
5 1093
6 55
6 258
6 652
7 532
7 1123
8 1178
9 21
9 269
9 801
10 521
11 265
11 1347
12 767
13 1322
14 602
14 1197
16 619
18 303
18 760
19 437
21 210
21 1081
26 442
27 655
27 938
27 1003
29 246
30 1227
31 63
31 78
31 1352
32 590
32 782
33 62
34 96
34 186
34 1006
34 1370
35 340
36 1017
37 346
37 616
37 888
37 958
38 193
38 1146
39 224
40 843
40 1317
42 1254
45 223
45 572
46 128
47 105
47 557
47 1188
47 1298
48 1370
49 508
50 456
50 582
50 1036
50 1069
50 1267
51 886
51 1002
52 122
52 445
52 525
53 124
53 482
55 902
56 263
57 307
58 233
59 297
60 649
60 933
61 362
62 1063
65 677
65 736
66 918
67 690
69 296
70 204
70 770
73 439
73 1008
74 1174
74 1249
74 1289
75 234
76 860
76 1328
77 1202
78 605
80 341
80 928
81 340
81 560
82 964
85 166
87 937
88 1147
89 109
89 367
89 1399
91 425
92 144
93 337
93 480
93 668
93 1101
94 1362
96 1005
97 1148
98 112
98 716
101 400
101 1160
102 1238
103 732
104 648
104 666
105 574
108 462
108 1129
110 249
110 325
110 447
111 251
111 997
111 1005
112 1184
113 582
114 388
116 1030
118 535
119 327
119 780
120 254
120 589
120 630
120 1400
121 676
121 1235
122 808
122 1038
123 959
124 314
124 851
125 1033
126 370
126 763
127 427
127 473
129 635
129 978
131 359
133 335
133 1378
134 158
134 211
136 1265
137 764
139 321
140 174
140 388
141 1004
144 177
144 1047
146 641
146 968
147 369
147 838
148 494
148 731
148 1029
149 761
150 363
150 485
150 613
151 573
152 226
152 1353
153 422
153 464
153 1006
154 519
155 1120
156 252
156 581
156 706
157 979
158 1078
159 191
159 413
159 1103
161 464
161 660
162 767
163 1131
164 481
164 552
164 1328
165 202
165 351
166 1337
169 475
169 964
170 810
170 833
171 849
173 812
174 1115
175 269
175 1399
176 670
176 1051
177 203
177 920
180 303
180 529
181 802
181 1309
182 641
182 780
185 1154
187 811
188 362
189 1260
190 277
190 1363
192 270
192 902
193 421
193 465
194 1263
194 1345
195 387
195 812
195 1328
196 934
196 1205
197 440
197 694
197 751
198 262
198 464
198 500
198 889
201 572
202 1141
203 220
206 656
206 1357
207 1211
208 283
208 545
208 1161
209 1299
211 309
211 368
212 1264
213 496
214 1016
216 327
216 627
218 444
218 1137
219 1362
220 327
221 1267
222 1069
224 955
226 937
227 610
228 233
228 1097
230 415
230 1139
231 781
231 801
231 1203
231 1324
232 878
234 305
234 465
235 445
235 700
237 1230
237 1341
241 348
242 848
242 1197
243 312
243 771
247 541
249 1195
250 747
250 1134
251 685
252 955
253 270
253 786
254 433
256 442
256 560
258 323
258 994
259 1277
260 1095
262 476
262 791
262 1200
263 562
263 872
265 1259
267 877
267 1268
268 498
268 1148
269 695
269 1113
270 277
271 272
271 662
271 814
273 1311
274 320
274 406
274 902
275 464
275 541
275 632
275 684
275 817
278 291
278 992
279 517
283 792
284 316
284 1302
285 487
285 604
287 509
287 1127
288 1189
289 647
291 593
292 676
294 907
294 1144
294 1303
296 845
297 774
298 827
299 589
300 1241
301 852
301 1070
301 1098
301 1228
302 758
305 329
306 1255
307 1112
311 622
312 548
313 318
313 1196
313 1341
315 391
317 539
317 546
317 1362
320 1072
322 1039
323 354
323 897
323 1269
324 417
324 1331
326 722
326 1081
327 1072
329 647
330 1276
330 1359
332 1139
333 355
333 923
334 467
335 643
335 765
336 1284
337 448
338 1161
340 1170
341 936
343 705
344 418
344 562
344 982
346 600
346 731
347 866
348 400
348 474
348 1285
349 1313
349 1345
351 1195
352 981
354 355
354 884
355 491
355 841
357 372
358 544
358 1046
359 1016
361 570
362 672
362 932
363 383
364 776
364 837
364 1092
366 1331
367 533
369 501
369 636
369 1336
371 1211
372 1010
373 414
374 494
374 907
374 1105
378 513
379 844
380 1204
381 678
381 1252
382 400
383 654
383 1093
384 473
384 1010
386 641
386 1140
386 1307
387 985
388 488
388 1135
389 678
390 1133
391 438
392 1105
394 699
395 589
395 873
397 953
397 1007
397 1169
398 972
399 1257
400 734
402 406
403 1021
403 1256
404 602
404 744
404 983
404 1022
405 1303
406 765
407 423
407 477
408 481
410 760
410 1168
412 622
413 454
413 844
413 1091
414 1015
417 610
418 1337
419 646
421 1235
422 589
422 1337
424 482
424 726
424 1138
424 1235
425 570
425 664
425 687
426 978
427 1229
428 643
430 1190
433 813
435 448
435 659
436 460
436 898
436 984
436 1101
436 1238
437 691
437 1326
439 847
439 1212
440 494
443 980
445 1137
446 553
447 483
448 1302
450 1175
452 1343
453 852
454 490
454 966
454 1308
455 970
456 1114
457 978
460 1261
463 1139
465 1254
466 1291
468 1154
470 650
470 1037
471 739
471 956
471 989
473 956
474 702
475 1323
476 610
476 760
476 1186
476 1375
477 615
477 973
479 755
479 862
482 1151
482 1301
484 959
485 774
486 1052
487 704
489 631
489 736
489 1062
490 1285
493 1151
494 1209
494 1382
495 963
495 1366
497 729
498 548
499 1264
500 545
500 1113
502 786
503 899
505 836
506 783
506 1108
508 544
508 1025
512 1147
512 1198
514 1117
515 886
515 951
515 1328
516 577
518 1169
519 969
519 1365
520 965
520 1109
521 662
521 1333
522 565
523 1356
524 735
524 1105
525 739
525 1129
526 872
526 960
528 1079
530 811
530 1046
531 1000
533 745
533 861
534 898
535 550
535 731
537 825
538 904
539 1326
544 968
547 639
547 1127
549 823
549 1246
550 1078
552 953
552 1021
553 656
553 972
553 1056
556 1290
558 1311
560 908
564 1085
564 1396
566 940
567 1391
570 1023
571 1148
571 1263
575 783
576 1108
576 1337
576 1398
577 661
578 1210
580 782
580 919
582 640
583 1215
585 1163
586 693
586 805
586 1111
587 701
587 995
592 634
598 1108
604 671
604 690
609 933
610 995
612 1388
613 764
613 1039
614 1062
614 1398
621 1313
623 1100
625 1000
625 1053
626 819
627 923
627 1283
629 739
629 1063
630 815
630 831
631 712
633 1293
637 776
639 919
640 933
640 1130
642 1016
645 696
647 1017
647 1203
651 1392
652 994
653 1221
655 675
655 1164
656 1282
657 965
658 1061
663 1002
663 1316
667 818
667 855
667 1142
669 820
670 740
671 1160
674 704
674 1366
675 1107
678 748
678 782
679 981
680 1054
685 1002
688 938
688 1307
691 867
691 878
691 1371
692 839
692 909
694 964
694 1200
697 1301
698 788
698 1376
701 769
702 1055
703 1141
705 1181
708 1142
708 1204
709 998
710 866
712 1194
713 1216
713 1387
716 1049
719 827
720 860
721 739
721 767
726 1229
726 1390
727 977
730 978
735 919
736 1067
738 1087
738 1346
744 1160
749 1222
753 1269
755 770
755 1167
757 851
760 955
761 1319
762 764
762 1377
763 838
763 1194
765 922
766 1072
767 1378
768 1185
769 1274
770 812
774 1172
777 848
778 1170
779 804
779 1010
779 1058
780 970
781 810
781 1031
782 1299
785 886
785 1389
788 806
788 1158
789 1094
790 1008
790 1064
790 1258
791 1245
794 1292
795 1150
796 981
797 907
799 875
799 1119
800 1203
800 1298
802 952
802 1193
804 1217
805 885
805 888
806 1174
808 1195
808 1276
811 1273
816 917
818 1363
819 1300
820 1180
820 1206
820 1323
821 954
822 842
824 1177
827 1324
828 1319
830 862
834 844
834 1151
835 1062
839 1119
841 1073
842 1078
845 1203
847 1250
849 1066
849 1157
849 1170
849 1267
850 1149
855 1396
859 1028
861 898
863 996
864 1168
866 1167
866 1375
867 962
868 1295
872 1011
872 1151
872 1243
872 1384
874 1283
876 1194
882 1103
883 1310
886 1324
887 969
889 1222
889 1324
889 1354
890 962
891 960
891 1069
895 1357
896 1386
900 970
903 1295
912 1017
914 1119
917 992
917 1272
918 963
922 1011
923 934
925 1374
927 1031
927 1376
929 986
930 958
930 981
930 1035
931 1235
932 1400
935 1397
937 1021
941 1361
942 1059
942 1227
944 1055
947 1259
949 985
949 1232
950 967
951 1304
956 1139
959 1203
961 1121
963 1100
963 1158
963 1188
964 1281
967 1322
967 1378
968 1365
969 1141
970 1123
970 1257
972 1073
975 1176
988 1022
989 1228
992 1135
993 1180
998 1001
999 1026
1005 1052
1005 1230
1010 1314
1012 1350
1013 1099
1015 1232
1021 1374
1027 1381
1028 1080
1029 1165
1035 1101
1039 1086
1039 1231
1045 1316
1046 1368
1048 1053
1061 1182
1061 1246
1062 1392
1067 1283
1068 1127
1078 1100
1078 1395
1080 1358
1084 1375
1090 1320
1092 1178
1093 1181
1104 1268
1105 1141
1106 1385
1121 1158
1121 1313
1123 1171
1124 1170
1128 1181
1128 1257
1128 1357
1135 1275
1135 1288
1137 1246
1138 1354
1140 1358
1147 1196
1155 1156
1160 1310
1163 1385
1173 1313
1183 1202
1183 1210
1188 1286
1189 1398
1192 1294
1193 1252
1207 1237
1219 1266
1221 1251
1223 1386
1225 1307
1226 1299
1230 1305
1235 1236
1239 1389
1257 1346
1296 1396
1304 1314
1311 1380
1321 1388
1322 1375
1329 1341
1379 1384
