p td 600 173 
2 228
2 543
3 60
5 354
7 346
9 295
9 438
11 369
12 434
14 600
15 356
15 551
17 465
18 281
20 172
22 353
22 468
26 328
27 131
32 465
33 163
34 337
34 420
34 432
38 270
38 299
40 108
40 128
42 518
45 382
47 225
49 175
50 535
52 199
53 260
53 519
55 237
56 552
56 564
60 558
61 300
64 347
65 110
67 143
68 586
72 305
72 308
77 190
77 449
78 314
82 310
82 466
82 528
90 128
90 362
91 510
92 471
100 198
100 285
103 156
108 358
113 160
114 512
121 201
127 566
130 213
130 255
136 468
138 413
141 166
141 185
144 586
145 191
153 539
157 539
157 557
159 206
160 369
162 190
163 476
164 369
168 317
170 226
175 352
176 418
176 584
181 589
189 513
195 365
208 479
213 248
213 535
214 416
215 236
216 529
216 539
220 273
224 575
227 274
227 303
227 484
229 399
231 479
233 312
234 441
235 441
237 515
239 527
244 249
244 420
245 545
249 361
249 463
251 367
255 283
261 569
275 341
278 596
279 388
282 301
282 362
285 412
286 317
287 361
289 422
291 402
295 408
302 377
303 377
309 371
309 498
312 595
313 474
314 377
317 431
318 406
318 557
326 442
331 441
337 469
342 367
343 572
344 585
347 391
347 409
355 554
357 487
359 406
359 548
363 526
372 562
372 599
375 449
384 460
385 582
398 527
403 559
405 579
408 436
421 454
421 541
421 571
427 491
428 521
436 508
445 541
450 572
497 555
505 537
530 539
551 593
565 579
566 589
