p td 600 169 
1 398
2 32
3 283
4 236
5 483
6 493
11 150
14 304
15 281
18 327
19 77
23 147
28 324
28 496
29 90
30 307
33 564
36 361
37 548
38 196
38 472
43 159
43 334
44 65
45 497
48 198
48 422
48 470
48 514
49 310
49 560
49 574
51 566
54 518
55 185
58 155
58 310
58 374
62 378
63 402
65 227
71 97
77 201
77 229
81 533
81 579
87 115
88 104
88 121
89 164
96 346
96 384
99 245
102 591
104 360
111 471
112 538
119 524
125 414
127 313
128 249
129 204
135 577
138 161
138 220
140 270
143 558
147 259
149 458
151 539
156 303
156 567
157 592
158 448
158 581
164 207
164 492
165 316
182 469
186 348
189 386
190 360
195 441
198 382
199 357
202 451
205 280
207 436
207 574
208 343
214 334
216 519
217 257
218 462
222 270
224 338
226 497
228 490
234 355
238 253
245 295
247 399
248 508
251 332
252 327
255 470
257 429
260 369
261 562
262 582
264 394
269 485
270 354
276 595
278 319
282 504
289 532
290 363
294 489
297 362
297 426
305 593
307 455
307 587
309 382
310 479
314 363
324 409
327 382
327 422
331 544
333 584
334 510
339 401
341 369
343 599
346 381
351 494
357 479
359 489
361 468
362 505
373 437
379 448
379 475
388 515
398 488
400 557
407 468
415 535
422 436
428 468
436 596
439 489
439 567
441 527
449 489
460 557
475 519
477 582
479 502
479 566
483 532
503 511
503 528
514 599
517 598
532 593
573 586
