p td 1000 4000 
844 646
104 415
647 237
900 892
427 359
294 152
556 607
284 120
589 777
437 263
846 348
130 418
41 921
798 174
434 278
486 884
182 912
241 972
436 140
126 118
110 917
730 191
187 81
153 379
969 385
387 286
628 196
992 174
360 868
187 963
795 66
179 835
537 418
666 403
23 923
79 174
539 48
256 214
934 693
597 138
290 373
500 731
706 513
338 858
790 66
343 953
813 611
146 18
477 404
703 646
173 162
931 231
871 499
715 799
720 345
218 993
382 929
990 730
350 16
480 827
649 269
123 649
673 366
710 884
668 888
36 926
375 400
262 577
775 350
895 441
621 70
868 54
480 519
168 133
229 886
923 184
404 545
299 392
588 58
818 830
111 876
826 660
48 552
154 756
677 227
891 834
490 732
517 749
264 634
475 695
787 48
132 373
788 164
473 501
619 528
216 597
444 249
929 763
470 377
233 810
806 233
258 60
951 158
155 265
30 687
853 904
501 655
929 881
489 106
241 935
538 213
735 688
582 353
617 559
483 606
303 236
57 871
654 48
274 742
568 130
257 70
389 981
507 350
106 834
169 266
16 125
996 720
53 672
662 989
688 180
966 304
111 103
544 935
386 595
633 808
356 398
578 763
917 912
211 265
588 633
777 381
819 960
537 367
356 445
191 571
568 131
521 234
868 845
588 136
649 20
968 892
304 40
467 33
432 959
486 59
237 279
558 77
199 928
110 663
543 356
154 150
977 778
816 476
987 541
90 872
262 103
203 799
206 999
176 799
696 816
503 466
168 311
202 675
209 736
353 366
439 859
172 558
419 45
69 333
770 618
85 796
629 178
858 666
324 977
342 73
616 321
195 721
608 106
439 558
573 726
678 488
290 99
70 170
659 558
255 850
867 995
768 517
320 708
378 427
871 420
312 788
998 867
461 560
902 592
943 188
811 253
462 819
784 249
438 923
13 755
760 634
487 376
64 955
545 293
960 179
207 367
824 296
149 555
885 107
896 329
639 882
306 100
629 847
888 456
389 449
23 162
393 19
945 348
353 729
972 271
561 966
94 111
228 183
346 827
468 348
537 216
601 423
852 239
695 292
374 489
138 913
277 5
646 307
435 243
840 190
75 33
12 165
477 976
774 277
319 897
643 907
759 36
252 307
733 641
876 508
556 751
53 338
986 252
607 533
408 773
967 128
696 730
543 481
195 82
958 985
7 804
196 802
376 631
686 327
364 199
843 401
398 528
383 43
419 413
228 303
456 479
681 608
844 77
709 546
934 57
452 634
970 445
430 692
255 207
785 553
413 792
965 89
692 844
911 639
935 759
33 843
692 929
626 185
271 532
841 188
566 568
491 15
872 702
368 789
248 4
475 845
146 820
875 399
849 198
325 31
749 393
10 569
882 119
849 327
393 477
164 63
661 767
568 603
201 486
913 735
186 73
39 398
112 923
254 101
119 503
679 290
876 731
996 262
53 25
414 610
690 449
966 77
654 243
639 186
80 91
375 300
474 554
914 832
625 238
288 795
793 726
440 584
365 86
604 56
207 953
576 576
516 950
474 44
673 516
650 375
445 359
526 487
652 695
321 821
623 771
156 61
261 750
35 833
930 721
492 350
7 537
36 570
32 866
382 523
175 751
9 357
813 674
127 215
374 393
424 29
719 477
67 582
339 450
150 475
594 91
654 766
22 723
997 567
16 435
410 828
497 140
509 81
55 500
94 667
349 399
984 687
748 805
62 34
55 420
501 799
453 485
152 791
232 112
803 830
484 825
464 441
347 823
62 658
476 695
764 88
930 563
86 981
839 29
208 392
216 832
322 850
93 62
846 483
824 107
749 556
191 736
225 209
982 578
705 317
495 960
828 333
344 695
386 470
150 213
598 474
638 66
795 589
976 704
601 105
480 125
761 861
294 693
670 829
97 141
984 761
925 811
863 551
461 501
478 833
529 340
295 946
388 86
846 983
758 172
579 89
626 594
635 356
21 401
482 715
69 343
476 146
634 300
986 790
907 384
978 915
531 751
655 71
118 336
66 738
610 331
480 398
681 696
553 398
489 151
842 271
15 93
80 64
406 356
820 611
319 539
250 530
474 882
47 826
662 33
90 378
187 101
518 852
908 551
742 953
24 509
920 924
441 314
914 671
975 578
61 273
989 221
529 371
669 580
432 435
698 664
361 193
60 52
463 116
787 673
544 851
156 781
167 187
922 497
929 269
159 935
622 603
36 694
321 203
835 448
817 181
607 614
544 216
844 54
66 556
746 575
832 392
956 828
538 923
403 1
575 702
585 991
891 227
833 106
503 895
795 974
785 523
909 212
673 555
289 124
906 935
29 721
984 755
965 878
476 969
472 291
997 51
527 170
716 300
571 452
670 150
641 259
478 849
610 72
455 230
235 648
537 109
177 813
87 753
23 779
142 501
589 335
695 966
25 423
316 73
617 188
390 788
912 327
495 188
963 636
749 924
688 690
754 198
281 480
175 387
507 106
37 466
611 113
253 667
345 603
380 73
216 156
327 550
25 895
359 775
538 509
468 138
913 521
52 262
789 916
945 64
587 743
78 123
811 924
54 921
376 222
79 530
127 142
780 178
217 823
418 885
21 533
967 83
422 164
526 855
922 350
658 65
948 239
280 902
889 345
735 181
37 43
129 199
144 577
234 553
186 261
367 829
756 133
262 680
807 363
589 400
318 815
387 65
553 501
652 250
751 964
69 684
288 482
183 651
121 489
63 921
365 35
924 758
682 485
834 114
206 237
806 187
27 260
889 627
698 538
489 688
306 462
729 118
871 605
621 817
427 904
26 964
588 268
701 997
448 448
97 889
691 818
955 455
941 188
418 168
844 966
760 87
764 220
481 175
112 818
785 669
658 13
383 460
687 983
891 620
433 267
561 866
260 552
486 268
720 892
502 842
843 697
472 101
661 573
154 288
943 350
60 92
422 217
942 895
591 690
497 917
94 870
722 682
355 992
48 120
57 107
444 949
265 967
769 560
925 677
75 97
292 333
733 359
174 652
646 943
201 100
303 338
159 605
677 242
237 855
912 379
380 196
701 415
812 440
608 877
203 110
445 767
305 798
277 102
776 226
221 920
529 160
345 512
370 982
654 259
104 937
219 234
104 21
20 147
662 186
115 114
727 89
821 963
169 725
804 338
940 399
721 445
602 859
359 827
928 293
521 690
721 259
72 882
927 268
978 278
129 370
595 308
829 241
364 12
485 473
944 55
1 623
498 755
210 184
462 298
807 48
523 578
125 745
368 562
629 815
987 135
897 287
96 671
128 434
666 860
273 551
550 246
585 231
25 89
908 355
547 880
209 248
121 554
645 952
896 250
790 87
715 107
704 82
465 757
980 427
481 435
692 664
737 151
482 536
559 959
829 988
563 807
158 336
767 88
745 904
127 729
58 306
866 162
718 592
857 885
522 104
366 559
200 540
88 647
595 27
366 177
57 340
771 171
670 899
986 972
547 925
61 338
706 984
407 390
733 40
287 907
842 837
47 791
478 475
510 394
130 212
277 753
690 524
115 976
289 19
974 736
63 493
819 547
784 597
325 142
970 114
647 146
177 772
327 173
928 795
875 56
958 96
665 654
297 779
787 730
199 722
398 7
828 866
623 359
126 319
644 682
812 520
796 992
315 435
727 581
859 984
332 192
454 458
321 711
580 503
496 335
219 619
730 662
398 463
458 704
937 637
518 876
228 705
268 52
655 772
326 181
483 595
855 382
260 105
317 677
598 952
336 497
620 683
708 260
55 713
683 472
575 954
207 226
867 714
412 520
581 151
891 542
958 137
299 901
660 11
870 518
570 449
803 501
189 530
502 903
259 473
637 327
39 372
873 234
348 866
686 982
437 323
949 419
490 549
586 311
920 337
462 377
624 147
442 21
938 786
308 571
253 903
4 267
691 972
818 909
667 282
646 416
542 376
133 649
741 688
107 205
498 911
336 162
694 292
851 797
224 998
779 803
87 772
765 25
327 101
916 335
831 564
150 784
646 520
292 86
622 425
628 18
494 304
709 601
191 56
248 590
198 463
682 96
394 839
699 311
933 682
681 421
704 972
227 79
634 68
13 476
603 330
226 314
634 707
488 119
295 69
777 433
574 852
35 497
417 875
59 236
575 580
780 964
925 604
18 443
806 727
597 736
778 445
794 75
187 673
745 196
233 322
223 572
234 457
375 830
966 619
316 680
58 275
187 73
57 298
383 775
545 221
250 794
128 784
702 74
590 973
133 982
264 20
148 41
842 806
867 752
900 927
263 175
352 291
229 593
957 266
428 857
383 726
659 797
731 237
580 936
184 330
75 720
91 166
915 657
521 45
172 480
869 769
269 8
861 48
570 75
497 114
766 374
646 274
370 984
152 333
156 837
29 119
546 647
31 194
128 830
499 868
160 539
65 705
53 922
84 710
670 671
108 612
250 674
34 75
625 103
168 957
104 190
862 486
247 644
659 365
163 459
213 442
926 822
756 137
91 628
526 771
503 621
605 180
146 473
586 559
480 392
830 825
645 670
123 867
204 360
892 630
342 92
617 484
243 321
739 301
535 29
657 119
514 471
836 982
427 901
30 60
92 612
912 355
665 334
324 854
738 546
153 583
211 695
644 918
977 860
874 782
465 293
928 478
859 107
24 960
725 692
762 362
180 261
766 103
650 405
755 634
337 741
29 936
885 123
921 187
456 10
516 775
608 670
661 399
118 753
406 331
524 526
434 991
738 617
345 942
598 718
874 252
283 455
123 587
149 135
110 767
748 408
191 409
106 761
795 248
502 231
781 207
962 720
949 54
793 583
311 567
651 115
221 676
386 906
902 921
680 162
57 310
656 551
310 749
887 155
31 65
222 248
732 308
4 524
443 181
760 247
963 719
159 42
495 765
776 192
778 804
646 757
888 710
159 324
580 344
289 366
969 135
756 433
647 90
522 539
34 1
784 712
956 432
932 748
689 434
355 248
446 605
271 904
241 109
999 480
633 226
82 169
172 642
688 841
461 495
802 206
586 105
3 961
805 459
130 20
491 400
475 422
345 434
679 775
703 395
800 282
562 970
698 917
954 222
222 237
739 223
816 765
687 536
400 984
458 481
942 264
105 679
629 704
20 72
145 548
674 230
417 509
137 84
993 773
664 459
539 672
768 337
113 229
664 796
770 521
153 453
107 612
167 219
597 57
926 690
313 298
568 74
990 549
476 652
31 176
194 256
723 201
922 210
269 201
982 589
977 8
150 717
309 329
506 752
113 10
951 220
557 362
111 598
371 203
734 186
521 152
382 393
680 440
415 127
458 160
684 475
583 571
638 794
685 895
553 181
899 39
362 542
994 855
852 271
196 974
141 573
116 780
556 253
212 626
960 676
851 149
174 454
78 117
741 94
65 819
364 328
11 668
331 177
316 320
707 844
769 773
711 12
655 938
859 657
580 766
931 377
572 490
995 875
726 790
750 514
587 138
227 423
872 491
981 562
780 408
942 698
357 881
551 722
181 928
653 289
259 668
36 558
164 411
205 570
310 316
941 425
423 220
681 249
962 642
402 509
230 408
598 294
807 45
95 764
887 474
982 28
782 829
202 4
902 70
435 409
180 456
761 468
540 165
630 133
131 651
474 635
270 639
994 862
707 15
224 178
295 295
713 861
210 237
484 259
195 250
991 171
897 538
539 413
493 917
553 569
377 142
613 368
714 238
120 647
285 527
502 11
62 159
363 462
911 533
479 421
794 547
297 563
901 907
129 124
218 968
557 689
3 120
966 436
484 725
459 911
156 681
334 307
40 392
711 294
454 217
262 799
727 825
841 724
945 48
34 58
943 907
951 831
600 359
430 643
644 920
791 104
918 855
990 730
43 374
865 34
342 531
386 807
489 172
464 465
536 942
703 845
68 170
181 392
29 882
533 266
123 20
976 715
688 863
471 490
845 617
646 213
402 633
821 640
496 190
986 813
296 627
980 436
146 976
391 792
377 206
599 525
100 89
91 421
437 321
489 678
122 355
796 920
21 844
313 980
437 635
815 534
474 716
234 584
241 437
758 629
462 647
989 645
988 382
538 475
221 170
64 570
900 406
945 749
798 818
769 644
980 931
337 791
919 290
408 240
777 49
120 344
888 931
607 318
652 288
638 349
598 959
931 282
386 153
183 730
993 475
779 761
728 568
383 333
756 233
291 305
557 493
935 489
775 873
482 640
255 119
169 631
863 345
947 617
479 271
147 946
956 6
19 209
220 455
62 661
307 286
644 970
610 373
360 569
23 513
818 843
318 688
599 924
165 229
315 162
315 999
348 99
570 950
548 905
141 902
266 575
408 544
731 29
524 54
792 39
451 750
362 574
739 940
102 402
893 715
954 86
656 685
201 788
655 674
538 172
625 274
353 515
316 617
464 862
833 908
774 876
125 393
761 222
538 715
891 993
542 155
897 754
512 928
655 112
820 590
116 540
545 1000
890 751
689 352
933 907
471 656
690 673
904 119
957 880
275 117
154 67
850 320
57 795
581 739
20 401
403 834
474 766
10 230
276 912
214 460
632 236
28 508
406 55
845 504
81 696
98 526
916 188
587 965
161 570
47 671
625 546
830 707
51 278
761 76
22 907
445 780
791 455
571 446
842 780
172 222
599 854
805 174
894 233
822 124
388 246
797 480
962 148
497 209
953 708
764 574
224 72
20 993
627 192
642 992
467 420
844 268
911 380
530 729
3 783
896 897
474 398
868 398
877 520
53 196
687 743
925 560
35 184
756 888
795 360
194 754
38 97
76 808
941 309
475 396
227 521
844 896
811 416
844 403
376 466
191 853
124 709
908 876
918 601
359 778
621 562
422 609
714 945
730 543
321 759
428 349
213 704
266 180
390 407
125 709
726 59
145 266
861 835
877 976
753 355
772 314
871 321
811 397
594 298
490 113
329 122
308 576
431 683
615 940
34 876
498 127
124 918
774 433
492 957
431 352
597 548
428 188
553 704
95 751
582 876
478 555
786 448
678 729
825 322
550 334
422 943
176 124
263 607
391 822
134 40
423 339
639 559
850 439
164 472
386 628
437 7
958 221
259 47
292 868
739 454
358 748
801 951
414 981
985 180
689 896
908 484
605 826
764 646
819 939
842 619
3 379
675 506
459 659
290 556
270 980
394 819
968 880
609 611
243 85
68 849
937 363
230 295
648 414
976 760
815 792
895 133
782 263
783 781
323 199
635 833
292 680
380 806
234 961
209 21
384 414
451 238
480 167
34 306
407 413
340 586
725 795
477 236
31 1000
302 219
840 928
825 487
967 142
341 916
112 733
991 891
972 359
82 915
791 655
224 110
495 768
759 111
412 447
83 623
50 271
161 671
512 894
424 617
632 120
440 110
206 486
265 767
922 910
995 472
843 881
421 99
604 208
105 171
847 946
539 608
148 806
947 481
244 271
735 493
238 858
445 220
760 540
764 7
528 777
696 737
17 419
655 960
812 36
931 339
713 935
769 277
826 901
878 69
941 360
583 574
808 974
847 626
701 998
569 853
961 876
424 26
858 463
143 684
81 762
738 174
549 300
556 805
416 216
346 174
881 47
272 422
515 347
630 724
437 246
531 462
233 139
15 634
340 720
11 753
846 679
624 330
31 906
511 618
898 844
658 603
675 84
434 918
6 135
202 153
272 64
399 700
795 416
522 146
810 32
232 928
287 722
613 282
461 95
564 192
405 931
305 722
460 950
275 791
18 322
495 342
799 765
10 735
553 829
731 908
347 985
290 214
167 359
821 144
9 851
667 185
3 597
598 729
445 471
177 488
882 58
68 799
945 898
890 508
689 700
326 870
309 812
230 70
52 100
307 903
738 599
552 596
657 127
833 44
542 810
915 658
499 408
631 75
640 52
467 480
525 933
772 457
604 517
235 914
809 247
611 607
726 558
235 414
484 599
212 445
756 678
221 719
920 916
303 795
120 459
642 967
341 291
201 512
88 590
714 858
364 913
803 695
639 830
217 27
387 636
942 823
207 76
526 296
293 347
868 455
336 18
184 699
474 882
254 445
934 582
439 498
527 966
868 824
15 640
123 456
824 841
718 757
124 265
70 269
745 436
192 5
763 5
314 538
992 198
875 140
200 133
342 144
297 638
686 14
658 696
72 706
972 362
491 367
205 902
852 22
553 877
384 656
575 922
376 212
815 839
352 717
293 162
123 306
107 367
774 54
650 89
59 639
310 184
836 860
722 514
25 624
162 550
472 588
266 708
682 706
793 391
919 10
584 469
680 683
319 227
58 309
82 473
667 252
343 103
668 522
182 66
60 288
800 671
295 677
395 641
846 965
179 626
409 514
166 615
248 257
351 343
479 431
580 328
12 36
229 98
26 191
857 367
872 610
943 294
180 356
386 771
143 838
34 625
636 898
903 87
650 727
765 683
914 917
736 270
181 780
228 711
462 994
254 632
539 18
582 237
659 514
551 8
600 1
494 979
936 781
70 924
248 362
568 810
488 585
763 220
428 74
505 680
488 590
128 705
192 870
231 442
285 897
252 874
441 145
329 57
957 834
194 94
172 379
797 288
18 221
907 713
607 59
579 380
453 919
107 565
906 378
577 852
661 962
29 446
832 364
99 474
448 774
562 60
431 726
723 544
663 622
32 537
313 765
325 243
753 919
414 758
209 995
829 363
394 495
775 307
101 426
174 793
785 295
865 794
356 743
311 505
260 823
432 818
778 373
398 632
843 118
618 68
207 110
183 602
762 386
613 978
491 588
263 633
838 829
713 959
319 843
635 729
374 84
850 560
515 789
948 699
181 376
927 478
567 973
252 630
479 601
10 790
368 722
77 937
274 34
622 763
867 755
15 793
844 246
244 832
440 650
559 842
123 642
453 145
655 29
893 566
688 936
729 677
83 156
331 794
722 674
851 934
609 3
356 470
29 529
294 430
135 289
320 903
627 146
410 402
711 41
680 609
975 393
702 385
900 229
655 579
136 518
227 239
975 269
457 388
551 499
682 608
235 899
727 696
857 556
472 959
166 749
565 79
21 631
40 602
908 6
680 185
564 216
438 542
615 223
176 658
871 599
879 143
316 906
374 166
905 199
356 266
250 828
316 653
496 53
622 310
355 915
748 780
21 94
541 3
191 216
48 416
208 76
602 597
101 299
815 935
139 132
973 681
511 352
352 700
907 249
65 108
794 731
905 637
588 16
468 642
909 3
236 511
291 147
712 114
128 411
710 270
788 590
123 367
334 604
928 327
35 606
534 828
660 551
170 275
138 236
595 848
427 479
178 260
801 177
743 743
9 987
309 963
812 376
924 592
895 611
13 151
971 20
727 142
422 655
784 676
775 736
258 248
664 251
253 56
396 727
305 625
373 856
755 534
916 359
326 222
21 549
625 16
854 538
718 124
435 530
493 1000
369 812
438 539
226 180
926 136
98 876
498 628
863 372
946 468
420 193
171 144
413 832
696 396
124 826
522 75
943 862
375 362
643 604
584 555
447 195
853 424
961 360
880 181
371 692
242 710
91 72
974 87
18 214
560 492
337 261
188 442
436 687
722 63
511 381
250 78
526 219
552 166
554 999
460 842
50 573
548 545
454 439
823 626
187 761
504 470
966 964
515 660
796 439
240 375
179 601
520 414
483 12
409 631
624 488
626 573
34 205
117 642
555 902
252 322
453 247
136 671
12 200
349 540
410 701
937 639
953 393
445 42
532 121
918 895
82 547
758 775
972 484
993 926
891 550
366 673
422 419
62 171
717 624
289 818
136 276
87 339
643 381
116 118
89 344
968 801
571 546
728 965
969 5
617 692
188 154
941 662
907 909
135 816
531 20
378 923
990 402
941 233
399 475
752 328
407 141
587 646
892 319
879 854
793 839
389 470
632 353
442 606
509 59
172 835
527 259
258 226
781 770
478 929
727 374
944 462
867 364
936 718
415 12
187 103
789 90
552 2
415 468
48 695
818 915
854 965
831 959
651 623
821 671
423 669
146 112
559 928
415 651
138 748
89 622
950 975
877 83
182 908
315 306
74 705
965 51
672 473
235 939
322 770
206 714
449 918
55 894
19 936
54 275
547 971
506 455
563 605
218 945
925 23
643 1
100 567
722 391
609 352
300 236
319 627
613 129
17 415
678 219
481 454
519 170
623 557
112 385
586 107
107 28
408 837
619 457
707 28
463 592
926 812
935 803
518 674
136 705
995 69
44 300
997 137
816 292
29 491
138 276
695 159
79 970
978 990
411 119
556 718
140 796
940 960
893 697
637 977
123 504
697 969
568 660
704 638
383 815
851 905
760 332
855 95
516 539
556 703
738 688
872 860
137 72
816 199
450 639
733 993
725 297
337 45
319 395
700 577
481 309
393 227
140 402
480 480
905 894
423 950
895 768
7 149
763 296
860 502
480 822
814 635
966 88
671 580
420 692
982 839
135 829
39 247
433 782
995 548
578 57
394 825
899 815
406 187
803 827
310 320
147 380
34 873
497 736
89 175
96 361
224 643
502 147
57 753
897 20
584 807
386 492
221 118
81 13
618 303
979 571
38 259
222 946
19 948
924 192
106 830
846 722
559 347
736 896
996 346
205 414
513 263
70 102
206 325
975 57
17 184
514 375
210 331
97 111
550 996
1 31
772 352
673 413
815 898
55 567
861 84
991 702
286 595
145 594
358 637
764 6
337 721
951 362
92 12
46 121
167 269
316 220
836 521
77 763
540 586
788 237
996 651
885 770
788 604
319 708
917 240
803 432
397 910
606 489
853 515
776 249
333 346
744 349
572 171
390 302
241 3
226 945
384 401
396 219
820 853
54 802
472 641
159 610
439 966
373 99
444 915
113 276
385 906
566 580
719 33
36 771
99 50
727 170
933 738
494 112
224 255
177 941
944 144
738 708
783 12
612 277
425 337
265 204
124 457
891 165
175 814
482 433
771 81
812 550
580 995
831 206
558 164
890 353
728 989
511 806
378 842
810 979
617 516
963 319
11 88
761 257
850 450
981 357
656 296
794 259
14 343
395 9
885 827
780 76
181 314
265 129
713 259
211 326
809 126
544 495
568 140
698 525
297 370
960 138
561 887
33 979
501 916
741 391
264 183
706 927
616 75
20 346
217 304
195 817
849 400
865 572
86 857
389 928
923 178
777 633
159 677
860 489
636 148
612 850
820 303
852 214
543 716
416 1
822 943
240 617
823 530
805 883
56 982
885 448
648 344
51 180
991 234
978 217
118 7
15 986
344 107
645 570
365 105
83 804
202 963
711 894
295 627
390 245
984 108
100 517
256 91
420 94
604 621
437 426
921 522
750 665
700 982
508 491
390 701
464 822
524 73
807 507
289 431
53 761
588 431
602 755
447 540
914 841
94 983
951 743
954 899
145 475
360 568
662 382
593 210
854 263
908 436
721 382
99 447
150 335
769 827
522 724
4 129
726 601
323 839
638 285
628 1000
300 196
811 584
398 270
535 648
297 39
767 710
386 622
874 678
279 608
206 794
31 905
47 105
473 294
690 978
796 701
193 972
59 81
208 734
404 970
315 28
167 378
318 50
397 940
874 360
362 997
966 104
129 644
71 840
495 419
703 70
870 652
817 442
120 803
42 588
270 711
563 834
939 309
669 130
811 959
911 359
94 21
205 511
198 188
696 466
603 472
927 6
707 101
869 501
526 643
875 798
767 277
994 103
522 326
297 145
828 351
235 604
322 452
45 695
711 104
601 503
307 159
263 999
62 239
183 629
320 446
591 890
356 602
147 780
667 176
774 290
92 20
34 152
157 973
214 978
638 933
822 852
55 705
129 943
388 5
463 551
262 753
925 58
149 523
523 55
566 130
297 536
596 444
425 377
415 590
526 305
594 761
393 386
901 190
793 238
528 869
624 883
640 58
165 679
785 930
894 990
289 483
727 342
696 932
705 897
112 457
260 502
274 855
182 762
400 226
274 576
874 814
944 983
549 790
533 4
218 525
336 901
961 46
933 210
804 553
256 575
668 789
820 874
840 414
41 652
110 852
315 349
54 532
332 683
164 328
802 516
127 713
186 774
374 939
197 604
154 26
119 164
809 842
439 924
308 841
122 966
148 869
57 734
992 620
922 110
319 867
934 697
742 133
18 828
547 794
104 411
443 346
600 290
314 396
685 190
705 170
739 821
231 107
330 783
623 894
141 60
813 871
771 143
161 777
873 633
22 419
134 530
171 606
436 895
908 842
375 56
312 625
936 348
885 681
361 893
783 408
537 825
405 398
525 212
983 382
111 256
85 998
323 992
698 804
160 570
438 251
474 962
770 519
723 711
495 623
824 784
411 979
879 521
485 994
139 66
864 108
167 472
564 650
142 413
629 79
394 282
457 247
716 59
143 169
713 287
583 900
370 371
366 936
254 419
651 758
799 532
582 325
421 364
500 257
87 679
282 1000
104 646
728 789
526 646
439 379
719 990
961 809
459 628
548 603
247 795
906 745
800 301
682 473
362 17
972 589
788 473
764 907
584 631
912 144
523 256
801 751
252 942
934 260
787 499
440 856
852 947
507 119
584 426
721 571
747 990
138 485
663 951
963 789
275 80
22 654
532 895
232 269
567 993
976 22
582 166
858 359
339 839
798 900
221 60
942 967
43 442
775 766
364 214
46 967
370 911
308 931
924 969
701 514
791 82
399 670
575 973
51 980
81 533
125 902
918 335
44 837
521 242
605 794
994 40
428 959
311 805
607 784
925 553
289 557
357 39
507 47
822 479
888 141
535 444
499 3
112 206
794 264
498 343
939 827
708 999
563 362
736 670
748 631
926 124
904 450
407 267
516 976
837 472
689 117
988 677
427 638
631 868
378 441
923 62
457 969
747 234
438 768
714 365
302 935
244 185
758 250
955 70
513 854
185 800
785 281
137 931
819 798
351 802
506 971
622 214
959 278
363 805
839 193
874 829
442 119
144 870
695 442
611 287
841 627
658 129
343 450
797 646
128 374
533 195
599 427
460 384
859 476
190 678
319 521
818 344
544 219
499 961
655 345
492 685
917 978
63 387
731 35
761 663
32 372
74 46
482 7
25 403
30 702
491 645
158 24
777 261
252 357
322 970
370 83
689 113
829 747
94 685
823 7
3 274
872 273
929 306
899 185
977 576
383 847
466 490
753 813
656 709
645 50
842 469
572 786
519 911
444 108
274 507
80 868
569 815
168 808
863 272
473 14
973 557
399 475
329 488
387 435
171 185
262 846
167 771
549 183
222 187
411 570
489 672
798 421
953 906
833 247
286 582
134 323
610 484
845 100
961 804
705 8
28 300
572 232
474 102
812 629
729 439
44 460
995 224
382 906
790 682
378 916
345 244
401 976
630 573
900 110
868 30
993 771
487 92
380 586
174 26
540 385
178 275
741 196
797 248
342 718
925 434
211 215
866 520
961 711
747 564
7 823
480 692
712 497
300 333
628 5
244 599
31 523
861 78
251 800
361 30
605 718
252 781
487 246
228 420
888 237
978 121
653 233
206 532
8 209
207 427
691 190
102 708
644 528
360 956
693 878
726 322
549 220
614 138
149 777
866 111
610 929
11 866
464 259
227 722
756 467
189 329
381 493
210 80
679 284
328 297
70 23
270 720
100 119
948 324
583 892
187 62
556 797
971 105
29 772
252 719
393 820
367 392
909 909
134 596
262 420
791 861
354 270
786 13
36 778
259 131
427 660
66 483
184 33
651 572
393 971
279 337
10 772
362 888
201 293
352 140
696 651
858 493
187 56
244 199
944 32
495 108
901 578
121 745
493 191
784 385
102 273
358 16
487 440
177 623
423 917
177 79
544 701
508 234
718 843
810 45
149 284
982 282
105 660
217 767
273 996
732 536
751 976
424 751
305 810
314 843
21 87
591 126
758 515
891 150
369 597
608 478
938 287
751 904
451 560
620 803
424 264
811 624
183 132
210 807
968 419
389 737
807 173
626 520
935 291
642 308
701 959
61 838
215 91
980 743
114 239
847 599
326 122
231 399
365 244
415 961
244 853
2 337
369 771
32 858
90 173
461 402
432 656
689 64
904 518
369 60
711 456
476 29
17 213
331 819
908 76
138 749
612 159
541 314
299 720
141 832
13 567
698 34
867 230
417 616
204 746
791 984
491 747
427 999
835 114
506 61
9 577
616 4
377 589
553 786
379 698
535 532
393 139
383 10
483 66
431 175
725 798
634 126
290 559
191 512
572 3
925 966
384 489
760 923
525 620
8 306
344 50
840 794
299 246
920 137
335 292
737 627
419 263
162 247
234 662
273 428
772 348
1 852
127 162
883 559
760 421
197 116
429 802
122 632
824 841
524 215
43 682
304 158
551 116
769 511
272 749
796 250
809 799
191 644
697 686
458 112
824 124
731 395
964 849
509 739
519 377
830 299
825 779
974 598
829 668
555 441
160 903
897 681
554 856
520 860
939 953
258 694
348 525
744 270
496 41
274 246
485 767
888 317
556 400
814 872
890 570
894 668
319 314
119 297
728 896
862 60
689 354
506 107
287 857
280 765
104 850
903 194
507 604
204 36
116 792
771 267
908 534
658 87
127 680
946 95
683 421
699 366
430 873
174 710
245 887
838 328
375 248
432 264
695 475
115 740
622 523
912 71
240 795
560 126
668 767
524 489
92 437
460 836
540 47
223 520
423 901
646 957
830 359
93 666
471 500
311 182
636 9
969 141
309 26
163 510
492 758
189 336
631 910
422 524
264 944
391 166
571 641
220 238
588 574
53 295
719 266
82 748
651 961
192 438
277 314
1 433
267 515
719 463
687 438
17 182
324 680
569 52
40 704
862 625
94 135
398 501
159 28
177 281
499 350
68 33
872 479
836 652
822 978
277 202
55 110
828 996
978 961
526 552
232 703
408 968
331 406
150 587
866 539
165 610
279 228
782 35
728 668
508 549
60 673
571 790
404 69
322 636
520 519
150 167
74 619
469 686
406 856
635 4
902 86
331 99
811 572
284 224
718 885
387 684
694 991
881 533
498 620
880 191
78 327
61 960
390 449
878 359
862 591
269 995
640 214
936 841
244 957
172 642
30 548
685 358
875 90
441 510
492 576
739 947
383 776
413 601
184 591
946 247
699 518
346 306
928 755
416 691
905 967
413 293
78 568
445 398
484 574
366 97
118 346
839 308
16 269
865 442
270 838
939 764
51 510
632 594
595 383
317 529
640 100
643 289
527 400
521 283
211 772
342 741
124 265
167 431
854 313
904 582
373 551
138 161
908 864
878 428
845 309
99 93
631 677
37 760
643 922
886 506
564 678
190 856
383 629
139 620
310 152
47 738
230 860
746 555
933 730
383 243
578 591
620 682
92 913
674 731
327 432
396 772
811 944
690 200
985 489
653 48
602 854
209 281
463 150
514 827
411 40
8 939
422 305
14 841
114 256
111 161
900 134
273 930
418 204
937 483
214 923
635 429
152 720
347 535
834 962
186 602
441 409
233 471
449 200
478 104
584 61
438 772
792 13
837 137
841 25
193 675
197 279
305 829
954 592
766 672
372 484
511 85
751 959
674 502
695 26
199 287
458 726
226 805
414 859
872 388
800 804
14 122
450 20
352 122
673 793
163 818
304 568
142 86
440 223
818 101
154 268
761 562
576 252
373 9
426 607
269 76
320 564
452 927
491 84
246 936
761 324
696 851
846 440
528 767
21 139
669 188
595 172
810 209
847 427
257 123
799 349
964 238
423 898
419 271
241 561
424 495
372 548
823 718
999 836
498 917
828 781
537 218
273 515
782 682
103 880
853 289
454 184
906 931
514 555
315 342
963 252
21 671
519 861
170 125
458 455
484 554
70 919
71 437
726 238
291 461
929 724
900 204
821 323
916 472
855 74
587 352
160 909
997 196
194 335
233 777
991 941
922 547
292 516
510 609
432 548
926 588
390 756
313 432
76 561
806 627
785 642
53 636
863 200
923 144
38 31
932 561
787 559
770 891
813 518
502 599
152 797
330 123
29 268
729 385
569 306
363 92
54 111
588 886
649 842
810 985
526 308
140 564
853 500
35 759
941 967
135 115
269 831
244 976
771 693
284 415
101 886
487 564
462 474
723 115
328 544
510 121
603 12
240 853
798 131
168 715
982 114
235 104
431 106
499 37
691 220
332 248
539 531
62 48
917 797
219 815
491 408
502 269
810 263
706 675
1 415
527 954
760 155
730 63
992 452
985 358
150 656
707 444
722 340
812 330
848 173
370 153
905 511
206 159
796 545
916 215
17 568
283 967
131 372
529 212
554 377
665 382
858 374
689 864
311 152
750 381
716 40
354 114
41 685
220 112
200 457
784 162
709 893
529 270
557 980
599 297
645 816
721 552
853 996
758 207
600 37
671 757
316 455
299 410
974 499
438 651
266 419
697 721
806 614
485 623
709 313
629 185
734 87
348 661
915 372
306 555
419 837
151 653
218 735
289 328
190 110
632 646
902 313
685 457
813 449
151 201
211 307
968 747
931 691
526 283
502 578
881 866
564 764
50 349
671 718
781 127
873 101
419 325
811 334
286 686
424 837
194 194
472 725
833 26
12 708
898 105
760 680
777 737
785 858
358 256
419 210
547 336
134 277
746 844
184 689
218 214
799 499
906 731
971 157
264 888
105 427
838 80
682 922
520 497
560 913
739 118
149 739
211 631
435 257
90 38
326 671
816 512
673 73
519 221
546 172
436 689
706 112
734 464
597 630
305 212
717 925
460 183
953 755
618 496
93 46
904 341
134 924
818 429
476 383
992 893
967 413
288 637
88 892
484 423
484 513
409 310
773 701
343 292
809 2
508 16
91 48
754 860
841 598
54 212
878 763
861 397
210 242
980 163
396 864
150 352
941 24
339 651
306 786
799 699
641 443
156 274
380 727
468 491
272 775
550 859
904 115
743 983
300 311
900 144
944 49
627 805
391 901
299 862
894 228
73 826
269 896
676 155
37 939
83 543
993 188
472 228
582 87
755 2
130 214
714 632
371 160
914 735
793 620
660 697
813 91
175 328
802 46
124 892
418 216
395 915
48 452
459 207
179 811
455 929
235 989
824 993
354 564
61 886
170 397
449 335
993 329
508 859
638 407
555 835
263 981
86 529
949 767
687 500
528 105
132 569
937 347
777 735
728 174
769 316
588 843
303 154
824 665
804 200
538 770
629 717
35 706
150 366
835 128
770 82
358 86
463 97
944 941
465 220
287 335
493 172
396 424
547 139
641 782
793 510
217 73
111 55
402 918
633 732
468 78
525 6
331 877
551 828
838 406
677 589
468 613
487 412
393 205
395 682
648 599
976 28
378 290
446 596
500 306
261 905
403 819
803 926
818 397
187 931
294 187
185 153
446 681
37 706
506 774
504 867
631 940
27 37
471 98
471 814
24 565
244 78
399 759
465 652
639 18
491 932
556 359
460 654
826 77
348 252
602 597
735 101
450 378
471 700
683 295
311 248
9 724
223 462
310 769
872 811
520 178
624 814
538 992
468 113
631 293
10 316
858 203
391 728
109 329
841 647
587 712
919 265
558 664
568 445
277 781
992 416
980 719
36 375
591 564
541 409
296 760
781 44
850 591
140 524
870 172
145 895
772 516
200 939
62 804
715 429
189 779
414 251
527 570
15 454
531 790
289 497
719 394
969 126
799 568
82 874
237 537
147 783
494 90
320 145
797 243
847 37
386 902
210 646
95 357
427 266
142 522
766 914
512 233
897 855
701 827
717 829
371 401
816 415
665 847
837 82
83 810
546 519
557 963
423 331
418 392
263 569
628 605
965 785
47 235
389 209
417 37
611 140
858 443
412 631
872 782
858 241
347 710
281 427
724 462
666 427
372 790
299 108
938 28
100 931
983 611
397 938
444 54
83 321
42 283
220 849
599 357
538 977
623 160
133 736
325 408
781 977
309 285
172 80
626 85
76 101
60 459
398 385
962 44
733 133
741 983
776 194
768 610
363 586
163 129
570 188
901 852
170 939
232 491
864 656
159 975
858 461
80 889
357 272
704 958
528 228
938 984
328 591
726 252
723 285
91 296
37 366
528 972
459 548
156 792
913 451
524 460
