p td 3200 5098 
1 1107
1 1494
1 1916
1 2220
1 2586
2 99
2 244
2 384
2 2569
3 1327
3 1600
3 1792
3 2450
4 142
4 865
4 1257
4 1278
4 1294
4 2449
4 2498
4 2542
5 1330
5 2832
5 2833
6 2010
7 812
7 1570
7 1837
7 1934
7 2461
8 1486
9 391
9 1391
9 1418
9 1811
10 2850
10 2906
11 128
11 500
11 1213
11 3105
12 1649
12 1992
13 1356
13 1924
13 2389
13 2647
14 316
14 2179
15 718
15 884
15 1650
15 2323
16 95
16 199
16 467
16 2097
18 611
18 1259
18 2915
18 2959
18 3100
19 1519
19 1812
19 2547
20 638
20 1604
20 2652
21 1309
21 1880
21 2162
21 2526
21 2722
21 2738
22 472
22 1887
22 2506
23 522
23 893
23 1172
23 2590
23 2761
23 2764
24 347
24 442
24 1154
25 760
25 909
25 1130
25 2381
25 2482
25 3093
26 137
26 337
26 584
27 1615
28 1044
28 1966
29 848
29 1646
29 2106
29 2381
29 2503
30 259
30 300
30 1664
30 1698
30 2237
31 367
31 971
31 2116
31 2146
31 2745
31 3154
32 1489
32 2141
32 2245
33 1548
33 2037
33 2367
34 820
34 2302
34 2515
35 309
35 2746
35 2842
36 242
36 1410
36 1739
36 1752
36 1937
36 2997
37 349
37 2289
38 193
38 468
38 1537
39 1843
40 48
40 2358
40 2714
40 3151
41 335
41 2062
42 1369
42 1874
43 1566
44 297
44 643
44 657
45 536
45 805
45 1947
45 2432
46 2950
46 3112
47 230
47 465
47 1485
47 1841
47 2516
47 2596
47 3096
48 1654
48 1660
48 2616
49 1121
49 2588
49 2770
50 69
50 144
50 431
50 2636
50 2726
51 1924
51 2701
52 2562
52 2725
53 1798
53 1816
54 267
54 1126
54 1410
54 1840
54 2160
54 2455
55 1492
55 2430
56 3087
57 379
57 664
57 2400
57 3095
58 373
58 626
58 2824
59 1205
59 3094
60 2803
61 206
61 809
61 972
61 1002
61 2254
61 2794
61 2833
62 541
62 2230
63 609
63 1582
63 1970
64 780
64 1689
64 1889
64 2524
64 3050
65 918
65 1704
65 1838
66 1311
66 2414
66 2782
67 1133
67 2272
67 2779
68 858
68 1074
68 2152
68 2855
68 3020
69 1970
69 2044
70 538
70 1252
71 1104
71 1570
71 2189
71 2516
72 1552
72 1971
72 2299
72 2728
73 179
73 333
74 664
74 1420
75 1104
75 2200
75 2823
76 988
76 1009
76 1843
77 782
78 2456
78 2547
78 2809
79 1228
79 1293
79 2204
80 226
81 191
81 692
81 1814
82 1660
82 2079
82 2356
83 2273
83 2422
84 269
84 731
84 788
84 2816
85 1202
85 2185
86 1110
86 1701
86 2474
87 1313
87 2369
88 472
88 605
88 1190
88 1588
88 2944
88 2997
89 444
89 921
89 1270
89 1749
89 2556
89 2782
89 3198
91 1491
91 3021
92 591
93 2170
93 2746
94 2871
95 1071
95 1905
95 2310
95 2720
96 186
96 754
96 956
96 1232
96 1491
96 1879
96 1909
96 1958
96 2167
96 2321
97 1562
98 1354
99 241
99 474
99 3037
100 451
100 1301
100 2807
101 1078
101 2850
102 2171
102 2271
102 2383
102 2437
103 528
103 815
103 1216
103 1934
104 1031
104 1355
105 676
105 2390
105 2662
105 2879
106 1365
106 1934
106 1998
106 3138
107 108
107 178
107 837
107 1172
107 1723
107 2098
108 1141
108 1603
108 3130
109 336
109 1751
110 221
110 629
110 679
110 2068
110 2345
111 1851
111 2594
111 2851
112 1438
112 2884
113 855
113 2060
113 3090
114 951
114 1682
114 2359
114 2898
115 2569
116 3032
116 3161
117 162
117 2699
117 2864
118 2049
118 2836
119 3056
120 524
120 857
120 2613
121 1146
121 2296
121 3064
122 2779
122 2950
123 2240
123 2443
123 3040
124 1956
124 2010
124 2132
124 2240
124 2316
125 674
125 1230
125 2490
125 2623
126 728
126 2140
126 2214
126 2981
128 1274
128 1301
129 1639
129 2038
129 2064
129 2395
129 2453
131 360
131 888
131 2128
131 2476
133 2599
133 3033
134 853
134 899
134 1285
134 1718
135 393
135 800
135 1167
135 1590
136 157
136 403
136 2342
137 2538
137 2558
138 1065
138 1115
138 1743
138 2356
138 2788
138 2970
139 287
140 1255
140 1935
141 1346
141 2502
141 2563
142 827
142 949
143 2877
144 859
144 909
145 187
145 3017
146 669
146 997
148 583
148 3080
149 260
149 1444
149 1777
149 2115
150 259
150 490
150 1795
150 2395
150 2818
150 2971
151 569
151 2702
151 3006
151 3076
152 496
152 2117
152 2181
152 2970
153 562
153 1404
153 1604
154 924
154 2390
154 2443
154 2543
154 2867
155 1965
155 1988
155 2390
156 477
156 3172
157 384
157 1007
157 1641
157 1951
158 613
158 670
158 815
158 1192
159 721
159 833
159 2175
159 3002
160 552
160 1556
160 1818
161 1227
161 1247
161 1841
161 2172
161 2315
161 2836
161 2942
161 2973
162 1534
163 267
163 450
163 1507
164 1594
164 3108
165 352
165 1537
165 2211
165 2271
166 820
166 1483
167 597
167 1139
167 1669
167 2326
168 1566
168 2419
169 522
169 848
169 1594
169 2647
170 806
170 1734
171 249
171 1345
171 1468
171 1487
171 1718
171 1858
171 2878
172 583
172 755
172 1043
172 1455
172 1796
172 1932
172 2024
172 2235
172 2671
173 953
173 1790
173 2491
173 2588
173 2606
174 1260
176 482
176 1559
176 1563
176 1760
177 889
177 1953
177 2135
177 2362
177 2825
178 1221
178 1990
179 2057
180 439
180 1128
180 1469
180 1866
180 2585
180 2896
181 2258
181 2775
182 702
182 1298
182 1674
182 2122
182 2682
182 2853
182 3107
182 3179
183 1187
183 1267
184 1629
184 1869
184 3127
185 2011
186 1779
186 2814
186 2869
187 349
187 945
187 1701
187 1957
188 800
188 3137
189 571
189 918
189 2716
190 1117
190 1504
190 1725
190 2278
190 3103
191 585
191 2729
192 1308
192 1747
192 2886
193 1527
193 2452
193 3034
194 2234
194 2606
195 201
195 1236
195 2203
195 2891
195 3077
196 283
196 287
196 727
196 1356
196 1528
196 1968
196 2513
196 2838
197 762
198 1852
198 1885
198 2154
198 3098
200 1002
200 1797
200 1898
200 2346
200 2364
200 2484
200 2774
200 2798
200 2827
200 2954
201 278
201 2866
202 386
202 473
202 1781
202 2747
203 1689
203 1920
203 3058
204 1357
204 2250
205 853
205 1966
205 2777
206 2153
206 2885
207 2254
208 278
208 641
208 2509
208 2843
208 2874
208 3043
209 1107
209 1417
210 301
210 366
210 409
210 835
210 859
210 2397
211 250
211 1924
212 1617
212 2285
212 2893
213 3074
214 244
214 922
214 1344
214 1698
214 2565
215 1939
216 1536
218 362
218 1994
219 1092
219 2443
219 2789
219 2930
219 3036
219 3129
220 850
220 1259
220 1499
220 2650
221 416
221 1624
221 2479
222 413
222 447
222 2328
222 3039
223 304
223 629
223 1454
223 2010
223 2785
223 3111
224 767
224 787
224 911
224 1624
226 516
226 1804
226 2319
226 2927
227 305
227 1473
227 2423
227 2481
228 391
229 546
229 1261
229 2018
230 613
230 1582
231 656
231 1068
231 2276
231 2857
232 982
232 1165
232 1697
232 2968
233 1085
233 1282
233 1365
233 2549
234 1386
234 1968
234 3067
235 1479
235 2075
235 2444
235 2930
236 1019
236 1042
236 1244
237 261
237 308
237 379
237 2982
238 354
238 1336
238 2588
238 3080
239 1864
239 2684
239 2776
239 2880
240 511
240 2281
240 2368
240 2591
240 2972
241 2307
241 2888
242 495
242 850
242 2587
242 2601
243 818
243 871
243 1141
243 1966
243 2410
244 1645
244 1891
244 2776
245 374
246 1128
246 3128
247 433
247 805
247 1848
247 2388
248 458
248 825
248 2710
248 3111
249 768
249 2739
250 1197
250 1485
250 1879
250 2999
251 901
251 1847
251 3171
252 397
252 885
252 941
253 340
253 359
253 971
254 2375
255 925
255 2215
256 261
256 504
256 1290
256 2153
257 875
257 1146
257 2332
257 2984
258 1335
258 1568
258 1650
258 2090
259 434
259 2696
259 2728
260 830
260 1521
260 2541
260 2711
261 1168
262 1604
263 973
263 1605
263 1757
263 1976
263 2292
263 2509
263 3145
264 2395
264 2734
265 517
266 2352
266 2459
266 2769
267 381
267 556
267 770
267 2128
267 2172
267 2361
267 2750
268 477
268 512
268 1103
268 1436
268 2293
268 3086
269 2582
269 3051
270 1109
270 1140
270 1216
271 2581
271 2630
271 2703
272 907
272 1407
272 3024
273 1477
274 2056
274 2735
275 1445
275 2578
276 1774
277 410
277 903
277 1578
277 2287
278 806
278 933
278 1488
278 1525
278 1915
278 2039
278 3117
279 1415
279 1955
279 2242
280 1346
280 1384
280 2466
281 1615
281 1729
281 2988
282 302
282 2521
283 1613
284 778
284 1001
284 2440
284 2737
285 654
285 881
285 2276
285 2896
286 1816
286 2793
287 432
287 575
287 1442
287 2160
287 2252
287 2893
288 838
288 1335
289 863
289 2844
290 782
290 1791
290 2581
291 749
291 1022
291 1487
291 1959
291 2909
291 3185
292 476
292 1095
293 333
293 2341
293 2727
293 2979
293 3128
293 3174
294 434
294 464
294 587
294 912
295 520
295 2591
295 2854
296 382
296 1723
296 2035
297 1374
297 1684
298 1507
299 544
299 1402
299 1876
299 2446
299 2705
300 2067
301 1599
301 2871
301 3101
302 528
302 1829
302 2129
302 2225
302 2540
302 2860
302 2886
303 1969
304 1176
304 1449
305 2787
305 3173
306 382
306 618
306 2391
307 1818
307 2469
307 2660
308 1480
308 1879
308 3110
309 1233
310 868
311 2196
312 995
312 1442
312 1491
312 1835
312 2182
312 2988
312 3126
313 2510
314 515
314 1562
314 2542
314 2747
314 3179
315 1247
316 1012
316 1352
316 2475
317 390
317 1096
317 1837
317 2889
317 2895
317 3163
318 1772
318 2125
318 2286
319 1309
319 1495
319 1715
319 1803
319 2358
319 2733
320 1328
321 935
321 1487
321 2863
322 1122
322 1899
323 1778
323 2281
323 2332
324 1828
324 1907
325 1371
325 2016
325 2447
325 2598
325 2614
325 2940
326 1712
326 2463
327 2405
327 2419
327 2444
328 906
328 1448
328 1552
328 2819
328 2895
329 407
329 416
329 842
329 2648
329 2850
330 713
333 806
333 1872
334 1758
335 1679
336 728
336 977
336 2624
337 873
337 1368
338 612
338 2198
338 2980
339 863
339 1296
341 2758
342 804
342 1006
342 1083
343 990
343 2375
344 559
344 1799
344 2721
345 466
345 598
345 773
346 1253
346 1794
346 1838
347 1088
348 856
348 1113
348 1837
348 2247
349 458
349 2219
350 2401
350 2913
351 1584
351 2031
351 2640
351 3128
352 1145
352 2952
353 1729
353 2057
354 1403
354 1723
355 1909
355 2287
355 2530
356 650
356 2284
356 2810
357 1009
357 1884
357 2063
358 1107
358 2194
359 613
359 660
359 829
360 859
361 2366
362 497
362 1209
362 1653
362 2706
363 585
363 643
363 866
363 1172
363 1556
363 2399
363 2553
364 506
364 684
364 1257
364 2650
364 2784
365 933
365 1061
365 2016
366 1796
366 2556
368 1892
369 755
369 964
369 1386
369 1729
369 2993
370 1179
370 2499
370 3025
371 1065
371 1778
371 2365
372 1030
372 1352
372 2101
373 1443
373 2305
373 2865
374 379
374 572
374 597
374 630
374 1223
374 1633
374 2192
374 2521
375 1033
376 1403
376 1726
376 2026
378 444
378 498
378 897
378 1219
378 2518
378 2875
379 1727
379 2555
380 582
380 1710
380 1830
380 1926
380 2256
381 781
381 2463
381 2612
382 1435
382 1757
382 2190
383 1125
383 2088
383 2943
384 407
384 989
384 1401
384 1725
385 1163
385 1195
385 2226
386 511
386 929
386 1148
386 1618
386 2446
387 788
387 2374
389 426
389 719
389 2208
389 2450
390 582
390 753
390 790
390 2037
390 2931
391 397
391 506
391 1011
391 1077
391 1438
392 1501
393 1003
393 2715
394 588
394 2744
394 2949
394 2988
396 480
396 631
396 712
396 2728
396 2741
397 853
397 968
397 2986
398 2728
398 3022
398 3125
399 804
399 2589
400 550
400 990
400 1787
401 2139
402 706
402 1319
402 2665
402 3141
402 3144
403 1427
403 2124
403 2187
403 2235
404 1324
404 2385
405 1488
405 2622
406 1114
406 2097
406 2916
407 705
407 922
407 1033
407 2014
407 2963
407 3049
409 957
409 2986
410 1008
410 2000
411 554
411 1908
411 2752
412 1111
412 1216
412 1325
412 2191
413 957
413 1033
413 2472
413 2655
413 2690
414 510
414 1211
414 1329
414 1365
414 1810
415 2237
415 2670
415 2799
416 422
416 805
417 3059
417 3139
418 456
418 2887
419 1310
419 1389
419 1961
419 3164
421 673
421 866
421 2268
421 2503
422 2751
423 683
423 2732
423 3145
424 1318
424 3161
425 2984
426 1743
426 1896
427 1856
429 876
429 2162
429 2361
430 653
430 725
430 848
430 2008
431 1411
431 2979
432 1349
432 2821
433 794
433 1417
433 2714
434 625
434 1750
434 1915
435 1214
435 2982
435 3161
436 927
436 1188
436 2162
436 2351
436 2616
437 664
437 2293
437 2663
438 968
438 986
438 1322
439 1035
439 1543
439 2790
439 2982
439 3003
440 546
440 1566
440 1834
440 2832
441 842
441 1316
441 1395
441 1400
441 2247
441 2412
442 1256
442 2310
442 2683
443 540
443 585
443 1570
443 1695
444 539
444 1832
444 2839
445 647
446 475
446 979
446 1659
446 2934
447 1569
447 1639
447 2647
447 3200
448 811
448 1010
448 2332
449 600
449 621
449 2308
449 2603
450 630
450 839
451 2577
452 862
452 1903
453 754
453 1302
453 1352
453 1618
454 574
454 1216
454 1371
454 2331
454 2498
455 555
455 831
455 1180
455 1667
455 2923
455 3085
456 1022
456 1614
456 2021
456 2670
456 2907
457 1200
457 1499
457 2578
458 1378
458 2622
459 2099
460 595
460 2512
461 2090
461 2270
461 2921
462 535
462 999
462 1310
462 1860
462 2489
462 2905
463 1198
463 1526
463 1753
463 2275
463 3064
464 522
464 1089
464 1891
464 2348
466 493
466 1469
466 1899
466 2660
467 1024
467 1078
467 1759
467 1808
467 2750
468 645
468 836
468 1311
469 570
469 1584
469 1858
469 2274
469 3084
469 3123
470 1199
470 1732
470 2289
471 1892
471 2056
471 2216
471 2315
472 672
473 881
473 1441
473 3047
474 796
474 1088
474 1479
474 2457
474 2951
476 1290
476 1815
477 2312
477 2726
478 2209
478 2596
478 2612
479 496
479 775
479 955
479 2145
479 2536
480 1005
480 1912
480 2868
481 1500
481 2731
482 770
482 782
482 1661
483 2434
483 2845
484 842
484 1040
484 1157
484 1858
484 2893
485 703
485 1390
485 1552
485 2248
486 2435
486 2628
487 1713
488 1717
488 2786
489 1501
489 1928
490 705
490 742
491 1560
492 765
492 1286
492 2391
493 1134
493 1135
493 1207
493 1575
493 1599
494 1674
494 1851
494 1922
494 2876
495 965
496 1825
496 1895
496 2082
496 2675
497 1905
497 2572
497 2711
498 741
498 1344
498 1444
498 1633
498 2050
499 1343
499 1818
499 2738
499 2909
500 891
500 1808
500 2041
500 2293
500 2479
500 2532
501 2587
501 2715
502 1154
502 1200
502 1403
502 1525
502 2164
503 1693
503 2057
503 2182
503 2314
503 2347
504 1076
504 1183
504 2522
505 1050
505 2825
506 1329
506 2243
506 3136
507 807
507 1977
507 2140
507 2873
508 1317
508 1703
508 1760
508 1990
508 2103
509 1032
509 1592
509 2157
510 1787
510 2172
511 1116
512 1287
512 1754
513 754
513 1764
513 2508
513 2520
514 686
514 2159
516 3158
517 841
517 2420
517 3073
518 1767
518 1770
518 2231
518 3110
519 752
519 1119
520 1895
520 2554
521 1800
521 2397
522 1056
522 1298
522 1572
522 3173
523 962
523 2654
524 2939
525 1131
526 2544
526 2835
526 2858
528 861
528 1176
528 1749
528 2097
528 2428
528 3137
529 1250
529 2026
529 2888
530 894
531 783
531 1680
532 704
532 943
532 1029
532 1496
532 2543
533 885
533 984
533 1344
534 546
534 574
534 1044
534 1854
534 2200
534 2381
535 1822
536 855
536 2157
536 2529
536 2745
538 932
538 1565
538 1927
538 2064
539 598
539 1183
540 2381
540 2683
540 2942
541 849
541 2826
542 1463
542 2266
542 2888
543 3127
544 766
544 2444
545 1235
545 2336
545 2990
546 2321
547 898
547 2386
549 1185
549 1252
549 2075
549 2223
551 1364
551 2806
552 729
552 1528
552 1574
552 1676
553 1101
553 2208
553 2852
554 1204
554 2485
555 2617
556 566
556 1166
556 2287
556 2739
557 1148
558 1396
558 2816
559 849
559 1057
559 1288
559 1413
559 2466
560 812
561 1829
561 1967
561 2816
561 2994
562 620
562 1996
563 2246
563 2808
565 1663
566 1413
566 2204
566 2520
567 584
568 3025
569 676
569 2101
569 2158
569 2689
569 3133
570 2215
570 2933
571 673
571 697
571 1069
571 2279
572 2096
572 2819
572 3037
573 1100
573 1745
573 2090
573 2360
574 2001
575 2542
575 2868
575 3037
576 616
576 2154
576 2526
576 2688
576 2896
577 836
577 1818
578 2329
578 2453
579 912
579 3159
580 1115
581 826
581 1908
582 958
582 1020
582 2363
582 2507
583 1007
583 1261
583 2562
584 735
584 1207
584 1240
584 1962
585 1337
585 1623
585 2451
586 1731
587 731
587 1392
588 2080
588 2450
589 1705
589 3011
590 1059
591 1108
591 2292
591 2980
593 832
593 1777
593 2034
593 2184
593 2380
593 2847
593 3081
594 709
594 2655
595 1439
595 2754
596 2228
596 2904
597 1450
597 2038
598 2149
598 2753
598 3030
598 3096
599 2253
601 2012
602 2941
602 3112
603 901
603 2112
603 2795
603 3053
604 2061
604 2325
605 2600
606 2999
606 3016
607 2843
608 1451
610 1117
610 2120
611 1043
611 1195
611 1593
612 1002
612 3121
613 1979
613 2039
613 2620
613 2794
613 3000
615 1504
615 2111
615 3102
616 1162
616 1772
616 2260
616 2495
617 2990
618 1143
618 1489
619 717
619 2439
621 855
621 899
621 962
621 1199
622 1182
622 1328
622 2237
623 809
623 1717
623 1741
623 1875
624 1560
624 1746
625 1360
625 2581
626 1539
626 2636
626 2688
626 2843
626 3200
627 2299
627 2336
628 981
628 2219
629 1717
629 1897
630 1792
631 1082
631 1446
631 1578
631 1949
631 2489
631 2727
632 1100
632 1370
632 2028
633 1349
633 1491
633 1668
634 1894
635 2972
636 2825
637 2631
637 3034
638 3044
639 772
639 1536
639 2147
639 2463
640 958
640 2073
640 2263
641 1406
641 1704
641 1885
641 2109
642 679
642 804
642 1424
642 1925
643 1708
643 2081
643 2640
644 2587
644 2739
645 1991
645 2517
646 2867
647 2701
649 1363
649 2332
649 2939
650 696
650 741
650 1710
650 2537
650 2903
651 2022
651 2138
651 2470
651 2630
651 3192
652 1583
652 2413
653 1436
653 2784
654 700
654 1452
654 1802
654 2357
654 2792
655 1164
655 1319
655 1721
655 1892
655 2589
656 1090
656 1108
656 2169
656 2505
657 1096
657 1237
657 1780
658 819
658 2886
659 996
659 2151
660 695
660 2202
660 2549
661 814
661 839
661 1159
661 1308
661 2490
661 2497
662 1367
662 2178
662 2753
663 1422
663 2012
663 2319
664 911
664 2723
665 1328
665 1401
665 1730
666 1290
666 1472
667 752
667 1925
667 2615
667 2913
668 2297
669 674
669 1578
669 2336
669 2722
669 2968
670 1677
670 1682
670 2169
671 746
671 1230
671 1801
671 2689
671 2791
672 1888
672 2868
673 767
673 3153
674 679
674 2134
674 3170
675 1128
675 1785
675 2910
675 3178
677 1923
677 2150
678 2086
678 3064
679 1607
679 2197
679 2489
679 3038
680 3145
681 1016
681 1847
681 2405
683 1290
684 2061
684 3064
685 1619
685 2207
685 2733
686 1612
686 1932
686 2272
687 1720
687 1934
687 2481
687 2518
687 2748
689 2271
689 2332
690 726
690 2758
691 1002
691 1564
691 1821
691 2079
691 2101
691 2438
691 2634
691 2827
692 734
692 813
692 1260
692 2770
693 1088
694 1519
694 2365
694 2656
694 3003
695 1633
695 2978
696 919
696 2699
698 948
699 1107
700 1947
701 1031
701 2378
701 2715
702 1925
702 3098
703 2065
703 2767
704 1538
704 2143
705 2482
705 2577
705 2584
706 2043
707 1546
707 1598
707 1702
708 1262
708 1625
708 1631
709 788
709 940
709 1026
709 1126
709 1890
710 1802
711 1847
711 3059
712 1214
712 1581
712 2580
712 3150
713 1152
713 1954
714 900
714 1040
714 3049
715 2460
715 2815
717 908
717 2286
718 1492
718 2659
718 2860
718 3015
719 2248
720 1668
721 2027
721 2125
722 1871
722 2313
723 2291
723 2505
723 2801
726 995
726 998
726 1327
726 1563
728 2615
728 3155
729 1190
729 1567
731 1058
731 1174
731 1434
731 1506
731 1716
731 2423
732 1320
732 2129
733 2564
733 2922
733 3069
734 892
734 1485
734 2956
735 956
735 1285
735 1540
735 1850
735 2789
736 1755
736 1924
736 2046
736 2999
737 1005
737 1860
737 1893
738 929
739 817
739 1396
739 1554
740 1431
740 2278
740 2292
740 2590
740 3055
741 972
741 1137
741 1555
742 2584
743 1543
743 1759
743 2258
744 766
744 1664
744 2800
745 1224
745 1983
746 1093
746 1635
746 1854
746 2313
746 3102
748 1401
748 1614
748 2802
749 2135
749 2310
749 3175
750 865
750 947
750 1288
750 1887
751 3100
752 1525
752 1835
752 3058
753 1343
753 2015
753 2069
753 2401
753 3142
754 1544
754 3037
755 1307
755 3195
756 865
756 1460
756 2702
757 916
757 1981
757 2104
757 2968
759 1411
759 2025
760 1012
761 775
761 1187
761 2075
761 2440
762 1318
762 1552
762 1778
762 2497
763 1815
763 2042
763 2490
763 2535
764 837
764 1913
765 1778
765 2287
766 1539
766 1611
766 2734
767 1987
767 2060
768 1733
769 1066
769 1429
770 2716
770 2939
770 3134
771 1429
771 2204
772 2232
772 2630
773 3050
774 956
774 1515
774 2329
774 2347
774 2776
775 1437
775 3093
777 1047
777 1302
777 1323
778 1313
778 2191
778 2972
779 1325
779 2205
780 1054
780 1803
781 950
782 2001
782 2287
783 1603
783 1647
784 2729
785 3039
786 1895
786 2347
786 2802
786 3021
787 2849
789 1183
789 1544
789 1864
789 2503
790 933
790 2817
791 1112
791 2606
792 945
792 3060
793 813
793 882
793 1160
793 1814
793 3072
793 3113
794 1755
795 1221
795 2073
795 3013
796 1473
797 805
797 1509
798 1873
798 2373
799 2902
800 1809
800 2608
800 2774
801 1918
802 1670
803 2517
804 2273
805 994
807 1209
807 2549
807 2686
810 821
810 2215
810 2279
810 2662
810 2993
812 1020
812 1127
812 1621
812 2098
812 2353
812 2633
814 1339
814 1813
814 1838
814 1860
814 2826
815 897
815 2291
815 2863
816 1546
816 1731
817 1297
817 1424
817 1939
817 2267
817 2287
817 2350
818 1209
819 1273
819 1399
819 1987
819 2806
820 1103
821 2181
822 840
822 1662
823 1163
824 1032
824 1659
824 1950
825 1887
825 2727
826 2986
828 1093
828 1693
828 3059
829 1628
830 985
830 2450
831 2058
831 2070
831 2354
831 2516
832 1122
833 2445
834 2302
835 920
835 1082
835 1115
835 1922
835 2905
835 2965
836 1125
836 2837
837 1587
837 2277
837 2761
837 2951
837 2976
838 1017
838 1180
838 1608
839 915
839 2619
840 1133
841 1124
841 1481
841 1864
842 1680
842 2581
842 3017
842 3127
843 1315
843 1878
843 2460
844 1462
844 1790
844 2078
845 1634
845 2387
845 2514
845 2981
847 1331
847 3074
848 1899
848 2710
849 974
849 3011
850 1531
850 2554
850 2932
851 2577
852 2912
853 2139
854 1901
855 1107
856 2414
857 862
857 2079
857 2707
858 1760
858 3136
859 1011
861 2027
861 2066
862 1372
863 1192
863 2836
864 1000
864 2010
865 990
865 998
865 1788
865 2195
865 2248
866 1239
866 1297
867 1109
867 2374
867 2508
868 1661
869 1211
869 2976
870 1408
871 1912
871 2296
871 2957
872 1216
872 1233
872 2014
872 2470
872 2486
873 1631
873 1778
873 2697
874 2305
874 2306
876 1530
877 1017
877 1149
877 1964
878 1152
878 1351
879 1878
880 2006
881 1098
881 2028
881 2822
882 2407
882 2526
882 2862
883 2743
883 3032
884 1502
884 2589
885 2348
885 2513
885 2690
885 2767
886 1809
887 1379
887 2677
888 1612
888 2291
888 2909
889 900
889 1064
889 1663
889 2963
889 3134
889 3184
890 3167
891 1029
891 1701
891 2394
891 3030
891 3193
891 3200
892 1307
892 2847
892 3038
893 3106
894 1289
894 2808
894 2970
895 1601
895 2012
895 2095
896 903
896 2986
897 1358
897 2641
898 3038
900 995
900 2528
901 2390
901 2604
901 3139
902 1155
902 1180
902 1902
903 1553
903 1922
903 2351
904 2153
905 1033
905 2346
905 2624
905 2660
906 1745
908 1431
908 2396
908 2610
908 2929
909 2566
909 2623
909 2852
910 964
910 1227
910 1322
910 1589
910 2084
911 1032
911 2840
912 2026
912 2234
913 1067
913 1869
913 2223
913 2735
914 1306
914 1572
914 1872
914 2281
914 3013
915 3126
916 1394
916 2185
916 2616
916 2842
916 2885
917 1314
917 1356
918 1603
918 1953
918 2457
918 2915
918 3055
920 1435
920 2177
920 2593
922 1506
923 1030
923 2815
923 2908
924 1553
924 2046
924 2116
924 2173
926 1682
926 2522
926 2584
927 1089
927 2125
927 2154
927 2714
929 1971
929 3004
930 961
930 1876
930 2112
930 2598
931 2832
931 2884
932 1958
932 2359
932 2471
933 2171
934 1312
934 1400
934 2366
935 1464
935 1499
936 2231
936 2402
937 1421
937 2417
938 1278
940 2796
942 1794
942 2571
943 1293
943 2952
944 1079
944 2113
944 2152
944 2176
944 2445
945 1198
945 1420
945 3167
946 1594
947 2361
948 1697
949 980
949 2519
949 3184
950 2871
950 2938
951 1348
951 1692
951 2117
951 2622
953 2339
953 3112
954 1229
954 2219
954 2458
956 992
956 1700
956 3173
957 3026
959 1169
960 1009
960 2683
961 1295
961 2115
961 2949
962 2893
964 989
964 1293
964 1699
964 3124
965 1152
965 1403
965 2754
965 2891
966 1435
966 1598
966 2364
967 1201
967 2577
967 2614
968 1253
968 2346
970 1919
970 2762
971 1349
971 2205
971 2925
973 2035
974 2256
974 2751
974 2920
976 1383
976 1958
976 3068
977 2741
977 2749
978 2205
978 2980
979 3105
980 1342
980 1353
980 2400
980 2703
981 1419
981 2192
981 2231
981 2285
983 1333
984 1569
984 2121
984 2521
985 1471
985 2949
985 3148
986 2029
986 2193
986 2263
986 2695
987 2119
987 2423
987 2800
988 1063
988 1345
988 1379
988 1393
989 1239
989 1300
989 2704
990 2162
990 2278
991 2172
991 2603
991 2687
992 1134
992 2146
992 2482
992 3005
993 1555
994 1026
994 1765
994 2542
995 1317
996 1652
997 1415
997 1661
997 2327
998 1099
998 1315
999 2142
999 2771
1000 1689
1000 2296
1001 1260
1001 1502
1001 2078
1001 2150
1001 2799
1002 1057
1002 1556
1002 2713
1003 2059
1004 1170
1004 3131
1005 2053
1006 1229
1007 1644
1008 2438
1009 2291
1011 1603
1011 1753
1011 2162
1012 1260
1012 1470
1012 2437
1013 1322
1013 1921
1013 2617
1014 1165
1014 1485
1014 2045
1014 2350
1015 2653
1016 2053
1016 2392
1018 1182
1018 2572
1018 3079
1018 3173
1019 1292
1019 2678
1021 1128
1021 1185
1021 1758
1021 2380
1021 2944
1022 1452
1022 2598
1023 1505
1023 2357
1023 2450
1025 1781
1025 2919
1026 1465
1026 1877
1026 2797
1027 1467
1027 1650
1027 2057
1027 2476
1027 2482
1027 3149
1029 2934
1029 3051
1030 1246
1030 1639
1030 2410
1030 2982
1031 1298
1031 1390
1031 1448
1032 1339
1032 1554
1032 2121
1032 2505
1033 2009
1033 2509
1034 1316
1034 1326
1034 2421
1034 2597
1034 3128
1035 1373
1035 1408
1035 1434
1035 3084
1036 2460
1036 2920
1038 1158
1039 1213
1040 1975
1041 1237
1041 1824
1041 2412
1043 1682
1043 2387
1044 1447
1044 2175
1044 2668
1044 2956
1045 1478
1045 2966
1046 1399
1047 2723
1047 3123
1048 1327
1049 1532
1049 1979
1050 1790
1050 2069
1050 2991
1050 3146
1051 1094
1051 1979
1051 2940
1053 1154
1053 1899
1054 1637
1054 1814
1054 2251
1054 2791
1055 2812
1057 2409
1057 2427
1058 2710
1058 2798
1058 2926
1061 1164
1061 1298
1061 2394
1062 1427
1063 1412
1063 2202
1063 2852
1064 2886
1065 1547
1065 1686
1065 2049
1065 2606
1065 2999
1066 1182
1067 2191
1068 1903
1068 2129
1068 2679
1068 3038
1069 1153
1069 1383
1069 1599
1069 2291
1069 3071
1070 2385
1070 2696
1071 1318
1071 1836
1071 2100
1071 2557
1071 2645
1072 2031
1072 2321
1072 3128
1073 1596
1074 2090
1074 2719
1074 2907
1075 1689
1077 1316
1077 2372
1077 2688
1077 3166
1078 1265
1078 1495
1078 1853
1079 1715
1079 1774
1079 2772
1080 2683
1080 2811
1081 1543
1081 1852
1082 1916
1082 2588
1083 1861
1083 2021
1083 2113
1083 3112
1084 1341
1084 1610
1085 1667
1085 2325
1085 2606
1086 2152
1086 2631
1086 3174
1087 1132
1087 1352
1088 1176
1088 1424
1088 1843
1088 1870
1088 2259
1088 2528
1088 2918
1089 1540
1089 1563
1089 1965
1089 2171
1090 1944
1091 1257
1091 2879
1093 1200
1093 1774
1093 1823
1093 2945
1094 1101
1094 2666
1094 3018
1095 1529
1095 1729
1095 2264
1096 1773
1096 2725
1096 2759
1097 2377
1097 2379
1097 2746
1099 1878
1100 1489
1100 2030
1101 1884
1101 2068
1102 1747
1102 2579
1103 2407
1104 1779
1105 1986
1105 2895
1105 3009
1108 2158
1108 2527
1108 2903
1109 1520
1109 1711
1109 1869
1109 2654
1110 2547
1111 1351
1111 2965
1112 1609
1112 2363
1112 2853
1113 1149
1113 1318
1113 2559
1113 3057
1114 1629
1115 2570
1116 1275
1116 1680
1116 2473
1117 1721
1117 2581
1117 3094
1118 1619
1118 2850
1118 2891
1119 1662
1119 1677
1119 1918
1119 2613
1121 1278
1121 3018
1122 2186
1123 1822
1124 2201
1125 2203
1125 2600
1125 2631
1126 3017
1127 2547
1128 1195
1128 2757
1130 1986
1130 2632
1132 1480
1132 3189
1133 1410
1134 1296
1134 2774
1135 1373
1135 1765
1135 2471
1135 2739
1136 1955
1136 2538
1137 2003
1138 1595
1138 2592
1138 3032
1138 3035
1140 2095
1140 2554
1141 1158
1141 2962
1141 3185
1142 1912
1142 2422
1142 2438
1143 1272
1143 2745
1143 3135
1144 1314
1144 1778
1144 2046
1145 1204
1145 1853
1145 1903
1146 2016
1146 2064
1147 2937
1149 2237
1149 2829
1150 1188
1151 1589
1151 2500
1151 2594
1151 2721
1152 2040
1152 2734
1152 3163
1153 1301
1153 1849
1153 2663
1154 1742
1154 2395
1155 1405
1155 2426
1156 1955
1156 2434
1156 2642
1156 2707
1157 1965
1157 2451
1157 2725
1159 1787
1160 2031
1160 2865
1160 2921
1161 1626
1161 2012
1161 2310
1161 2413
1162 1505
1162 1721
1162 3138
1164 2546
1164 2685
1164 2895
1165 3132
1167 1439
1167 2001
1167 3168
1168 1918
1168 2078
1169 1262
1169 1468
1169 1940
1169 3109
1170 1275
1171 1220
1171 2012
1171 2955
1172 2487
1174 1189
1176 1453
1177 1728
1177 2127
1178 1695
1179 2979
1180 1278
1180 1473
1180 2335
1181 1225
1181 2834
1181 3113
1184 1245
1184 3152
1185 1488
1185 2647
1185 3024
1187 1747
1187 2656
1188 1999
1188 2606
1188 2771
1189 2691
1191 1763
1191 2767
1191 3035
1192 1773
1192 2111
1192 2848
1193 1591
1193 2392
1193 2533
1193 3138
1194 2073
1194 2090
1194 2653
1194 2664
1194 3147
1195 1892
1196 1350
1197 2189
1197 2447
1198 1473
1198 2176
1199 2098
1199 2627
1200 2046
1201 2159
1201 2445
1202 1744
1202 1895
1202 2255
1202 2460
1202 2488
1203 1403
1204 1855
1204 2908
1205 2104
1207 1728
1207 2396
1207 2775
1207 3131
1208 1874
1208 2995
1208 3155
1209 1660
1210 1284
1210 3050
1211 2254
1212 2115
1213 1885
1213 1965
1213 2352
1213 2693
1213 2796
1214 1306
1214 1872
1214 2115
1214 2337
1215 2565
1216 1318
1216 1897
1217 1359
1217 2532
1217 3143
1220 1257
1220 1430
1220 2121
1220 2899
1221 2413
1221 3123
1223 2397
1224 1260
1224 2409
1225 2335
1225 2996
1226 2175
1226 2579
1227 1864
1227 2042
1227 2188
1227 3192
1228 3000
1229 1589
1229 1713
1229 1800
1230 1400
1230 1439
1230 1720
1230 3167
1231 2257
1231 2916
1232 1590
1232 1922
1232 2928
1233 1399
1233 1957
1236 2214
1236 3134
1237 2033
1237 2719
1237 2999
1238 1559
1238 2518
1241 2458
1241 2924
1241 3024
1241 3168
1242 2170
1242 2519
1243 1583
1243 1976
1244 1929
1245 2299
1245 2707
1246 1555
1247 1540
1247 1567
1247 2994
1248 1777
1248 3029
1249 1512
1249 1645
1249 1781
1250 1535
1250 1835
1250 2204
1251 2822
1251 2870
1252 1594
1253 1807
1253 2813
1254 2724
1255 1887
1255 2306
1256 1290
1256 2590
1256 2831
1257 2443
1257 2478
1258 2134
1259 2175
1259 2242
1260 2565
1261 2454
1262 2449
1263 2106
1263 2728
1263 2879
1264 1535
1264 3136
1265 3087
1265 3138
1268 1297
1268 1777
1269 1924
1270 1732
1271 1456
1271 2127
1271 2221
1271 3077
1272 2193
1272 2762
1273 1879
1273 2247
1273 3157
1274 1469
1274 2481
1275 1329
1275 2967
1277 2065
1277 2486
1278 1313
1278 1725
1279 2953
1280 1897
1280 2392
1281 1675
1281 3157
1283 1577
1283 2341
1283 2388
1284 1541
1284 1633
1284 2424
1285 2516
1285 3057
1286 2025
1286 2112
1287 1733
1287 2264
1288 2246
1288 2486
1288 3117
1289 3027
1290 1874
1290 2526
1291 1361
1291 2336
1292 1382
1292 2459
1293 1861
1293 2675
1294 1586
1294 2357
1295 1346
1296 1428
1296 1462
1296 2370
1296 2449
1296 2450
1296 2599
1297 1617
1297 1716
1297 3133
1298 1944
1299 1434
1299 1513
1299 2125
1300 2305
1301 1940
1301 2374
1301 3100
1302 1525
1302 1810
1302 1929
1303 1561
1303 1873
1303 2304
1303 2876
1304 2253
1304 2846
1306 1754
1307 1386
1307 1624
1307 2249
1307 2494
1307 3189
1307 3198
1309 1325
1309 1554
1309 3113
1310 2929
1312 1658
1312 1757
1312 3123
1313 1670
1314 2175
1314 3096
1315 1552
1315 2056
1316 1608
1316 2813
1316 3194
1317 2428
1318 1921
1319 2844
1320 2205
1320 2579
1320 2972
1321 3004
1322 1578
1322 1731
1322 1983
1322 2301
1324 2808
1326 2156
1326 2296
1327 1778
1327 1988
1327 2391
1328 1536
1328 2092
1328 3123
1329 3011
1330 1652
1330 2020
1331 1711
1331 2750
1332 1412
1332 1476
1332 1918
1332 1944
1332 2001
1332 2250
1332 2438
1333 1367
1334 2168
1335 2739
1336 1406
1336 2582
1336 2941
1337 2888
1337 2964
1338 2377
1339 1995
1340 2084
1341 2083
1341 2595
1342 1508
1344 2317
1344 3130
1345 1494
1345 1929
1346 2462
1347 2113
1347 2379
1348 2516
1348 2775
1349 1547
1349 2258
1349 2477
1349 3142
1351 2426
1351 3110
1352 1507
1352 2198
1353 2970
1354 1424
1354 2643
1354 3088
1358 2482
1359 2018
1359 2297
1360 2549
1362 2392
1362 3129
1363 1695
1363 2414
1365 1671
1365 1792
1365 2592
1365 2982
1365 3176
1366 2892
1367 2559
1368 1641
1370 2103
1370 3131
1371 2317
1372 1605
1372 2303
1373 1544
1373 2999
1373 3088
1374 2208
1375 1470
1376 1503
1376 2669
1377 1692
1377 1824
1377 2011
1377 2040
1377 2603
1378 3124
1379 2681
1379 2902
1380 2148
1381 1568
1382 1521
1382 2676
1383 1714
1383 3095
1384 1938
1384 2261
1384 2651
1384 3082
1385 1899
1385 2490
1385 2596
1385 3154
1386 1554
1386 1733
1386 2174
1386 2740
1387 2299
1387 2580
1389 1399
1389 2913
1390 1578
1390 2414
1391 1393
1391 2681
1392 1484
1392 1677
1392 1903
1392 2044
1392 2201
1392 2740
1393 1612
1393 2348
1394 1956
1395 1911
1395 2084
1395 2328
1396 1492
1397 2494
1398 3160
1399 1426
1399 2225
1400 2007
1400 2215
1400 3131
1402 1795
1402 2101
1402 2199
1402 2504
1403 2647
1404 2554
1406 2672
1407 2016
1408 1579
1408 3021
1408 3146
1408 3167
1409 1733
1409 1797
1409 2017
1409 2633
1411 2062
1411 2769
1412 2353
1413 1812
1413 1895
1414 2528
1414 2777
1414 2964
1415 2472
1416 1487
1417 1940
1419 2481
1419 2824
1420 1757
1420 2255
1420 2645
1420 2827
1421 2168
1421 2347
1421 2384
1422 2181
1423 2133
1423 2140
1424 1678
1424 1960
1425 1500
1425 1673
1427 1494
1427 2076
1427 3136
1429 2808
1429 2994
1431 2153
1431 2739
1432 2956
1433 2798
1435 2266
1436 1537
1437 1545
1437 1728
1437 2585
1439 2304
1439 2312
1440 2627
1441 2197
1441 2364
1441 2428
1442 1934
1442 2034
1443 2086
1443 2245
1443 3134
1444 2145
1444 3123
1445 2702
1447 1974
1447 2411
1449 1528
1449 2450
1449 2893
1449 3152
1450 2177
1451 2087
1451 2205
1451 2881
1451 2977
1453 1710
1453 2249
1454 2682
1455 2107
1455 2397
1455 3018
1456 2535
1457 1602
1457 2996
1458 1870
1458 2674
1458 2898
1459 1801
1459 2236
1460 2375
1460 2708
1460 3063
1461 3197
1464 1937
1465 3086
1466 1543
1466 1938
1468 2650
1470 1709
1470 1962
1471 1863
1473 2866
1474 2456
1475 2276
1475 2361
1475 2861
1475 2889
1475 2979
1475 3059
1476 1866
1476 2880
1477 2661
1478 2358
1478 3074
1478 3106
1479 1817
1480 2554
1480 2590
1481 2826
1481 2951
1481 2986
1482 1638
1483 2675
1483 2724
1483 3082
1484 1835
1484 2873
1485 1556
1485 1733
1485 3053
1486 3107
1486 3156
1488 1786
1489 1841
1490 1638
1490 2224
1490 2677
1490 2787
1491 1931
1493 2320
1493 2561
1494 1896
1494 2119
1496 1990
1496 2403
1496 2725
1496 2855
1496 3100
1497 2940
1498 1684
1498 2051
1498 2296
1498 2414
1498 2437
1498 2564
1498 2737
1499 1835
1500 1986
1502 2264
1502 2278
1503 1845
1503 2921
1504 2148
1504 2924
1504 3100
1506 1790
1506 1824
1506 2122
1507 2155
1507 3017
1508 1718
1508 1773
1508 2282
1508 2371
1510 2234
1511 2652
1511 3033
1512 1737
1513 1833
1513 2733
1514 1605
1514 1735
1514 2161
1514 2590
1515 2185
1515 2233
1516 1721
1516 2173
1517 2582
1518 2110
1518 3101
1519 2244
1519 2325
1522 2186
1522 2458
1522 2623
1522 2677
1523 1672
1524 1701
1524 1895
1524 1937
1524 2651
1525 2730
1525 3017
1528 2292
1530 1619
1530 2468
1531 2732
1532 1944
1533 2315
1533 2697
1534 2456
1536 1607
1536 1875
1538 1986
1539 2869
1539 2899
1540 2768
1542 1832
1542 2163
1542 2643
1542 3076
1543 1973
1543 2339
1544 1616
1544 2100
1544 2466
1547 1607
1547 3041
1548 2791
1548 3053
1549 1566
1549 1715
1549 2516
1550 2013
1551 2590
1551 3124
1551 3127
1552 1906
1552 2793
1556 2337
1556 2651
1556 2761
1557 2963
1557 3114
1558 2709
1559 1879
1559 2090
1560 2131
1561 2063
1561 2197
1561 2485
1561 2728
1561 3191
1562 2264
1562 2999
1563 2936
1564 2128
1564 3031
1566 2873
1567 2789
1567 2809
1567 2827
1567 3124
1568 2386
1569 1833
1569 2299
1569 2528
1569 2964
1571 1937
1571 2704
1571 3062
1572 2373
1574 1847
1574 2494
1576 3050
1577 1721
1577 2031
1577 2313
1577 2827
1578 1582
1578 2502
1579 2347
1581 2466
1581 2610
1581 2904
1582 2836
1583 1793
1583 2097
1586 1738
1586 2878
1587 1765
1588 2267
1589 2471
1589 2606
1590 1744
1590 2197
1591 2478
1591 2505
1592 1688
1592 2153
1593 1680
1593 2374
1595 2950
1596 2383
1597 1689
1597 2085
1598 2566
1599 3007
1603 1787
1603 2981
1604 2384
1605 2557
1605 2598
1606 2346
1606 2382
1607 1845
1607 2372
1608 2105
1609 2200
1609 3000
1609 3138
1609 3175
1610 2719
1611 2019
1611 2448
1612 2867
1613 2777
1614 2765
1614 3108
1616 2698
1616 2777
1616 2859
1617 2479
1617 2544
1618 2844
1619 2352
1619 2469
1619 2794
1619 3167
1620 1659
1621 2430
1622 1817
1622 2424
1622 2813
1623 1845
1623 3176
1624 2072
1624 2229
1624 2417
1624 2815
1625 2146
1625 2884
1625 2919
1626 2107
1626 3091
1627 2019
1627 2860
1627 3101
1628 3143
1629 1736
1629 2402
1630 3164
1631 2059
1632 3138
1633 1906
1633 2955
1634 2999
1635 1756
1635 3032
1636 2713
1637 2721
1638 2743
1639 2543
1640 1893
1640 2167
1642 1815
1642 2482
1642 3139
1643 1645
1643 1907
1643 2642
1643 2656
1644 2063
1644 2451
1645 2479
1646 1878
1647 2554
1647 2956
1649 1810
1650 1926
1650 2280
1651 2779
1652 2070
1652 2929
1653 1746
1653 3032
1654 1773
1655 2092
1655 2264
1655 2441
1655 2985
1656 1692
1656 2103
1657 2419
1657 3003
1657 3020
1658 1944
1658 1968
1658 2060
1658 2342
1658 2847
1658 3087
1659 1966
1659 2675
1660 1988
1660 2466
1662 1902
1663 1840
1663 3019
1665 2046
1665 2325
1666 2409
1666 2909
1667 2133
1667 2665
1668 2868
1669 2562
1670 2108
1670 2926
1671 2964
1671 3197
1672 2181
1672 2266
1673 1696
1673 2032
1674 1713
1674 2290
1674 2401
1675 2620
1678 2417
1679 2129
1679 2367
1679 2534
1679 3086
1680 3199
1681 1857
1681 1955
1681 3055
1682 2203
1682 3124
1684 1753
1684 3080
1685 1749
1686 3126
1687 2643
1689 1986
1690 2249
1690 2327
1691 2589
1693 2307
1695 2779
1696 1806
1696 3110
1699 2438
1699 2659
1699 3081
1700 1943
1700 2134
1702 2450
1703 2318
1704 2995
1704 3087
1705 2546
1705 2909
1705 3175
1706 2069
1706 2901
1706 2972
1707 2409
1709 1802
1709 1851
1709 2366
1709 2580
1711 1721
1711 2115
1711 2282
1711 3073
1712 1783
1713 2513
1713 3072
1714 2004
1714 2502
1714 2709
1715 2396
1715 2959
1716 2402
1716 2706
1717 1940
1717 2905
1718 2063
1718 2250
1719 1730
1719 1888
1719 2029
1720 1921
1720 2785
1721 2533
1721 2581
1721 2594
1721 2651
1721 2809
1721 2858
1722 2742
1722 3143
1723 2121
1725 2222
1725 2382
1725 2402
1725 3157
1725 3164
1726 2635
1728 1847
1729 1819
1729 2436
1730 2270
1731 3011
1732 1980
1733 1769
1734 2608
1735 2532
1735 2819
1736 1769
1736 1907
1737 2659
1737 3167
1738 2581
1740 2092
1741 2221
1743 2376
1744 2256
1744 2352
1744 2457
1744 2517
1744 3168
1746 1921
1746 2277
1747 3166
1748 2966
1749 2919
1751 2139
1751 2909
1752 3032
1753 2555
1754 2160
1754 2257
1754 2789
1755 2148
1755 2835
1755 2917
1756 2542
1757 2081
1758 2436
1758 2913
1759 2890
1762 2079
1763 1975
1763 2043
1763 2364
1763 2649
1765 1884
1765 3132
1766 1990
1766 3039
1767 2250
1767 2701
1768 1774
1770 2167
1773 3147
1774 2622
1775 2050
1777 1947
1778 2298
1779 2032
1779 2806
1779 2991
1781 2917
1782 3076
1784 2491
1784 2643
1784 3157
1785 2325
1785 2470
1786 2401
1788 2295
1788 2821
1789 2476
1792 3033
1793 1993
1793 2562
1794 2150
1796 2155
1796 3155
1797 2271
1797 2516
1798 2078
1798 2517
1799 1840
1799 2814
1799 3075
1800 2006
1800 3018
1800 3162
1801 2762
1802 1940
1802 2305
1802 2641
1803 2943
1804 2627
1804 2865
1804 3136
1805 2375
1805 3071
1806 1962
1809 2393
1809 3052
1810 2360
1810 2370
1810 2984
1812 1946
1812 2181
1814 2048
1816 2585
1818 2770
1818 3073
1819 2174
1819 3028
1820 2526
1820 2569
1820 2977
1822 2158
1822 2182
1823 2301
1824 2881
1824 3146
1826 1999
1826 2069
1826 2627
1826 3129
1827 2810
1827 3198
1828 2409
1828 3033
1829 2013
1830 2236
1830 2384
1831 2078
1831 2111
1831 2499
1831 2627
1831 2863
1832 2295
1832 2765
1833 2739
1833 3071
1834 2439
1835 2207
1835 2821
1837 1970
1837 2016
1837 2695
1838 2287
1839 2967
1840 2461
1840 2966
1842 2421
1843 1849
1843 2494
1843 3043
1843 3184
1844 2599
1844 3095
1845 2613
1846 2669
1847 2243
1847 2421
1849 2738
1850 2932
1850 3031
1851 2764
1852 2712
1853 2972
1853 3183
1854 1986
1854 3167
1855 2358
1856 2586
1857 2253
1858 2130
1858 2382
1859 2024
1859 2594
1860 2831
1860 2873
1860 2989
1861 2425
1864 1886
1864 3050
1865 1973
1865 2416
1865 2989
1867 1950
1869 2280
1870 2739
1870 2870
1871 2513
1872 2007
1873 2595
1874 2159
1875 2128
1875 2283
1875 2699
1877 1906
1877 2461
1878 2224
1878 2306
1879 1891
1879 1967
1879 2757
1880 3098
1882 2857
1882 2939
1884 2109
1885 3058
1886 2510
1887 2055
1889 2256
1890 2254
1891 2320
1891 2984
1892 2721
1892 2915
1894 2769
1897 2326
1898 2556
1900 1993
1900 3033
1902 2629
1903 2409
1904 2691
1904 3049
1905 1990
1906 3004
1907 2471
1908 2092
1908 2738
1909 2143
1909 2701
1910 2694
1910 2965
1914 2682
1914 2818
1917 2411
1918 2683
1919 1946
1919 2002
1919 3056
1920 3025
1923 2016
1923 2171
1923 2480
1924 2886
1925 2288
1926 2376
1926 2594
1926 2750
1927 1931
1927 2169
1927 2414
1928 2403
1928 3142
1930 2667
1932 2077
1932 2712
1932 2981
1932 3078
1932 3087
1934 1965
1934 2397
1935 2274
1936 2518
1937 2424
1938 2267
1938 2698
1939 2474
1939 2816
1941 2977
1941 3190
1942 2044
1942 2105
1942 2796
1942 3004
1943 2774
1943 3042
1944 2298
1945 2648
1945 3014
1946 2464
1946 2877
1947 2685
1947 2816
1947 2948
1948 2810
1948 2998
1950 2327
1950 3090
1951 2102
1951 2155
1951 3002
1952 2620
1952 2638
1953 2325
1954 2210
1954 2337
1955 3065
1956 2435
1957 2762
1959 2445
1959 3188
1961 2124
1961 2695
1961 3050
1962 2301
1962 2508
1962 2808
1963 2492
1963 2538
1964 2408
1965 2082
1965 2636
1966 2010
1967 2085
1968 2433
1968 2606
1969 2148
1970 2634
1972 2861
1974 2678
1976 2081
1976 2558
1980 2601
1981 2214
1981 3115
1982 2421
1983 2714
1985 2243
1985 2576
1985 2590
1986 2056
1987 2071
1987 2265
1988 2907
1988 3073
1989 2354
1989 2789
1990 2270
1990 2574
1991 2746
1992 2125
1992 2266
1992 2630
1992 3050
1993 2025
1993 2036
1994 2763
1996 2552
1997 3105
1999 2305
1999 2535
1999 2934
2000 2146
2001 3114
2002 2857
2002 2958
2004 2637
2004 2673
2004 3068
2006 2678
2007 2431
2007 2930
2008 2094
2008 2349
2008 2361
2011 2327
2011 2693
2013 2067
2013 2664
2013 2729
2013 3109
2014 2169
2014 2301
2014 2742
2014 2855
2015 2078
2017 2430
2018 2671
2019 2964
2019 3172
2021 2431
2023 2844
2025 2058
2026 2722
2026 2945
2027 3008
2028 2265
2028 2817
2030 2626
2031 2349
2033 2146
2033 2852
2033 2926
2033 3028
2034 2530
2034 2872
2035 2396
2035 2677
2036 3110
2037 2314
2037 3085
2038 2137
2039 2519
2040 2372
2040 2419
2042 3069
2043 2318
2044 2602
2046 2124
2046 2966
2047 2599
2047 2809
2048 2129
2048 2214
2048 2797
2049 2070
2050 2814
2052 2645
2052 2977
2052 3081
2057 2259
2057 2823
2059 2808
2059 2953
2060 2325
2060 2998
2061 3155
2062 2215
2062 2929
2063 2169
2063 3140
2064 2204
2066 2261
2067 3159
2068 2661
2070 2745
2071 3145
2074 2081
2074 2476
2075 2700
2076 2734
2076 2998
2077 2698
2077 3007
2077 3094
2078 2976
2079 2149
2079 2303
2079 3013
2079 3105
2081 2110
2081 2547
2083 2242
2083 2568
2083 2654
2083 3193
2085 2727
2086 2883
2090 2421
2090 3056
2090 3096
2092 2142
2092 2319
2093 2757
2095 2298
2095 2461
2095 2917
2097 3136
2099 3078
2102 2167
2102 2370
2106 2127
2106 2500
2106 2590
2106 2672
2107 2839
2108 2694
2109 2508
2109 2998
2110 2522
2112 2519
2113 2358
2114 2325
2114 2328
2115 2726
2116 2683
2117 3017
2117 3042
2118 2367
2118 2917
2119 2145
2121 2148
2123 2946
2124 2633
2125 2780
2128 2292
2129 2860
2130 3076
2132 2485
2132 2756
2133 3066
2134 2329
2134 2781
2135 2368
2136 2400
2136 2780
2136 2804
2139 2346
2139 2895
2139 3035
2140 2247
2140 2765
2141 2478
2142 2372
2142 2863
2143 2619
2144 2618
2145 2288
2145 2307
2145 3058
2147 2550
2147 3145
2147 3192
2148 2988
2149 2681
2151 2521
2153 2897
2154 2717
2155 2768
2156 2817
2157 2339
2157 2426
2158 2239
2158 2431
2159 2709
2160 2340
2161 3194
2162 2850
2163 2798
2165 2612
2167 2174
2168 3170
2169 2423
2169 2668
2171 2577
2172 3162
2174 2206
2174 2850
2175 2256
2177 2178
2181 2821
2181 2979
2182 2411
2184 2968
2184 3197
2185 2329
2185 2428
2186 2719
2186 2732
2188 2460
2188 2492
2191 2449
2191 2468
2191 3039
2193 2338
2193 2378
2194 2997
2196 2759
2199 2526
2199 3111
2200 2726
2200 2832
2201 2430
2204 2291
2206 2606
2207 2698
2207 3175
2209 2337
2210 3072
2211 2301
2211 2822
2214 2974
2216 2886
2217 2885
2217 2928
2218 2358
2218 2768
2218 2801
2218 2924
2219 2611
2226 3118
2227 3031
2228 2294
2228 2735
2230 2392
2231 2260
2231 2644
2232 2548
2233 2754
2234 2527
2235 3148
2236 2436
2236 3089
2237 2286
2243 2266
2244 2520
2244 2576
2244 3030
2245 2960
2248 2857
2248 2998
2250 2773
2251 2274
2252 2956
2253 2279
2253 2999
2254 3014
2256 2467
2256 2808
2258 2673
2260 3164
2261 3153
2262 2815
2263 2300
2264 2330
2266 3132
2267 2446
2268 3160
2269 2436
2269 2440
2269 2526
2270 2807
2270 2824
2273 2840
2275 2475
2275 2817
2278 2286
2279 2331
2279 2911
2279 2990
2280 2426
2280 2532
2282 2285
2283 2667
2283 3039
2284 2670
2285 3080
2286 2439
2286 3067
2288 2871
2288 3003
2289 3148
2290 3197
2292 2676
2292 2705
2295 2716
2298 2831
2299 2982
2300 2564
2301 2895
2301 3187
2304 2842
2304 3019
2305 2746
2308 2388
2308 2596
2308 2906
2308 3140
2309 2737
2309 2958
2310 3090
2313 2321
2313 2860
2315 2868
2319 2427
2321 2842
2321 2989
2322 3055
2324 2774
2324 2897
2325 2771
2326 2404
2328 2494
2328 3025
2330 2357
2330 3043
2331 2562
2334 2701
2336 2479
2336 2620
2338 2535
2338 2693
2338 2796
2338 2809
2339 3093
2341 2742
2341 2946
2343 2677
2343 2877
2346 2454
2346 3098
2348 2481
2348 3198
2350 2648
2351 2405
2352 2754
2353 2375
2355 2947
2356 2606
2356 3064
2357 2525
2358 2642
2359 2452
2359 2902
2361 3061
2362 2889
2363 3017
2366 3117
2367 2543
2368 3169
2370 2483
2370 3091
2371 2839
2372 3092
2373 2428
2373 2510
2374 2910
2375 3013
2377 2420
2378 3012
2378 3154
2385 2831
2388 2441
2389 2893
2389 2900
2390 2411
2391 3066
2392 3091
2395 2694
2395 3066
2398 2549
2398 3083
2400 2755
2400 2995
2402 3028
2404 3026
2405 2792
2405 3049
2406 2414
2406 2585
2407 2915
2407 3011
2408 2638
2408 2665
2409 2978
2411 2773
2411 3045
2411 3118
2412 2911
2416 2631
2417 3170
2418 3052
2421 2832
2421 2940
2423 2761
2437 3017
2438 3162
2442 2724
2444 3116
2445 2547
2445 3154
2446 2922
2446 3158
2447 2963
2448 2725
2448 2907
2448 3181
2449 2641
2453 2496
2455 2544
2457 2609
2458 2924
2459 2764
2460 2621
2463 3024
2463 3137
2464 2621
2468 3150
2470 2563
2471 2637
2471 2817
2474 2721
2475 2814
2479 2566
2479 2943
2482 2557
2482 2663
2482 2851
2484 3009
2486 3105
2487 2499
2487 2902
2487 2924
2488 3098
2491 3185
2495 2719
2498 2993
2499 2780
2501 2673
2501 2967
2502 2706
2502 2774
2503 3194
2506 2527
2506 3068
2509 2935
2510 2550
2510 2786
2515 2733
2519 2905
2521 3029
2522 2861
2526 3126
2527 2580
2528 3109
2530 3078
2535 3091
2539 2981
2540 2590
2542 2549
2544 3048
2547 2740
2547 2903
2548 2581
2549 2995
2552 3175
2553 2852
2554 3038
2556 2639
2559 2750
2561 2791
2562 2613
2564 3128
2566 2663
2568 2724
2572 2582
2573 2763
2574 2897
2574 2974
2575 2789
2576 2848
2577 2651
2579 3193
2580 2909
2582 2656
2582 2824
2586 3093
2587 2720
2589 2950
2589 3176
2591 2668
2591 3161
2593 2745
2595 2980
2595 3200
2598 3089
2599 3010
2599 3057
2600 3189
2602 2765
2602 2999
2603 2678
2604 2723
2605 2964
2606 2667
2606 2768
2607 2738
2607 3100
2611 2864
2611 2903
2612 2659
2612 2695
2612 3130
2617 2882
2620 2806
2620 2966
2620 2998
2621 3145
2624 2852
2628 3024
2629 2816
2630 2867
2633 2688
2633 2788
2633 2849
2640 2644
2640 2843
2641 2944
2642 2932
2643 2682
2644 2872
2644 2946
2647 2678
2649 2708
2650 2678
2650 2833
2654 2786
2654 2892
2655 3032
2656 3018
2656 3080
2657 2705
2658 3005
2658 3050
2659 2711
2660 2933
2662 3033
2664 3103
2668 2867
2671 2821
2672 2784
2672 2986
2673 2819
2682 3067
2684 2862
2687 3076
2689 3003
2695 3171
2696 3106
2699 2940
2701 3063
2702 2865
2703 2946
2703 3023
2704 2711
2704 2788
2706 2935
2708 3173
2708 3195
2710 2919
2712 2783
2712 3120
2713 2732
2713 2894
2713 2897
2714 2815
2714 3080
2715 2725
2716 2718
2716 2872
2717 3190
2719 3097
2720 3068
2721 2800
2729 3095
2729 3197
2731 2964
2732 3031
2733 3150
2737 2952
2737 3007
2739 2763
2739 3116
2741 2884
2742 2888
2745 2938
2745 3176
2747 2855
2747 3050
2750 2978
2752 2897
2756 2771
2756 2993
2758 3068
2759 3114
2759 3179
2759 3194
2762 2888
2764 2917
2764 3170
2766 3132
2769 2934
2770 3029
2771 2818
2772 2892
2773 3134
2775 2800
2775 3037
2775 3144
2776 2857
2778 2999
2782 2991
2787 3076
2792 3080
2797 3181
2799 2868
2800 3137
2801 2905
2805 3154
2808 2818
2812 2889
2817 2901
2817 2971
2822 3023
2826 2843
2826 3166
2834 2948
2836 2857
2836 2904
2838 2857
2840 3047
2841 3186
2844 3182
2852 2998
2855 2889
2860 3045
2864 3161
2865 2888
2867 3159
2869 2919
2873 2970
2874 2891
2876 2988
2878 3125
2887 3003
2888 2895
2891 3159
2892 3042
2893 2960
2898 3063
2898 3141
2902 2976
2925 3079
2935 2956
2935 3044
2948 3119
2951 3071
2955 2985
2956 3023
2969 2988
2972 3163
2974 3197
2982 3116
2984 3087
2987 2993
2990 3016
2990 3066
2992 3019
2997 3116
2997 3143
2998 3187
2999 3008
3002 3168
3004 3026
3028 3174
3030 3066
3048 3127
3053 3104
3055 3190
3061 3085
3061 3190
3073 3087
3076 3175
3079 3086
3082 3107
3093 3143
3104 3130
3111 3195
3114 3157
3159 3174
