p td 2000 8000 
304 1004
1277 1326
1755 1518
511 1256
948 203
707 1516
1442 61
866 273
978 139
1350 1517
1702 183
1812 1578
419 386
1701 1611
1980 197
884 1701
897 90
1620 1759
144 575
86 1028
1538 1788
1409 181
430 1959
759 1584
1055 386
595 1617
1048 1855
1586 1981
964 257
1653 126
217 1574
364 1567
480 498
362 470
235 448
1545 1432
1289 1693
1500 276
1991 928
265 942
772 393
963 340
1743 1101
765 298
1779 932
223 1681
1217 145
558 1301
510 140
1942 936
328 1544
231 1094
1006 1804
98 292
1959 739
991 419
1977 1444
700 1149
1242 1531
1596 669
1160 566
920 747
1864 1548
1737 1237
101 898
925 1082
1835 396
1633 357
1720 1332
1568 1387
1706 1901
1417 1135
696 1092
242 1320
511 914
413 1962
107 1025
1491 1145
442 556
369 1955
1464 1805
11 1764
1004 1076
106 1466
1501 191
1852 1767
1747 1429
548 510
58 117
47 949
1720 935
1723 321
252 1971
1946 90
487 1601
1725 772
1930 1323
1090 1879
1752 153
522 1313
468 701
314 200
454 1889
421 439
1163 392
1414 883
1755 676
37 1547
1621 1073
1933 1061
1891 1876
1088 1443
783 868
1096 1137
297 1758
1731 877
1195 790
1960 823
55 374
1513 791
1451 1800
1189 825
668 1173
692 1721
1604 1548
1680 1688
1124 375
1596 1521
1898 1017
1227 1497
1858 1297
1125 63
1868 58
1073 1503
1774 21
1950 1136
811 655
566 1524
514 430
62 1817
380 210
628 1942
280 120
199 1498
1240 303
1968 805
987 1802
1894 1683
364 1491
640 361
201 859
1181 926
432 885
941 1277
143 1258
67 1342
1731 214
1050 1350
695 1774
1080 1210
561 1391
454 980
943 774
510 186
592 337
249 687
1350 395
143 1530
1572 1933
1782 1459
1558 871
781 1880
1406 896
1221 778
495 1709
1788 892
1597 1438
277 1327
1434 661
342 690
283 367
1860 1243
841 992
1989 1808
1607 66
1761 224
713 582
1355 1973
1744 90
176 883
1807 1998
420 1972
1089 472
1381 159
1645 875
1788 1655
1454 1125
740 492
29 679
289 1385
1624 414
31 237
248 1099
586 662
10 135
531 1747
1553 1460
905 1004
383 699
1071 194
994 950
704 731
998 1872
11 1428
946 1993
676 925
235 488
77 59
1533 960
594 1387
1138 212
962 1545
595 1004
1125 490
80 1730
1464 1555
1722 948
271 1259
1131 297
13 1013
35 890
1205 1082
189 1809
803 216
84 596
144 1378
1570 1
940 1100
1544 89
462 415
1243 1789
1425 906
1035 55
355 890
797 1734
1754 1947
1931 1488
1626 795
668 947
1720 1985
111 1779
138 424
1609 1300
1889 316
1840 1815
320 991
1172 1417
272 1463
1543 359
578 1835
20 17
1204 546
860 1428
723 27
1720 535
201 1663
659 622
1838 372
966 1615
1013 104
1865 99
1463 669
901 571
1670 1668
1496 1327
1519 1208
69 1233
1131 1996
1453 1302
1287 966
968 1690
337 1810
1726 1808
277 600
289 1484
739 1885
1865 723
590 1065
1655 1221
735 1746
1196 458
1746 222
781 225
1621 1628
1116 819
484 401
641 1660
1927 1321
1604 587
68 983
52 454
1971 1816
618 411
1239 1028
1836 1652
1977 757
1613 358
1942 1111
23 816
327 1594
605 1608
28 1863
619 1661
800 1219
164 1782
1283 1158
1666 1820
1117 649
1928 987
598 575
1077 1004
1681 29
949 469
101 1171
247 855
1482 1303
1047 1092
1055 1100
311 1589
1510 1148
1258 869
1855 285
396 255
1532 1473
433 1041
57 444
1052 1207
714 437
1005 492
1216 794
1340 551
669 986
693 759
171 1503
1255 974
266 468
1518 1720
389 1079
1626 1048
819 128
541 509
1155 665
638 1137
246 393
1719 1134
980 1333
1127 1971
351 253
936 1863
1504 602
542 302
1415 614
794 1735
1168 1293
7 1963
606 1440
1674 1160
942 217
943 1255
229 1480
1695 1380
1726 885
1093 1508
1661 340
1020 289
92 1420
646 214
276 1460
206 1187
233 758
1240 723
1546 1350
313 1646
1516 1751
1878 1763
54 215
331 1295
490 1884
1538 995
614 279
1684 966
1223 1616
594 1186
436 1708
1960 28
1938 226
1607 1614
236 1837
366 1222
1305 335
903 1765
677 923
1326 290
1762 94
194 708
1486 201
1253 506
1893 1263
559 1694
821 1192
929 590
1564 1267
1990 358
817 1068
1695 1502
755 1150
1896 359
1448 1572
1443 984
1094 632
269 1915
227 159
1251 1050
1324 1936
1535 1354
171 630
1113 1933
306 431
1466 157
528 361
1785 558
886 1474
1274 378
1097 1837
942 1279
1632 1066
334 1466
627 1850
901 255
1948 929
842 299
1571 447
1778 1450
1686 749
92 1381
387 1597
1431 1926
1124 91
1994 148
779 1746
1039 1952
1276 1561
1838 74
509 95
54 1888
1816 1143
882 1404
714 1723
885 32
224 1098
1931 973
163 1013
591 570
1327 1510
69 66
810 49
331 144
178 1838
452 410
597 445
93 9
1328 472
281 653
1075 1854
1853 464
994 1754
1669 77
195 57
1626 576
1771 228
379 1694
1503 1664
48 1564
1656 1453
1677 177
77 1835
906 1498
275 290
151 180
648 478
162 885
1883 350
570 1442
533 1510
615 775
1270 1280
1790 1350
1193 1581
1039 175
518 1338
1383 1173
1358 1978
104 1600
560 1036
916 1977
772 998
1002 690
1871 896
38 283
500 1985
571 468
245 1780
1168 966
350 1002
1127 1625
672 1414
1090 666
1656 393
1262 792
1085 561
879 927
1065 432
1763 73
1618 387
218 1154
851 1512
1594 107
476 1712
246 710
1241 1398
1300 1646
291 1002
1714 69
1268 973
1908 1206
790 755
916 412
347 931
1773 1909
1503 1968
1005 1006
1763 1200
362 392
86 203
1098 1425
415 83
494 1949
1080 1586
1007 1702
709 170
1015 897
1229 580
1753 1744
1048 620
76 470
1648 434
1225 633
692 358
11 848
973 196
1713 1106
766 1437
20 594
1168 1698
1436 1146
593 1649
639 1052
1196 973
156 1455
1966 1848
689 1190
1279 172
505 1949
42 623
1688 1580
264 1532
1593 140
812 824
1485 1932
1940 1195
67 223
1885 876
603 483
641 608
844 1223
1054 1485
145 340
885 509
347 177
262 930
1125 131
423 674
482 136
1155 1716
448 1200
1727 540
1581 907
1731 599
917 1453
713 669
1856 951
405 1029
1626 1365
1817 672
736 1757
1594 348
1918 808
940 1419
1754 1795
1626 1629
1461 390
755 1609
375 28
18 196
1860 295
1109 274
1371 1817
608 1925
617 977
1186 1940
1925 1669
515 1297
166 1502
1155 75
1449 1926
733 1255
1610 111
713 429
922 811
1630 1910
24 123
1583 62
514 902
321 862
961 925
216 885
1754 660
1035 487
590 862
1592 692
213 375
1241 528
800 1297
1767 623
998 893
1141 198
677 1988
1421 477
1746 785
125 1482
1877 1501
337 431
869 813
1204 537
1356 1703
476 1051
234 1725
676 782
880 330
1873 970
1732 300
816 1233
1208 1182
1704 1108
1922 1721
417 1533
809 105
239 1137
368 1358
1573 905
499 1029
1469 980
1186 1567
940 1553
714 422
1413 1189
690 1608
1962 412
738 1022
159 1346
1622 868
1530 1651
553 37
366 1485
5 1857
991 889
1504 1331
270 1598
928 777
396 983
615 492
560 448
781 887
1875 745
1124 1806
1114 368
1137 1180
1909 1865
1513 600
235 181
1076 876
1874 821
85 616
1022 1935
146 1088
950 1214
1476 564
1463 960
1114 532
1063 1592
1825 429
751 1726
259 527
940 154
652 1808
683 1080
671 485
245 641
1996 1594
844 1479
1483 1193
413 1770
912 1919
858 1598
209 1479
1586 1728
755 598
1771 476
1520 1127
1978 1118
590 56
1969 217
1774 1665
1202 974
1479 1621
1346 56
1921 1570
1823 1385
1223 100
971 815
1835 503
150 244
258 337
1235 846
1197 906
1500 1651
19 1812
1438 1078
745 857
1235 223
1351 1587
1732 1517
297 1907
1602 1129
1796 979
514 81
373 601
927 1382
1953 1931
1283 1701
1133 1285
682 481
1422 1944
754 98
638 1461
1332 483
559 1289
400 209
1377 1033
576 1561
1619 262
1737 396
1364 172
984 200
716 680
1284 1801
1876 1775
1348 954
1793 437
1683 713
1522 1252
1314 674
697 1999
1088 478
1529 1732
1476 423
350 1971
909 686
871 1911
145 572
1849 688
117 1173
856 40
116 1189
515 1479
513 1928
967 819
1445 463
415 1678
1354 1221
659 372
932 605
1495 791
1805 1838
93 1848
1103 1073
210 21
1815 1822
390 1735
221 1717
458 1245
540 1901
313 711
1605 549
1171 1387
80 634
1578 1677
434 1695
255 350
380 1227
1554 227
925 1858
1632 1326
235 1897
109 1374
1219 1987
1987 245
600 1469
825 1565
1600 57
1783 1162
456 1726
1553 208
986 1320
491 1300
1135 1953
1676 394
1559 1260
724 285
1808 1375
1930 1759
1302 237
391 1128
1938 1878
1365 376
1977 1700
520 1929
854 1376
68 848
1858 1344
738 129
1854 1483
1498 703
248 694
1194 1792
1849 1041
1938 1399
736 96
1490 1121
1201 966
631 1605
1088 182
682 1645
1216 118
1150 663
1750 1319
454 1296
832 1458
715 1945
1856 20
239 1227
620 1208
1508 480
1928 508
790 549
1018 126
1215 1295
1399 1735
43 1399
589 1988
790 9
681 1456
335 1133
550 422
847 1855
1926 1878
697 1002
1130 1275
1785 904
223 394
483 1832
1545 379
1568 1981
1241 522
984 57
1467 461
726 1560
1436 1205
581 1154
993 96
1091 359
1539 1428
1089 178
429 817
251 1151
653 645
301 530
897 1666
724 39
1998 1356
171 29
1168 526
1261 151
414 1563
327 1963
1865 1560
860 323
43 854
1692 1804
689 566
1661 1426
1754 170
1339 1246
1845 1363
489 422
1672 474
896 1090
1234 1874
211 1901
979 1617
1114 1816
1830 431
1643 956
1415 464
515 1084
1376 1434
1799 1741
1142 1075
284 1209
1706 1423
523 1949
691 1686
1547 196
608 346
1388 563
316 46
1097 658
201 1047
224 274
1272 1681
794 387
293 863
937 607
758 71
295 1721
1119 669
1649 1546
1182 1224
1046 1142
228 485
1403 1022
1368 65
228 940
540 797
530 1000
187 813
721 1273
366 1628
1422 241
214 1403
63 1626
1828 1472
1345 604
269 1089
822 423
1569 1034
1629 516
404 242
1372 98
553 1256
206 148
697 237
1397 1818
1419 1757
1315 361
716 96
1358 664
1878 997
652 924
1295 1564
1869 1783
1176 1681
745 1284
1586 328
121 450
1823 677
1597 425
1545 610
557 1701
530 1982
854 1849
63 788
768 1663
1176 1100
1170 1099
805 1059
1048 1462
1287 462
116 784
1410 51
1534 1816
1403 1281
1143 248
51 103
526 350
1496 696
370 1267
831 1060
1005 1163
249 1065
1991 1205
449 1864
387 860
26 14
1307 203
1052 1180
1111 1001
718 109
551 1158
185 333
1351 1364
212 1036
389 1289
1224 1722
360 524
811 2000
1528 1222
589 150
1471 335
705 1931
873 1038
1924 1113
1245 139
704 256
1331 626
1136 1385
1144 226
1010 47
292 620
563 733
428 732
512 402
668 464
1891 509
1335 2
1600 98
70 1654
648 447
373 122
1026 862
1644 176
677 399
81 1144
1046 899
1201 852
1052 1411
1277 1646
1557 1707
1221 1810
1109 195
1196 672
1511 197
6 1974
571 355
1508 1414
768 1059
220 758
567 1537
878 12
618 1236
140 1388
333 1165
1713 89
214 976
242 775
536 1122
1224 572
1210 1069
1306 498
227 241
451 1560
1035 1253
763 73
956 977
23 1769
1542 1697
236 862
1190 1140
529 1896
1172 1007
1596 987
1873 659
593 1199
1513 694
1186 1676
1997 1301
884 1288
644 359
202 856
132 1855
1068 837
1732 1898
1740 1929
449 1142
1929 1100
976 1890
865 98
898 1800
965 1903
1610 776
1900 304
1050 1967
1570 1061
1620 634
509 1192
465 1072
294 1259
1464 1410
1764 1468
437 1639
353 756
555 1207
618 104
706 1325
173 1916
1999 701
714 1451
1880 391
1407 1807
1701 1490
1909 1121
434 17
1689 386
23 65
68 751
965 141
1824 677
909 1069
839 285
450 1573
540 201
254 1086
525 680
893 1631
547 916
521 705
484 18
322 1660
732 1520
956 52
1617 275
663 776
188 56
1123 183
1735 1781
346 1411
1805 793
1394 611
1647 1501
790 1298
1851 1295
1228 1657
747 706
1634 211
891 1613
531 805
855 1687
1776 1747
1105 1689
1622 1998
1215 1062
265 1539
552 1564
358 1997
1550 1859
1597 1784
1786 1838
377 1230
1480 24
500 1385
1184 1773
911 761
1849 345
1171 1047
538 684
1379 1248
472 945
1384 1428
217 436
1963 82
1384 942
1587 987
1269 1319
1553 151
1807 687
1027 1172
294 1687
1058 168
1908 540
1246 1763
18 1992
143 1011
1072 46
231 1394
674 928
1423 1188
460 294
1612 537
1791 647
1902 810
442 1248
1328 700
1595 770
1452 120
509 1284
98 269
1402 241
734 131
1592 960
867 1549
604 1862
122 491
881 1829
1856 1106
1837 857
1110 78
1556 1972
1887 1205
1703 1741
555 1298
985 716
1617 1203
330 1489
1982 1424
1083 463
933 1081
1621 802
1137 895
1548 104
94 1322
1897 963
1115 906
42 400
1659 988
1598 468
186 675
982 1967
74 916
1235 1164
923 271
1657 1608
661 767
709 985
472 1427
1225 1185
76 704
1779 3
1641 1666
976 1970
1738 89
1814 1496
247 1890
395 947
277 1228
554 1155
381 705
445 728
1780 605
1197 253
1481 1138
1765 1570
1803 965
499 230
1475 1649
454 480
293 607
550 147
1070 801
1898 980
2 62
706 1301
323 937
1097 1432
376 1763
1426 689
1107 1963
1405 1804
585 939
692 1686
647 1543
1256 1040
888 760
188 1320
837 1286
1772 1932
13 1627
1345 835
1736 1858
737 1962
641 221
1861 1055
1305 1493
180 1179
142 1164
625 219
108 1912
1 1403
1194 1953
1141 384
972 175
725 414
1826 204
411 250
1013 578
1765 735
577 934
1221 1415
1774 1126
1481 40
558 1021
371 1775
333 1386
643 427
718 757
983 1794
463 1062
219 1259
1877 71
1925 231
1872 301
81 886
448 215
274 1317
797 1433
807 1445
1099 21
1199 626
1718 164
1538 1358
758 484
890 1038
607 7
1355 388
94 633
1965 323
505 1899
667 1286
1788 277
1154 961
1853 1693
1531 1596
1836 934
1291 397
1350 417
93 953
1435 117
47 910
553 738
1582 363
6 888
383 1913
322 151
1063 1671
355 1414
1783 692
95 25
1206 628
677 1637
99 1600
639 612
1349 1455
377 1358
1314 1617
336 1795
228 1004
1606 625
382 665
1129 1779
327 1076
55 216
231 1653
790 1355
1437 482
1527 1561
1230 1069
1527 285
881 523
1480 675
396 284
1402 1768
606 830
339 664
895 1433
1918 1861
61 1050
257 28
729 253
1274 977
991 373
1956 668
1100 1513
92 1612
1084 1844
134 182
1099 974
1229 1829
1839 199
953 558
389 1535
177 1131
1637 1095
834 1202
1025 1767
1724 1963
261 1249
29 1994
689 1443
1072 306
1677 1970
202 1885
57 1333
165 580
1170 1333
1815 591
1526 1220
258 561
262 934
234 70
1592 1914
389 1413
1983 1794
1550 36
31 1484
1524 676
939 230
885 297
398 1601
626 655
375 686
191 1042
801 628
1503 1773
892 1218
483 1548
939 984
860 1666
1751 744
1507 374
521 243
1980 880
1897 761
1012 561
386 1810
728 102
1336 1591
134 643
326 1330
406 316
1584 1317
1047 1449
1187 584
452 1852
1313 349
56 382
924 1491
1276 1789
1758 1731
698 219
567 522
66 1555
366 1780
545 349
693 1030
1056 1685
1580 1135
137 1181
565 1239
200 597
1652 1935
463 88
341 1236
1056 451
1066 1520
782 1195
677 714
192 262
114 982
734 376
630 256
1092 230
1972 1274
1383 151
287 136
1480 540
1021 366
1565 539
1973 318
1984 539
893 214
249 324
883 873
1616 199
886 984
1672 1960
604 354
1901 178
1785 1672
951 1974
1910 793
484 946
121 612
1476 859
1723 18
592 1855
183 486
1148 616
1471 772
1195 1227
982 215
1314 226
1001 294
386 296
1933 36
1620 1533
1047 1807
418 858
1234 780
1436 1440
1653 1019
571 1517
417 1034
829 32
389 1960
1343 1168
1635 135
262 155
676 1142
1863 1282
862 1996
68 1894
346 1507
103 494
807 71
672 1823
1834 645
918 1541
1553 683
667 1347
919 1014
104 1719
580 972
1376 1455
836 1133
1232 512
622 1969
1001 1554
1499 1240
1011 712
184 1188
1126 134
767 35
1418 1140
1862 738
361 973
1986 379
380 1631
1999 1250
626 1424
489 1236
214 1206
107 1473
177 1047
1777 568
1209 267
1736 1864
385 1328
489 1208
1985 1710
233 45
1523 1210
1789 160
1520 1570
32 723
314 1526
1111 66
725 591
1005 1041
1450 1044
474 1509
11 423
1745 282
1851 1843
1133 221
785 1294
1687 1031
1442 1462
390 1818
243 615
218 616
825 1903
1058 1697
1802 1094
204 1800
1499 1951
1465 973
33 1772
244 1532
1540 224
1851 1810
1267 1223
1333 102
1732 204
71 588
1034 1060
285 512
73 1631
712 1180
342 1596
563 401
862 765
1350 1298
1708 469
387 632
907 1779
140 1585
1337 469
1646 732
1468 625
997 352
1497 1892
27 372
319 66
891 1475
47 1388
1992 533
284 29
1056 1310
590 1106
760 1716
1979 210
1735 890
984 1938
689 421
1791 386
1144 523
694 579
792 1019
829 1259
1896 18
215 1814
1997 111
1120 224
414 1711
232 290
988 1224
708 1576
1840 539
876 186
1741 1178
399 1786
1685 1697
830 1790
1907 1366
1588 278
344 229
1733 1776
1700 1210
497 1820
1433 916
978 1145
1735 1962
1287 913
1771 1649
1404 1840
709 1783
629 466
1130 451
343 252
1621 129
229 91
1507 532
764 2000
52 1307
313 1706
1800 195
174 1648
1953 1731
1928 1389
991 1329
50 743
1587 1161
314 779
1511 1180
763 1744
1517 1628
1022 1159
685 1598
595 1532
1782 1897
980 698
1014 1277
1163 17
1493 950
587 1102
466 999
1748 1293
819 373
933 376
1631 737
1774 677
830 548
161 682
368 332
304 1655
402 1990
1372 503
1298 215
980 599
1721 757
1665 1787
1659 1680
1900 1003
1763 523
1491 1762
1405 390
1608 1969
426 1889
1415 781
1728 39
562 272
828 1028
986 301
1172 912
483 395
58 1039
542 1652
858 410
259 97
602 1632
1271 328
250 757
1922 258
1040 333
202 312
1461 258
967 44
1669 1443
1482 648
1965 1579
211 682
1559 1300
186 908
487 583
405 1415
1903 1654
1587 1103
1731 890
490 1440
166 402
974 604
1043 1707
32 480
1694 104
1399 1764
1003 851
730 805
1801 955
1129 2
44 283
1000 1143
16 390
1493 955
807 842
1923 1462
55 1655
1190 123
671 155
390 422
1967 325
1311 10
1256 947
298 1585
1967 907
1328 689
1004 537
741 1132
134 551
1968 1598
1570 1814
493 1571
1439 221
1340 120
47 859
1375 837
1512 1604
158 1211
1600 1299
1617 1533
1636 1255
523 239
34 1617
1683 1993
721 318
1636 381
1308 1138
13 1058
77 1157
1469 36
1775 1188
1716 60
640 1834
1835 1811
1382 1412
1426 1257
1359 1057
1217 1211
1936 812
1629 324
1628 1303
1463 441
5 897
235 1491
383 522
1094 487
1342 874
789 755
384 181
985 1691
306 1121
1494 1953
502 172
1589 1704
743 1865
927 1639
1817 519
80 258
942 1283
867 1528
126 112
197 1676
909 1294
821 1442
686 1452
1081 225
1219 1143
1434 170
90 983
378 1753
328 689
1923 361
1579 1815
1713 1403
786 1465
816 555
1390 1825
1544 1513
726 543
1064 264
1903 397
1890 1887
126 1773
591 898
164 769
1182 1254
704 143
1762 104
622 1522
359 1857
132 487
717 791
190 699
169 1571
186 381
740 108
249 1669
983 1199
923 1462
602 200
714 830
1688 75
1356 662
1138 1643
149 305
915 1909
735 1619
671 1995
1332 1120
368 230
936 797
551 4
522 1569
1051 1165
673 111
507 1710
294 686
1146 513
78 1061
1912 1235
1938 1591
1735 1987
1354 336
790 1679
1938 679
620 500
15 684
1256 578
459 1358
1202 1771
203 581
1946 1306
1063 290
276 884
971 1076
248 965
365 82
752 1485
1221 1826
149 1074
854 12
102 469
1721 1623
1865 539
1873 411
869 174
1648 1387
392 57
1474 817
1321 1877
1634 1044
1616 1227
147 1892
1331 1460
1266 585
944 1588
270 1018
1144 1833
1018 1325
204 587
1311 346
1541 942
267 1959
114 432
99 1169
1745 1829
787 74
423 1218
752 693
631 1250
1874 927
473 546
1119 459
789 335
1214 1615
1729 118
383 1860
1550 323
1288 125
1484 1294
516 1132
696 1275
1187 1271
512 924
1842 812
179 701
922 1827
501 1683
630 1002
558 1310
1870 1597
487 1838
600 812
1938 883
558 1986
1461 921
213 785
748 267
931 1321
765 1919
333 326
919 1670
1867 703
821 336
548 1352
1751 1855
88 1313
1641 1333
1171 14
256 284
687 1503
128 14
541 775
1252 310
1955 123
851 1577
1327 150
387 818
1603 1418
414 1094
1263 1868
65 1768
1615 1240
148 1922
1281 635
953 1707
905 568
891 17
1464 1913
1955 664
363 123
1508 235
913 448
338 1700
1906 1062
419 709
322 1121
1469 1481
647 1630
259 1233
933 47
881 1322
1583 235
691 655
1271 498
590 415
388 791
1045 415
1707 1512
1819 987
1234 1001
1879 272
729 1451
1164 599
297 271
58 1340
699 1442
1462 705
1552 897
969 923
1702 571
928 1721
1331 1430
1876 1445
1015 301
909 573
1126 668
1097 605
286 1455
1654 1713
1996 1048
1268 1770
811 1120
1712 1079
26 897
748 162
1313 1487
187 268
466 921
1415 280
1030 452
1971 155
264 1735
1282 1499
1091 1211
1299 959
1 1830
990 175
1722 363
1326 1265
123 1509
1431 1734
1846 451
1611 1640
966 1752
941 1119
333 1022
188 217
1988 407
1614 1348
841 155
827 641
688 74
811 1812
1306 1909
554 1747
533 186
689 1027
1190 1208
773 1018
1683 1418
592 1365
243 1064
1052 15
1155 557
1448 1100
1061 1547
95 726
907 963
1743 1561
615 1764
360 194
701 153
1583 1748
671 288
338 1506
482 1345
1821 895
1602 916
1872 1258
231 317
1643 127
1658 1260
923 316
70 677
1388 706
1035 1165
164 1937
319 50
1668 1762
1142 1792
1499 1336
1322 524
236 1782
1525 454
1702 514
1920 1854
1130 886
1545 994
451 1826
968 1204
1637 1501
389 1552
164 1059
127 1420
80 777
1228 858
1148 1390
379 732
179 600
1626 1957
406 57
1872 550
392 177
819 120
901 1461
1269 649
596 173
186 1658
1627 1109
486 719
520 1628
1057 636
521 1170
1641 1606
1297 1895
596 1317
1937 1475
1446 321
1227 1838
64 906
638 986
921 1363
388 1492
1036 979
21 609
325 1651
1690 7
63 1405
34 1310
708 211
24 267
1646 665
1803 1635
1361 1873
294 182
657 1278
1266 991
306 1745
836 522
1709 1396
729 1156
1348 1432
177 1879
1563 1735
1651 135
1590 57
1537 912
1664 596
328 844
123 621
1607 1441
1861 1774
1261 1203
966 38
568 1872
340 1088
725 771
332 554
744 1623
447 199
1958 975
701 1888
1327 35
997 1745
1571 123
80 548
1578 953
961 820
387 149
458 1778
1052 81
47 1720
527 455
994 10
935 1288
1085 548
738 460
879 1774
1823 243
1643 1986
264 625
972 237
615 1257
1957 59
1424 1019
750 283
957 859
1341 1404
227 1220
1327 246
1902 1952
420 1173
21 74
164 999
1953 971
586 539
167 1668
1898 63
1498 1482
367 628
790 930
757 1006
1070 205
1501 99
378 801
1615 886
264 1204
419 443
430 897
1866 393
171 1313
1313 1330
716 642
1970 1032
1649 1822
1201 1822
770 1194
1621 579
1125 519
1635 1898
166 159
524 1123
605 1002
1842 1619
1490 1181
1174 1592
1993 1508
878 1499
1485 443
376 314
892 406
913 1091
982 1581
284 794
1161 234
403 182
60 1907
256 573
1055 1806
49 1456
114 927
1812 737
1365 579
209 186
1190 610
1211 1769
1289 769
1886 537
1724 1992
1930 931
784 2000
846 96
1520 1526
899 786
115 370
1009 1879
2 1568
1664 772
1464 1402
1743 322
1505 418
530 1861
1691 1064
1027 748
1202 1552
902 139
1376 490
1369 1943
464 866
543 1564
431 643
1476 1968
504 34
1837 1747
1451 443
200 1756
1230 456
1172 1625
610 1851
1520 524
1126 1783
1286 285
1366 179
1292 1648
598 1595
33 131
1173 1584
133 1468
1235 1598
1400 648
1549 1555
915 467
866 1201
718 515
6 460
207 514
48 704
1320 1781
1760 510
142 49
640 1732
1007 1215
563 1098
872 1413
263 847
1607 454
478 1006
243 173
1514 991
861 1621
204 1268
1457 1658
1372 268
1903 1530
755 1158
249 1230
1809 653
147 1707
1923 1212
79 692
555 1126
377 1858
1039 400
21 1267
1121 237
1398 1083
799 1352
601 1181
1774 741
1339 1508
856 181
1470 1975
494 72
454 1327
543 1703
1079 686
1148 273
1727 639
806 1724
1989 109
1425 604
856 1961
739 318
1988 944
29 552
1054 882
369 776
106 1190
1164 505
1587 883
970 200
1896 1013
1055 922
1312 394
293 404
1213 1762
810 262
876 1402
1314 1811
93 475
1394 1951
1153 701
23 3
727 670
716 446
1814 700
825 348
352 1175
1519 293
1237 1017
1518 1452
1652 318
1341 1364
957 1882
1946 239
1016 456
1617 90
1466 1539
1176 109
1000 414
1880 1899
872 44
1321 1539
859 705
1546 1082
1750 1068
1019 1335
521 869
867 829
1931 1690
1126 1107
588 825
1319 255
1168 1877
907 1887
1571 1808
131 613
1432 1465
1354 990
518 582
385 526
576 870
160 333
173 807
1202 947
1454 804
1138 810
1966 1032
164 1357
164 1086
1347 1613
462 1006
1583 391
631 1440
1185 156
480 266
1549 1594
331 96
117 410
60 299
913 902
1183 823
1304 1864
187 1395
1870 17
42 1908
156 1921
1457 745
228 1304
43 17
752 627
361 1078
773 1551
1236 412
388 346
1323 1301
261 1611
170 1602
1876 1396
865 576
1373 363
901 345
330 1990
1335 869
497 247
736 1851
715 912
383 1516
105 1955
1347 422
874 900
1102 1520
346 182
436 119
751 335
1810 1362
921 1779
943 84
993 838
1441 1972
653 88
1912 1775
1307 414
1378 665
1567 652
1211 1615
1337 1530
1336 647
499 746
1676 227
968 1033
310 5
135 1673
1602 404
1801 600
682 1713
116 944
1236 1474
918 576
870 349
650 194
1616 536
1780 239
894 1591
986 984
1031 691
1196 1891
1448 1022
222 1548
1321 1648
543 292
647 1969
1726 1809
1852 1185
1679 1440
978 914
90 1631
1827 1612
53 40
1802 1744
1869 1199
694 245
241 1605
128 1617
455 1291
1402 1427
1485 1792
3 666
1198 1465
1540 875
915 1302
571 1203
1608 812
1663 450
1029 771
406 422
1715 347
27 1715
1044 729
1495 1933
28 1688
217 91
1178 1176
1272 734
1775 573
143 1855
926 1787
393 264
1093 1083
1469 1223
601 108
761 244
139 1459
157 950
800 697
1201 476
1835 1550
484 451
1410 1155
1109 743
1283 393
1165 819
391 1187
1802 1021
885 352
22 1818
1045 1417
521 1632
346 711
1665 600
955 1349
1344 1104
278 1423
690 415
1788 671
170 525
1737 1535
1029 1987
1671 913
1385 1304
42 147
700 943
1224 885
1613 861
1357 1408
1543 1829
168 1813
443 428
598 278
32 1149
346 169
572 1497
1330 1487
1648 838
765 1153
1497 1703
711 1009
1942 1925
1956 1956
1491 1844
778 1086
1747 610
1377 1106
1311 465
163 1473
1155 203
985 1845
1538 54
1970 445
888 1618
1470 976
1170 1249
1727 1662
1812 1297
1089 1707
509 1444
1170 1715
1006 1680
1903 637
163 1843
283 835
751 593
475 294
740 1513
1676 373
11 1164
1272 1810
84 997
221 246
888 700
982 940
317 1574
726 1387
995 206
582 1472
877 1047
1245 379
489 1264
688 576
1863 1595
1931 740
1043 625
591 378
1293 750
1052 922
1785 1857
1308 1441
1973 1970
1315 662
647 1419
903 774
699 1860
80 1243
895 1886
461 615
1454 41
1931 1366
15 366
934 1479
892 880
553 427
931 234
1593 1085
333 1598
684 161
1850 782
1028 815
1667 234
834 270
1786 1903
598 1082
1888 384
763 1112
1698 235
1151 2
466 949
1189 1206
1668 1622
590 485
304 1454
1926 428
1096 165
1188 1629
339 345
252 332
456 1387
747 1951
1543 1661
561 1576
92 1772
157 1450
434 1185
1994 1655
113 707
538 1354
1753 661
777 1693
843 1169
345 1585
1338 1481
1838 344
75 1077
916 491
530 1960
359 1724
927 667
1126 1178
1539 368
687 127
472 1619
807 916
729 1871
229 156
1360 554
118 46
455 411
1241 591
1186 1987
1935 23
450 1321
1866 1901
823 1261
1301 933
1298 987
274 1889
657 1579
1895 1579
1216 1949
47 685
1194 1796
416 221
1611 25
661 1600
1652 1116
1503 808
824 1424
146 120
1134 608
1378 1710
35 1907
246 113
352 456
863 533
1290 1590
218 1564
341 1279
590 768
1985 1187
819 215
1988 436
804 1005
668 353
1084 1128
75 199
1004 667
311 864
1874 1519
1530 1485
1211 1474
803 1942
1804 111
267 1251
748 817
1511 1309
538 787
1790 1078
863 1879
540 1475
284 1796
1079 427
1214 1351
1140 595
1257 1906
1961 1879
1985 692
10 957
1227 1583
1586 122
124 514
624 1570
1600 1858
184 795
1787 598
1395 67
929 188
914 78
114 1663
1747 1603
119 1514
1022 1476
538 1501
1260 363
1043 350
1635 159
1764 1626
739 1765
1243 699
1787 1285
78 293
745 992
1448 442
955 352
1687 800
945 1551
1530 1943
580 1015
246 616
345 1191
86 986
464 1761
1864 631
1734 773
1429 1435
251 497
965 652
246 146
1406 1716
454 778
700 1536
148 1601
1458 212
1875 653
650 1511
433 1408
1779 407
1437 1125
195 941
943 1442
185 918
1856 1581
1654 986
1368 1973
701 1400
1538 221
1188 715
432 740
1491 1417
335 1015
1744 1732
672 572
1754 49
1524 1540
244 161
888 583
1564 1486
699 759
1082 1470
962 1648
374 1210
677 1074
1028 584
1213 436
87 1644
88 852
800 1167
1306 1172
827 637
546 149
391 552
648 898
821 1645
1037 1975
897 1034
573 1951
1059 989
789 1019
645 648
636 204
246 159
1850 1594
1953 168
1640 1464
1873 1578
810 1311
71 1284
908 1198
1719 372
1737 1863
1015 1342
816 171
318 885
737 1986
973 103
1507 602
141 1394
1498 956
1935 491
998 684
553 1278
72 684
1231 448
580 1265
1635 1001
1540 1297
307 1306
1629 992
733 1706
1358 887
502 594
1762 1718
803 694
1524 1357
710 1456
1794 1121
1564 768
1334 682
773 1442
651 107
1883 216
1697 149
1790 1293
1134 1185
1577 109
1434 1344
849 47
876 1308
1219 12
1471 280
921 507
986 1364
917 894
548 1123
344 1666
1277 1047
1287 72
1693 85
475 626
460 1597
1593 1419
326 1349
1302 1277
1398 1830
1585 302
91 1410
238 911
1690 70
899 1586
1336 583
1447 1354
292 325
823 165
800 1660
1868 290
1849 1596
527 856
476 985
1872 334
1800 1563
157 801
836 688
811 505
1104 163
817 605
491 1776
206 1805
560 1679
1776 663
31 326
142 656
1880 1032
827 1371
467 1004
10 983
1171 1113
1952 493
1851 1892
809 1416
83 573
488 680
18 521
292 21
1822 269
1377 895
857 1768
728 1558
1266 170
135 1719
314 628
464 1842
284 1224
389 1438
189 822
1975 219
2 1461
482 1956
1247 657
794 528
303 129
892 480
1539 1983
866 751
1925 280
305 669
588 1131
1711 705
1451 1513
656 21
312 648
558 440
612 1268
1587 1824
901 843
119 1099
1995 369
1412 1563
1746 1804
297 386
617 1139
15 1920
79 1737
964 1915
81 423
1151 1766
996 1807
1423 1601
607 494
1564 1725
962 876
805 470
173 321
122 794
207 363
1807 1372
154 1077
1107 511
521 664
1647 218
633 970
624 258
290 1412
335 807
1666 1054
1610 1897
320 1448
889 89
990 525
287 420
1518 1179
1109 459
1563 1953
1765 632
904 1006
1908 1527
672 1427
91 778
1597 1491
610 1682
445 1112
1824 633
798 957
530 653
1903 1670
709 122
475 456
1506 1478
49 820
154 217
1991 1449
504 611
791 1633
1665 269
951 1086
845 988
598 1556
1762 150
305 56
389 1710
122 689
1876 45
1583 543
1177 1095
1086 1926
1988 1101
1292 325
699 150
1472 870
1978 651
1170 1625
1886 1497
1797 1572
632 918
956 426
44 1110
166 883
1583 480
559 325
810 857
1488 274
1170 249
1475 1349
1894 1614
169 1386
887 351
1843 555
1196 655
1392 1951
237 1592
1898 297
309 1380
77 504
822 1915
553 786
469 772
1974 984
1756 691
1356 1511
1194 1382
1302 53
1068 1366
446 485
1593 1790
1469 890
759 1303
1847 934
306 1905
518 722
1534 1101
1838 652
320 1397
705 308
150 452
141 208
561 149
213 936
752 92
1705 527
798 1042
971 1518
838 1426
1083 1218
1031 636
1864 149
284 543
1002 742
1909 1019
1981 1460
1020 512
836 173
1408 1235
520 1173
521 1926
493 1312
1428 852
1176 1027
1172 1051
1078 46
754 1211
845 1627
613 128
1964 179
372 512
544 1072
739 985
112 1372
1314 1842
301 781
521 228
1807 1880
321 502
327 1724
576 1087
358 1604
100 157
118 1838
247 1179
618 121
22 1808
1117 1856
1926 1043
1442 156
1925 1244
135 360
1237 905
1427 1094
576 1319
204 617
1469 69
648 780
1170 1263
102 349
1336 1455
678 94
1738 558
720 529
1905 1890
112 344
158 785
138 1504
969 436
1657 1793
975 426
1048 1243
1889 170
1871 1802
1663 1919
1421 965
614 1706
1624 176
510 1934
337 778
287 1533
319 1058
1145 1146
304 1458
652 1659
847 1234
29 1346
630 487
637 1581
469 1803
1877 1427
244 1507
1864 1139
1182 647
724 868
76 1013
418 1117
175 737
329 1129
1548 916
1730 1781
419 1621
1817 909
433 1004
889 603
1306 1647
1165 982
783 258
389 1109
1668 1493
1320 1782
1145 435
1652 1386
487 188
869 153
2 420
130 1408
1415 753
1722 125
710 1646
86 254
857 1361
330 1305
1003 1813
328 1261
148 1715
128 282
1007 1365
615 1790
326 12
1939 1575
823 851
1926 1819
1704 683
1868 352
1196 3
1803 1001
1564 1552
571 450
781 23
1812 828
1392 1631
419 1991
892 682
982 889
1325 1487
1795 1507
1752 915
292 1051
240 432
605 1895
292 55
1531 912
320 1200
301 1518
37 39
882 669
241 1161
922 1347
710 1444
950 856
1080 1886
1397 842
585 364
747 1794
1521 600
1252 1968
1120 1123
1485 1889
1952 1572
735 205
776 1205
560 1542
225 1375
1527 960
83 1316
1048 1388
34 348
49 1293
367 1838
1269 115
1855 324
1333 1690
176 643
1121 1181
1241 1022
1241 1170
394 782
78 468
982 1341
1634 480
909 1030
1393 483
357 453
1136 561
1540 515
966 1400
1695 1573
250 821
698 396
898 274
934 1396
10 1147
996 1822
1829 340
585 1447
1057 1620
1838 1821
1236 986
727 1606
1911 1646
902 641
82 1841
174 181
991 50
1625 569
596 486
1777 1030
178 1945
446 455
1409 1451
290 981
879 530
176 390
58 1235
223 1774
990 307
1872 1754
1554 1552
336 827
835 807
538 1102
314 1293
27 314
170 279
1355 155
1443 1037
1258 118
442 1918
632 236
1181 1033
388 357
455 268
48 387
1365 312
1425 1417
820 968
1182 939
429 1765
1550 504
243 1613
1622 1301
758 735
1524 1265
195 119
1667 1626
1626 329
226 243
1863 1764
1278 788
812 1568
259 977
1687 313
53 1428
749 1837
1677 743
72 613
945 561
1688 758
1556 1999
123 383
822 331
1632 567
677 1331
1556 433
753 1769
908 1296
498 777
1258 422
1837 153
1027 935
248 1088
987 1274
262 1241
1033 744
177 497
996 1052
1001 833
666 520
620 1291
273 1614
1510 1545
471 133
744 1786
1436 38
853 561
750 1834
1751 1569
333 1405
365 535
310 358
551 828
15 788
1908 1185
315 1528
120 1415
292 466
42 527
136 1805
1633 11
1087 1970
409 1158
86 90
1969 28
1310 842
1369 50
1405 1233
1759 360
526 650
786 1562
1209 1738
808 732
665 610
56 978
293 1321
1711 1971
1188 1066
790 525
1217 1547
206 1029
195 1118
1967 57
1555 1371
115 1256
1417 1289
860 968
1832 126
1783 1039
922 1046
252 1117
1314 48
434 1081
499 316
466 727
422 1364
141 1470
1457 1703
252 1997
802 1453
1438 715
175 1223
1368 1932
113 1281
4 57
569 1869
881 951
635 1081
1120 281
397 866
1641 1241
286 76
1987 712
993 1743
308 963
742 1249
1465 620
852 1387
594 118
1297 501
724 1927
293 382
148 1935
979 1453
62 146
1521 998
1242 1012
457 12
1820 1570
1499 1076
175 434
123 212
515 1973
336 1383
267 640
638 743
790 117
1650 1737
1492 1448
528 235
567 394
1273 614
954 808
1006 266
670 70
1714 1858
621 1449
772 965
1934 1246
1013 1478
1190 99
907 722
1870 21
1703 176
1075 1507
263 1904
719 952
1933 545
1017 864
529 1594
31 296
701 548
918 1838
1364 1643
1199 1627
395 617
986 1459
546 222
779 257
1632 668
234 623
1297 1212
1753 189
176 1581
310 1009
174 1351
1005 299
1652 1841
1838 984
1108 69
912 1047
1821 97
1553 1071
1051 149
375 905
1447 178
1388 1439
1444 879
521 1775
1754 519
709 971
560 1369
1437 1998
912 1302
1289 1455
559 873
933 1595
205 1520
757 513
367 1581
1773 120
426 104
1926 1201
1829 733
1436 1768
932 112
499 1669
606 458
13 42
1750 263
965 1632
288 1439
705 62
1331 1441
296 613
1753 1465
1383 242
1113 1640
1927 1250
1969 1045
766 1412
1117 1536
512 1483
1688 1487
909 1855
1060 1389
1626 1542
1271 1461
1689 1586
416 1111
1340 557
655 570
838 1256
1656 787
1406 1386
1721 1588
1471 1646
952 390
267 577
357 1452
107 1006
1967 1695
1268 550
1293 1161
331 584
1998 69
1201 1518
1616 1103
471 943
382 419
1036 417
83 1270
953 1938
1394 287
741 1330
379 795
292 313
357 207
1259 380
817 237
891 204
1306 1167
789 1761
1109 1736
1548 1269
600 326
1966 966
1576 76
469 1417
183 8
1461 521
62 502
395 1253
1490 1337
1057 1658
536 1227
1003 475
1702 780
1132 1999
1126 713
715 1774
343 864
1255 911
686 1652
1803 1137
1653 152
604 1687
1643 183
977 297
1605 1748
1864 442
1492 1038
64 1642
1490 1274
821 1427
1341 1743
1808 1197
306 1596
476 1829
1098 276
89 726
555 513
1474 1777
1258 143
1310 1313
1083 919
1828 467
1464 669
1464 1326
1032 558
233 1074
450 1529
553 1335
1112 1772
628 1062
1825 723
1925 129
1828 1328
1503 1698
1498 631
1507 413
1195 1288
1399 1237
175 1373
1329 272
52 570
281 1044
1633 137
445 656
1083 1423
1599 563
519 1230
1127 110
1213 1540
1605 591
1577 1810
1960 20
363 114
1233 1487
355 1971
1197 1123
885 1389
459 1572
1571 1231
1878 891
1392 1509
1515 397
1026 1400
1080 1733
58 890
530 348
1376 1124
1070 700
78 1607
13 460
1452 703
511 1021
1675 1950
1244 1728
1562 449
1319 1258
1171 719
86 1083
53 1407
1847 1524
576 1704
1594 1190
1579 3
663 383
1766 122
630 518
917 110
1264 967
859 402
1106 1127
1124 427
1370 1462
1192 1062
826 190
36 608
212 1402
498 1053
406 970
814 1660
1928 654
551 1855
820 1263
396 571
1314 705
872 1163
246 122
362 1842
793 163
1524 453
1873 1888
1291 888
474 911
931 1059
80 1180
442 1628
1683 97
606 467
680 230
498 229
60 1058
459 1122
693 790
1127 1502
895 683
867 976
708 1982
696 778
970 1302
1820 1512
1744 278
879 1175
1407 1999
483 1557
1690 993
1691 32
796 116
3 919
1438 1120
1417 671
851 1962
862 1471
206 1387
1269 1851
534 1419
1629 118
89 150
1042 503
1205 795
1648 1766
393 1179
385 710
231 1583
773 826
5 1555
515 1351
1752 684
1651 1187
1563 1144
301 1887
638 1411
1437 119
1166 838
1527 908
1335 1587
483 936
499 1773
1221 151
544 355
1251 1145
1800 1282
1729 1827
1772 1120
617 655
1404 1775
31 1663
42 1357
429 932
806 1069
1737 474
269 1792
615 614
1197 190
441 917
1337 1071
658 1918
1020 1064
538 1095
1677 357
335 451
602 1926
1276 1447
1721 1636
1421 1566
1979 1800
925 1970
528 1401
1930 294
1973 1244
145 1779
1889 959
589 1921
1685 552
1048 680
993 328
382 342
1653 1898
1640 776
1557 286
1418 517
1528 1640
525 1172
177 1609
1884 889
1041 1951
1039 1393
877 717
949 1916
241 228
1198 1369
239 1914
1762 107
1853 1108
1515 714
760 59
1604 1477
1230 41
975 1909
504 340
1565 206
1620 481
1839 1140
1766 1504
1793 1673
1187 893
1964 1578
1833 275
1657 362
1360 1520
1152 972
1975 1656
648 189
1125 552
1120 107
1569 132
1841 1438
925 1422
806 1211
752 1613
1809 196
688 638
1176 947
579 969
385 329
1517 520
440 593
1695 1869
836 360
369 779
1617 1275
1202 902
1681 156
1884 1167
685 1024
1254 14
1003 1758
431 1775
560 1201
640 822
1300 352
97 969
341 278
215 1500
409 374
789 573
1698 1477
1717 526
1353 911
1271 227
1311 1485
39 1345
1388 712
1253 972
1089 711
1202 405
242 698
554 1693
572 567
1834 383
978 1987
1411 69
878 952
971 1662
634 1264
1359 307
814 1129
1979 181
239 1506
1407 435
1911 1868
146 574
1565 1982
599 29
1559 156
262 1298
1709 274
1283 1322
1200 1977
509 1617
1673 38
703 179
724 162
419 1468
1046 513
988 398
1529 1700
983 1622
1179 1277
227 1085
1811 1222
12 1163
100 1426
654 659
964 951
541 964
740 525
1755 393
722 568
80 1929
1417 1615
826 1587
1168 1817
335 223
122 362
797 318
273 891
143 101
963 1582
774 1591
1724 514
869 1828
1511 1624
388 1573
1300 308
65 1493
1982 1760
1961 1963
11 421
1684 854
306 1875
901 1826
344 876
1823 698
635 742
1971 516
1286 1188
212 1881
1686 1195
545 1163
1557 949
21 1503
996 498
152 1287
1423 1461
1113 1757
1895 610
587 260
1961 153
566 106
1823 1450
153 315
1384 573
705 150
606 1604
381 216
1252 1375
1026 1541
1283 1206
1450 717
1533 1542
283 891
1676 971
1796 1933
112 952
1720 570
1637 579
946 753
1727 1413
1239 1984
696 481
907 1569
1909 1977
714 1687
1503 1537
958 1027
1463 1110
1720 108
1293 8
1859 1920
1599 1203
1234 1626
701 1833
1330 885
357 1480
450 623
1706 1157
1289 70
1843 379
1366 15
1932 1423
46 1072
37 1476
1166 1881
89 683
563 496
321 1202
1962 1422
745 1544
1952 187
1087 379
352 1586
344 305
187 1816
1971 128
356 388
585 136
1884 434
1798 964
1158 1993
1314 601
1347 1664
368 1314
723 681
1145 1680
715 1382
98 1068
186 1726
420 1204
1835 618
917 1421
505 1093
1093 1806
1414 983
1191 790
482 1791
1206 1361
846 1314
814 371
1042 826
1729 1745
407 145
1099 477
533 1269
618 1514
1610 1671
374 1547
1715 12
246 788
78 853
1357 581
483 768
1585 1596
1162 1575
1984 928
1290 200
890 797
576 1170
114 1548
1648 731
490 894
1598 1212
964 843
1642 514
1092 1179
472 1831
110 1669
297 1019
1440 554
806 968
992 1144
94 892
137 1695
996 782
970 1596
685 1846
1994 1450
1914 534
768 841
747 958
939 322
4 1872
1756 1305
1381 649
1421 1018
1854 1647
135 526
1302 790
143 1736
649 116
942 644
1886 1703
1149 1096
1623 1961
531 1317
1110 1342
599 285
1496 1204
793 407
523 691
925 544
25 673
838 1914
1186 903
1502 590
934 1413
194 1245
1938 1816
1279 1057
850 1388
1384 1769
878 70
1871 243
1122 1216
225 1025
1107 195
1883 120
82 351
160 1877
215 1000
494 951
1605 488
395 1115
1636 336
600 874
110 1389
1347 1142
816 798
283 1003
1775 852
853 1584
464 1654
1062 1961
1062 718
1352 1370
783 1877
113 1255
993 1955
1531 48
1122 1073
1755 1437
603 237
1386 11
1840 302
1729 378
57 350
1439 98
1414 567
1032 1370
1899 1215
1358 729
1978 1720
265 851
573 74
1536 1690
1434 299
968 243
646 750
1239 1229
404 547
1080 559
925 1253
1885 1210
1981 249
1204 1318
1708 1171
428 1886
361 16
135 1178
718 563
163 461
1542 1785
638 1183
956 1494
670 364
1534 953
1451 1038
1202 1577
1494 1369
1032 1537
230 742
1079 1284
1588 1867
25 269
537 1514
50 1825
923 1484
839 850
231 415
1081 575
1168 370
249 315
359 1603
1132 460
584 1652
1836 452
827 692
1035 545
621 1592
1662 769
249 589
897 500
1950 570
983 141
152 1697
1091 1029
275 789
1846 277
412 660
112 1398
570 823
1732 974
436 817
844 1453
133 442
1640 430
1072 1550
1499 1850
1525 136
1129 142
1836 1473
1223 538
1178 28
1829 94
1793 458
1890 1939
199 1240
1782 780
571 1272
326 65
1878 140
994 1322
1149 174
1700 770
1522 1331
1494 1869
670 861
1284 1396
1231 1790
1488 869
1680 1616
1468 736
922 1481
85 1295
85 1052
209 446
696 1838
967 288
1806 1949
62 1904
1121 1371
1914 707
329 1903
1157 1432
359 711
1851 858
1424 1886
305 672
472 879
1258 214
169 1358
54 27
1126 500
483 1555
1284 663
1605 1088
1630 56
1953 1886
1389 872
1041 1744
686 730
515 132
225 758
537 1843
914 400
1702 476
814 1174
1459 934
1078 718
1127 629
1994 677
1394 1407
1204 1806
1919 354
1354 1297
1959 512
714 865
952 601
190 148
1456 1854
1383 1549
438 176
1412 1836
650 820
1231 1901
1774 934
1141 1126
1343 1197
1317 876
1303 1893
677 1813
1342 1376
78 1801
1371 1501
4 1083
686 1758
1469 378
1207 675
1635 996
1458 1033
1387 468
997 738
60 466
505 92
290 1102
1333 37
692 592
529 796
242 861
1283 735
639 777
141 1283
864 1255
1735 790
1950 206
1592 298
707 1722
1636 283
365 1417
859 413
953 1964
300 662
627 1584
351 265
1653 1547
1201 347
1401 72
166 111
1624 1558
1265 786
1418 482
433 599
357 26
989 1231
39 1154
1685 1988
1946 404
1452 378
804 705
1405 249
786 1917
847 317
1102 704
1220 314
496 1556
557 1469
642 145
1591 957
4 1869
1772 1504
3 1320
251 1385
133 1448
1336 1900
2000 1164
1917 1376
1403 237
1514 1019
171 24
686 1401
1184 1147
915 1669
703 1142
26 1629
429 1064
1980 1135
1902 894
1441 478
1535 909
1188 1668
1733 1536
1035 375
1868 1866
1658 1087
184 1682
1654 1082
967 1395
1097 89
1717 1592
1987 1262
256 1313
858 760
31 90
1718 693
1507 438
1636 1522
449 20
1227 1528
1507 1555
1858 1571
333 1199
350 390
1768 1230
1581 1253
1823 374
1112 292
1342 658
1237 314
1824 1939
1595 17
1664 1981
1411 1462
1616 1025
1544 796
1859 1236
68 552
532 412
206 1062
646 1566
340 263
1801 568
1207 782
447 1637
525 848
173 37
331 656
95 346
1146 1958
333 624
460 803
796 1232
43 902
1293 1293
1711 1267
1389 1434
1877 6
155 942
1865 1371
281 839
1287 112
491 1819
1145 1077
1657 78
1770 218
1530 517
1842 472
1769 195
1532 792
837 1167
1729 1850
1661 863
489 801
1576 1101
259 321
1575 19
1696 1055
1173 1131
1943 4
1157 1394
424 1541
1838 620
1829 597
347 107
1319 1982
373 1641
44 642
1453 375
1343 1382
2000 1123
1720 150
1546 1035
1775 1696
1934 536
277 1554
83 1972
690 502
488 1491
707 717
1928 1138
195 356
1616 267
1369 993
1802 309
1572 1969
1729 1400
1559 353
1359 1549
170 1229
694 1388
1755 383
1298 90
126 1209
914 434
1856 707
866 1596
588 527
189 1779
539 1525
1293 593
1078 1462
221 1569
1669 968
307 485
944 432
1537 300
623 1403
1791 639
876 1082
1043 5
1544 1744
656 117
975 1829
632 880
319 663
1429 970
263 583
742 1436
1708 437
851 799
213 243
1374 1945
413 1565
517 47
1592 28
1825 1498
682 455
1131 2000
1089 1439
953 1152
1600 32
755 1950
456 1972
1451 1262
613 1294
1929 1509
1089 784
133 1106
1003 113
763 1064
1706 1557
1408 1018
378 696
1450 454
864 331
1887 1259
3 1814
122 1200
1101 1258
1869 812
82 1202
397 1413
120 170
1040 925
1826 32
931 1835
1241 220
907 478
1781 829
1763 998
1606 207
510 1334
1363 249
934 866
1880 1369
684 349
673 167
1237 1700
1185 598
1120 360
1330 1036
1480 1109
321 1212
643 418
1527 21
504 960
277 1892
211 1248
606 1852
1175 1992
272 994
168 1788
943 1781
1955 1816
1192 225
1823 1491
122 1801
1943 602
605 93
853 1344
459 327
158 397
232 690
210 14
312 1733
736 389
1051 840
1470 1340
196 1791
1412 1432
1033 794
654 1997
1737 745
1775 683
1434 941
1972 765
1841 649
990 895
254 1347
286 1866
938 1685
434 809
450 1974
411 1505
352 912
825 321
862 1364
150 283
939 826
1649 1482
1546 942
1696 159
1629 334
1032 1489
157 1715
262 1995
1521 556
1238 861
1824 568
1238 467
1036 1979
1971 1033
322 1816
682 947
1630 1109
362 368
1293 523
246 1278
570 1998
1475 341
1991 1168
1226 1881
1576 612
1793 551
806 826
859 652
458 1396
1376 1229
1738 702
272 194
765 36
1583 1820
1671 1504
765 1847
343 1343
1602 899
657 1452
1764 1093
1374 1142
1901 1510
679 1520
1410 556
788 472
1398 1733
621 597
1282 837
1554 735
1287 1363
512 682
1305 1900
733 993
342 64
1215 1256
1229 94
1189 1678
866 847
739 949
193 1147
124 900
1651 1208
1316 1963
282 1438
37 1516
1435 1461
1296 819
1320 39
1328 183
1052 1810
1262 732
485 488
1326 380
154 1022
925 480
341 633
789 926
100 823
1517 1175
1915 1159
753 1717
1210 1004
1329 1750
832 1063
450 1013
1348 692
22 1045
1574 1472
225 1718
208 1810
180 1290
1417 1912
138 1113
1106 1323
1024 1845
1247 864
1921 1216
851 1845
997 521
154 1975
1118 201
1159 1414
884 1526
1196 108
1536 1417
1752 1967
556 670
635 1547
1687 1
286 1802
1862 193
708 1025
576 1688
160 1384
1927 51
104 895
1513 1737
1118 696
1748 740
440 673
1877 1316
339 1053
146 1367
1831 1383
658 969
445 27
1928 1141
1103 1444
1997 1692
904 657
1390 1166
1238 1582
1452 1768
255 1740
878 1921
1326 718
328 1119
300 205
828 120
926 219
736 1367
289 35
961 1469
1845 40
1354 718
1334 1580
1639 55
970 1
895 1212
631 1025
115 1829
539 663
500 1529
234 1157
1299 1893
1638 774
244 1480
1540 723
947 24
92 217
1666 1637
1705 1300
831 1775
16 511
527 666
1688 6
1218 1147
1504 1289
290 1000
490 298
829 1488
1102 1463
16 1325
482 1086
1123 1196
880 1245
151 340
1553 133
62 1694
1078 998
1603 771
1503 266
764 354
1368 1912
1479 1292
1869 1707
683 1259
1692 531
1531 1495
283 723
1309 969
86 475
1723 1215
1609 1347
40 144
686 900
858 1195
1248 331
1476 585
157 386
1946 36
1534 1226
1396 444
1575 379
1618 514
1563 1343
141 1531
1830 1404
1606 1839
1275 975
590 258
233 150
337 451
1980 3
26 1051
1832 796
398 299
280 76
1064 1767
1800 564
709 593
941 768
1915 27
1984 1481
458 493
1792 681
1028 773
876 503
389 1779
1611 909
1388 707
500 400
865 1943
988 658
267 1865
742 398
518 1010
1234 1389
447 324
1658 1371
627 212
1055 1745
270 279
940 1541
836 1448
469 1561
1506 441
1303 783
891 154
1313 597
1531 224
501 1443
1071 496
340 1744
330 406
65 1556
650 1481
1665 1062
1245 376
704 961
1586 1808
1883 246
1899 1134
1364 1347
1674 823
359 451
1129 1984
651 1648
12 399
1229 609
1955 1310
1852 1451
263 1035
1598 977
467 33
1877 561
1146 1186
1124 1029
1708 1933
1011 406
1867 1586
1224 1384
511 395
57 1386
1283 1427
1732 352
1223 1772
130 390
1037 549
981 1402
4 1960
1075 599
248 1416
1939 341
174 1533
133 1655
954 1161
80 1110
1301 894
614 214
575 1128
1518 1550
29 792
1918 1269
1876 1686
434 583
364 1572
1221 1263
540 371
24 1938
60 665
1988 993
1776 1542
720 790
27 1126
396 453
1713 1690
553 1662
1076 1201
1538 700
1951 993
38 1097
1447 477
1328 1016
1370 1893
980 22
341 695
873 1336
809 837
1241 1636
489 1969
176 874
1701 515
1886 687
1433 1694
529 698
1032 60
1870 199
84 1398
222 1621
1151 636
792 60
818 120
1299 693
15 574
1550 39
689 1464
1386 1946
767 1833
487 199
1232 1809
784 56
1619 1196
1946 573
279 2000
618 975
997 1596
840 1361
1454 382
1663 973
1916 1308
646 950
1466 8
27 1067
1309 684
416 1684
1813 1636
1370 1397
216 1739
454 924
1558 294
152 1592
600 1079
1914 1529
871 279
64 1832
1338 787
383 487
261 781
1498 1359
1051 1020
100 1920
1243 925
218 257
1418 1033
714 1652
1376 1761
1398 190
95 987
250 39
1526 204
236 1403
552 405
467 1050
865 1968
423 1060
1113 1462
1027 664
1339 1077
173 607
95 752
1590 1495
1177 97
357 290
1688 1168
364 1592
1105 215
1704 246
1035 56
1826 94
80 1343
1817 1368
1525 560
1095 361
404 1102
1552 1739
1124 1005
609 52
1262 970
1578 1116
301 338
49 477
409 839
669 1517
802 1425
1126 403
526 697
1954 1489
1447 1516
999 1996
944 1216
358 1461
602 210
315 1774
1651 1219
1967 661
1273 1030
1268 1932
207 134
171 1377
38 42
1333 1197
158 1664
1854 960
1411 1473
513 577
200 1045
1546 1969
911 1155
731 569
615 885
1255 1285
1115 117
543 1567
757 1335
1819 1389
1744 1463
774 226
334 413
441 1389
1460 1217
1451 1810
1480 513
1251 1561
795 1151
1088 1380
438 1578
1912 1504
1099 1406
1951 1275
285 1005
1140 55
1466 793
518 292
1453 244
450 279
644 1822
1386 1563
1047 829
161 347
143 647
398 68
316 1150
1677 634
1071 1948
1183 247
33 251
1079 1841
1101 81
415 1992
155 274
880 1259
375 1304
572 859
1369 1472
555 798
534 662
548 776
989 1647
967 606
1537 1450
1676 132
1419 1125
849 689
397 1083
834 494
325 1483
453 1980
136 340
1808 825
801 469
1154 1766
1928 1076
841 1293
1425 786
959 1662
132 71
1604 782
1395 1430
1641 297
1487 1936
1709 886
518 902
147 1467
531 1175
1647 1635
22 185
198 1190
1587 471
1231 980
1595 1355
1633 706
161 1316
965 1770
687 393
140 1419
823 471
371 970
494 1417
1956 789
484 29
1310 854
1754 343
488 1382
1608 5
609 1054
1303 1630
1970 1866
148 1870
327 630
315 551
1280 457
524 1556
1980 1679
1055 868
446 1133
178 1192
1381 1486
1672 1145
1687 587
183 1909
1915 1420
561 1573
1445 1266
1789 430
270 1364
697 821
476 1033
909 94
1376 629
200 700
288 1814
67 395
15 566
1871 1892
935 792
1563 16
1283 1697
1809 254
1775 115
515 533
1979 648
112 696
92 1804
1536 280
1617 976
1881 359
1712 1986
333 1835
660 739
224 700
843 1213
1514 1986
1152 125
1120 267
1396 1859
454 662
706 578
743 1025
776 891
712 996
1884 1755
1874 809
1362 1836
561 673
1669 1913
1494 585
1265 833
1993 1064
294 641
1943 1771
155 1629
1132 1503
144 218
1300 1972
1620 178
915 1142
1653 962
898 1553
145 959
1369 1215
55 348
577 647
1702 1099
1008 994
816 589
1660 1823
195 1883
1342 1441
496 1451
1221 1840
8 1092
1795 766
1209 481
1748 1998
1841 833
577 1651
1928 527
1497 611
1513 1645
629 55
849 1120
325 1580
869 1680
1660 426
1911 1471
504 419
1674 780
1579 731
4 1364
70 959
1741 1763
535 113
570 52
588 1595
756 670
1393 244
1977 1521
802 1680
210 1228
63 1839
708 630
1231 893
1323 1865
1563 193
1429 1787
447 416
928 1998
991 1076
753 1608
729 1846
328 21
1848 1224
1917 966
770 873
1239 1784
194 919
1958 68
1639 687
1983 239
621 632
1159 112
1061 1214
372 1049
1335 48
1734 1178
590 655
1060 451
160 1497
1036 867
1253 1442
1591 1327
230 138
1765 1803
1841 160
1735 262
592 135
533 1906
1920 407
318 48
1032 111
1640 858
622 1422
1170 745
993 1939
1313 1956
266 877
1126 913
1207 1723
280 708
436 1896
892 1732
1977 693
1651 1806
621 730
1680 628
1334 866
9 499
499 1921
1168 1197
1644 1700
1537 692
39 576
620 1033
619 1072
749 1332
627 430
1403 555
179 1865
1836 475
1486 1733
1272 549
722 1072
1721 880
1576 1659
69 550
1667 890
46 1738
1625 1015
1272 155
172 903
492 1124
114 448
1086 565
640 88
1669 1556
92 970
276 1146
1706 725
546 870
322 853
699 218
874 822
1875 371
1715 1602
1773 1384
1492 1757
7 1121
225 555
1891 705
113 1371
1745 1181
884 137
642 1663
1300 782
1206 424
952 940
1796 1461
1030 73
1038 1301
1214 1968
1487 1130
1241 593
1350 15
1051 1302
1648 104
181 1906
227 1745
407 359
1080 1203
657 1404
1657 1696
667 500
504 156
717 627
87 15
254 811
1038 1321
763 791
1201 845
1250 1506
1600 1266
1453 647
1303 1027
26 1733
497 190
1111 1595
432 1077
903 905
1078 905
1415 1324
71 1644
1662 154
1807 1540
207 1877
1847 1299
1139 1189
1416 1554
1226 1793
895 1445
261 770
1178 1243
534 590
670 105
1262 1686
1131 169
734 974
1290 917
1759 709
250 1081
341 1601
990 1756
1350 678
312 1074
1091 572
994 552
330 607
1512 802
1983 1983
1715 517
1050 936
1621 1237
814 1316
1117 1235
322 886
817 1514
1870 1853
1707 460
764 1734
977 1104
301 212
279 888
802 408
1584 1087
1654 112
251 816
1479 1058
276 768
698 1867
265 625
1163 1227
685 896
1342 849
515 1514
47 37
466 1496
872 1432
447 1620
300 1205
1341 586
34 855
419 1177
1989 172
1388 888
1435 1048
133 666
1517 1064
608 2
285 1923
331 360
432 300
1757 1912
1753 840
671 171
640 1654
1153 226
449 1992
556 160
655 1832
1592 1202
869 1362
383 986
873 770
66 1882
1262 1681
1723 722
181 365
609 14
859 1495
409 1333
1047 1675
1974 1088
750 422
379 1329
1698 1244
1053 1688
287 517
140 133
1710 1156
716 695
885 1483
459 892
1183 1960
913 694
116 1956
1899 596
1972 1942
360 418
951 1254
1382 291
729 1439
1307 1431
1688 1878
754 1513
82 699
1129 1172
811 1227
543 750
674 174
433 1646
864 1808
197 1375
607 958
1560 544
714 1011
78 1538
532 521
289 1742
889 1873
869 1280
1022 847
1969 1659
1664 727
1071 357
1263 760
1181 286
429 1445
116 313
1337 179
625 1598
295 288
519 996
1287 212
206 1725
1549 1664
659 1195
1545 1370
614 362
1328 1808
280 1334
944 1614
280 1288
1931 666
1132 151
941 620
1420 653
1369 1937
1868 1171
1426 294
1786 702
986 1575
345 1778
206 1023
1059 203
373 724
1537 579
395 1668
57 48
1835 512
1239 884
1610 1878
1783 1267
259 265
898 761
323 979
1264 1716
547 1272
1895 2
1168 1864
1872 553
223 1599
1281 1196
1565 1704
598 241
989 1152
1802 1196
23 985
1996 1114
1044 1029
737 1935
853 873
377 2
1438 1582
1026 1683
1730 324
1588 1334
279 267
1106 110
655 1316
501 1409
405 1346
1391 1705
1031 994
1184 1735
526 1656
1159 1872
1314 17
237 814
114 187
1026 2000
390 162
58 1299
616 820
1787 313
1788 1215
1970 1649
13 339
1525 880
1337 918
1026 1351
751 444
1128 1992
878 1
1923 1684
1032 1910
1280 1020
916 155
1209 1232
146 1126
221 31
701 854
922 1388
425 1697
882 308
931 425
1384 1661
324 208
451 491
1898 1614
888 1604
1656 1417
611 1246
522 944
1775 1426
1981 1513
1355 1522
1902 688
276 357
1233 1386
149 709
315 146
1401 698
1249 946
1465 1836
513 536
803 1265
1450 647
1823 25
391 495
1612 1621
1802 1867
1002 34
825 1707
1074 404
807 1856
1075 678
577 1175
1945 1708
698 1664
1540 1956
1771 1576
780 1064
1232 1429
1210 1001
1109 1535
327 1254
65 172
715 1898
1794 1337
1738 1885
1811 482
395 1163
1972 643
808 949
718 1772
1436 1954
973 1750
821 935
1462 1055
1538 624
291 499
774 1754
1728 1786
72 566
406 1189
1280 880
810 1693
1011 362
464 836
566 403
25 971
190 1092
805 1377
331 1498
1893 1681
525 325
859 1652
1054 293
400 627
291 1230
1376 527
849 1378
19 625
1308 54
1836 1325
1543 1546
975 179
86 586
1788 546
1201 611
692 968
1062 556
1896 1943
823 338
1678 1461
624 907
671 515
931 1564
391 209
93 1132
791 308
57 1755
189 1662
1335 1411
16 821
1551 1305
118 1162
462 369
516 903
1552 281
1840 649
163 1096
227 1604
710 1826
1192 1311
1657 912
1471 1702
1399 533
334 875
1008 356
146 1661
146 204
1082 1645
989 1750
1964 108
601 1218
1241 1610
68 1844
1457 1986
1281 1041
39 1204
900 665
370 1252
205 1217
277 646
1603 332
76 1160
1116 676
1564 754
743 1694
750 1254
1636 1586
490 1378
360 201
860 1459
24 344
205 863
158 1240
1456 452
1729 1299
1402 1107
1805 1307
243 805
1611 492
1252 546
1209 1338
132 1035
1317 705
286 1818
1613 1614
115 493
1500 1520
1018 513
942 675
396 854
699 1783
895 1075
1711 987
1651 1100
1255 1184
1418 1407
778 795
960 356
1988 931
381 16
185 680
1219 565
439 197
1182 1954
170 1317
1429 1739
1036 1850
959 1434
868 187
204 1440
33 1443
1767 70
1158 1279
792 92
1837 879
1663 1350
1873 1480
1301 257
1209 1878
1387 1549
1528 1209
1912 1024
1603 436
1261 1001
628 1236
337 1506
543 1612
1660 883
1133 397
1416 582
846 636
581 1438
1505 1771
1006 1633
394 1295
933 331
1451 1335
1592 1261
1104 21
793 970
634 545
231 1386
914 1186
577 1869
1326 1959
1079 1668
339 856
1520 50
693 245
1087 1935
1360 813
554 897
469 597
1013 1122
1997 957
1492 1578
1353 1011
621 1437
1356 949
1303 285
1746 959
297 70
239 1875
1808 878
281 1695
1722 1716
746 901
464 1723
737 1599
135 441
293 1201
275 1593
1316 265
1213 1773
205 1763
1372 1373
857 513
1297 266
1517 739
550 272
83 1988
1463 1170
1129 16
27 1797
203 805
441 945
365 781
1811 1464
144 1729
343 1964
1829 496
1380 374
366 1662
1820 4
180 1224
1757 1710
1796 1434
533 1483
1272 1124
431 1792
44 1442
1209 1351
1701 745
1573 1466
1399 985
1102 498
1053 463
1121 1020
970 384
175 691
317 1470
858 828
1515 251
460 1847
613 1431
322 1767
798 877
582 1650
407 1574
1534 549
585 1199
330 960
288 1769
729 723
1885 728
1213 1687
1704 108
959 661
377 1784
1201 1122
1437 1316
438 288
541 1842
1162 1311
1550 538
1684 633
691 600
51 1961
848 131
126 170
1054 1910
1520 1038
1889 1660
4 592
1058 1401
738 56
22 1228
503 1437
1583 1311
886 841
429 377
1740 1588
662 154
1018 1706
751 1341
911 1883
1037 281
1256 1481
1222 346
858 1421
272 760
1488 531
1915 138
668 1716
1732 1805
1152 100
294 104
65 586
18 1400
1047 52
460 1137
1685 420
553 1927
616 759
1978 1323
1950 726
1159 986
1564 1288
1000 1072
226 1545
470 48
1124 1942
294 139
1860 1524
273 854
1732 458
1322 1313
531 464
384 1398
35 949
846 1214
1866 1552
1156 1680
342 345
1400 1823
1076 1653
456 1666
1472 1412
1058 1451
454 1266
926 733
1424 1677
1057 1689
1223 467
561 1234
254 1843
130 210
633 371
1590 605
1349 1092
1806 1824
246 1647
594 1629
433 331
461 495
1801 857
195 1619
758 437
826 777
420 435
1140 1240
163 389
167 155
700 1135
670 516
1493 160
989 824
955 1218
81 474
102 302
79 351
926 660
593 1632
1603 1108
1990 95
1309 782
3 1206
1710 969
1814 209
1354 554
1254 1142
657 1147
1949 1945
450 875
1207 222
728 230
1688 100
1431 738
362 886
928 1958
1864 1748
74 138
1728 287
1002 1014
236 1590
295 419
809 387
1037 368
1963 602
1851 836
965 672
599 309
1396 1369
1341 242
664 811
516 576
1257 846
1315 1142
254 476
206 390
1201 973
298 1919
1405 1865
1164 1759
1100 979
193 600
888 1925
1263 230
1744 162
982 497
1721 466
32 617
472 1391
1153 214
346 1513
239 1223
1610 665
1632 1317
801 1814
1957 1993
644 866
1623 1434
258 1549
397 1196
877 46
631 760
956 1557
1928 200
623 559
67 880
1297 325
999 509
1182 577
1978 1512
1894 1262
1013 518
589 878
1828 1423
1277 1123
90 1090
1953 1649
993 324
1466 1538
365 758
289 281
187 1176
1840 1761
1417 1447
880 1820
693 391
600 1763
1567 921
1811 1352
1887 1001
1479 852
508 1293
116 346
1324 570
206 849
1771 729
1665 463
147 31
51 459
284 1393
1050 1870
18 1050
185 1303
1021 510
194 1068
1202 97
1490 152
684 1365
12 1542
642 1960
1248 670
1411 733
1717 223
428 1368
1602 44
1863 744
1186 1881
122 1372
1826 1715
954 923
197 778
1841 441
92 1714
262 13
655 609
656 1406
1400 583
736 847
1900 1683
408 1542
1704 410
246 897
425 1209
1518 1887
1197 1348
512 1001
910 787
1164 1351
388 1019
1581 497
801 1758
709 1730
1026 1545
944 442
1569 1913
1444 897
1663 99
1268 277
1850 246
393 1193
1902 992
1428 760
1341 1480
1631 603
1775 457
200 1053
1319 1347
665 1217
1362 1559
1295 1265
1045 952
1273 1551
1392 1479
130 1111
55 1059
676 685
867 63
546 468
1941 1234
455 1352
1633 1284
1585 407
1582 1627
724 796
1324 383
867 1074
1883 1012
836 844
1895 695
218 1860
879 1774
36 1813
1610 1030
888 1132
1401 837
957 784
401 1516
1902 931
200 530
780 256
249 1537
1748 820
1933 240
760 1813
1831 1463
426 469
729 1649
570 1744
374 73
95 799
1360 137
757 769
1147 1664
18 1503
1830 841
915 1707
1376 308
953 998
1742 846
1373 387
512 887
336 1531
207 1713
1130 440
468 1682
620 1721
882 1137
1180 1478
316 1648
852 668
902 565
847 51
794 1044
720 1733
111 1124
1270 1975
1859 470
1045 1157
1875 1096
1155 356
465 155
1882 1356
972 1529
1815 634
1260 1506
505 1049
1664 316
1405 430
1115 1041
1807 980
1678 578
461 225
1754 1715
1114 55
1226 566
477 652
39 1166
639 965
740 898
1762 350
1950 641
1330 1292
1698 1684
950 1832
1552 1100
1656 1410
594 680
1830 1033
352 1156
964 648
1418 853
1894 815
1483 1576
674 995
1325 354
1970 211
1467 1247
87 1150
325 753
751 1013
569 1169
1942 1417
966 1293
1170 209
581 51
354 999
937 463
536 806
224 1497
626 1023
1070 169
581 931
88 1266
1533 2000
933 873
1983 1627
1740 404
898 1412
1203 703
682 1404
1534 1783
1850 730
683 1473
792 1361
1598 219
874 1562
525 728
1570 1835
1679 227
448 1712
98 1492
1397 1735
1007 439
526 213
1231 1439
1108 69
936 1360
366 169
405 161
607 1273
1495 7
1683 1690
212 1978
1741 25
1707 363
983 1148
416 373
94 584
781 1868
437 315
855 618
1270 1847
612 267
970 1625
42 389
1550 1275
87 1850
234 1226
534 298
1959 823
1336 1350
123 1956
1034 1837
414 1472
297 1220
962 383
1848 1613
720 1794
1868 1803
1846 414
1972 1669
409 530
1050 1814
494 1370
443 1572
281 1501
805 534
455 621
800 1485
416 1440
624 1772
745 227
384 1036
1830 1342
1883 659
1587 1227
13 1150
1145 1647
441 1617
1602 443
239 1776
1697 301
1613 357
258 764
910 989
239 1195
176 913
1228 854
303 754
687 521
925 305
883 1958
618 199
294 1393
249 1705
1485 713
943 753
1895 537
622 507
1322 1413
229 286
158 122
1713 433
1122 1838
1934 919
256 1009
521 423
1742 2000
154 841
556 954
1234 131
622 259
789 466
882 1215
1534 283
1686 1831
1455 356
78 1404
123 1854
1054 1252
154 1362
597 157
1328 1626
1872 833
1473 1477
1497 169
190 1281
1410 519
219 934
1010 1246
540 1098
1922 75
42 821
852 1352
751 783
1323 926
1371 1653
1069 1328
1010 61
376 201
497 976
460 1169
623 1084
1839 1326
327 89
343 1772
1676 1419
1721 509
102 662
655 1107
335 514
645 786
867 1121
1460 1859
1302 1061
1612 952
40 1451
1216 292
760 597
1285 1824
1306 303
1830 1229
853 1497
797 1656
1879 1113
1261 1380
776 404
478 1294
1079 1686
933 1301
1209 1139
1435 788
456 1054
1411 1031
1208 1108
692 95
1782 1388
665 1343
145 463
1940 1278
1215 835
480 1638
944 848
1184 1312
380 1036
1535 1516
1857 99
1638 990
854 335
671 144
1762 1556
551 1594
787 1127
1573 1986
359 632
1838 445
1518 727
1388 671
454 1768
618 70
1327 56
1153 1375
545 1349
374 121
21 315
1322 193
796 1398
387 266
1574 1583
442 277
924 440
1490 570
1616 26
837 770
1062 225
1985 474
564 174
990 1151
223 843
318 594
1954 1828
1817 880
1996 1643
571 1646
736 202
1702 667
1133 1060
121 1279
1942 1535
860 1717
181 153
1832 1378
1226 253
1415 646
989 47
709 1655
407 614
1904 1029
948 1362
246 79
864 710
127 1384
1559 737
1225 1698
737 1167
776 1658
601 1776
461 971
1312 723
1247 812
520 1547
633 1908
217 537
1642 1293
1248 768
1596 1589
1716 323
1819 1139
848 105
858 47
433 1665
1113 1487
1750 1393
142 1896
1596 1997
403 1539
1332 1991
713 1269
1506 578
866 1601
1411 612
1738 439
1661 1752
1329 1896
1728 429
674 1762
1227 1743
1729 634
1329 1358
329 1871
1347 5
347 1500
1596 217
1724 574
1725 202
1782 45
1357 448
6 1992
1369 1964
656 1397
1732 681
618 1508
776 946
567 98
296 1721
661 1735
1822 252
2000 517
290 597
1324 921
1500 1933
1523 103
1841 608
434 656
1935 1167
512 1192
743 1813
1269 1128
654 1192
1290 149
1635 126
1374 1139
455 68
362 1080
376 253
1872 1667
1235 1558
789 1089
1677 1697
1724 481
625 1139
1210 1042
1453 435
1364 676
1711 1220
880 1623
909 114
1243 562
1383 26
674 344
76 367
269 282
1752 340
1932 1316
1757 1059
1643 391
378 1338
947 46
1875 42
234 797
551 1270
1537 350
665 224
79 1903
1290 1269
161 1413
20 996
1818 1405
1139 1939
960 381
177 172
1440 505
80 1807
1618 1962
127 941
915 1488
1886 415
1384 1653
1275 335
1382 619
1839 1466
739 291
1813 331
20 895
1090 23
1222 619
1671 292
1339 815
918 1433
1290 1536
344 990
491 363
1213 1285
1328 1175
1259 1391
614 295
373 1485
296 284
1517 1510
408 1012
224 1014
254 24
193 1831
928 313
161 269
1959 1936
95 797
927 1927
1999 604
254 206
1272 253
212 134
998 23
1980 818
1578 118
1678 966
777 905
1795 816
1070 733
1402 651
71 1645
1457 283
1710 995
1855 1552
736 1424
1044 271
1375 741
1849 1677
1309 40
1576 965
283 1666
247 136
564 1917
192 1908
1779 1343
2 187
1054 711
850 805
529 13
49 1497
729 1744
1559 763
1598 204
1784 57
94 481
883 1818
110 912
601 311
129 96
540 273
831 640
901 46
859 171
761 1485
1802 813
626 1862
26 1578
727 1609
1145 1098
295 1920
1444 1948
1085 216
1920 1101
1082 1223
543 1543
1421 1086
1806 184
1371 1710
1465 5
1069 628
728 1915
1727 1504
36 1247
1888 1189
57 1295
1539 1885
1759 84
658 121
18 1679
638 415
1263 869
546 481
363 1213
1550 717
311 1339
1239 171
30 1955
915 884
1047 891
122 334
105 1712
1766 663
1341 1883
265 316
1474 1433
1156 874
1154 173
928 267
456 7
428 1901
1318 1393
737 234
55 1192
1562 553
1477 1545
1621 912
1496 1641
235 1016
677 1650
726 699
1860 1123
1807 996
1486 704
940 478
1730 1153
27 1231
1639 599
1413 203
371 73
491 1885
586 1228
170 1257
335 1001
1398 1959
1825 1667
718 788
956 1410
1569 1750
988 888
380 418
1014 403
1529 1936
835 1467
335 1777
1778 417
261 770
1119 56
1653 1727
1756 759
906 1630
898 1372
867 1761
1139 814
824 492
922 1020
1804 532
1762 52
1856 522
1693 1939
1160 1381
1768 1577
1508 1650
1288 631
1662 608
1936 1097
1927 756
1028 1374
1999 508
295 1266
1488 939
665 191
1891 768
1466 1556
1507 49
1183 1130
1027 1301
1843 1554
1087 1872
353 1587
1944 1893
871 159
1484 1014
697 655
341 500
117 1635
1860 445
1351 542
815 1466
1097 1447
1020 698
1374 205
821 1855
1086 1373
651 191
1306 1779
675 1310
928 215
1340 340
1800 210
552 1994
1045 481
1710 241
1461 706
1072 1665
976 362
878 1869
1093 718
1892 1628
1869 1480
1698 118
1679 434
1384 1931
98 1057
1738 1612
1681 123
541 1943
1336 395
1530 1872
332 1695
899 1715
1164 869
1455 1790
1822 344
1400 1756
1567 706
331 1709
372 1787
1952 494
1190 1978
1878 1079
1738 1343
838 382
540 325
32 408
1042 717
477 1055
563 1621
797 761
350 186
1340 1459
201 664
1526 1532
239 244
1459 1562
969 778
1803 723
501 1336
1983 544
581 160
733 1253
1905 1913
803 968
1179 670
958 42
1677 93
778 1993
1770 908
815 1484
570 1064
1530 1094
1219 1188
290 945
1006 104
1696 1227
231 816
810 1864
951 881
1258 422
1880 1757
97 243
763 114
904 182
1445 1110
516 1552
1992 1086
601 1642
1445 1281
1388 1505
157 1732
945 1800
1256 1598
1628 1530
152 1138
661 1613
722 327
796 512
338 1570
1745 1655
1314 1327
1912 439
60 1237
1398 543
1075 1139
1530 1682
847 714
285 1517
1087 807
1484 1496
237 328
216 1952
1095 482
1889 1557
1895 507
1640 22
1186 649
584 1979
1131 1785
238 122
627 936
1023 53
1796 1295
1404 177
1028 1157
83 1300
1797 1260
444 1495
331 687
306 856
1053 1761
664 1203
798 1552
1303 423
1093 1414
69 1575
670 1827
409 305
207 624
558 441
474 754
1512 1008
1027 618
1712 1121
1718 859
747 1603
1415 147
1996 1456
1138 765
728 1608
726 872
1538 1749
1245 1974
1301 1197
135 976
1903 677
1152 949
139 1747
1008 1856
402 573
65 30
684 713
1476 713
1765 1244
1151 522
1368 559
625 1687
415 1942
1005 1540
936 1129
1331 677
1135 1737
1045 732
660 70
964 1020
1512 1651
324 596
1054 1693
587 1254
1957 1217
1814 1895
195 24
482 542
1716 1523
409 804
1666 659
1933 752
1195 310
429 1770
1567 669
854 1235
1906 1564
310 1828
1458 761
333 1698
146 1160
1290 261
1447 1722
660 864
1956 951
1309 1766
1331 762
355 1821
1390 822
1036 145
1468 1351
323 1713
394 1226
121 487
1311 763
1795 1464
475 1487
626 1987
154 621
214 292
1609 48
1123 161
1141 672
18 1079
1007 1302
187 513
1595 1045
1460 1256
1665 35
1962 1473
501 451
1017 185
838 147
970 1668
1634 780
1836 1230
534 719
583 301
191 690
708 1084
773 1594
176 1365
1706 1059
208 21
932 1677
77 873
1891 830
1246 1551
1655 1723
855 35
1203 1081
1610 1859
821 1721
1363 1752
748 211
1609 1273
516 577
208 1253
1534 1225
1516 727
1116 1136
987 1124
425 1491
451 1167
1278 407
1105 265
1962 1392
938 358
996 1337
609 765
1209 320
1599 1045
1 1744
1165 1069
1531 864
264 886
1041 320
365 18
700 971
1103 746
1678 139
999 536
167 835
319 1648
1064 109
803 232
373 1546
10 34
1229 599
1908 1267
1110 1191
653 513
291 521
1390 1707
190 1098
1146 448
691 30
880 1996
642 701
786 1074
495 150
862 1524
409 1730
459 527
157 1115
1387 1664
51 70
1120 1723
389 111
1999 399
89 1900
14 1704
1309 1261
1075 1465
1619 854
848 149
130 345
21 1383
412 1113
548 95
1892 1193
701 140
1292 1124
1998 1433
999 1092
972 112
1948 1556
876 404
1529 1277
1585 1155
1168 123
1471 1488
656 1477
1266 337
841 1134
512 148
1331 372
52 516
1542 1702
250 797
467 695
1024 919
58 1813
1430 1244
233 521
1993 754
1258 234
1443 1883
713 322
1822 107
1463 1745
1422 1158
759 964
1656 564
839 1972
1647 630
1778 493
945 1106
297 1709
767 1337
811 989
27 1007
1416 259
1228 465
432 1616
312 1125
1401 124
1220 594
43 1465
274 1945
981 855
377 1700
1322 1850
616 30
913 1643
875 1345
752 1748
30 46
603 1500
1117 885
1278 509
1437 1378
1326 1652
1683 1656
86 1873
725 990
433 1255
1541 981
1856 1555
1350 1203
68 403
1764 278
1539 163
1985 1631
34 856
659 95
240 310
304 477
1565 1570
234 543
465 1274
50 1776
1756 780
1310 809
1854 1701
1339 1451
1210 912
112 290
1796 1724
1742 675
447 762
486 534
41 825
897 620
64 1648
897 1461
1430 1490
1867 1781
630 328
323 1118
1203 1250
1505 726
1759 228
778 1176
54 13
607 870
1049 129
830 394
1753 993
942 1937
1748 808
922 1840
1554 1422
1682 925
1925 634
127 495
1864 1731
316 329
213 26
1770 656
1915 1801
79 1454
941 282
1070 220
1168 503
306 783
479 608
1281 625
1149 1390
1097 731
1580 408
1092 623
1940 597
891 1142
341 1903
858 1756
1557 1250
1373 1995
1200 440
384 451
1145 181
931 732
1160 1597
356 613
1130 472
1858 1636
214 1783
920 68
1350 759
366 773
431 266
1333 1329
1160 1960
1021 1502
141 92
1498 1756
249 308
1022 688
1752 1586
237 1788
1387 1330
1167 1782
96 772
291 1913
1079 1176
946 359
1213 1413
288 675
1978 894
1707 84
1155 946
963 1894
1326 1823
1430 1260
1097 1610
1825 1205
1995 345
677 1442
835 1665
87 1365
14 708
1648 900
464 1217
1777 990
1599 95
1714 774
869 1507
1746 1154
182 1551
431 1297
1726 956
467 1264
1724 207
1560 1543
1594 1245
401 550
1825 1342
1467 1361
1354 1659
287 654
668 122
828 866
194 898
377 131
485 707
1113 814
102 1481
534 1027
8 321
566 1730
1410 1978
949 878
881 472
996 1315
945 165
1279 490
1728 228
1985 1451
156 1889
379 1804
1585 1421
1504 453
1008 1942
1390 1781
197 366
801 1633
987 1699
735 995
1654 434
1055 1700
685 246
1095 33
1370 970
1994 1994
9 549
1701 1848
1541 1701
976 388
625 406
1181 224
103 203
997 1693
420 1663
1468 344
1531 1351
1878 1101
1893 1470
1672 806
759 1217
715 643
565 1351
649 833
791 1417
1650 1541
33 198
845 1611
1616 525
853 527
149 1950
1277 1645
452 896
1145 701
1477 1897
1375 231
1011 1672
1478 1039
128 1695
80 249
1223 1305
1399 1643
519 1276
1916 284
610 1054
261 1601
677 1110
741 1104
551 1262
504 95
1801 57
148 1240
915 1320
533 362
1074 1746
1135 1206
115 1993
190 62
1921 1663
866 1298
468 1841
855 1083
1618 147
645 667
393 383
504 1854
780 1435
836 713
664 1659
83 1343
1133 1941
800 493
1635 986
1120 1729
83 1673
205 991
24 1408
1656 1690
371 1267
302 407
1102 251
153 1647
10 659
1881 1804
1269 1275
789 478
1904 1302
988 1420
230 1792
1005 1680
520 739
213 981
1373 1296
526 1608
1822 611
1348 1940
202 214
235 1999
244 953
48 729
1713 615
1434 248
991 1053
510 301
1224 563
1488 549
869 1443
1148 1852
1510 1618
1705 1510
1589 1682
396 535
972 1189
1181 1040
586 86
439 1050
1793 391
1782 1243
890 1352
234 365
1878 1219
275 597
1752 568
459 530
154 1355
1959 974
180 1404
1894 1641
653 1195
663 521
846 956
1718 1142
686 1531
483 48
274 1339
1642 1316
1604 251
172 72
1678 806
546 1459
506 1765
344 1168
603 412
71 127
216 1761
267 1926
1104 1078
83 1695
1005 1628
526 681
546 874
1824 998
268 935
1080 37
1192 1660
1369 1355
359 635
218 748
1795 701
370 1389
785 953
1763 758
1841 1544
868 500
912 1160
1003 768
1035 129
1187 1948
1015 1234
58 1671
1524 1098
1556 295
360 668
674 1447
1994 613
1738 536
1649 903
1498 1570
69 321
923 42
386 1148
1782 1878
910 349
1484 740
487 925
1053 1109
1906 123
1973 949
395 1788
1180 1928
1318 1806
651 702
384 1095
490 39
459 235
1378 233
1583 1311
324 894
546 1641
174 704
659 1028
1398 1826
1955 1009
1344 531
1999 1241
722 1349
880 1156
1975 1531
1825 1988
1032 1078
1735 523
1706 1783
1824 73
1497 1698
1026 781
1636 1871
446 34
630 1598
1227 1132
563 679
1315 1872
1731 1468
1589 860
1897 630
1813 1755
1146 955
1649 272
259 1239
178 1086
1831 502
1537 254
506 1067
158 293
840 1779
1864 626
672 587
1668 810
1796 1611
1502 37
446 1766
1873 165
1722 1858
910 1705
1834 1009
1883 229
1304 1702
306 1842
1422 314
1736 473
1225 1560
288 1392
1885 1821
1820 441
941 1557
930 107
1957 1832
371 1664
742 1427
1248 649
1195 408
519 245
829 260
617 1041
1439 725
1017 1460
679 1774
145 381
65 1961
1599 868
1339 1454
239 1892
82 1990
1037 1193
1957 950
758 689
1643 1375
582 25
787 1968
556 938
1059 1605
1868 1543
600 1988
1278 901
756 108
582 870
620 1141
766 388
1557 1991
156 76
1214 1110
1061 1096
1894 849
1720 508
776 1713
964 121
1452 557
1594 1343
1486 1803
718 1964
1887 402
1976 1742
1688 1840
1007 1675
1244 456
47 48
732 1441
459 639
1891 844
1274 1470
963 1492
1487 1049
1449 585
1174 332
242 1647
1551 907
1988 1131
1003 296
230 845
1295 1184
470 1107
1249 744
1269 159
587 534
1142 1112
1534 533
1332 1732
868 1398
1858 255
1813 1099
1761 1971
1017 306
1677 756
973 108
1595 1224
1102 971
768 1226
1720 1253
1402 1526
1798 531
1456 1856
1596 791
1759 1687
1047 1133
1233 1657
1950 585
4 441
1663 246
1488 860
938 1532
1660 682
185 706
1148 255
1907 555
1148 1495
1362 666
173 178
1412 1699
91 457
386 1616
1843 1554
1930 169
1067 1039
1245 51
670 1947
123 967
995 1916
108 947
213 174
32 942
939 684
224 1654
1149 15
1293 14
1621 1089
834 748
1056 1566
307 1780
1776 1496
415 986
1112 336
98 827
159 570
136 702
802 936
797 857
949 1068
1827 1930
759 1606
888 352
655 488
543 1770
1947 1482
764 384
878 1417
1305 744
125 1324
1400 1816
776 1402
1287 1524
973 594
157 798
1815 1069
381 886
1760 1866
1057 219
469 1452
1971 1125
521 44
1630 1940
625 1070
314 1019
803 1772
776 1135
397 901
1905 874
76 585
596 900
107 292
1136 951
1931 1973
1337 173
1507 217
240 1360
1353 182
1604 178
1548 614
285 1711
1770 229
1625 1436
1346 1024
1163 192
42 144
1959 680
507 1715
101 337
1968 1950
1007 663
486 662
1212 343
412 199
1994 1773
149 1083
362 1445
202 1971
260 1430
1716 1086
1966 1483
692 473
1682 1294
1295 920
1333 1874
1116 708
1885 1266
1051 858
1386 1106
1844 618
1098 1843
756 73
521 564
360 1447
689 1971
108 40
1856 1099
832 563
337 664
1228 690
1278 594
1131 1839
229 1597
109 324
1956 1422
788 834
