p td 50 200 
9 5
41 43
25 21
15 8
12 6
24 26
38 25
44 35
4 26
40 50
45 9
31 46
1 12
5 34
7 37
3 12
28 31
13 16
33 16
20 14
31 21
40 24
43 46
47 38
18 17
3 6
25 19
39 39
22 29
28 19
12 27
48 45
19 41
3 42
7 1
38 8
25 20
27 30
2 46
24 29
16 11
49 31
40 12
41 40
1 13
26 46
22 41
32 14
8 45
18 31
5 36
48 42
18 9
24 26
36 6
37 13
33 32
19 41
26 30
37 46
30 23
43 15
41 2
50 40
27 49
1 50
40 11
30 40
7 43
41 24
50 41
14 15
48 15
43 14
8 2
9 5
45 24
9 41
9 34
16 29
50 26
49 29
33 43
37 20
14 23
34 14
47 19
36 16
46 18
18 6
11 36
12 14
48 18
37 32
32 24
43 10
14 45
6 19
13 37
41 44
4 40
46 3
46 8
37 31
48 26
40 19
5 35
11 37
43 46
8 47
41 11
33 9
16 12
33 3
26 36
7 23
22 26
45 47
29 50
20 40
33 31
28 36
1 16
33 30
48 21
46 19
29 7
14 6
13 2
17 35
15 44
37 15
16 15
43 34
36 45
38 21
8 6
7 46
10 38
7 18
26 40
18 9
9 23
47 35
13 12
10 4
30 29
29 20
8 50
48 24
26 9
34 49
24 6
19 22
7 2
12 7
41 11
17 14
9 8
26 35
13 16
3 31
4 41
37 36
45 11
17 9
3 43
49 11
9 24
37 19
14 4
44 45
21 31
26 30
32 6
40 2
25 38
10 42
47 14
40 5
16 46
26 11
25 22
21 13
31 31
9 25
35 40
29 31
27 10
46 29
38 4
16 44
26 46
28 5
16 13
15 26
18 2
42 21
21 28
18 45
