p td 150 2700 
143 55
97 124
82 89
107 60
24 43
76 61
38 126
38 32
108 135
7 46
62 49
57 81
52 122
59 31
43 132
8 116
17 38
149 136
53 80
41 31
87 53
133 133
112 97
75 141
86 17
25 150
24 62
2 118
11 60
84 125
103 17
105 130
11 104
110 110
111 112
64 77
20 107
1 90
113 69
27 19
111 145
8 41
149 90
53 28
2 120
62 100
142 114
139 68
25 144
86 46
148 14
7 140
52 116
150 24
45 83
143 46
28 149
90 87
42 18
30 1
144 89
9 107
19 32
57 71
41 36
111 85
135 51
76 75
16 66
118 94
69 49
7 104
20 78
130 124
103 55
82 75
75 113
10 79
4 83
63 137
71 137
80 71
22 130
92 22
89 100
21 19
2 11
37 72
148 104
119 90
112 17
31 86
95 58
29 24
26 144
8 118
14 21
98 67
91 91
39 140
45 5
131 127
76 50
127 98
27 28
92 104
7 27
116 102
65 70
49 146
39 31
16 65
109 124
81 97
21 40
73 103
117 130
149 49
117 32
47 59
59 81
114 40
10 98
110 89
115 120
146 40
6 4
20 66
23 147
123 115
10 89
80 66
5 76
106 83
69 97
109 83
104 144
3 123
77 92
94 106
117 150
3 100
123 83
140 117
109 13
81 150
125 125
4 90
128 148
44 9
96 19
16 34
136 45
57 38
49 32
146 112
74 1
7 110
79 137
114 83
147 126
80 63
60 82
63 123
104 85
27 56
143 147
104 116
129 90
25 94
2 74
121 111
145 74
120 51
36 62
15 113
82 79
118 134
118 143
110 120
59 46
127 38
149 140
11 48
59 102
4 118
57 109
144 66
115 89
115 55
31 43
70 142
3 129
142 42
117 68
25 27
40 113
6 29
78 43
106 54
24 114
70 21
53 127
14 9
13 138
142 46
55 103
86 82
125 22
19 147
130 14
150 56
18 19
64 62
74 24
58 77
1 70
144 111
82 52
46 114
139 137
95 84
116 147
28 70
5 125
1 93
123 61
3 74
13 52
120 134
2 64
90 120
119 99
51 66
143 12
145 89
77 32
150 43
3 110
145 23
114 83
18 126
95 126
65 117
33 28
130 77
3 82
108 18
31 18
126 52
57 122
141 66
60 58
12 148
91 127
127 129
127 51
55 29
148 53
123 85
76 14
82 65
26 24
143 93
88 100
27 99
2 16
62 139
52 146
118 147
64 17
107 137
31 53
6 55
106 97
91 30
107 69
18 149
36 130
15 70
94 41
89 45
121 96
137 23
38 147
76 120
107 141
73 70
130 29
97 21
90 44
57 46
18 78
39 108
51 147
46 17
70 146
132 83
47 12
82 61
127 71
137 107
20 31
47 71
40 83
142 139
62 66
86 40
49 114
129 24
131 138
21 118
79 8
13 130
58 10
48 56
86 85
84 148
137 104
88 87
1 147
124 126
144 84
45 107
105 21
84 30
113 99
81 20
52 53
128 68
35 76
124 77
80 31
59 105
103 45
122 30
48 6
145 123
66 43
36 20
66 134
95 21
43 108
60 113
96 11
14 117
107 113
57 13
36 81
53 93
17 67
124 115
135 123
30 146
107 51
4 119
9 87
110 118
118 82
86 79
8 10
147 121
84 4
70 12
37 68
56 101
97 147
134 145
29 114
23 148
72 98
63 30
121 39
99 88
145 149
71 39
117 142
142 123
23 3
105 41
82 16
77 22
17 129
71 69
84 133
148 115
73 62
19 147
19 18
30 73
104 52
147 101
58 143
15 75
131 99
115 93
43 40
129 9
41 126
102 52
37 115
147 66
107 21
101 66
130 88
46 52
111 122
125 55
61 117
56 73
2 115
66 61
122 84
39 135
3 99
30 81
35 21
13 43
15 126
145 105
144 36
62 132
106 93
88 114
49 22
60 68
128 50
98 105
128 97
79 46
134 15
122 140
3 79
127 127
18 47
15 137
17 41
11 137
66 101
27 105
22 83
142 123
2 128
21 149
139 11
47 139
72 28
134 25
120 73
132 146
81 147
149 73
138 24
120 40
123 120
59 68
59 61
27 116
72 79
22 53
34 29
136 95
65 80
134 94
149 31
143 109
92 136
68 130
62 58
10 85
9 63
135 73
25 56
64 20
2 33
126 64
48 69
12 3
3 15
99 58
121 81
77 111
8 18
132 88
135 18
118 97
107 105
23 141
84 59
118 145
147 51
127 3
78 3
57 88
93 56
94 146
57 49
120 72
53 76
124 24
54 15
11 87
121 44
64 22
14 39
129 113
41 13
96 79
3 63
24 10
85 123
101 79
36 75
144 55
57 18
105 79
119 127
42 112
149 12
130 20
129 19
78 140
139 10
139 58
89 129
5 57
99 10
129 49
79 35
40 101
26 114
45 149
90 70
19 53
130 54
36 98
18 141
13 135
37 123
140 136
84 47
38 101
88 81
86 123
143 44
141 106
35 126
70 106
129 28
88 85
29 28
21 38
97 32
110 82
92 124
73 112
112 72
11 24
88 113
48 65
128 73
115 124
91 42
80 74
113 132
34 140
52 25
94 138
25 119
111 25
145 84
122 124
103 94
68 93
7 140
76 22
37 108
136 12
11 12
7 74
10 93
64 19
56 82
143 99
19 51
33 26
90 70
85 89
131 141
114 70
63 73
146 38
137 96
53 100
10 100
52 32
130 147
145 109
134 76
140 95
50 18
79 96
95 27
104 146
44 140
59 10
108 44
72 143
134 146
20 11
150 76
67 141
44 142
119 126
61 57
50 83
86 67
62 39
3 102
55 76
4 102
35 130
121 38
129 137
123 33
103 75
27 125
138 63
15 43
132 108
72 142
1 44
7 42
59 20
120 68
116 124
144 8
135 118
58 148
140 4
14 50
25 119
60 4
82 95
34 50
56 101
3 40
25 91
79 114
27 141
117 144
1 136
84 71
119 22
39 119
121 95
79 148
63 6
66 48
144 84
6 59
114 45
78 61
53 105
15 57
135 40
14 66
128 68
137 16
1 100
133 104
48 27
2 121
58 3
95 130
117 103
82 88
31 58
2 139
101 148
19 61
29 120
111 129
78 86
61 68
55 145
90 88
36 56
106 15
41 25
60 65
45 67
135 36
136 115
29 49
85 36
14 125
81 100
72 94
83 55
95 111
79 128
101 106
93 99
16 24
33 77
135 102
10 25
88 42
104 93
31 49
28 84
61 95
30 92
72 41
108 31
103 146
56 68
62 83
137 127
5 101
31 33
47 101
101 118
37 150
76 122
42 92
75 48
148 41
109 127
110 48
141 97
95 79
118 21
114 9
54 104
28 109
102 11
77 72
135 55
49 132
148 74
117 34
16 144
130 116
87 17
40 30
40 11
104 29
57 58
21 84
114 93
126 74
69 21
9 117
85 106
93 137
99 89
85 96
110 44
145 146
115 85
93 67
71 15
51 23
147 121
81 87
19 144
58 65
134 141
104 113
65 105
136 98
135 136
112 138
53 25
15 91
47 31
114 32
128 43
53 107
123 135
95 75
41 21
76 85
105 93
104 144
41 97
80 135
144 19
5 60
112 61
21 91
57 130
117 142
118 34
67 84
27 66
111 95
105 113
19 21
114 12
47 144
22 58
73 130
60 82
28 122
48 44
103 134
136 109
104 142
15 96
76 13
136 109
63 104
122 122
94 26
43 21
141 9
136 56
10 117
59 24
111 9
89 53
17 72
25 33
35 3
64 142
27 64
35 65
24 76
21 102
114 45
41 38
67 68
109 25
7 140
29 132
26 72
144 77
107 131
67 29
92 62
127 8
22 57
78 76
1 70
138 32
76 31
71 120
66 135
109 32
69 133
140 33
19 116
2 42
125 135
63 129
3 90
113 119
98 3
31 10
67 108
44 98
92 26
55 3
53 20
72 75
75 18
83 149
74 95
93 109
68 67
75 3
66 48
131 104
150 18
55 60
6 119
112 41
68 48
73 86
127 63
70 42
71 63
23 1
10 94
148 50
10 83
21 98
28 35
146 42
55 121
36 10
13 144
113 66
141 140
68 147
132 11
104 61
68 124
150 17
78 139
47 127
79 110
46 64
117 5
122 81
45 2
70 36
45 65
93 67
103 131
113 15
148 59
28 125
74 41
139 37
130 142
31 101
114 56
18 2
101 126
108 80
116 48
96 134
107 65
78 105
121 30
136 58
66 22
113 127
132 79
85 89
117 2
28 24
32 98
135 13
84 99
25 125
82 71
25 12
67 62
55 121
142 56
144 102
44 117
74 139
112 129
6 138
129 75
47 124
17 122
37 130
47 149
115 55
35 70
93 87
142 73
9 106
84 140
35 118
117 114
67 125
99 24
122 29
20 63
35 51
138 3
116 121
107 137
65 115
125 134
3 66
121 99
116 69
30 73
97 93
122 16
104 109
136 66
57 121
40 132
118 111
82 131
10 143
29 64
148 73
139 140
31 99
131 16
98 114
145 79
66 23
18 84
43 118
41 38
71 129
45 22
60 10
49 79
126 99
88 29
41 130
124 64
54 123
134 115
42 82
52 129
49 73
72 108
31 86
118 42
30 130
68 122
7 79
50 125
107 121
72 147
28 137
144 118
16 119
15 121
124 139
50 148
113 48
59 111
80 109
27 125
13 128
34 5
120 72
34 9
87 38
130 77
21 148
105 63
117 39
88 10
103 52
124 127
1 122
18 59
14 25
72 119
7 16
118 85
137 83
98 95
99 138
53 119
98 77
52 25
30 28
109 31
8 86
9 14
119 6
65 147
27 149
20 11
21 50
84 96
88 147
130 58
85 125
114 58
128 37
5 57
115 44
141 76
101 53
127 136
109 52
47 126
88 132
149 126
49 30
116 9
133 104
55 8
103 143
84 120
46 83
81 38
15 130
61 148
23 125
73 41
43 68
18 77
109 12
54 29
76 65
51 28
4 140
121 24
87 134
139 111
66 86
128 103
94 69
140 32
58 94
32 5
50 68
82 26
60 70
133 80
26 19
113 50
125 24
138 14
26 8
128 15
134 110
120 93
71 32
81 36
77 55
14 42
79 118
87 90
21 50
23 37
75 116
25 71
36 57
76 113
34 23
111 132
63 115
78 27
75 84
117 100
38 114
138 73
43 96
110 43
43 71
5 90
6 59
132 21
76 30
4 127
18 139
33 65
71 110
62 119
76 109
91 64
17 40
65 120
38 68
64 86
73 68
21 56
61 86
133 79
2 43
68 14
49 77
29 147
41 150
143 45
52 113
56 3
46 31
98 83
7 145
29 15
6 106
50 31
36 136
67 98
30 15
143 87
19 122
82 107
120 45
34 38
34 131
5 11
39 129
53 143
127 11
37 39
99 39
37 56
149 116
98 74
118 3
144 53
33 86
142 39
105 62
71 141
97 146
97 62
125 105
45 147
127 7
108 88
36 93
141 17
142 55
100 64
133 23
69 148
64 63
85 6
92 5
139 51
114 18
94 40
40 11
10 27
53 103
96 47
81 32
66 47
88 57
48 77
105 26
88 58
80 4
107 43
52 21
127 56
92 125
93 68
69 116
72 73
121 82
138 123
29 147
51 14
96 136
140 70
140 36
140 73
34 72
107 38
15 93
2 50
38 5
140 8
63 127
111 19
135 125
1 24
4 72
147 39
133 19
51 35
110 57
8 135
10 146
145 110
18 89
25 149
125 27
54 34
102 79
144 78
51 49
74 21
62 125
135 140
95 98
84 129
65 5
32 64
38 120
109 124
121 107
89 43
149 123
1 116
27 118
73 18
138 58
114 105
148 25
132 4
91 76
148 7
115 109
67 149
79 60
141 99
13 91
147 91
19 119
42 58
3 18
103 120
138 93
37 60
130 137
87 55
133 24
43 104
60 32
35 120
65 120
51 150
12 111
119 16
132 146
137 80
42 121
8 97
13 110
144 143
8 3
95 4
46 65
82 128
141 18
60 35
68 72
18 36
104 104
117 136
98 85
21 122
20 9
2 42
53 13
85 47
117 31
21 6
77 71
31 49
24 76
39 33
97 58
123 134
43 79
2 9
118 128
82 107
124 18
89 61
74 95
36 123
87 57
56 106
69 5
145 99
103 87
54 76
83 116
147 42
75 83
125 27
101 36
105 140
119 78
71 134
27 150
57 33
70 113
57 125
59 50
39 125
101 89
88 119
104 37
66 9
49 105
133 17
138 130
150 88
145 118
147 94
6 10
143 122
115 114
64 79
50 105
97 116
68 134
105 87
88 28
58 93
116 51
131 76
23 21
60 122
33 106
102 35
111 131
68 55
20 108
53 56
102 10
31 119
1 74
96 89
25 116
112 88
6 51
49 123
145 9
49 143
57 62
27 67
9 21
2 27
138 50
99 27
113 50
134 88
26 42
56 66
141 146
114 35
108 28
106 87
8 49
114 124
77 2
10 139
56 146
87 127
86 73
85 55
42 124
127 118
106 30
5 38
75 63
51 141
121 124
23 117
135 73
9 76
38 92
138 136
106 30
5 30
23 150
93 26
148 10
41 15
97 53
106 26
109 76
135 139
133 21
81 31
136 34
145 32
88 101
5 87
148 146
55 93
105 37
33 116
99 105
52 104
71 32
90 14
134 55
94 39
70 47
9 86
79 88
111 11
67 57
61 105
90 64
90 33
122 107
4 24
59 15
55 148
119 39
143 7
91 2
45 5
33 85
127 94
52 22
138 97
138 70
111 1
3 47
7 47
62 116
71 21
108 42
76 40
39 129
53 144
134 122
102 49
61 76
38 38
25 121
132 11
131 24
115 18
109 71
26 7
55 103
106 87
45 137
66 54
22 138
25 132
12 75
117 27
120 1
117 33
70 122
125 62
95 89
43 115
97 28
74 12
15 137
40 93
117 106
41 146
36 94
12 39
125 107
87 98
140 27
17 142
117 111
18 24
48 143
115 94
26 93
4 95
6 91
84 114
5 31
22 31
105 52
127 49
139 2
85 107
1 136
35 35
109 108
119 12
97 98
82 70
21 33
52 33
13 114
8 85
119 29
59 118
149 22
121 105
78 122
28 30
82 124
29 112
124 59
100 108
34 38
103 137
13 39
10 11
27 98
143 8
98 123
149 61
12 142
126 136
149 22
33 36
70 35
133 123
101 35
78 35
60 150
148 18
15 12
89 135
51 99
23 140
77 139
80 125
24 50
55 30
88 96
50 14
97 47
43 9
36 67
114 64
26 60
132 144
119 2
29 147
68 39
129 7
83 120
25 113
61 75
146 91
143 57
112 50
86 140
73 14
121 149
133 34
74 108
116 135
80 11
118 90
99 107
23 113
78 60
104 99
137 39
142 75
113 3
43 64
31 72
139 14
68 87
136 30
43 17
11 121
102 146
42 47
124 90
27 127
142 138
95 74
126 29
70 84
24 35
98 23
44 7
4 39
10 62
26 56
137 144
24 113
97 108
62 140
27 126
14 84
131 46
112 128
136 106
150 99
18 63
45 54
47 45
64 67
123 34
48 94
118 4
65 24
73 122
23 91
35 135
48 144
39 134
44 61
140 94
141 39
12 10
81 19
34 61
23 76
40 4
98 111
125 63
113 117
118 91
101 102
140 69
6 93
39 59
41 33
79 15
141 11
39 40
16 89
102 54
117 125
150 3
118 143
98 20
3 7
8 138
137 58
16 115
92 63
103 52
38 8
40 103
128 26
115 85
25 115
119 142
56 136
84 26
104 79
6 23
25 5
145 123
131 109
96 6
34 139
118 11
107 1
104 114
106 57
90 148
53 133
45 27
92 40
7 8
68 90
66 48
78 88
137 45
74 18
114 130
146 8
49 5
42 111
45 89
73 28
5 39
115 47
49 121
6 36
120 95
22 134
14 81
136 31
137 129
13 58
77 83
85 115
33 52
75 43
147 22
142 8
113 111
43 121
130 56
82 104
31 132
144 121
142 89
11 112
31 12
119 14
135 116
79 35
67 126
79 22
73 11
103 8
109 74
124 63
127 132
90 18
92 15
127 129
41 70
140 30
23 74
104 133
103 68
78 49
7 16
120 137
149 8
97 77
129 81
147 32
75 135
8 79
40 1
103 54
16 68
24 143
95 4
24 31
12 130
131 34
117 72
40 32
122 19
136 105
146 92
118 145
66 139
108 14
9 53
25 47
63 129
5 46
134 28
105 53
113 62
92 123
1 63
42 3
40 117
117 7
33 65
104 27
47 108
16 131
63 90
33 26
59 9
25 149
98 87
28 112
91 79
81 80
116 86
13 56
149 33
49 132
132 134
57 63
35 70
25 140
16 145
22 24
64 119
77 45
63 30
35 5
1 38
81 47
138 74
15 117
26 60
47 137
129 91
119 42
86 94
122 115
70 60
53 23
8 115
102 65
22 21
105 70
26 96
7 15
71 120
89 13
95 45
37 45
138 1
43 108
28 91
42 129
42 118
118 150
23 149
2 98
15 125
29 92
28 4
140 132
115 68
141 32
13 134
80 60
24 110
7 99
49 16
53 146
139 127
49 82
143 51
33 8
127 67
138 53
36 47
11 15
21 4
139 15
47 64
52 109
54 92
37 40
110 141
45 99
37 83
120 7
105 115
67 114
9 77
49 63
148 2
116 125
44 82
139 2
64 69
66 14
148 113
142 54
69 85
36 105
12 33
133 87
23 66
32 35
128 50
39 16
143 11
18 102
61 121
8 111
140 120
68 55
72 44
21 67
8 116
148 15
63 103
105 85
48 126
119 27
80 107
89 150
43 53
54 110
8 104
88 34
86 62
21 54
91 107
135 64
103 118
49 35
64 30
57 85
132 106
133 55
74 33
32 98
31 2
37 46
143 95
124 7
17 43
114 118
93 88
125 64
52 111
127 12
15 99
33 122
42 93
123 111
26 47
41 140
130 38
125 49
61 71
148 14
50 109
37 82
50 22
14 80
142 90
20 114
90 88
103 50
3 39
66 109
112 118
69 43
107 34
63 129
43 12
34 88
44 143
106 10
89 48
71 69
65 44
94 32
137 140
31 78
128 4
7 99
128 85
140 9
31 16
68 138
26 89
25 121
44 63
108 78
143 34
76 87
80 88
28 48
80 122
108 29
82 137
134 21
23 5
23 27
142 139
36 40
28 125
139 115
146 125
115 74
146 138
105 107
134 114
90 60
125 54
102 46
2 9
77 106
45 136
135 22
63 141
34 100
76 97
54 146
4 118
79 76
71 55
101 49
108 133
34 82
39 75
137 51
139 98
63 122
85 115
130 62
20 94
36 101
85 5
14 42
33 15
146 96
118 132
106 40
37 93
91 46
42 91
48 143
108 31
85 120
12 115
84 142
112 126
150 6
86 32
144 18
81 141
91 13
103 43
101 69
87 116
91 148
54 128
95 50
73 133
36 8
60 145
95 88
47 73
123 56
51 116
88 81
15 99
1 5
103 46
32 76
132 11
101 94
12 69
128 78
90 59
26 87
135 100
68 137
61 33
83 143
148 66
48 3
56 73
17 105
79 51
1 90
15 116
12 104
96 91
55 14
132 108
61 93
10 144
24 82
144 78
44 13
1 3
130 16
29 147
27 38
132 43
105 44
64 65
134 149
69 146
29 107
78 61
83 33
29 109
130 111
91 53
137 98
132 70
117 8
85 70
35 81
91 81
6 117
93 51
2 90
10 127
64 82
5 133
92 98
101 90
59 89
127 80
79 136
114 6
44 23
144 7
137 102
112 75
60 51
104 128
144 34
93 23
16 82
4 97
88 40
9 96
133 17
63 115
135 64
92 1
78 56
121 79
73 85
114 127
14 2
1 77
114 44
42 9
4 1
132 128
89 2
40 136
82 18
127 72
42 145
68 12
47 7
51 83
132 36
108 145
22 97
81 124
4 1
115 17
4 142
108 118
146 108
3 18
94 24
93 5
108 97
41 59
65 94
29 29
42 106
66 99
109 79
65 89
12 19
74 116
62 66
110 49
32 73
96 148
26 77
142 115
40 111
112 41
121 138
118 135
19 138
123 43
129 42
78 133
132 50
106 121
122 83
144 82
145 119
47 5
41 71
77 115
110 142
88 11
65 66
82 49
56 115
147 110
66 67
78 21
10 148
86 68
14 127
133 99
99 127
40 114
75 41
31 127
134 83
131 24
31 103
104 140
25 8
126 88
54 13
68 59
114 141
120 58
62 59
93 105
70 72
70 147
109 147
69 142
31 17
68 15
134 146
123 93
12 23
99 90
136 75
124 64
13 59
5 44
101 137
32 34
5 71
105 12
25 119
101 60
68 12
21 9
52 46
101 60
62 147
69 104
100 123
85 104
121 89
135 45
13 34
138 120
17 80
90 39
67 84
113 113
69 50
1 82
3 104
31 148
119 126
43 82
112 24
101 62
29 83
91 70
90 15
30 58
56 118
121 79
9 137
25 55
122 73
14 34
89 99
89 46
134 92
127 100
4 144
28 109
50 59
105 65
61 52
143 30
37 105
71 113
147 9
46 135
122 70
25 122
51 109
10 121
129 76
7 17
100 14
11 102
86 136
134 79
73 4
92 18
56 70
144 107
59 149
89 90
64 141
3 147
94 76
66 10
6 46
71 40
39 52
25 26
68 72
90 26
89 15
16 40
122 56
100 148
129 16
90 106
26 140
98 133
55 22
137 121
24 41
70 68
140 101
50 143
137 6
134 6
4 20
13 29
52 67
18 37
58 60
26 79
21 28
121 132
126 112
55 29
133 50
138 93
11 133
81 145
84 62
11 39
80 44
30 22
144 104
69 85
135 29
92 145
4 67
96 99
105 117
60 36
61 133
135 16
131 8
126 46
33 39
140 65
137 43
118 91
118 4
3 140
65 62
57 80
12 18
30 65
70 13
109 99
80 36
67 87
30 148
36 36
102 33
23 113
93 59
13 94
22 40
135 119
140 113
89 11
59 63
130 26
42 74
102 134
88 33
21 83
74 92
36 83
63 52
99 97
143 33
72 127
78 75
140 38
77 104
125 29
106 92
111 82
5 114
6 97
86 11
108 37
131 21
115 109
20 81
4 111
67 77
108 134
59 50
113 28
31 30
97 123
100 65
68 51
80 18
93 132
4 80
7 104
100 32
35 103
111 65
75 46
59 10
112 10
50 125
112 118
98 125
141 121
139 130
124 107
5 72
3 141
21 113
97 49
49 33
72 136
63 15
40 65
126 107
121 72
98 61
114 120
65 4
70 120
1 93
120 130
61 37
69 25
14 123
59 147
133 125
91 99
39 32
74 114
83 77
4 70
88 89
102 102
22 124
109 67
33 28
108 115
141 76
143 144
3 1
135 11
74 140
126 79
58 44
17 132
128 133
91 19
65 53
76 33
1 122
105 28
37 22
36 39
91 73
122 77
64 37
113 72
49 148
91 81
105 19
21 150
85 93
141 80
65 89
132 61
73 72
75 54
26 84
137 37
116 118
150 126
141 143
3 82
150 10
36 99
113 13
68 96
134 77
94 97
105 146
13 36
45 74
11 35
99 97
23 142
11 36
116 30
2 51
24 8
117 130
134 28
31 50
132 43
99 79
130 128
41 97
18 132
39 93
111 66
141 21
124 99
122 29
87 119
78 105
107 50
57 107
36 73
23 39
143 52
21 133
23 50
52 2
38 53
29 79
92 96
14 24
81 128
150 90
133 89
126 146
18 112
59 123
75 115
34 10
41 124
70 96
118 76
19 122
53 33
87 72
95 131
124 80
19 104
144 52
30 120
24 23
136 48
119 15
26 58
62 13
46 107
84 13
12 76
90 149
55 107
80 42
121 107
126 108
136 109
92 141
36 10
96 135
107 118
57 13
28 133
106 41
94 10
89 50
143 97
58 103
150 129
110 113
33 112
12 113
104 59
26 149
134 84
79 67
90 101
62 101
133 97
38 78
96 17
11 12
61 98
103 89
136 108
143 56
139 84
67 63
22 38
21 123
75 2
130 117
106 102
131 50
23 150
45 48
74 118
22 76
106 84
18 1
86 23
21 83
116 23
82 20
23 52
84 150
1 98
128 81
110 51
91 42
18 123
138 107
65 136
41 64
98 143
15 143
50 16
76 8
135 49
41 61
115 120
140 133
11 91
74 93
3 140
9 125
105 90
60 122
50 112
105 31
18 37
106 40
64 59
50 81
111 27
39 149
123 70
22 18
137 139
79 67
138 136
110 87
93 34
