p td 350 1400 
19 298
73 303
22 134
345 98
162 246
70 331
62 99
255 84
209 194
287 226
252 303
109 92
73 156
35 182
201 169
144 65
76 220
314 91
183 192
344 123
290 212
215 23
324 155
161 72
39 206
40 275
120 306
40 31
294 164
122 206
255 186
112 234
245 104
151 297
279 230
126 180
95 59
221 350
278 134
69 145
104 14
112 274
325 98
243 190
91 115
113 5
61 244
171 113
272 332
131 174
312 282
211 128
55 304
52 325
64 49
258 104
56 320
293 50
52 276
245 109
295 336
182 85
342 181
238 121
114 221
242 204
314 331
134 303
178 335
268 15
110 12
149 279
214 259
2 179
199 16
121 222
291 228
78 199
274 176
40 350
177 64
169 306
156 62
323 276
294 58
102 212
104 107
38 178
175 225
233 41
224 312
289 259
144 249
202 338
310 340
187 10
49 116
163 346
177 256
278 73
101 238
276 191
99 241
224 272
143 172
63 315
309 317
60 9
249 145
25 106
202 14
41 19
107 67
182 300
306 177
115 247
242 128
319 49
30 290
10 283
325 227
169 145
73 231
322 248
60 80
22 239
227 46
233 275
322 324
14 335
55 159
40 87
127 92
60 170
286 81
211 63
238 50
345 187
193 146
297 335
92 6
238 4
173 80
212 120
28 47
186 160
307 288
18 183
45 88
319 195
146 339
342 216
262 146
327 11
278 308
341 273
287 75
319 214
26 107
321 220
279 345
83 245
216 147
243 121
270 248
87 131
178 104
344 147
45 191
324 88
288 216
253 95
327 63
156 314
151 176
3 89
139 52
239 36
19 48
18 318
207 348
325 36
300 174
219 330
26 342
342 233
248 157
197 292
347 264
269 68
188 19
248 189
164 115
143 201
67 109
119 288
166 250
233 286
177 15
160 289
210 78
219 176
71 325
349 325
30 240
336 35
241 3
75 270
153 151
83 294
208 198
285 48
54 96
309 172
255 336
208 166
65 115
291 14
98 124
93 267
240 304
243 255
217 87
236 322
132 249
97 212
225 189
290 337
101 143
262 130
229 214
234 198
107 293
17 163
217 135
19 122
48 339
244 312
211 300
210 262
301 301
2 14
329 155
93 226
309 259
314 121
166 221
326 102
244 28
77 166
218 190
75 118
102 133
48 22
161 317
68 45
288 333
59 262
31 100
29 141
282 43
119 349
277 63
192 76
159 278
65 228
217 173
118 23
333 329
40 270
89 142
88 94
75 303
48 301
282 115
169 34
189 183
151 180
85 245
197 277
114 59
104 271
85 62
175 76
64 137
168 134
151 197
105 300
129 246
315 130
240 306
320 208
67 293
336 105
323 106
341 107
204 80
187 268
246 341
219 194
100 326
126 306
339 11
243 237
35 322
318 47
342 30
14 243
126 308
154 20
101 267
65 265
104 146
157 298
305 41
297 164
79 280
97 37
335 256
122 201
99 78
204 259
83 224
14 171
220 333
32 338
205 163
166 332
284 78
299 125
94 4
140 243
24 172
12 68
275 100
90 141
172 174
278 164
15 162
320 348
315 240
194 191
283 58
270 178
51 195
29 270
329 160
110 58
134 315
132 319
181 146
102 314
201 127
151 195
288 165
84 336
33 137
251 130
230 260
324 87
193 244
326 212
223 107
119 44
33 297
293 214
88 131
159 37
345 124
275 323
334 310
214 251
59 48
135 16
319 161
272 57
115 340
211 299
210 49
285 226
180 161
130 93
66 189
89 139
14 100
248 131
70 107
345 184
107 7
167 324
218 127
260 253
306 215
206 217
109 213
69 3
118 172
267 141
224 337
58 142
239 260
246 151
212 200
76 338
7 195
212 109
81 59
58 93
319 201
124 261
270 186
245 329
129 90
220 236
49 292
281 322
249 89
76 270
215 78
10 338
342 124
36 258
194 33
164 337
243 339
221 1
173 200
73 273
2 167
44 131
131 218
29 285
41 25
148 165
141 51
140 250
321 224
79 299
75 282
57 72
274 87
105 105
84 79
264 157
6 193
333 196
299 184
43 94
106 276
87 97
232 168
333 172
289 177
178 279
12 55
149 1
158 341
40 65
260 83
332 54
317 191
153 247
233 121
258 50
64 66
238 337
199 296
232 231
295 323
76 346
127 233
299 224
205 52
102 226
318 171
327 33
128 261
30 261
114 199
310 218
270 179
318 172
26 57
310 25
326 310
145 348
339 180
288 211
256 223
73 127
327 219
224 165
150 240
105 199
284 227
211 97
311 280
132 317
140 108
155 119
177 161
31 90
306 117
228 30
23 154
329 154
86 327
114 229
119 298
19 339
317 30
324 177
123 33
200 50
278 200
149 255
108 5
323 254
260 34
64 9
146 82
11 308
76 98
296 280
285 92
85 191
310 295
172 174
251 316
2 6
30 206
68 91
284 325
340 200
298 224
136 59
344 156
341 18
308 299
73 182
314 144
178 299
4 290
37 41
224 21
57 249
161 269
254 146
332 202
142 232
85 103
162 47
30 328
70 293
76 37
293 196
207 322
228 122
208 230
122 308
115 283
160 78
34 242
6 201
129 50
303 298
323 265
332 94
150 62
214 7
261 50
51 168
344 326
294 244
115 30
128 29
286 310
154 180
115 37
319 85
202 28
197 331
348 340
144 303
343 217
23 211
297 80
151 101
201 308
54 333
2 48
208 236
25 275
40 216
331 173
135 290
38 12
209 202
132 152
346 191
187 40
133 342
37 45
271 13
198 156
244 126
139 286
205 285
308 256
254 226
115 289
330 162
252 100
88 232
91 336
130 267
138 232
16 262
197 227
67 287
175 5
296 144
287 17
194 201
81 182
211 209
89 262
190 218
39 275
126 295
208 282
225 234
265 28
219 45
104 167
25 95
205 301
8 176
195 272
54 296
243 121
167 5
122 236
350 17
126 124
117 326
143 308
175 10
135 306
332 256
33 134
189 299
224 88
64 302
9 101
339 125
114 80
43 341
34 80
186 90
257 216
28 113
39 57
108 282
57 254
100 302
304 206
30 190
103 336
120 44
318 125
5 125
22 76
305 254
86 172
300 88
61 212
205 262
167 63
311 300
255 185
183 282
135 226
345 177
49 219
218 57
120 220
150 253
314 73
144 73
38 72
303 273
218 340
272 347
126 192
317 102
263 54
6 120
229 276
81 249
150 48
258 231
207 300
309 236
121 315
7 112
211 165
257 269
205 108
5 1
148 41
263 175
332 255
247 217
36 238
98 347
125 195
245 175
330 9
187 219
293 74
84 263
113 180
157 226
55 249
312 64
175 250
120 205
239 44
293 294
45 224
48 93
242 54
269 168
348 185
236 281
265 245
106 161
97 275
172 280
145 239
151 190
186 144
22 283
219 117
295 246
303 271
36 210
314 124
166 115
257 125
271 291
78 327
187 231
341 178
308 122
180 135
48 122
175 347
187 313
131 316
295 229
121 279
47 209
116 200
45 249
238 220
208 49
101 85
332 325
79 208
83 282
25 113
181 2
12 131
269 145
127 25
294 79
118 16
96 294
233 185
288 298
23 189
236 262
269 14
145 139
83 300
92 347
206 338
347 341
199 261
250 24
238 270
288 6
34 90
161 102
65 75
168 298
67 71
174 147
115 92
331 219
327 198
197 226
176 233
14 338
27 348
269 98
2 82
297 187
98 320
284 33
5 281
204 60
106 134
62 261
329 122
144 17
269 197
28 266
314 142
71 46
171 139
106 81
294 64
193 83
289 180
6 37
253 115
94 42
256 5
311 186
215 240
51 128
222 255
266 166
316 142
152 271
216 105
299 105
8 274
11 248
19 43
254 275
125 270
345 350
129 304
46 42
280 244
158 3
111 348
215 4
51 216
205 150
74 83
17 44
276 309
334 9
234 288
116 262
320 254
190 314
30 35
52 226
333 27
119 273
339 314
37 112
61 325
217 131
163 195
325 191
193 121
116 122
334 42
92 48
127 13
99 55
83 297
169 208
113 275
117 255
28 143
47 318
203 274
317 9
328 326
113 279
249 237
39 176
350 170
27 98
225 40
33 198
281 174
239 138
245 346
348 200
79 192
87 343
150 337
203 253
69 251
31 5
86 246
226 82
189 158
325 127
147 142
65 304
328 6
26 16
302 158
180 14
260 144
16 158
55 330
65 329
7 324
240 347
258 28
186 336
101 349
75 98
152 89
130 57
241 273
163 137
276 304
179 159
349 81
74 21
228 255
76 233
114 90
57 237
57 248
339 207
1 37
87 296
84 163
333 260
326 3
75 303
223 292
135 178
50 237
52 153
185 340
215 11
10 115
125 253
206 260
291 344
188 219
260 176
26 136
326 203
128 302
301 65
178 311
178 32
188 134
90 107
19 100
30 343
9 95
17 99
342 118
38 229
279 118
328 225
104 257
320 85
297 348
223 310
173 50
205 280
23 158
40 16
12 15
96 251
257 315
318 344
268 318
310 216
303 144
47 102
107 324
346 333
64 66
142 274
47 310
173 127
175 321
195 26
203 147
153 111
329 9
134 47
285 108
211 113
182 161
243 156
17 153
327 32
348 91
220 8
326 33
338 249
76 299
36 301
260 269
71 235
110 55
188 114
28 180
170 103
197 197
286 11
150 156
222 147
171 283
255 201
118 265
54 115
282 168
286 79
113 230
126 283
63 284
277 255
195 232
153 41
221 271
257 150
304 319
8 7
286 295
17 208
226 147
71 247
60 28
256 27
155 131
177 266
131 308
67 49
163 307
225 151
194 206
28 286
24 247
250 286
10 114
261 260
44 196
303 133
26 159
69 164
138 222
208 320
313 135
134 161
5 60
82 13
112 115
2 208
143 196
288 142
286 190
45 119
253 69
75 142
252 103
210 42
82 12
139 44
278 87
305 44
289 246
302 311
255 184
78 228
40 52
146 184
177 88
313 144
324 87
203 52
231 345
216 137
263 237
309 215
326 249
163 31
168 287
4 298
289 52
93 184
309 224
230 130
247 130
281 111
99 124
163 51
2 166
289 105
159 39
201 243
136 349
159 35
129 184
332 125
45 158
335 19
17 346
293 56
191 104
162 302
64 90
237 92
83 252
59 302
295 341
29 87
181 17
31 200
222 142
65 138
300 25
300 28
305 153
195 152
97 297
104 98
265 47
47 39
14 189
341 36
350 86
166 141
289 220
287 129
128 321
62 226
318 136
300 107
254 140
246 340
197 18
4 117
60 48
183 149
255 163
343 317
156 187
168 19
257 24
203 242
135 284
166 169
313 57
156 114
60 172
257 282
349 154
125 116
30 161
317 28
214 171
207 145
241 80
116 72
304 328
208 149
47 9
113 7
280 332
256 210
151 124
93 105
278 131
69 155
47 227
258 27
261 70
305 181
243 16
80 63
78 87
186 293
273 105
264 277
150 317
309 115
113 84
147 165
34 323
115 255
305 107
155 127
153 285
175 260
333 65
113 222
182 240
307 5
10 314
109 213
92 99
91 210
125 346
291 55
241 288
126 326
115 217
244 38
125 85
188 11
89 176
194 295
159 27
103 235
225 142
300 38
295 240
93 292
204 207
124 293
105 307
330 340
308 75
320 115
7 2
23 45
176 247
304 127
247 172
343 81
81 76
129 9
119 226
330 98
60 152
282 103
325 95
93 316
170 204
299 30
129 226
144 195
230 264
241 248
187 176
135 271
189 249
333 301
15 49
13 115
122 78
85 119
54 267
63 58
140 105
202 219
266 62
108 166
70 108
327 200
327 63
70 310
58 16
179 240
22 90
290 49
86 242
84 269
350 181
190 181
141 313
118 314
3 242
281 277
128 71
281 202
39 181
310 283
93 144
62 144
168 141
292 224
161 285
58 55
71 114
171 302
224 240
95 104
252 46
45 282
37 111
287 5
6 185
101 237
260 14
126 234
126 140
221 97
200 58
334 173
58 96
7 336
245 297
327 123
105 69
200 62
227 145
243 186
66 147
21 274
245 48
334 98
56 144
295 109
308 291
218 272
279 61
72 295
137 338
304 68
215 243
211 156
36 125
55 123
136 25
301 105
279 158
341 71
116 258
243 215
246 95
147 44
306 154
293 113
69 22
181 72
50 47
2 294
319 344
81 47
106 21
208 306
342 270
138 182
265 155
75 139
19 83
187 270
152 8
97 101
150 283
181 183
334 30
80 224
264 209
308 148
210 235
189 146
262 1
233 292
231 249
20 90
180 199
227 230
303 129
140 274
186 107
109 343
279 168
42 263
47 16
153 125
13 36
246 161
295 328
167 97
27 53
311 317
112 217
241 54
242 259
185 59
250 286
24 21
245 225
267 100
98 277
121 192
136 337
335 77
