p td 1500 6000 
256 1466
846 623
236 155
461 1285
942 565
1152 1394
1348 738
797 1376
1112 1023
332 779
970 78
165 112
884 769
732 1358
869 1010
977 1393
918 1482
1264 1304
474 477
796 411
1485 844
1099 743
633 51
870 405
763 1100
611 1220
579 270
957 879
484 273
375 365
1206 647
891 1455
153 1011
846 821
262 1011
515 342
748 74
191 1320
797 341
896 1158
1449 1287
685 197
771 669
1331 1235
48 551
28 509
1318 969
855 1313
1300 773
313 992
298 762
15 1496
326 1463
778 283
663 262
1091 277
59 729
78 1155
1268 408
1080 1209
1260 104
1258 443
810 544
538 585
1125 1052
1385 565
59 1325
1438 1320
1181 469
625 1432
337 1365
447 108
1387 1415
1294 1207
1083 445
913 1016
458 1006
165 681
930 40
1141 1119
593 1429
324 715
836 669
665 165
373 321
394 1018
862 147
439 383
102 278
799 1088
538 1047
542 146
1205 337
859 914
378 649
1460 1043
1115 1251
463 69
1064 28
1126 1396
60 487
54 372
739 1374
1449 440
1269 653
280 1162
931 1313
941 1153
1230 1104
666 329
244 1117
729 898
109 1128
463 442
670 623
927 127
739 753
165 85
1265 845
1229 764
751 1144
716 856
943 246
1191 1376
246 558
27 1257
656 1401
1446 1120
978 99
923 215
1301 1433
265 1498
1356 1226
174 1494
1288 413
951 1135
304 189
907 322
117 329
350 1190
368 366
216 504
145 1477
551 325
1105 1061
1142 239
1136 95
375 1450
207 614
1155 628
145 711
790 1041
774 395
475 133
1407 995
703 664
1431 370
1261 464
743 1382
479 498
963 1343
661 18
1490 517
626 498
1453 808
324 459
1221 959
1160 773
485 1249
1301 539
452 1358
226 268
418 1221
395 735
321 581
629 120
526 1242
306 598
1115 131
1321 516
686 202
955 1386
485 682
1460 1411
939 475
731 651
430 760
157 537
1353 239
445 267
1249 78
37 457
123 925
1403 767
1316 416
1358 1382
158 533
1055 1141
304 412
1345 1343
853 770
956 1494
1338 1168
823 217
176 1286
1258 1030
1262 254
547 304
835 339
901 939
488 371
317 1434
1500 769
325 939
1042 89
872 666
835 290
550 599
1232 223
1284 120
1475 1417
579 957
776 917
1475 83
1051 149
972 1064
728 21
414 724
801 81
454 610
594 815
625 1287
172 312
337 597
1122 473
766 1268
1105 1396
430 292
1231 1377
1395 139
1378 261
981 904
1040 1056
321 806
1188 239
1301 1436
637 607
26 263
1096 1270
1132 1245
142 178
1103 135
804 720
1300 858
1359 1206
82 1342
217 33
1407 1218
339 1162
90 152
635 1211
911 642
465 253
1333 163
1266 927
624 393
1475 708
695 710
904 1237
450 992
525 809
948 344
649 187
1482 1465
1114 1077
940 1068
1419 1267
607 975
939 1428
316 1339
248 4
61 887
460 1445
1016 162
126 1438
1244 1260
73 647
116 671
330 121
255 788
132 600
435 285
330 422
640 662
810 529
674 306
1336 551
1488 745
1437 990
1218 146
69 1015
1387 978
1394 363
989 362
1500 138
65 250
1016 393
549 1477
569 1330
395 70
255 147
37 987
901 653
548 446
273 579
113 207
249 339
987 1217
817 1334
1400 168
912 1184
1116 927
149 191
764 304
1215 1157
149 1156
737 619
1227 308
158 610
1394 1411
1346 153
432 979
853 1210
1420 525
361 580
1357 1200
676 1384
1140 1380
196 1359
115 155
256 859
1139 384
743 930
601 392
1189 264
255 1341
196 223
565 310
1171 436
281 354
676 790
378 5
397 233
655 5
270 454
650 1106
110 946
547 5
454 623
1484 1123
1076 192
1149 1226
178 1106
1383 161
1011 170
1488 1092
201 1081
901 527
948 1246
1479 200
574 224
28 1364
559 192
218 957
1082 1361
1231 1492
242 1381
231 490
323 916
733 1237
1262 933
833 177
259 1497
1226 986
627 907
1462 591
3 838
282 78
1063 1140
765 1141
870 1313
748 1327
26 685
749 409
1371 1212
970 1409
865 1197
1202 378
1381 1489
934 142
1166 590
1330 893
297 390
607 1196
134 1087
1279 1133
1365 407
858 82
600 224
967 432
633 1337
537 1095
243 592
1466 1087
577 298
300 329
1333 921
886 255
4 1220
701 701
1237 676
392 698
1243 1441
383 66
547 1408
1091 1285
678 305
215 1275
19 30
716 525
1180 813
828 358
1115 1179
1456 1112
218 480
1404 53
714 15
121 73
166 1059
1229 1215
222 346
178 124
609 1160
231 1052
324 1425
284 1438
578 636
1231 230
306 164
357 1410
311 790
551 37
1090 599
866 1220
463 812
950 973
469 876
534 1458
665 52
1394 1260
918 385
1020 1318
1144 29
28 1335
1103 1374
639 887
5 19
203 711
1254 444
44 1280
1449 1049
556 545
1085 1001
1202 1159
390 198
660 736
1006 688
341 1464
361 375
818 1134
912 1139
818 209
1424 407
644 1450
95 625
1130 1184
312 871
750 714
841 684
334 1177
163 362
49 273
131 415
530 963
683 321
94 509
1096 1191
1071 1036
302 343
1497 1301
964 208
113 739
467 1385
519 167
538 256
275 1136
303 1348
1110 1378
364 1159
1218 328
155 836
189 916
1248 837
464 283
1179 214
1452 995
1102 811
1011 1457
1324 1424
319 1260
1165 108
1193 888
136 242
70 1132
244 249
131 1233
14 100
989 249
357 445
1372 463
1460 605
1473 1149
858 1231
140 954
1303 79
1048 603
63 26
489 1347
701 1284
282 69
944 1463
1319 756
527 841
1093 36
1184 320
575 445
1478 397
24 1218
815 115
1313 1013
235 1340
1023 577
739 1393
1014 230
550 1311
240 741
1062 654
1158 156
872 148
831 838
87 833
286 1133
1094 1497
911 1383
1466 499
317 126
439 317
926 1359
226 1349
1349 1409
354 845
201 1076
391 859
1122 1256
209 32
985 322
546 446
478 659
1408 1036
577 607
93 1015
318 1075
1136 373
1092 633
872 489
201 197
718 1027
638 1160
1077 1249
1097 153
1322 896
730 170
124 373
1406 1108
796 702
804 59
220 807
628 106
1414 114
1114 311
814 1151
418 883
350 468
196 850
327 225
23 1488
30 635
84 830
1417 856
301 307
1196 883
239 587
327 1071
583 1414
233 118
602 656
882 1048
1024 1355
468 783
1155 347
1119 1375
1472 781
674 83
456 729
1181 104
791 533
492 1364
1276 402
1254 631
521 504
1298 140
1112 84
1034 77
1116 607
456 420
534 704
604 448
207 356
1149 1184
583 1356
508 412
1070 371
829 127
268 791
889 137
186 828
853 1122
1472 485
327 783
1179 1219
450 522
824 286
967 540
283 852
267 1025
852 930
584 1458
258 980
937 369
377 589
1438 796
870 731
955 1294
924 1395
1240 371
65 228
976 423
327 1291
898 143
1061 1065
645 214
1013 607
496 862
1199 877
1084 369
566 508
174 763
167 538
687 1039
611 1360
191 1334
27 871
561 872
115 806
92 1160
1433 1259
168 931
262 420
1243 491
733 984
335 624
572 1374
264 291
783 805
824 1002
328 82
916 1306
1159 497
625 192
857 616
351 38
777 542
338 725
346 963
124 1176
759 802
491 595
1365 5
51 1472
140 1498
1167 911
1488 843
249 321
557 350
666 713
218 396
77 965
23 1151
1088 867
1388 1410
1151 37
975 1099
211 1164
536 475
1317 359
1289 309
1207 898
1482 248
521 552
1425 686
1338 1012
1436 1462
1280 363
961 809
216 721
667 988
1224 1114
620 312
1003 355
663 532
826 663
994 733
987 759
169 1428
793 1326
866 827
1374 90
1470 615
1218 1087
186 218
129 961
66 1443
414 663
718 450
1253 488
1434 222
185 1356
301 511
1448 311
375 1298
1224 1172
429 496
890 567
1061 430
235 430
825 986
703 367
98 1111
328 1328
1035 1218
1295 345
826 409
1422 690
1218 1000
108 699
601 1003
1469 885
54 866
1269 1442
1372 254
272 1358
888 887
1485 372
772 322
70 191
1126 209
945 576
852 748
600 64
1289 918
234 226
1200 943
1320 940
954 1006
707 992
437 1406
1067 498
1013 625
415 445
756 745
770 300
854 455
1396 563
433 1023
787 1264
316 1171
337 823
1067 638
684 1089
905 1396
1390 93
411 1081
861 795
1111 604
942 1024
795 679
619 165
42 411
812 918
1478 1391
923 959
120 1364
900 838
857 17
1065 756
766 545
661 1347
73 1188
896 266
1096 1191
37 1310
306 219
697 1048
354 897
79 1093
719 177
1412 1153
166 859
646 298
503 955
1444 451
1133 1209
572 270
521 764
1240 444
1233 512
549 572
919 888
783 1337
1044 152
1023 764
916 1498
344 237
368 54
885 598
1170 1484
1335 204
320 252
1434 71
745 1217
1217 1417
1434 1056
835 147
1373 1342
1426 787
1160 1288
377 149
1446 1103
213 880
1069 471
804 1467
571 572
570 1115
923 157
770 229
1489 1233
405 1341
949 1213
1421 733
250 475
64 1144
40 665
495 815
1370 1202
502 1091
1459 543
850 104
49 1087
672 530
407 1361
118 600
231 11
415 1051
522 462
1335 1441
71 1131
1096 114
639 387
470 1153
217 1104
835 1456
1189 1368
145 491
595 623
1193 1482
676 798
654 870
383 381
279 1254
785 269
168 607
1056 1096
319 1247
1008 1100
246 504
354 39
859 1208
1402 1468
1051 376
146 1147
810 1140
149 322
205 736
1022 568
1317 388
122 1170
644 1062
1395 1259
100 1224
633 997
984 260
541 93
713 727
1337 712
932 781
75 1197
359 75
707 525
481 824
135 588
945 1193
1037 964
967 436
1347 842
616 1181
241 1075
645 1134
930 879
152 369
1450 810
321 1256
126 742
115 684
8 1239
402 881
851 1252
1331 4
1075 1423
696 729
637 531
253 191
114 1499
905 943
1295 1022
220 1334
222 228
502 499
963 834
227 644
272 987
672 1431
74 5
191 221
876 1492
402 152
285 1066
193 1361
687 616
169 1441
543 678
728 958
711 848
336 127
607 1424
892 1169
696 378
1186 1464
967 1284
1299 1207
748 575
1269 851
1405 572
267 1166
1344 831
151 1078
774 1066
321 891
486 1320
296 796
1380 1469
665 823
629 1402
1436 166
804 40
280 700
744 703
138 540
52 527
409 277
1427 400
996 1176
702 570
1436 968
544 472
1067 473
362 19
715 470
475 496
745 164
1012 1264
13 83
1379 691
512 714
387 842
376 1059
777 443
733 1224
578 1486
1314 478
956 174
376 1042
318 1198
988 1465
51 222
779 648
42 1021
1095 835
241 1193
1152 1300
395 1417
936 938
243 681
1020 521
531 192
714 477
148 416
189 1323
1081 1176
794 1263
760 186
492 926
995 557
1375 514
698 4
273 672
179 161
1053 876
190 998
1147 1277
356 871
1039 304
1282 1310
1254 1112
1025 1187
767 1459
221 551
1500 337
1170 655
213 901
413 540
1158 810
22 1362
129 1452
935 1482
387 419
887 398
379 1390
544 1417
1158 1448
1142 1093
101 1202
866 971
132 808
277 783
1068 1433
433 806
274 436
722 1411
524 199
1326 404
814 1160
930 490
94 1132
364 833
1492 145
1364 854
284 118
840 1264
111 356
774 975
243 922
1087 305
990 1262
252 690
1470 1476
1214 1499
1386 1419
1312 999
964 1350
323 1146
153 1143
510 554
483 280
316 474
858 1040
93 1494
1413 52
683 142
1392 1171
628 554
453 1114
100 40
49 663
429 19
534 728
914 1383
268 659
1221 880
728 1213
694 246
430 810
34 1086
835 1131
137 1134
223 1092
130 1244
1277 1332
1131 850
499 276
123 1095
197 1035
960 650
1089 1362
192 1398
969 56
1087 510
410 849
792 55
1406 115
768 423
576 210
285 806
178 1499
1027 1280
1158 1168
687 1422
360 1100
311 826
1065 1315
1304 176
1021 272
1204 87
1211 789
164 415
222 75
1289 42
748 445
184 1024
427 445
415 1104
303 1040
1376 1346
521 97
1173 1011
1204 7
865 297
1145 1094
834 655
1029 638
773 148
89 426
347 598
409 766
481 310
461 293
1197 747
572 1136
406 628
1378 407
360 214
1231 1083
1054 595
642 503
430 1421
636 1011
79 30
180 1098
1014 1166
1098 1490
1323 930
1234 175
50 629
39 544
129 511
759 571
538 691
493 1016
457 632
295 1456
131 538
266 991
579 928
199 23
1472 115
638 213
1201 1143
87 765
194 280
1496 496
656 16
438 1466
627 1473
477 1448
1329 536
890 531
161 1403
430 56
839 156
1221 211
1208 1434
938 683
762 604
293 374
244 961
468 1497
433 918
675 539
252 645
48 1265
608 585
248 402
201 495
1295 452
927 693
1369 1001
702 388
325 694
756 330
1454 156
517 305
322 545
1453 1217
1254 614
1005 849
123 1115
18 380
497 670
777 1172
750 202
1316 1414
981 876
109 1047
1302 1244
540 754
762 274
435 39
724 310
583 1400
867 1185
1210 1496
1463 1310
1450 1356
1100 21
1323 628
868 373
1410 996
992 558
100 241
95 950
69 636
268 668
1185 45
923 585
655 537
415 1238
1303 186
1498 1245
707 233
84 329
1431 1175
778 647
1110 149
352 991
172 179
343 536
45 1370
628 1047
671 1495
232 936
1420 1250
714 817
739 933
278 973
803 863
351 755
151 958
1218 705
1108 1121
887 548
646 38
1143 1282
549 369
9 1397
637 459
517 208
986 1388
156 856
646 768
703 292
1010 773
146 351
355 781
1166 1414
901 1399
1441 402
489 93
60 82
1312 427
1251 680
77 790
199 1333
1293 554
483 959
863 1098
1429 528
349 524
559 433
881 894
1247 181
1031 148
774 499
589 941
889 1098
1043 317
317 1143
787 1278
391 202
1075 938
480 1428
1233 1467
314 592
993 147
63 348
934 922
757 967
497 1388
28 557
462 512
1438 438
569 517
945 1259
385 847
606 822
23 665
700 946
888 1262
1345 104
657 174
776 90
1328 1192
784 1424
911 1354
732 73
175 1085
1180 1292
705 37
732 388
810 427
444 1261
775 1248
667 607
799 534
161 491
1441 1385
516 343
769 289
1125 1297
160 1410
143 153
1164 432
1468 543
1464 911
504 422
625 846
336 896
776 968
790 391
766 1355
957 262
589 1076
1179 670
904 432
72 184
504 331
896 540
1466 1459
1214 861
1036 1296
343 1488
1475 334
546 706
1270 1331
1253 565
233 1446
1127 19
1267 255
468 1224
1297 202
299 757
1212 1240
1117 401
948 450
27 423
916 1241
129 82
253 391
1316 404
233 51
504 263
132 1038
383 1054
41 151
301 1482
1067 265
1295 256
1308 382
17 769
369 312
1049 405
415 1463
800 1283
75 788
455 1337
947 1264
484 71
190 190
1270 455
1429 479
684 1105
1458 1136
1424 1349
853 1385
1095 1251
1433 1140
92 1082
696 1414
1082 174
390 790
33 1202
848 707
1366 672
1489 272
11 222
288 935
865 1316
623 1456
1065 1468
22 1255
1219 1100
911 365
1080 1080
430 943
134 996
920 95
900 122
637 223
1205 236
571 944
851 193
1151 1333
184 1120
744 1244
805 1338
1076 1005
638 287
303 27
922 856
1312 1484
472 661
188 108
396 656
1405 361
670 560
835 866
157 1250
835 1432
1426 614
1009 1311
189 1212
1118 102
757 1077
226 1018
412 526
981 305
508 481
688 587
769 405
191 541
388 1117
760 1355
1485 39
804 840
1345 990
545 972
1308 1474
1085 1223
558 1190
780 1281
61 1444
644 1275
221 1202
1287 977
326 1192
736 259
152 832
848 380
994 1277
622 492
411 1375
1220 1435
1016 9
598 672
275 967
722 312
158 15
1169 302
954 727
281 1141
373 257
404 561
151 1051
650 323
825 91
702 409
1149 1334
88 11
1280 146
1345 777
538 1000
731 1173
1371 721
288 1105
168 739
1294 1491
450 726
71 592
567 730
735 900
461 528
1171 297
308 743
1401 940
33 1496
966 1255
1260 556
1140 898
459 649
961 61
830 1324
540 78
244 610
1149 623
871 1130
1196 820
17 570
1144 1061
1356 1274
748 355
157 476
1400 144
344 1275
840 1157
407 198
160 644
1051 1182
904 907
100 897
212 570
90 359
1468 447
416 82
1052 1421
83 1212
718 1195
1011 1068
11 227
208 673
1229 763
1073 578
728 750
1386 975
1476 93
794 1434
1414 1041
1065 1432
1182 1500
707 243
683 687
291 1221
104 1338
1082 1155
24 811
364 470
1485 408
991 271
42 374
1121 1279
1295 1160
1059 126
1436 407
573 328
1122 763
523 1196
98 321
152 989
294 1060
572 219
397 1378
1220 487
415 378
555 1214
959 475
801 1130
108 624
325 138
952 674
789 1439
1161 1190
132 995
945 438
683 164
359 1182
1291 650
717 1087
1151 1424
1483 433
1034 268
401 198
106 114
878 994
169 78
1255 742
508 1353
108 442
25 310
292 1476
1202 814
1121 1278
1061 495
218 902
1472 1381
685 1087
1127 481
826 1013
202 83
427 240
488 455
124 412
706 951
1229 1120
1112 1021
768 1420
271 1351
351 249
202 827
910 1327
930 1431
911 910
1351 531
759 180
567 1305
558 869
289 752
1427 911
207 583
1173 909
1223 1440
312 614
1114 1028
648 1288
1243 526
1481 351
916 550
150 684
545 264
463 268
610 1043
950 890
242 468
982 1091
1044 508
958 684
855 182
539 1217
63 1103
1090 273
1013 1409
1487 996
610 811
172 862
44 703
329 152
562 492
18 1304
1007 667
891 241
1028 211
726 1165
958 717
1480 44
1108 232
936 469
784 207
266 894
633 510
693 1365
536 1425
176 288
304 896
46 457
229 1198
1142 1185
697 144
193 257
586 1354
783 628
723 57
688 1218
604 1361
1062 1122
1322 1431
1169 477
1104 1396
53 725
1271 1304
1348 245
1399 825
1303 1270
1375 24
312 1197
1466 423
349 570
1028 548
941 164
1060 1247
1146 565
1184 1117
793 355
77 947
1493 1310
842 106
844 929
410 842
1223 143
359 963
972 503
665 1113
127 787
1451 1026
1233 1220
1069 1410
1178 543
468 478
329 884
788 375
302 545
878 766
356 406
569 7
503 640
573 1051
1443 483
217 1015
84 500
1222 166
1278 1208
199 1280
708 1406
116 1400
134 47
55 1047
347 601
1060 886
688 1411
622 267
69 56
534 1287
782 961
305 323
113 23
122 1071
892 154
205 931
1030 1010
1214 1198
679 859
610 880
61 907
1303 753
334 45
731 1134
303 982
1046 346
341 528
1395 269
149 359
814 1340
341 426
558 1415
53 1321
805 1291
175 875
1402 946
121 719
26 1050
573 549
142 1412
1041 1065
1226 995
1072 822
579 38
222 357
246 1161
1069 743
189 1469
1346 274
52 822
976 1281
1354 15
1410 1008
707 1273
1058 1420
708 1077
663 533
803 1441
1041 245
583 158
722 88
483 691
416 534
1366 834
1260 1188
1444 274
464 988
1495 55
1075 694
887 949
965 189
1025 924
301 376
1000 685
826 172
1094 1276
980 1041
623 555
340 1438
1350 1259
742 1020
349 1344
585 1147
1333 1338
1058 170
974 636
899 746
1264 1094
105 281
101 304
518 1237
85 1285
887 98
1279 24
562 744
1299 828
1498 992
368 1221
736 186
1006 1014
1366 145
1099 928
489 170
147 1356
1418 1023
1192 1141
856 1018
942 1407
503 158
174 1341
776 174
110 694
642 449
1012 236
774 733
193 697
1426 1476
1340 1151
206 206
1189 867
31 1222
79 472
845 809
1269 1213
1064 822
1080 169
1392 552
1269 1315
716 471
131 1247
958 544
120 775
1008 1486
973 19
363 109
611 863
118 274
500 658
762 1223
369 38
10 958
547 270
379 502
599 515
477 1330
758 1200
1220 621
878 91
201 453
55 707
378 1448
289 1489
219 112
1032 698
157 517
907 799
613 394
553 1078
1201 1304
805 936
1287 1195
178 1442
297 1008
179 936
343 1154
1198 990
1434 262
1085 939
556 173
734 1224
534 240
594 1388
1001 1407
377 383
816 273
870 453
1187 682
921 1313
43 564
482 567
805 960
1072 84
769 1159
1077 1108
530 121
662 1124
422 322
974 637
431 125
171 418
119 1222
573 336
1299 1260
480 647
1266 70
913 97
1034 1042
305 1321
304 681
817 715
550 1448
1173 263
534 624
59 511
506 484
609 109
1021 156
183 895
537 697
1439 1020
1352 561
1178 145
242 857
633 811
1383 383
285 446
976 533
1291 899
1292 478
12 154
282 889
1494 1386
1287 1270
1351 1430
1320 154
1258 1415
923 479
896 916
315 780
851 1272
126 1273
786 791
282 166
525 547
914 671
1185 565
483 485
1366 911
752 439
493 778
1015 1391
228 107
856 1365
1246 218
1011 1231
1083 20
1177 823
1033 452
1242 969
182 42
348 918
701 21
553 1047
334 586
210 131
584 1013
856 999
160 1420
1003 768
676 151
543 1363
1456 643
613 882
182 235
875 280
452 875
1362 1161
1154 1027
27 1495
23 33
1207 289
882 1150
72 443
397 1221
1268 1020
43 1422
679 1408
532 1243
303 840
986 316
1390 451
137 320
1171 887
1487 889
745 1015
980 130
601 1366
1102 569
946 1177
1029 85
994 11
382 962
45 1013
837 243
108 912
176 1105
1407 848
873 853
679 779
515 1430
504 926
955 825
1039 1125
230 830
260 1356
1277 1377
1236 1494
632 1014
1132 747
1022 167
917 729
52 857
113 459
1408 1284
708 962
1477 1035
610 1214
90 1300
1355 181
521 1078
558 86
651 729
1065 1315
577 1015
1136 1313
861 10
790 1478
342 625
463 351
1005 363
218 1229
1161 595
1298 1172
1395 1253
1394 533
777 21
73 1221
873 457
681 903
1123 348
680 1078
1192 1444
623 1244
381 915
342 951
1205 1114
704 265
1120 1161
560 430
245 1215
1410 1186
968 1278
574 1043
1453 869
509 1332
437 1214
782 336
772 472
59 1426
1462 230
790 1215
386 233
1117 87
650 756
560 52
977 1211
700 1493
1460 1120
1172 817
1161 314
204 703
614 97
229 271
1215 179
24 286
435 1291
861 343
1094 1088
282 1328
128 203
144 1182
961 1230
1363 780
792 1442
782 429
21 178
33 1187
394 689
80 1316
982 981
1005 967
985 494
938 520
410 743
646 327
1142 32
952 1401
997 870
199 1033
878 1038
1056 253
946 906
591 1485
899 1124
699 1279
170 455
1259 1030
1380 579
276 674
866 1049
728 823
474 1207
314 1307
194 668
515 771
1085 247
1456 1186
574 1103
535 1400
1104 588
617 714
506 1234
1138 473
1227 1181
1323 1037
1264 1196
285 180
1381 466
1147 580
560 991
1466 266
1452 1391
1182 702
235 1141
118 1354
1245 200
297 930
693 300
296 1151
1427 245
24 365
1122 835
961 1487
218 631
1169 1019
276 434
1425 231
565 173
606 1031
1132 91
1380 818
1310 402
1034 1136
1268 300
34 759
954 1331
627 998
592 820
1343 98
1282 374
1095 699
756 1464
822 325
1127 382
1004 319
215 723
393 830
201 213
601 9
767 949
152 1163
1341 843
673 1325
220 1268
1251 1365
897 1358
1101 915
1182 820
1361 764
228 427
791 962
1105 899
1088 931
1478 1117
1350 1138
433 1090
1263 1472
110 884
1066 514
1060 972
417 1352
1218 880
1120 442
1156 796
1147 1469
997 1402
1488 1032
231 606
261 351
1042 459
726 1248
843 108
666 557
65 1240
598 757
902 764
1147 883
593 1220
1345 1274
968 993
220 1010
1443 1380
875 58
1336 32
341 1423
1179 406
865 791
19 170
979 828
1181 88
67 1360
1342 338
1122 1148
197 1365
186 1006
1104 645
806 55
885 1321
819 720
1106 231
261 716
864 761
425 582
1359 787
344 766
564 615
660 81
462 1220
1456 345
649 715
1443 1023
1358 544
79 1217
921 1071
149 255
1157 1140
743 1200
995 324
1419 79
1350 602
314 781
136 461
243 72
1087 282
1434 1113
78 622
170 162
1283 349
1457 670
133 1121
490 407
993 1053
1032 468
482 1176
560 477
281 1305
1180 79
1083 777
617 299
118 624
1035 1110
1343 1380
1334 178
586 893
530 1001
1025 1402
598 764
308 579
947 645
1223 938
1477 670
256 154
906 1090
552 1468
1404 1431
308 972
144 1171
1480 1377
841 1119
1373 1012
275 1014
134 754
926 396
1294 1412
1309 1265
1273 1277
398 578
1049 111
1224 980
684 1401
748 1445
937 1222
427 1494
1380 774
104 729
1450 536
50 833
879 126
1439 1130
1211 285
1406 598
275 1001
396 471
1048 738
594 855
1347 147
422 795
100 1150
635 1427
377 1023
1279 1397
290 553
863 886
1142 471
379 569
772 968
1447 601
808 1409
374 263
1086 486
994 1479
250 1439
202 403
1081 75
528 1461
133 787
1189 1300
860 1426
820 920
1022 896
1042 210
972 1153
215 612
817 821
731 578
921 1347
331 152
57 405
937 1038
631 1263
1375 400
202 921
284 643
38 1272
704 152
588 1016
168 339
1457 783
335 472
268 116
1027 695
1182 722
469 1279
503 72
569 624
625 187
1238 967
461 1414
561 199
1118 1209
598 200
855 10
1358 956
1108 1351
1102 1178
772 1083
688 218
1470 1268
917 942
1042 316
1169 820
325 375
855 1042
965 1059
870 1036
855 1330
1480 41
773 701
224 1045
1398 1433
112 641
497 236
1282 1479
957 12
906 237
653 1259
433 595
33 195
837 255
747 623
1061 1044
672 1043
1497 391
1210 517
572 1010
1457 278
449 398
1485 1461
1132 69
697 393
3 11
342 738
639 86
323 363
1248 342
340 122
165 885
191 1249
858 984
1409 1249
379 577
842 1071
313 429
4 1062
951 838
634 1229
789 282
1213 580
278 1422
1024 386
578 905
663 1390
46 1076
429 1074
870 364
417 1078
614 217
1373 108
404 968
142 652
1350 77
517 854
795 1341
1286 815
215 1255
650 1187
249 909
1477 974
63 110
380 395
1035 1286
1094 956
1215 1016
870 1080
1464 1050
709 264
312 1385
1314 53
652 1194
513 713
1208 1427
1076 1269
1418 396
297 1415
1369 257
225 1135
220 1337
568 893
1356 1162
1126 932
2 892
951 585
454 582
1440 571
186 1133
676 1409
378 1251
753 284
116 1219
884 260
1397 634
207 559
1170 825
626 963
976 1068
712 185
704 81
334 1320
909 1164
1148 1369
1293 1297
275 1126
1150 1450
642 386
1077 1391
977 495
925 625
1227 1120
12 766
1472 1116
1384 392
1327 72
1076 895
1238 860
1341 293
696 1058
804 1430
930 436
256 1057
410 805
912 1404
1186 868
884 270
629 785
1241 1375
389 558
693 282
1351 1369
794 1026
667 511
414 223
1047 555
887 1053
912 998
1456 866
1262 179
447 101
902 1350
524 515
1480 1420
490 339
983 192
823 493
1156 580
1072 322
856 1203
404 248
1149 1166
1000 318
1375 1072
612 934
1276 561
1201 353
417 334
1155 1188
769 394
1459 1355
1157 380
879 55
79 1365
1133 1029
317 1047
251 1440
100 1205
227 1338
671 162
1462 346
792 330
524 620
733 812
1216 69
1307 955
1000 1499
780 507
1194 1207
353 357
1225 239
321 324
512 194
1296 1256
1160 1139
1028 852
964 646
1398 224
556 1045
992 1491
1459 439
604 198
1118 1122
988 667
449 386
604 1343
404 599
708 1455
1361 441
1313 1088
195 278
15 283
670 468
341 1407
532 583
513 45
715 356
1061 1231
327 646
1457 997
984 338
879 463
1111 207
886 168
983 464
281 278
201 680
1004 848
23 1229
1200 144
355 653
1347 1035
846 339
242 952
429 129
151 327
1318 1168
583 823
348 226
356 219
329 840
1416 1278
658 998
705 1042
373 955
1356 2
886 564
164 82
1466 822
1393 591
1163 368
254 1272
11 1269
603 815
1010 1350
508 1326
624 1484
1424 1032
550 980
168 355
1094 1338
1320 523
666 1307
951 781
81 599
331 925
200 187
201 217
1140 455
355 644
281 1493
1478 255
1214 970
148 1181
740 69
1438 1310
944 502
559 302
636 767
57 495
716 38
985 877
385 103
1403 1098
634 122
933 1277
613 774
1492 3
402 240
115 1113
292 1252
418 919
859 108
226 1221
158 806
775 633
626 1260
1222 771
1070 490
214 1378
1141 608
1063 1477
165 486
975 1468
388 393
350 16
4 281
70 660
28 1377
1144 1115
1413 316
1265 1067
159 1311
1313 632
105 1263
461 1432
1269 995
258 1400
429 1164
182 752
1453 622
323 705
996 1172
1188 1030
332 757
216 266
1154 236
431 1488
863 1056
147 1074
1219 1
1435 420
1388 408
456 1107
432 1398
831 305
1266 831
295 691
753 176
1424 787
606 552
867 810
1264 1414
527 1099
1181 1095
1122 673
170 482
626 781
1333 737
117 941
251 795
357 754
389 413
1380 1438
348 673
1010 417
138 860
933 757
532 823
1081 983
1436 752
473 1374
1180 1256
605 421
1383 1247
124 260
447 1212
768 897
618 1297
729 136
1329 553
699 370
1499 1432
1420 994
1186 170
876 1219
423 1247
64 863
1000 1212
88 1013
985 1121
1211 988
756 91
761 54
311 334
1403 173
1439 37
978 1149
257 1168
869 163
1312 360
1400 1136
1272 386
937 188
1176 200
255 604
1003 414
411 1474
157 579
1118 385
882 1246
95 1368
1017 212
337 643
1265 592
560 1377
409 218
614 495
404 1019
673 325
278 51
1088 195
356 1248
386 11
301 392
1437 941
500 948
329 1023
120 369
1057 906
870 59
234 563
774 1190
1027 24
1080 398
841 381
398 457
535 1106
108 435
323 134
883 956
978 924
716 202
968 1381
923 284
689 433
1324 595
1135 558
702 1372
1257 615
171 1155
4 1141
179 1090
424 952
163 1083
1288 494
263 149
1135 188
1257 682
919 1307
1499 845
494 295
834 1217
1406 280
779 837
485 1223
790 1450
918 394
1377 283
920 751
983 459
347 660
357 1046
700 937
1208 425
162 593
102 285
459 1163
844 836
1176 311
30 135
888 745
849 967
1168 1390
795 1065
591 286
1185 710
122 329
1488 710
628 531
339 795
191 1458
1162 1315
652 382
1085 719
797 38
1124 1359
116 297
1092 227
1206 1498
607 157
234 116
410 1282
338 1104
798 1435
963 357
648 102
93 882
143 307
1466 828
1367 1302
1121 497
876 543
382 181
382 403
91 801
804 386
643 823
190 46
361 889
989 1038
1324 863
208 1088
706 1127
1236 770
100 132
709 1233
1342 515
1417 797
583 185
128 136
1301 314
993 372
1403 1471
1097 639
249 803
777 1369
84 1066
880 292
1295 869
193 112
556 529
691 353
914 1438
635 369
356 546
1410 682
1186 889
602 296
809 848
496 480
1135 97
986 1001
1456 1490
167 62
187 365
1261 773
1328 1471
991 617
525 133
583 301
929 1208
148 1026
997 979
547 377
923 831
874 876
43 871
205 106
1000 1183
53 1265
1022 546
280 1247
221 1330
1482 1370
934 1176
1105 56
939 383
697 1057
1216 1101
1195 871
696 267
1480 708
1211 248
1117 1474
1353 115
625 1029
155 846
225 1323
1052 1396
661 1439
1217 659
1321 492
763 378
134 294
220 1159
40 201
133 993
827 918
576 472
182 358
1368 1074
45 1252
1299 485
349 1095
104 347
710 701
546 960
911 422
454 489
953 957
598 468
189 1145
664 317
1142 251
439 414
757 383
32 660
1219 428
507 237
407 1342
879 922
177 1374
968 244
881 802
857 434
320 1431
708 70
1383 745
861 1233
1455 69
690 1390
925 1245
1498 474
590 1143
1157 870
1470 809
693 668
548 637
1365 112
1103 1436
526 990
1285 207
1258 1423
24 336
3 376
361 1475
302 159
40 50
486 133
830 808
1011 219
1276 542
328 1238
860 15
1287 382
825 447
619 819
567 1024
387 1224
431 613
506 23
428 1307
1252 910
553 791
353 240
252 977
466 899
582 1252
364 495
797 564
807 1487
1062 1386
349 1438
633 523
294 973
229 1288
1069 946
1175 388
1153 416
1443 1050
479 631
682 275
290 1228
337 326
221 960
1152 616
1266 1492
51 1321
274 1481
1006 1437
761 148
534 206
901 277
1256 767
646 1125
1066 271
628 534
420 903
1473 468
1499 765
435 483
515 645
1465 11
382 1029
1309 1323
946 374
619 1052
687 1230
1446 755
171 510
207 112
1076 618
1207 629
157 463
926 1039
404 49
940 1182
521 455
1062 142
175 819
1383 915
1376 1481
747 223
311 391
383 1307
1335 1253
361 74
1126 239
636 881
1228 278
302 908
1283 105
1251 863
723 542
431 1186
1060 36
710 1303
771 1087
1121 1070
1182 1273
677 932
756 668
586 131
357 421
647 535
1438 812
257 947
390 1448
1281 227
1207 690
160 194
1325 268
1000 225
1373 1495
668 1190
170 511
1000 45
326 690
760 129
729 1235
835 1047
498 201
493 1073
170 656
1295 915
1307 1394
798 1121
210 1470
250 1253
735 16
83 325
595 732
1367 1438
156 38
739 1305
1394 374
718 1451
920 1083
673 505
806 938
254 1257
826 1363
145 176
510 681
737 1261
862 1429
1203 974
296 1180
315 606
165 254
662 977
206 369
1096 325
787 33
1190 709
603 603
1052 1344
843 767
463 1138
868 184
616 1093
1304 1301
83 239
1447 691
1472 1396
713 909
689 894
1320 1487
166 1249
1009 534
1366 1384
654 770
818 528
1476 802
135 381
142 424
1371 1476
535 1206
408 1161
56 305
431 632
689 1231
266 300
312 722
1262 541
727 699
293 288
1113 723
1458 402
1088 958
1343 1500
993 1408
1453 859
462 1470
1293 1104
935 656
1483 783
206 882
1128 1350
405 792
562 331
716 74
38 469
315 829
994 1117
951 1038
420 1288
939 1352
98 905
1181 269
1325 915
538 716
745 1153
152 861
499 204
880 86
599 1496
945 673
21 1087
1108 608
890 1490
1006 953
335 923
424 130
267 723
854 766
281 554
577 726
195 1036
710 1490
267 570
278 488
282 1406
127 935
331 619
617 791
1424 1359
742 120
781 1167
157 1272
1432 835
489 1448
682 932
569 571
1050 329
809 217
1312 624
28 1190
368 1311
281 1443
964 350
858 111
701 789
837 1407
1167 709
1080 823
13 1184
280 766
352 1459
1056 251
588 1419
136 1172
239 714
1202 911
723 370
724 311
357 573
136 322
746 472
1365 1400
294 673
1224 774
277 751
205 393
554 39
246 356
545 170
563 234
154 594
722 347
884 1435
1348 116
292 1199
194 295
740 140
874 379
668 1251
1239 686
695 1442
1317 1393
1129 704
215 417
963 396
440 1225
1152 832
1499 189
1025 743
994 154
174 290
977 577
93 685
837 1336
971 1315
962 1135
366 578
890 272
1434 1403
870 1381
1109 1095
1233 469
705 1112
615 892
176 1214
38 575
140 294
1085 502
1422 1407
933 49
856 46
212 1257
423 886
1443 920
364 481
1149 234
3 1404
714 74
632 1031
1168 550
213 452
1032 322
90 438
510 1259
460 1481
304 1323
1234 615
854 128
30 1178
690 689
421 1339
1281 144
182 1154
557 123
257 269
1061 41
784 1087
940 1205
1227 876
1273 1423
40 278
769 306
634 1176
961 1110
386 252
274 603
764 497
1256 621
783 1160
734 1148
717 190
1285 1409
1297 697
918 668
80 1135
145 825
1304 565
1336 1169
224 110
915 315
89 1221
22 519
1298 3
824 285
822 1384
375 529
782 293
1317 565
1167 1075
415 518
847 1128
677 615
834 1219
138 334
973 1453
10 934
284 635
1240 908
1284 531
882 464
6 1338
237 263
788 1184
960 355
272 368
1254 1080
1267 143
1255 1020
153 711
67 294
629 845
185 1027
865 1471
598 966
1327 818
24 238
1145 145
81 303
1298 460
1284 403
385 361
608 1275
1482 762
154 194
1114 966
1039 1071
536 1205
504 349
406 1154
21 931
1349 370
911 684
877 1012
823 522
1224 499
1221 760
337 1294
202 963
525 890
368 989
1425 1229
219 793
715 183
1078 685
477 507
453 903
694 633
535 891
1190 1374
450 263
1356 960
525 1212
1266 1347
192 384
765 1373
1272 1316
254 385
8 1070
788 1394
443 736
719 1481
1019 442
250 1050
1313 789
1134 543
829 1346
921 290
733 545
600 455
845 1058
521 392
586 421
1120 196
833 1049
1236 474
882 203
245 1304
1431 1401
515 189
477 1161
892 296
481 38
1260 1132
147 395
433 1122
1445 1327
23 1183
1265 717
993 498
225 453
1069 759
1042 671
363 1238
533 546
93 661
535 822
1270 80
656 1132
807 1163
319 36
480 818
962 437
1174 1142
1002 316
1246 1336
1349 1185
1008 1461
1174 661
1435 541
723 1190
357 511
629 1209
895 314
861 309
800 517
422 1391
1470 185
47 623
854 1133
477 819
499 1129
1210 388
1456 121
126 497
1087 916
1173 429
13 200
1048 1478
517 1102
300 1129
75 1341
1184 1089
1373 1463
428 1097
566 354
1021 1067
693 1167
1323 218
1164 1389
481 304
1143 264
305 855
341 690
758 921
732 275
773 794
1178 509
1227 542
996 1460
828 389
847 1437
864 186
206 677
1141 74
1059 835
701 433
989 613
275 1042
1185 132
436 656
436 1218
96 1496
685 1122
96 182
1091 1456
462 1386
89 948
757 1191
1344 1446
800 269
1017 281
351 1011
445 327
1345 471
234 240
1359 678
411 1074
732 717
1409 575
1475 1381
1447 1060
450 619
1184 1365
1328 425
317 95
1171 1143
396 1071
284 998
1452 918
875 523
1102 45
805 661
1023 61
313 1134
1225 635
1002 709
923 61
1040 274
858 1356
817 12
1353 808
236 563
480 1022
458 1301
862 707
464 934
696 103
734 60
988 595
118 851
600 1498
772 685
853 1398
114 184
316 164
1133 615
1237 122
11 1459
901 846
1135 307
678 795
663 700
144 928
103 648
41 1369
934 1297
1062 350
264 1443
538 921
191 657
735 859
1298 282
630 517
578 435
1009 430
147 34
427 1159
812 95
231 205
617 868
418 1366
49 248
679 320
1025 386
966 481
91 220
1321 1053
1250 689
437 921
109 1188
752 268
271 865
387 290
1458 1266
724 318
19 875
766 729
656 974
438 3
1161 737
1275 376
632 1247
85 1351
84 1426
922 1314
365 845
540 999
471 606
387 67
391 1234
364 1211
590 967
1421 1398
1048 598
1486 1056
100 840
1160 590
1245 457
927 868
246 1026
368 737
1319 1326
318 1199
70 116
1266 1021
661 1248
1380 912
878 735
184 730
1396 921
1112 292
1400 909
419 515
1434 1397
451 201
444 664
958 991
931 1084
1291 431
526 606
1470 765
165 1107
189 733
330 1091
529 939
222 175
717 894
1013 39
1388 1180
386 1320
1146 1492
1498 1139
1195 1323
753 7
610 708
962 528
679 1049
574 463
601 3
1242 444
1246 101
792 1483
729 228
11 359
959 203
610 153
968 906
510 67
731 248
1229 554
305 898
880 1382
217 108
149 403
928 825
946 763
1181 540
1440 1391
314 730
758 1051
190 899
267 349
482 355
867 361
935 1375
556 77
1051 1272
1254 254
1433 968
1067 1417
1202 1309
1435 1003
854 961
1344 858
246 946
93 325
230 417
273 852
428 790
798 1068
1102 754
130 369
747 393
1179 218
1282 1124
43 593
27 136
97 142
946 232
378 1175
1273 239
1316 387
447 843
1149 1231
72 1460
820 767
1429 632
641 535
1460 1120
1033 1491
910 1490
954 1037
1299 871
609 51
364 1420
1250 326
344 147
1 902
1050 1287
889 653
128 768
1414 527
1101 613
793 1371
986 125
191 184
195 906
973 1047
1459 619
445 399
26 1067
839 788
872 1481
413 78
229 1232
549 925
132 954
18 1192
392 292
285 1442
1410 414
1054 1472
406 161
745 1026
338 768
1298 612
1404 591
1214 1202
1232 944
1440 860
931 1304
1026 1245
1397 1025
149 801
47 8
606 1023
1241 893
1201 119
682 515
1029 1255
1319 291
1419 1036
1203 659
1087 1093
601 293
340 274
387 956
512 164
781 155
771 1001
308 601
1411 458
712 232
1431 1309
123 406
842 140
968 916
748 507
871 130
503 942
620 83
1170 1335
1055 83
1024 1048
1359 754
396 243
776 1144
789 1070
905 1451
305 914
944 1032
1335 415
487 653
1021 955
550 849
559 621
995 1017
632 795
1121 453
945 560
163 388
1207 1071
940 1253
234 1485
809 15
556 953
290 637
40 1129
238 1354
810 322
162 190
296 1170
884 871
951 107
1418 478
15 760
468 412
661 895
418 86
516 1465
457 1095
406 38
708 13
795 1126
279 1380
703 1089
1113 865
861 1149
690 1373
945 423
1489 946
534 894
1379 228
151 333
922 823
1438 686
1040 1233
860 307
858 1359
498 1435
596 821
150 422
693 773
973 797
1141 331
946 521
668 1095
1110 798
1154 1262
182 1168
61 1180
140 1369
1500 859
412 1053
318 714
719 181
525 691
1070 468
1157 964
498 785
729 158
938 1224
273 299
351 478
1441 751
373 513
244 1249
901 1123
504 698
603 5
630 726
1070 1257
322 1289
394 1166
817 874
1300 331
621 1205
945 548
1366 1427
1086 125
1335 997
930 521
970 206
351 1446
911 1465
1132 127
1486 309
562 694
1070 548
1047 283
562 1391
5 197
178 1040
895 837
329 679
1365 37
1051 430
135 1003
1299 370
511 139
508 860
1115 518
1439 1324
582 10
149 1120
1126 5
433 1353
873 744
512 1185
1017 612
1356 1094
1390 237
1352 1175
713 1445
295 39
895 1199
1162 628
826 1009
430 1337
1146 501
215 277
883 838
1208 1010
712 5
1247 412
547 1062
1246 570
74 294
427 912
778 747
1193 1251
797 670
53 583
323 194
325 1300
762 48
910 1247
1175 1203
1331 1320
1468 217
1105 260
1079 436
912 698
438 721
254 888
81 163
1411 1214
650 521
761 666
592 565
1330 963
224 716
1332 36
345 52
1066 270
132 140
359 744
306 1212
846 556
359 443
1479 1087
1433 220
514 1463
1277 687
996 965
406 1069
266 824
214 360
1359 697
1258 988
238 137
1212 1083
159 335
563 991
1489 457
1175 923
1219 380
1174 994
32 673
38 198
339 984
747 876
1319 1147
1101 1122
723 956
1445 680
370 419
374 1230
298 148
385 1281
606 554
372 1001
1412 516
256 669
733 1142
476 361
1378 214
808 346
450 720
261 578
661 907
1142 282
1340 229
759 788
817 1121
1201 91
580 634
519 731
17 1403
279 1174
732 571
1481 345
955 498
266 703
672 1483
999 157
928 135
225 591
258 454
1439 103
383 684
1453 1142
478 803
1472 195
71 903
1000 967
78 941
1077 906
822 36
357 472
1203 551
1390 1423
1450 165
854 1003
240 921
1043 1318
489 1209
98 570
352 1327
579 490
292 337
1069 463
1478 1394
745 987
1137 709
996 1115
898 1375
1417 932
376 455
16 1003
932 385
613 174
1211 1239
698 760
775 229
648 266
83 1232
851 1465
1370 1465
230 387
484 17
387 761
1194 932
152 1128
1145 1260
852 754
1089 1101
483 650
246 1257
347 600
78 555
1271 16
1372 1115
654 1206
731 704
1152 400
1239 1339
1301 944
896 432
252 1418
619 1103
503 37
621 130
318 298
1037 741
874 335
636 204
538 1095
1131 668
1105 155
1159 1359
609 17
793 278
124 938
778 1265
504 220
593 147
353 1421
252 1497
825 228
398 413
600 845
283 1155
1090 981
1113 635
1488 125
820 1174
894 1083
491 1189
1326 544
8 245
343 1233
157 16
501 350
603 792
566 352
1005 397
27 840
1424 793
758 1169
1 183
1382 1119
645 988
1 1486
329 33
510 217
677 349
244 359
381 848
490 177
163 1431
672 809
1415 566
881 833
630 168
994 104
728 619
851 213
1386 946
768 738
1387 233
960 307
88 821
1111 364
903 584
447 977
783 1288
351 62
597 568
755 1412
58 173
500 712
1010 196
21 472
932 189
660 858
492 1415
1459 162
1021 375
23 916
642 151
1079 48
694 1194
930 947
735 1278
443 1307
566 1090
399 638
346 819
192 12
1074 824
172 465
734 684
240 1006
1201 1428
237 556
235 494
277 438
154 1233
675 31
573 1027
824 702
1349 911
943 1433
1455 835
452 1259
824 92
782 1494
865 517
379 284
349 127
32 364
649 333
1203 977
1144 1418
836 1346
1342 235
231 861
1135 1265
978 668
812 1473
246 109
256 638
91 115
1324 634
694 910
881 1314
410 1463
1193 953
49 1289
1188 980
366 808
1491 763
172 1022
1393 533
629 74
1049 1207
1251 526
232 1455
314 763
1302 468
459 293
130 1491
878 66
227 242
1373 816
462 509
600 641
1156 1433
1269 1098
657 520
33 123
984 336
582 311
530 532
1003 148
524 562
96 1134
1239 529
379 1382
991 476
315 450
654 520
721 534
1383 837
391 1206
864 1460
833 192
649 763
478 185
989 1429
562 1452
571 1334
1014 388
1067 562
569 1180
863 192
1179 562
1275 45
783 87
1309 24
592 1341
1253 1377
646 920
932 44
1084 217
1357 1318
1358 1381
261 966
761 1474
4 1443
826 199
1284 934
696 385
207 440
1240 448
673 307
544 955
1153 1009
33 1139
560 1035
21 939
641 1290
295 560
1416 32
982 1411
24 319
351 718
367 660
1075 113
635 1352
429 1499
506 430
727 430
360 795
924 1195
183 1134
383 346
37 291
895 1145
186 407
229 400
729 279
686 108
249 396
279 442
997 1389
744 555
261 1207
1130 634
478 574
33 140
1194 122
1222 1280
155 849
46 1393
719 502
218 1400
562 1370
187 978
1399 39
1055 189
651 765
868 374
175 79
1155 440
762 1153
279 560
1225 453
1380 661
880 726
841 1101
1258 302
1237 169
1316 1422
498 906
257 1460
809 1351
155 383
265 746
1188 1209
561 946
1369 660
1136 683
125 554
1234 280
544 818
1224 922
944 517
58 764
480 390
259 1311
1486 973
341 527
329 181
1379 1126
1191 649
1042 527
954 636
248 503
512 720
892 1252
1053 42
194 1312
1346 292
1312 498
1052 988
1117 1320
113 1430
987 673
516 892
172 1147
176 1212
713 1435
1282 637
568 551
1076 667
580 759
560 790
1012 548
937 1446
1394 1458
1364 592
1396 1224
325 725
388 1112
110 828
349 855
726 636
1412 1070
1344 622
1132 240
884 475
51 197
214 1445
1398 770
15 597
1000 1499
814 1429
1477 439
1252 22
1401 66
153 599
96 1152
1412 203
172 502
1425 75
1126 288
1164 1029
1332 1300
853 536
1155 22
908 740
305 462
1176 849
513 142
307 591
1298 774
779 654
1489 1275
1121 1063
934 1086
1212 8
145 617
1234 624
299 1433
402 981
157 261
1263 545
504 68
809 690
943 787
55 470
1169 773
603 251
1207 517
383 272
1415 1197
587 1279
1191 401
212 116
81 1023
62 1118
100 442
535 948
99 429
56 904
1342 306
1389 146
961 614
222 858
1096 566
1076 187
238 78
818 146
1453 326
1352 1005
638 654
1326 1452
112 149
123 931
371 905
1005 219
453 1338
637 1245
86 734
202 144
382 640
59 1159
1158 955
982 1345
98 1087
437 1042
362 424
119 93
975 387
1166 745
129 109
1246 130
1419 1492
1253 1122
18 1405
1327 1063
1354 963
760 742
678 1166
1224 72
1194 1162
1062 1293
15 164
629 722
876 141
434 1326
246 1132
794 34
683 1220
248 1460
1207 354
273 145
135 1434
192 294
766 290
428 32
1351 469
1388 551
358 1402
1470 280
1435 1043
1439 173
624 328
1278 1413
433 101
639 1097
1066 1372
390 352
1362 1229
416 943
220 400
794 1058
328 323
779 850
909 562
27 1299
923 574
1210 232
1337 606
797 417
353 1117
1330 222
956 1020
1169 971
1091 218
470 598
1201 187
922 106
1216 496
806 1228
368 1085
300 1027
982 676
616 1474
1063 648
1490 373
448 997
877 1387
995 842
544 908
128 678
648 411
1063 479
132 807
217 1284
31 965
1060 757
219 947
176 287
174 1144
565 472
1238 429
1460 1373
1272 945
91 638
1340 245
814 947
509 1359
243 975
584 776
388 152
226 1324
152 477
835 793
291 852
224 367
1212 704
787 316
687 1194
1147 1408
109 698
91 1101
1284 247
804 272
348 826
648 1395
775 396
1264 642
43 1469
982 844
315 1119
1292 878
1084 1356
1351 558
549 651
1417 473
1422 1205
673 1480
823 332
491 244
602 699
706 548
1014 206
1297 341
1012 1010
259 1059
1315 789
900 747
1071 1251
283 892
99 828
55 897
99 1449
424 1005
83 1413
1296 1117
280 649
201 323
204 1454
182 300
1112 1098
921 191
1104 1384
1126 386
970 1241
1059 51
269 1221
1179 422
1490 348
892 575
931 976
135 1323
809 1099
1497 707
891 804
710 193
923 212
774 466
232 1420
1397 600
648 1218
172 1313
412 463
782 275
1222 97
1112 1024
1242 1043
629 1259
1113 449
703 1304
404 1096
322 1124
899 296
224 1439
414 1169
559 1433
1278 1310
1206 829
881 954
643 1223
466 1454
1308 368
332 550
1132 1180
975 1026
1176 222
239 228
425 592
876 951
565 652
1243 442
592 750
204 220
1147 339
834 1152
953 47
900 365
528 302
384 475
355 666
1410 64
538 1063
1244 365
1478 855
309 212
360 985
93 980
170 309
520 1136
1287 1079
269 235
977 353
1109 343
149 1175
794 295
778 169
660 548
630 964
1340 713
121 1196
870 893
671 159
13 1234
1372 260
327 448
392 1095
569 124
647 988
1441 123
753 915
814 645
1418 116
264 1185
451 166
90 1464
218 823
977 1399
262 182
1354 985
1148 73
148 1441
42 632
945 192
256 541
1404 654
1489 1218
1417 67
670 1336
61 26
1309 830
525 16
606 854
515 496
886 1176
189 834
1184 160
530 176
322 549
741 1196
979 799
751 454
632 758
1005 1047
1170 1284
478 336
684 759
99 1255
238 1219
98 962
12 1111
514 745
1024 1487
1321 534
983 749
989 1286
1008 1115
793 1136
218 640
1459 901
1199 1377
921 1442
417 623
164 217
382 1132
1257 6
14 250
1013 596
506 296
947 1380
292 1360
401 285
254 140
694 449
380 214
829 535
770 693
880 268
894 85
64 410
715 879
961 166
255 1379
38 470
267 1422
88 1190
511 644
706 190
63 278
937 184
950 230
792 193
1109 592
32 795
15 850
946 1409
1472 24
1202 275
1497 772
7 311
1400 446
246 563
677 797
1177 1233
345 487
527 1182
1144 236
184 1356
1195 1261
1095 776
1448 1350
1478 1373
318 1258
1433 717
1413 526
119 1083
819 158
1477 460
49 234
1406 1462
987 792
18 444
1022 1475
276 604
1331 588
56 1004
1171 9
249 844
1229 116
903 645
1098 1317
840 165
1449 32
683 960
483 1370
194 135
906 871
996 2
1384 569
1475 64
1202 78
1142 378
1151 739
453 275
1021 572
788 1458
178 480
282 938
1271 43
1264 565
1068 1398
1006 567
106 1196
212 115
3 724
1210 994
1094 1118
862 1206
1279 441
294 1207
1417 93
984 646
459 1379
203 1191
1454 863
709 899
411 1097
1192 1484
756 1166
1382 617
541 715
1493 1395
300 1050
927 550
159 1139
28 1161
1340 889
1134 1375
1134 37
4 157
367 741
569 616
1285 1131
937 265
1127 515
32 1378
245 968
840 951
1057 753
1050 435
806 405
1004 1442
164 962
213 1477
1245 1138
188 1203
415 899
1361 1038
37 294
1353 465
929 449
1202 186
80 42
219 1122
368 902
622 198
159 760
339 590
1494 733
809 301
1443 894
848 617
1008 1266
1046 1452
107 722
1287 47
1389 1029
121 152
1126 1248
1313 411
1148 958
307 927
37 267
924 1091
1224 808
124 357
334 1289
765 728
1244 197
183 479
353 1443
166 882
316 574
1273 1458
583 87
639 77
69 876
1301 1256
1005 1183
1045 380
292 410
817 998
938 1055
1030 271
176 1479
1484 1237
1186 1115
775 1011
332 194
658 1189
1007 1415
1000 340
1446 884
1324 1242
1225 630
1365 975
1028 1402
724 770
173 1480
121 806
1081 1266
945 748
651 1026
955 1038
654 1185
1484 1052
748 525
1322 163
1275 1446
496 846
248 1009
323 1393
106 69
1116 910
1214 977
535 701
1471 1138
405 24
1079 646
86 185
1255 980
1269 617
1217 707
147 872
1097 244
1134 1368
236 1464
35 671
36 1230
1488 672
42 298
393 201
997 1167
1246 673
1111 1058
1228 211
1270 110
862 1184
1320 661
373 146
1062 112
1435 164
766 1395
1353 156
455 1315
1150 97
1455 1284
867 30
1419 1392
851 122
138 1319
275 45
184 951
1109 555
620 244
415 1408
207 495
1193 306
910 603
1262 48
1380 1146
1020 396
934 820
701 1202
1262 929
366 22
390 1199
1112 1224
612 1328
216 937
800 160
301 1412
681 220
1421 260
1438 507
913 433
137 693
1236 1287
618 1248
1337 1232
1051 1251
1023 278
1439 1462
1078 207
1302 397
747 698
109 332
1234 1472
527 1320
26 902
826 1053
234 1478
170 238
776 1184
1263 515
42 995
1468 778
1057 884
836 1376
171 872
1172 525
335 179
5 390
237 36
698 215
1481 1279
325 523
638 157
1146 751
1309 1073
511 528
226 1143
548 1129
1252 988
614 1237
513 888
1406 823
447 193
46 464
1452 792
362 336
672 933
170 322
255 306
259 144
97 187
478 1448
1355 1397
328 318
567 759
570 1363
1135 658
579 669
954 803
928 566
1094 849
387 1009
265 1447
1285 187
551 162
150 1353
1172 950
932 153
833 1039
1000 1448
778 50
1213 443
559 1296
1385 165
37 729
1476 428
1466 1230
521 1150
784 1220
901 459
1080 187
384 1215
421 1229
572 177
383 1201
851 965
1202 719
96 831
402 515
1004 382
537 1201
27 1445
281 46
509 1381
691 1055
1014 737
820 1269
894 1304
1260 498
1458 1437
154 707
435 295
848 1234
630 764
1440 863
183 201
1046 774
753 1133
1006 162
115 257
968 222
1141 1058
787 37
1483 295
1463 821
1138 1368
398 466
996 515
1179 37
885 892
361 1191
1428 1245
642 497
393 758
242 1385
570 749
989 1372
62 1043
578 1471
1000 1415
1450 378
1092 443
1303 21
365 1085
60 1487
456 977
542 1146
1436 1108
1473 599
936 1395
802 511
1349 140
1201 693
1462 1296
112 1268
221 853
318 1462
687 220
667 1120
1087 396
1362 118
1331 1414
1144 1441
1330 816
154 938
581 1351
58 908
304 824
1173 1385
591 1039
218 1009
542 715
219 1454
275 780
500 968
1016 569
1260 1489
50 1052
813 1025
244 69
1088 1099
198 842
989 1126
606 509
963 1294
5 661
1247 1493
856 230
638 1269
641 671
904 923
119 874
503 1028
437 1171
336 683
1287 598
784 633
778 1027
1388 433
258 374
777 743
280 995
1296 585
720 764
464 1280
39 1084
145 1442
145 77
830 140
125 258
1062 348
258 710
515 364
309 603
1224 1278
637 168
1479 578
520 203
410 1296
641 522
61 421
1442 71
113 1190
893 928
991 1308
801 1278
1200 724
216 617
1072 825
1348 418
388 958
542 165
26 1431
686 908
790 789
984 578
287 481
475 1000
1081 1450
119 341
832 495
1391 492
811 143
526 680
1434 1199
1303 404
213 728
1239 861
1493 16
137 702
911 470
179 1227
383 213
1086 835
219 135
566 294
1152 142
959 946
1166 1131
388 634
1095 1185
319 1201
1000 679
172 974
1228 432
469 1239
1048 1067
1235 226
858 503
91 278
1078 915
336 1183
419 198
111 304
853 533
1227 1495
1051 204
1005 327
421 1318
1269 1191
855 842
683 517
864 789
594 892
776 1327
323 52
745 1193
1082 1213
284 1282
1075 1086
285 1129
279 1308
1452 854
1453 1266
55 1373
184 1305
1178 315
981 209
276 376
60 1344
255 305
608 1049
409 443
822 13
108 17
377 212
1265 435
1343 1240
1169 341
1317 1316
136 108
320 146
11 1420
2 1364
109 919
774 777
351 1229
1303 1469
1479 1488
743 1076
1337 730
888 428
1232 1241
78 330
1034 59
373 1200
61 423
1008 930
597 1129
1164 883
706 1427
928 230
1097 937
966 162
484 604
177 966
1025 1477
719 615
1380 878
1175 1245
1287 1440
171 1259
947 1102
318 1495
1363 217
64 1001
1256 761
1498 703
11 1463
952 593
150 536
1231 1241
26 1381
1180 1386
1440 1454
954 1337
113 1256
1386 204
526 1106
1126 566
1156 415
756 45
414 681
915 1123
1169 1092
1364 797
673 789
1163 290
657 608
1456 506
403 1210
167 145
653 906
521 33
768 70
1038 620
1130 1290
467 205
1199 439
114 10
1038 1219
340 1142
384 537
25 40
501 1038
1281 37
1299 848
736 1467
802 241
332 1386
737 874
247 493
274 1114
151 1226
554 193
683 638
1335 724
815 823
1410 1199
1451 1025
1338 650
1179 750
860 833
1006 879
796 361
419 474
1454 986
1379 567
1324 1027
290 1218
697 537
1013 952
365 1045
1329 96
410 1255
460 367
940 245
1290 775
1289 204
450 822
876 365
100 446
153 1298
244 1189
372 996
1165 218
886 55
901 229
893 945
1106 1169
1319 831
326 383
595 866
1399 378
1365 1007
398 487
1480 209
630 682
189 1127
897 338
766 158
21 1294
1066 1251
390 586
580 13
371 1280
726 200
1362 1487
655 10
903 447
409 233
1106 733
319 351
300 1449
208 1272
1200 281
240 99
813 1311
1353 306
1119 323
260 1058
474 314
1307 170
305 1402
1385 741
469 145
518 899
1417 1194
784 1038
702 830
310 50
495 1317
476 976
373 295
28 767
810 12
1166 901
718 39
938 36
849 802
243 513
690 731
281 358
363 1206
872 419
842 1462
839 520
287 1107
684 287
759 391
757 1216
1282 196
612 827
1483 800
1449 873
967 1281
1129 1429
1152 1277
1487 1111
1309 176
118 1222
1015 1386
1469 1011
1026 820
1210 886
1060 349
1279 1499
1496 1141
823 377
857 104
228 1376
365 544
885 1184
1121 1319
240 14
348 1050
1152 1204
927 1304
1447 938
839 88
90 232
555 149
466 716
157 562
818 1130
837 498
669 275
1492 886
904 736
431 203
1128 860
78 806
1221 110
957 53
713 1460
141 782
187 1492
1440 35
253 553
1172 1229
588 727
129 1427
855 1070
1334 771
707 1151
245 1345
641 317
1334 1233
376 288
214 191
92 63
533 1210
688 331
566 1016
638 1485
1287 118
1485 977
866 201
524 700
55 1445
1011 876
184 1455
1111 1172
1251 300
759 1475
930 199
564 222
782 432
746 1432
1414 233
817 504
1 1107
1419 463
487 161
674 533
1004 470
996 535
288 547
1421 1255
651 1272
768 457
430 1346
411 904
522 918
297 373
1313 273
57 1258
835 62
1273 25
561 998
534 478
823 838
1374 1220
916 1457
1448 379
513 1261
823 513
966 1456
1203 947
1339 367
820 523
32 1078
236 124
1418 1355
292 693
537 811
422 163
1263 158
302 826
899 95
14 1057
1349 724
1281 452
50 63
1069 1077
745 772
123 1067
523 1281
280 156
95 1400
1220 795
984 1181
376 747
1464 851
1382 167
1434 208
922 147
951 1405
705 36
1288 940
1278 869
1209 177
1132 1131
824 959
851 55
855 216
965 56
537 1440
236 894
1462 82
1175 358
1183 673
1056 778
459 980
1018 1273
1020 652
744 657
1355 822
313 444
1004 661
1425 294
736 836
668 1125
915 269
513 724
1025 151
254 89
1389 776
1184 543
1235 302
651 1312
92 529
193 370
551 841
1392 858
625 1249
1085 1102
53 18
924 739
1185 707
227 905
1304 137
937 595
955 860
1219 1158
924 1242
371 707
228 931
416 711
108 596
1040 170
1361 1082
1149 313
909 1403
69 1208
1158 1096
962 1479
1093 566
1342 1212
610 26
636 976
1325 1013
701 1395
770 717
920 1417
456 728
1038 1143
675 531
279 1393
1189 1210
1364 1008
733 595
781 443
188 550
1468 1429
1293 1143
1283 665
567 921
298 847
545 743
598 447
321 1458
940 1024
583 990
1231 688
1440 782
926 497
420 1124
852 1377
967 519
1115 262
389 6
16 1415
1140 121
317 1301
279 1243
878 710
555 830
102 675
1114 147
502 693
1385 1147
1478 471
257 783
1419 596
1151 164
1356 253
970 1428
797 703
1149 1282
396 282
1078 901
1366 375
1382 865
511 800
17 1180
360 362
456 244
434 75
1422 359
1142 642
459 1076
1389 1161
1074 538
1236 706
381 46
1310 979
135 440
1142 984
492 945
1263 26
1199 181
308 1003
333 636
413 669
148 1079
626 230
969 123
397 991
677 572
1231 841
1354 504
789 1213
1188 1211
733 345
308 611
629 1122
728 187
1418 576
810 1402
744 875
974 695
1356 1476
262 375
168 1442
465 286
175 897
1011 79
943 350
326 263
126 695
210 1366
1066 121
637 1323
820 1315
1434 390
894 824
1324 992
933 130
53 507
1219 1227
110 980
1050 1026
1202 1084
840 1376
929 730
1262 977
1310 619
520 878
864 918
427 439
241 1189
1086 54
25 142
78 502
229 1300
605 1204
1388 1200
1320 1107
263 419
563 1297
672 258
1051 84
1054 1041
745 482
791 845
1319 1037
