p td 1500 6000 
717 625
599 340
418 1240
1216 1455
875 523
301 633
617 987
191 1372
402 29
773 576
473 631
878 715
726 268
523 1232
440 241
853 964
845 984
96 1060
360 164
1372 980
537 1437
18 259
343 995
1462 853
1476 1088
713 998
89 1205
182 451
168 906
840 540
717 1359
1116 1098
559 882
709 1038
440 1048
1422 224
607 54
71 1364
537 1243
363 344
630 123
1245 176
825 226
894 973
1078 474
1167 976
87 642
1488 1209
1212 867
644 1152
648 998
424 1372
1407 1230
773 690
1440 832
627 81
1379 101
675 1428
867 282
338 1463
687 630
559 728
744 1134
457 577
115 853
219 953
399 1461
491 614
942 875
557 1161
221 974
511 729
270 1377
643 1231
1287 1309
825 290
1352 601
278 276
150 736
733 1298
1437 1374
21 1350
1168 886
734 801
853 1354
578 53
915 317
1488 561
401 835
1194 1279
770 399
1017 487
394 624
841 975
1011 896
1269 905
801 506
1117 894
1172 561
1255 1372
48 1429
728 835
850 1494
1447 1492
403 1136
548 432
1321 653
32 680
871 640
387 16
1210 190
1259 500
500 464
178 805
938 843
1119 104
608 918
772 1306
1439 722
717 1181
664 185
246 1218
1137 921
955 1411
1067 1150
1099 1377
1464 309
911 1372
106 610
905 689
1267 734
469 677
1147 1238
1018 14
335 431
831 293
436 765
610 230
270 535
447 1470
1110 242
1222 307
578 1034
497 184
1387 414
375 196
528 1343
227 552
289 1270
324 365
153 31
127 1000
306 260
363 796
188 894
1078 1327
1141 1296
3 392
1351 1361
1330 556
1062 649
339 25
242 891
726 651
434 98
1364 1179
408 985
905 510
727 891
1286 1222
459 316
1451 714
515 795
650 870
557 898
493 65
1383 665
239 355
419 593
1341 11
532 367
588 917
609 728
542 610
258 972
1039 22
851 729
466 232
130 822
1356 1030
1305 815
1361 628
684 848
1101 19
1300 1
226 256
502 772
369 145
1152 126
882 981
708 266
1241 150
318 1138
1197 1369
1492 670
658 1054
1180 840
55 1248
847 1450
1291 1301
1297 1403
215 534
287 539
826 268
1353 1034
790 69
91 765
447 80
807 726
510 1377
382 1018
454 1500
511 614
791 1367
1330 396
1097 1496
823 943
1332 1190
728 618
995 610
852 102
879 845
1063 523
70 614
1179 1281
216 5
498 492
956 1423
1247 385
223 983
140 132
178 189
870 981
571 775
566 948
461 862
1433 1429
233 1335
671 1332
748 739
352 638
473 222
1500 1336
1403 213
234 1401
133 1288
23 197
120 843
213 646
331 162
607 1045
1475 975
1262 476
337 469
1461 736
625 1310
1149 286
357 192
417 844
259 757
1141 316
1491 1420
1343 764
1380 1104
1199 791
883 803
104 335
1365 486
25 1217
923 128
1158 83
1128 228
1005 302
1161 270
593 1329
308 1021
116 378
540 1331
565 45
494 130
501 44
95 975
1109 444
861 1145
770 1469
1254 48
1401 1454
214 1263
220 912
277 1472
1496 1263
720 1496
203 215
321 1021
354 232
675 975
1099 999
1021 531
494 1453
430 304
1032 238
1492 94
999 573
1452 92
45 869
87 276
1492 1286
1130 727
555 814
1491 1074
222 340
974 645
649 722
1020 390
580 432
413 1374
1167 438
37 504
570 62
1019 1448
1456 905
1449 471
1417 577
336 1383
529 1207
1101 18
749 752
1348 647
427 1478
746 698
1032 816
748 530
640 1221
1084 1026
219 603
1187 191
333 732
1455 530
1465 443
870 564
441 1006
841 101
746 1391
626 949
408 520
521 1240
136 1325
430 252
399 810
1184 1235
1421 247
837 661
335 1180
418 315
593 332
801 975
1023 453
434 603
73 343
689 214
1253 800
712 146
962 55
616 1497
667 1049
771 804
191 1070
907 1123
194 606
1189 198
799 253
1016 794
298 1268
1341 764
778 1495
1003 26
286 348
1015 1317
481 555
542 98
962 99
982 1102
886 8
391 823
1088 247
1025 1261
857 721
576 1321
865 391
779 834
719 32
73 739
313 877
521 376
1231 206
892 1183
659 1010
427 730
163 127
1043 308
1038 221
375 138
269 1494
1385 66
992 309
701 588
268 1204
117 222
632 329
1144 642
1276 758
794 1448
913 1
781 489
668 576
435 1236
737 1102
78 1422
1008 1099
1190 21
973 260
1363 404
1137 1345
934 839
908 858
1211 1138
1041 509
217 492
803 690
1285 1412
1381 72
618 859
1138 632
424 707
309 443
962 235
1151 864
1272 771
439 1346
1248 1131
253 389
631 836
827 20
538 275
1448 846
122 880
952 1465
606 1278
530 486
833 995
268 994
922 826
1036 1351
630 1165
311 1155
1281 677
1419 810
590 916
58 1027
758 238
1262 873
1036 1393
963 1279
721 730
308 457
368 662
729 1147
1143 827
1280 1030
114 671
488 1001
489 677
665 1165
858 174
861 1293
641 87
978 964
653 825
477 934
725 1248
251 539
1410 552
428 595
627 453
1130 1017
186 89
1449 1262
898 1190
1359 1290
1412 475
593 241
962 893
299 1126
968 938
1133 286
906 255
449 241
1163 732
1418 1100
248 985
75 1239
524 497
92 1052
182 342
243 734
1392 1244
508 532
697 320
658 618
462 1481
1253 808
549 979
601 987
61 555
1267 356
1061 107
1421 510
141 1036
275 1343
78 487
1153 988
1033 864
1099 1413
1176 876
100 1195
1247 1017
1397 828
1492 1051
936 717
1441 1205
771 454
1300 594
410 729
716 949
337 299
444 345
1026 1047
1302 30
1076 1359
49 1020
1462 179
730 651
347 1228
1360 1006
1423 1348
174 565
685 1156
48 585
1145 1011
913 651
444 458
1191 397
789 493
348 915
692 905
772 529
1276 572
1225 104
71 902
1093 999
1294 271
115 354
471 953
635 1264
95 1287
892 1014
960 426
1023 1484
567 1025
813 378
211 1058
1256 1338
317 157
1164 348
1019 1363
268 822
229 1474
1442 620
390 686
1166 313
1340 22
1287 971
198 645
483 1366
764 263
576 202
1206 1113
1051 425
215 415
1367 348
261 1123
187 379
281 6
978 891
1132 573
1279 188
1165 317
489 1188
1424 372
341 1156
73 1333
1483 287
1140 640
770 529
851 425
1231 299
1406 1466
1180 1336
1398 1310
338 1334
312 480
811 388
1094 129
856 807
26 679
1387 1152
370 1054
702 656
73 480
1169 537
297 340
1245 478
499 1092
571 800
1285 923
331 83
1186 1176
1354 885
1361 1308
990 506
1091 429
1247 757
1298 858
1192 1467
1215 943
1238 1211
155 387
120 383
792 850
488 884
256 628
823 539
1443 1235
931 1221
1338 999
454 526
1141 978
1484 156
1000 809
752 926
1199 1245
102 70
651 1089
551 125
240 825
81 1170
1256 1342
266 827
1158 808
774 168
573 619
578 1177
926 366
117 83
56 263
1209 732
827 612
382 1309
1419 317
220 454
524 923
70 524
372 1200
416 911
1048 868
1008 748
898 866
84 970
1083 643
1221 509
186 1490
718 949
1287 464
317 1342
1284 478
321 29
760 61
1172 966
1411 1196
1198 608
455 542
1241 1165
1012 1396
338 1228
1024 295
222 423
961 218
1317 311
904 387
954 687
386 1189
985 317
1105 28
1037 891
25 708
602 1187
868 1118
748 343
441 326
1255 808
229 503
128 111
1167 238
76 1004
334 373
958 74
40 1481
1316 919
452 490
1358 1497
793 92
555 939
136 159
1454 1254
1192 1160
767 467
935 136
165 1450
592 1180
68 984
466 1264
121 189
296 1459
229 68
1164 900
334 1103
324 1298
1271 77
480 1174
146 864
241 784
1457 984
330 1379
624 781
1079 823
1150 1011
599 1292
1003 1489
631 190
576 819
375 522
827 44
809 892
471 1383
1276 208
359 473
597 1500
1370 1052
1039 793
700 206
1411 415
600 1335
1472 520
755 872
466 698
172 23
574 702
491 1484
730 791
1254 727
1025 308
471 194
432 1243
1258 994
1466 754
1314 289
531 1101
992 1154
1156 432
76 230
51 203
1299 1130
970 1020
1391 307
495 73
1411 748
152 133
16 1434
654 286
1268 16
1029 341
362 216
795 355
1128 337
1243 202
70 728
939 108
622 1236
1027 746
33 1171
347 1439
1286 771
864 1364
179 1010
1199 1494
434 271
201 503
1032 11
144 637
47 337
1369 1020
37 433
407 1378
598 1497
1121 1178
1405 746
923 61
1206 704
322 617
195 694
54 1147
533 675
82 1179
125 1375
252 969
970 1147
917 253
1266 731
643 847
1177 1175
565 618
2 578
551 504
1242 1259
763 1090
1103 152
406 1418
869 19
175 636
149 706
456 870
194 1349
191 503
103 618
633 1023
823 893
1077 432
586 274
165 693
173 1384
1423 235
177 1231
1297 1140
885 898
452 421
80 1278
1225 1229
466 1272
1067 1493
1010 734
24 1183
892 654
931 645
940 788
78 1490
704 1377
205 516
1330 570
297 1254
471 863
1159 757
1032 755
500 824
614 960
1288 390
444 780
189 214
933 936
1157 812
1317 906
1066 343
1378 891
821 765
1205 275
263 402
15 1278
250 1234
1271 200
423 916
1226 91
334 1338
497 722
1119 614
1086 647
1316 1002
756 267
918 1417
1127 987
1163 545
1468 26
1040 1042
781 1115
689 895
1012 165
175 1484
1148 539
1321 197
79 1236
523 630
1096 895
280 550
1022 562
783 1456
679 401
59 49
50 457
1209 1143
894 913
300 1159
437 114
1158 1217
1002 1065
1188 494
1489 1251
811 472
1108 354
658 703
620 1358
1371 55
1086 1290
582 816
1077 1219
56 478
326 907
1393 1278
520 113
774 1019
339 1493
205 26
1391 83
1445 192
366 1412
708 96
1027 515
710 1071
1003 188
676 862
615 641
143 7
378 966
1092 120
1276 417
299 59
817 1044
65 1317
1217 962
1096 818
474 170
1276 1367
983 562
72 476
1428 540
1165 1183
930 51
661 1046
949 178
1283 285
602 1261
1136 1138
1385 1315
717 320
1355 823
7 1049
230 1270
68 828
664 984
1434 157
778 13
968 1498
982 1213
950 424
1025 997
1 588
477 1306
351 346
636 1401
1372 1030
1454 1398
300 831
991 301
856 673
446 1411
1349 954
1472 1411
977 2
300 888
1166 24
937 1434
909 214
388 1036
926 789
103 593
230 1430
1336 692
942 862
1209 400
65 321
408 1302
254 66
1359 874
114 1297
207 1370
179 1476
244 1239
1408 85
1248 1445
202 1263
1378 1365
325 1418
963 991
204 1000
649 506
1017 677
191 598
942 775
709 835
222 831
765 1348
410 518
376 592
165 1277
857 1428
906 1019
1312 936
410 1066
5 1469
782 867
237 1173
147 442
841 338
667 42
935 1074
536 331
44 1013
319 1387
589 693
478 1493
865 971
1208 1212
437 963
451 565
1016 1014
1045 242
1404 618
135 89
1376 28
787 32
1167 1359
489 1488
831 1412
762 712
220 396
251 276
213 850
816 1428
600 18
1283 1083
1344 70
1421 136
527 1261
629 132
952 1089
1497 733
770 770
1455 128
766 691
259 1028
437 982
1185 234
849 460
799 416
1142 1184
647 580
1151 355
604 814
165 192
1480 458
857 634
694 548
1016 924
1462 938
1424 1244
282 1008
678 613
828 369
732 141
789 345
1055 898
797 1466
125 1338
1228 745
409 807
620 1152
1337 1101
203 484
586 535
1317 1120
844 35
191 1174
416 1368
469 1163
51 836
536 998
743 5
140 289
328 1285
1447 1293
1290 790
214 168
190 775
489 70
393 29
833 53
268 723
9 658
1036 536
1038 786
773 403
1236 601
197 831
782 947
1024 1356
1172 308
195 244
619 609
896 804
1376 128
1251 979
1436 1490
772 419
1185 19
1118 806
806 1201
788 232
815 841
1347 1204
1087 1107
1260 1199
608 350
349 64
359 590
239 398
1479 739
1131 466
691 1305
1121 1417
193 767
608 881
993 331
1434 1047
1011 670
307 1330
690 746
75 1011
583 1096
1155 1376
672 622
1362 834
296 1266
1338 902
1411 1384
490 335
533 960
718 975
1208 885
30 1194
764 273
655 560
221 103
184 134
864 569
150 436
1383 11
31 88
1286 470
1094 160
876 529
1045 271
1239 1248
12 1188
1058 787
954 710
131 868
484 1017
380 363
1151 866
1198 1297
765 330
1096 209
1039 533
774 1002
518 399
1287 826
468 777
1420 1187
744 151
14 638
419 112
1400 849
423 66
973 1462
179 72
1232 332
657 1130
1472 411
730 529
725 91
1190 1093
1324 885
526 1351
169 86
1271 1217
86 579
665 992
49 1085
1456 1446
730 33
1296 441
1188 425
572 601
986 1011
1223 1315
918 413
1153 437
1243 913
894 1064
1417 267
919 962
1142 402
787 444
350 1492
726 1237
1245 498
415 342
81 242
1218 716
490 782
250 82
679 1493
130 563
339 391
136 196
947 594
340 138
488 1380
975 227
1280 915
510 706
1275 888
248 721
847 458
660 56
249 243
677 18
845 856
1210 191
1428 1358
1250 472
141 287
1383 31
1151 201
266 767
536 1158
543 225
1102 1165
1154 955
1120 260
1435 1397
547 733
601 15
449 159
996 731
1353 1480
142 1308
659 1063
380 1405
544 876
1336 1264
247 754
1330 1350
1239 396
810 40
721 767
932 1107
1181 612
521 1340
839 503
1238 1456
853 681
148 826
361 1124
1472 1114
1452 457
1032 705
435 918
539 42
962 1039
1372 565
650 19
1492 812
1469 812
909 48
294 259
331 742
390 259
616 1028
874 15
29 1428
206 206
24 629
1169 918
758 723
159 654
1010 1154
1409 322
693 540
216 372
710 510
68 36
769 478
1114 318
1143 440
510 931
561 233
704 326
649 833
352 820
64 519
584 1368
361 603
1067 215
158 1175
1011 318
965 80
1265 959
1311 1407
285 1355
1212 1256
624 182
225 738
1030 49
161 161
403 19
1381 1247
526 141
1207 98
920 25
930 1336
490 984
212 1275
1497 924
815 1360
194 1266
630 389
380 719
809 176
747 497
1179 1109
747 1456
133 350
717 8
719 1006
1214 1425
677 736
938 581
555 1491
80 693
674 1048
783 1331
316 226
1375 1188
247 728
457 764
415 285
350 157
1045 147
770 587
12 207
369 197
906 1087
77 1315
806 98
926 102
1219 241
354 1296
583 253
1251 40
390 568
979 743
1487 1104
905 126
310 948
470 444
1128 1340
1157 923
1382 465
848 1164
1375 1379
1438 1157
893 954
914 281
57 200
205 977
32 865
44 767
992 1212
654 1428
1485 353
846 236
179 599
1151 210
19 1059
1332 317
600 76
824 798
1062 588
1058 499
552 542
420 1451
531 1178
83 86
935 747
510 234
1390 1196
1378 540
781 124
595 402
715 652
169 533
503 265
1208 367
177 1340
314 1263
729 580
438 542
867 1124
1479 1420
606 975
1035 1
1149 880
1451 1473
257 221
1043 925
1261 192
627 1342
1288 33
21 536
1408 817
281 1477
207 396
374 239
1468 756
825 949
276 585
106 1219
104 1148
1423 148
1082 1383
566 88
250 990
62 609
46 737
168 1228
757 1397
1296 1420
422 1013
1310 1293
1332 871
85 48
58 867
546 1323
968 446
761 900
1186 132
999 1424
914 1025
1275 327
439 868
971 531
274 1274
118 458
117 1403
651 190
732 690
1189 811
626 896
435 864
1106 832
676 328
1470 577
709 776
685 207
915 112
1276 1396
80 823
194 888
533 1486
1236 1135
1133 1001
1349 1329
758 1084
200 1334
973 1390
383 1452
978 796
189 1481
1399 260
1493 140
867 510
1362 1469
485 1062
1287 976
1483 264
547 386
726 1304
1028 840
763 456
426 483
201 387
727 176
1440 997
322 666
741 126
177 487
1046 1409
394 600
76 399
1217 602
670 11
563 1106
974 721
282 1229
287 722
89 763
949 146
410 466
95 425
1056 1116
632 248
1341 188
630 993
575 19
207 983
1302 402
282 368
1408 143
63 335
665 516
1376 1362
1090 182
398 1059
480 261
357 286
812 1426
656 882
311 111
399 429
811 131
547 1247
1047 218
292 140
283 560
1100 453
157 895
47 332
53 986
878 1468
1083 1096
901 511
64 885
279 1451
883 307
448 316
1107 1211
1012 91
742 526
636 777
85 535
1083 718
450 227
1448 88
565 542
534 1032
362 425
161 1104
469 1307
499 469
1409 504
1418 406
1440 1092
826 564
78 346
1010 96
1156 398
1004 950
395 978
95 1242
671 1133
586 71
1142 1017
1105 1115
934 106
833 43
826 65
1051 40
1208 1042
1254 902
621 152
561 1151
1387 536
1233 1244
1213 1289
1077 1393
1109 855
428 738
482 196
57 170
610 182
129 446
758 692
1365 646
1385 1125
1320 228
1209 668
58 1275
899 726
1258 1307
24 61
388 1197
905 603
1287 43
527 36
502 683
1417 1150
1092 908
368 1210
1274 1370
514 979
195 31
455 709
68 1499
1276 28
875 1039
473 658
1349 334
684 909
604 505
84 961
1333 676
683 1117
553 149
1339 1078
290 448
841 347
632 277
1352 555
320 215
1463 684
547 459
446 603
431 1164
304 1286
31 1422
3 216
1047 1289
83 964
426 474
973 450
1040 971
1200 31
176 362
1179 1468
816 1140
1237 1241
602 31
1035 326
95 334
515 1431
1249 906
38 920
1258 694
416 333
954 440
1056 1322
1476 12
375 963
400 1248
731 532
1458 1352
1180 580
206 907
1365 213
1430 1238
657 157
1119 1170
1401 494
1135 1279
1095 632
117 33
90 1076
51 837
716 1288
322 30
437 414
1192 478
99 1182
857 1486
257 1412
131 546
1117 190
1058 1095
68 811
1293 33
1362 677
548 916
1347 286
1096 351
1294 336
468 127
110 1153
729 199
7 149
931 409
1213 821
192 1095
387 593
995 855
1334 249
121 1205
28 782
1350 1431
1018 1420
52 798
380 448
1226 422
1222 1091
1495 647
1163 103
1330 640
1275 1152
560 618
844 967
261 1218
1063 627
1475 987
840 1078
1469 401
991 782
570 1337
734 563
87 7
163 114
947 623
1321 1265
45 1151
689 1142
1112 963
450 1299
1217 389
375 577
507 924
795 382
248 580
159 171
1377 448
629 783
661 59
618 1090
1093 1458
853 1237
243 1466
682 79
684 524
21 1170
1089 1047
923 1144
619 678
1093 1013
1201 1364
1127 522
1321 418
1415 729
185 193
756 734
890 1209
1128 966
419 50
604 97
211 171
937 484
1461 732
217 810
840 97
1227 537
1214 216
751 1492
1396 962
1037 740
679 278
502 607
920 497
48 403
663 1059
864 73
771 560
581 1297
1219 1326
194 1153
66 1335
1082 789
283 803
956 514
1156 259
1339 1115
190 90
48 224
1163 1148
21 631
72 890
327 997
746 473
655 683
294 224
236 1258
64 298
868 221
568 1332
1138 803
1420 1330
1494 446
339 744
791 1357
648 578
495 660
1031 1389
260 133
593 395
541 171
1076 789
482 1289
409 730
668 511
734 335
90 512
1004 840
204 314
1287 783
1051 641
1027 634
771 974
971 1348
82 1287
157 173
686 1481
1172 1121
398 409
1036 1408
511 218
215 1332
639 894
1381 1104
626 526
1193 1395
153 1446
1139 1125
851 1474
1064 166
431 437
349 637
1319 1330
261 61
1090 1481
451 623
567 887
1144 289
1256 880
489 969
834 1102
274 1292
1256 153
516 445
1119 573
612 753
97 710
143 486
604 283
494 149
811 1340
1090 65
843 330
1349 428
390 274
744 793
539 1096
1070 1414
508 1166
1295 1169
1006 970
15 791
720 383
518 148
1213 854
325 683
1201 518
1316 272
287 497
561 925
68 1359
910 774
1132 366
1071 51
609 283
1244 835
358 1003
1411 453
1187 1088
1355 541
749 1113
966 385
443 128
83 1135
1290 966
563 1075
943 407
198 247
1429 144
1337 1013
300 1242
405 1318
1012 44
1308 784
21 115
410 670
1147 772
84 1199
528 679
341 1344
305 1051
525 1496
662 1445
174 930
796 666
67 670
824 657
295 263
996 429
474 726
317 460
1033 1091
306 969
272 874
1295 1199
1400 1334
130 880
812 691
1063 305
350 1356
944 1239
1131 1415
1421 301
18 849
1118 633
916 1371
184 572
266 1358
556 1436
408 1213
354 166
258 779
310 110
107 1455
261 1349
1226 1062
1073 73
465 526
16 376
30 1398
60 380
734 35
741 711
117 832
882 1089
917 1496
808 120
85 540
1185 794
472 494
1316 1451
1325 1335
518 1402
403 1380
576 353
1206 73
919 221
804 131
1467 1355
543 1013
245 736
99 1495
848 818
89 1185
359 1217
740 1460
1045 380
761 460
1451 1189
898 1490
136 1483
1280 1073
1120 843
400 1228
440 1410
1472 329
1466 47
637 1462
697 967
849 370
1447 87
1345 335
740 572
587 796
869 1074
908 1095
1079 152
925 1162
477 1342
636 294
607 929
839 207
892 302
1282 939
217 1238
407 14
1143 1303
601 192
386 699
899 1355
1351 422
775 656
798 344
1456 309
1169 1145
652 184
1356 757
296 1213
778 1350
1355 737
1446 303
597 19
140 1260
426 1044
503 46
480 600
417 857
946 1428
108 813
611 741
421 673
511 1016
1159 812
1443 185
1111 467
1065 806
1493 487
838 980
678 238
979 793
1043 724
1396 232
976 556
718 344
945 715
1323 191
1491 727
1404 888
80 1303
357 1395
122 366
8 1200
906 662
659 1342
994 425
607 348
1324 666
509 254
1285 1168
262 12
505 301
167 508
270 1397
785 133
418 212
595 973
710 1335
516 141
903 1350
934 513
1359 939
1421 499
145 282
368 712
794 178
439 121
1267 292
58 761
80 1031
1048 417
1242 917
597 104
541 1283
86 1066
1418 377
550 630
536 560
866 144
862 289
605 1111
1055 1035
329 1049
275 686
382 156
1366 952
678 1377
1173 1360
904 654
1094 1304
952 874
1057 438
170 734
159 673
1219 151
176 1143
435 1015
63 922
223 266
591 205
976 47
218 294
3 1445
1081 45
861 1452
1117 205
29 660
463 855
885 303
706 1447
1069 383
155 588
523 1382
761 121
207 1342
1130 1238
1470 471
982 270
1377 918
868 472
1063 1465
801 1471
486 1294
613 241
274 1012
580 753
1354 983
1213 41
78 549
324 898
17 328
594 1071
202 1100
675 51
447 199
1232 132
1055 13
1052 133
117 324
1352 843
1425 754
591 1499
389 1123
709 10
60 399
1487 844
835 950
719 1487
723 712
1425 358
336 86
439 1265
1447 493
1171 748
128 188
693 50
1212 559
978 126
136 1239
583 1345
52 1176
798 413
1458 617
1363 1312
484 674
1106 1105
813 902
671 231
788 447
740 1195
1391 269
927 1172
335 1400
661 495
450 1255
1353 659
1489 806
687 910
868 907
765 1020
257 214
388 1209
429 1284
44 1294
1186 885
1342 581
593 521
749 984
1082 978
375 346
854 181
985 1081
1039 1352
295 1314
537 904
268 1270
1177 24
1003 1181
1488 524
329 1085
1394 1339
702 427
706 580
162 825
346 933
1007 1332
420 41
714 463
261 1341
1192 1157
69 683
1301 672
1223 291
1111 1221
1051 1014
1156 910
777 317
301 452
928 1366
847 1200
805 921
937 1138
1273 390
1192 1312
1182 95
1080 1078
538 1247
1377 949
130 871
1000 429
471 1067
962 1479
1073 1288
335 30
84 94
8 1201
1429 805
561 1192
941 118
1041 260
1158 1382
381 588
871 1268
970 125
1334 569
56 706
733 701
268 253
1056 426
1117 330
1077 161
279 80
1464 1500
284 169
634 1457
533 906
1087 1281
1175 256
917 309
19 686
737 1074
473 1459
200 191
593 743
1316 418
435 1151
963 325
718 358
678 689
1057 400
600 472
903 712
1420 610
572 825
449 555
500 1432
288 1001
1398 347
1248 860
1314 697
1163 882
1253 1293
204 930
1100 486
930 1098
934 362
857 967
227 201
805 1050
1381 1416
37 616
371 1031
531 397
191 701
82 110
956 1200
345 1019
171 1467
866 917
1486 1357
151 758
1404 935
732 456
897 1119
1379 149
992 1482
1140 440
627 86
1473 765
1286 1135
392 15
226 1407
130 276
168 1067
1153 832
651 462
1108 483
285 26
269 1024
1487 1068
1198 724
31 131
627 1261
151 1260
405 1095
163 1171
746 362
24 826
29 190
883 463
1478 310
1091 1332
403 1166
964 376
493 1437
1421 1196
445 321
178 351
684 1169
1473 816
535 386
747 83
724 985
579 1152
651 592
612 1246
218 272
427 687
198 38
474 303
1433 284
331 164
689 1390
859 1422
1133 726
1079 15
965 150
621 1165
534 1248
560 713
1102 1156
685 501
111 286
1321 49
1007 1136
1001 704
741 1206
108 1365
1142 1358
346 1114
1036 602
803 1168
872 633
1205 1263
548 1258
1047 494
639 1190
1301 112
114 1194
936 651
723 1367
592 1165
716 906
459 1137
186 182
241 1101
1337 846
758 154
532 1302
854 1326
1311 1402
556 491
1017 804
529 1198
968 516
794 279
692 1252
1071 717
1096 1255
1235 232
480 284
1258 940
1064 176
390 401
714 112
868 362
74 1447
586 592
406 190
87 805
21 434
1262 1207
419 928
1063 997
1089 19
224 1036
1398 1171
651 205
759 419
1426 1357
933 1234
981 100
1220 973
512 146
995 1048
1141 1154
1478 816
1005 520
254 129
642 366
1152 1309
32 631
263 1355
571 1401
255 1382
316 691
1282 1492
1162 565
583 679
691 1428
726 272
293 550
916 145
885 1481
713 870
521 524
282 1430
1088 69
1344 892
193 366
1443 1245
566 33
843 882
16 991
1099 194
80 1317
671 105
220 314
1095 595
329 606
1341 386
1241 552
1125 460
1013 112
1437 208
1188 902
965 52
916 215
982 1013
1391 664
537 315
999 1422
400 1010
270 771
1034 641
1129 869
751 264
1388 155
1307 298
292 211
845 1330
891 25
1207 126
314 530
945 13
1407 170
27 503
416 495
310 1000
232 1192
294 1017
956 961
755 501
248 1108
274 1227
157 158
1088 11
1393 884
1242 496
469 132
323 746
883 1284
471 1202
654 64
1220 812
1452 138
646 166
634 1153
250 1473
147 1140
1017 942
1324 422
517 36
272 117
1345 36
129 287
424 1039
1254 364
84 646
448 618
966 1369
630 1136
1302 828
271 1384
253 530
812 411
310 771
57 1242
682 35
922 1033
1401 1126
1499 370
547 1268
1215 620
413 722
1355 1352
1091 768
673 210
1474 1301
819 343
1167 672
1180 280
1115 729
355 61
1414 692
233 1187
698 186
1383 1169
613 1012
1062 736
964 989
1019 477
1376 543
84 687
112 669
1395 699
547 1264
1036 1221
917 556
303 847
225 743
1413 1100
1456 1175
931 930
568 1260
744 892
1095 644
445 470
1183 1033
745 825
1010 1198
835 504
476 9
834 320
326 985
547 4
9 999
635 655
1293 846
1484 1380
270 546
1216 44
183 88
838 1359
755 690
496 103
1485 873
461 1339
218 30
486 1401
829 193
1065 138
796 125
1148 574
1302 1290
579 684
911 859
505 1071
1324 1347
837 127
182 224
1299 1369
1464 145
490 800
387 35
1374 478
158 742
851 653
690 576
870 372
352 1367
790 399
254 398
787 177
702 247
706 727
731 1220
969 1388
1441 1329
1002 1200
197 521
1381 365
250 1253
227 719
625 824
582 1240
1308 506
590 1177
628 1210
1422 305
1302 122
1274 1403
1354 219
954 395
731 677
333 839
1199 957
744 357
1315 998
168 363
691 882
103 888
732 809
268 258
373 260
1044 683
669 1166
1003 721
1123 965
596 62
962 1187
432 1360
415 291
270 748
162 1200
557 1176
522 599
538 422
1444 146
302 526
1020 463
1221 654
496 743
1226 864
1267 1345
55 229
892 694
350 1465
960 1182
382 1242
1060 821
271 624
231 1062
94 334
644 870
474 62
318 1025
1463 728
118 46
756 869
497 1325
755 280
276 492
611 86
1394 639
825 1262
461 1183
224 1058
1292 304
1083 113
95 385
1198 174
273 1468
293 596
1042 1308
1259 977
1346 209
1444 733
1483 838
873 52
947 487
864 1381
1254 832
1456 581
809 1232
510 1181
1004 617
1227 838
1366 59
777 1275
556 1370
522 1091
1458 23
231 586
1226 1118
567 1015
298 252
739 981
1026 222
633 963
1226 654
67 284
1442 1082
432 829
484 1440
1372 1071
435 683
425 172
322 1435
664 541
780 888
858 112
690 499
1019 583
578 1457
548 256
1118 719
1183 34
1463 709
195 856
237 1342
231 599
204 467
1479 691
477 1197
1058 102
628 709
836 780
650 1204
1409 1036
1240 130
627 928
140 835
501 13
150 985
247 902
1314 1475
1326 1228
395 1165
640 562
1128 212
1452 1136
310 481
682 431
149 706
272 1080
1010 1408
1376 1084
1018 1071
1421 916
1239 125
765 315
810 603
518 289
845 1332
823 1325
514 962
1456 914
1194 1423
751 1120
1220 1281
23 1259
88 572
775 160
978 899
28 774
1306 142
113 191
1230 1079
188 1237
348 415
555 1160
712 585
843 422
127 755
28 891
1340 400
580 501
195 1099
106 367
256 693
793 656
754 802
1246 1045
123 1042
504 1139
387 1083
490 499
1398 1189
707 280
1213 1063
1376 703
1059 312
565 1173
643 908
741 150
1103 53
1246 48
1005 1463
1073 960
1407 444
105 427
1052 738
490 368
612 204
135 588
222 752
930 732
734 839
1417 478
818 30
389 671
266 727
1022 1417
273 1135
874 486
1079 521
345 912
92 1218
793 690
988 881
817 856
730 283
381 694
618 918
1118 1300
503 1386
1065 724
1219 1043
701 971
972 793
543 1480
1218 758
1050 345
1409 8
811 222
977 821
420 823
558 306
774 700
1294 1395
1214 794
344 1426
549 1309
51 1159
1041 502
913 422
390 318
1211 1234
1334 957
840 693
399 495
1060 1087
1054 505
75 6
957 95
379 1360
336 495
384 644
1441 660
65 1349
515 1193
1354 433
87 1128
38 1178
859 1176
759 1087
611 985
1012 814
1472 837
569 25
664 87
388 1141
1106 602
33 1390
387 1407
1027 1041
691 1233
967 1147
127 1477
1104 49
456 1360
854 1098
322 321
117 1200
1098 351
566 1344
1191 1493
1153 104
1305 78
140 540
1026 1486
1178 902
315 49
1223 43
6 1369
1127 247
1046 202
27 1476
132 119
492 920
1061 1429
477 1197
586 682
48 763
432 30
931 986
248 1410
143 440
1324 198
1468 781
1076 1445
700 978
367 126
680 711
734 902
1251 1182
32 759
914 637
283 1155
157 1341
1176 640
408 484
1321 1383
712 1068
460 16
507 1415
860 71
929 994
490 193
1398 1220
429 351
1026 551
1137 1371
797 1239
727 334
1191 779
850 526
1002 474
704 272
492 975
1111 1177
548 1051
372 390
434 1498
333 1014
1471 623
887 680
7 1278
663 1481
345 1074
201 694
166 796
1315 930
296 297
547 1458
619 667
1397 347
340 812
866 451
686 1159
503 1137
494 97
779 336
59 1055
73 537
1291 345
1471 846
617 1178
876 941
1214 656
451 1060
40 936
974 393
755 1245
1479 1033
27 1135
1236 148
331 164
1317 1323
558 750
1189 1064
578 118
1092 1335
1021 1434
80 1309
1290 660
70 470
729 211
609 674
1462 1235
124 297
23 1337
1130 1134
1138 764
604 346
645 868
795 288
1318 390
626 641
265 1290
449 240
293 1489
615 770
1481 1210
1035 1280
679 1227
651 1442
892 838
1490 1398
312 33
1398 749
950 410
1183 513
1275 610
883 862
523 311
195 1392
492 793
688 1304
521 718
55 146
1106 382
1335 982
258 256
246 382
1097 736
844 1269
156 230
901 649
1280 450
970 171
1442 1241
1068 513
261 734
688 1297
1349 317
413 1499
411 248
1137 456
992 505
855 385
82 1219
298 953
206 1098
927 1279
38 527
68 79
558 338
1354 105
1267 1439
1390 566
987 806
490 1193
764 93
1350 360
133 949
1307 348
1080 937
1009 1008
271 1428
727 1051
789 118
748 1432
476 274
155 810
1169 1100
1445 183
1252 961
766 6
16 57
294 733
344 465
307 523
1477 400
1239 744
915 1482
565 350
1177 827
1400 169
1278 785
1219 1279
372 1459
1467 895
533 648
309 972
993 335
576 885
300 703
308 434
368 771
602 1289
870 278
939 46
1124 944
74 695
554 1367
305 1310
1196 373
667 1197
1391 678
576 619
1139 1481
719 205
200 687
751 955
310 179
874 194
667 633
1492 1177
866 1116
330 240
563 12
1397 446
892 126
871 232
1085 295
607 1112
739 966
1050 222
868 983
426 571
1314 1425
1175 745
649 1381
287 340
1466 838
793 668
1089 721
701 923
404 724
1011 459
1094 41
9 1401
111 1417
1015 1002
460 1391
898 1362
783 1069
1304 661
476 306
918 420
485 846
275 1327
1156 359
188 185
1332 430
701 1495
88 282
119 115
1008 537
785 521
883 1497
1205 1454
433 285
283 101
335 1093
1279 17
1260 965
860 84
1384 558
309 1280
145 892
746 827
266 1333
1212 92
283 474
217 1352
1415 809
1440 1235
1059 949
544 1464
31 125
922 1214
467 81
28 504
208 702
1192 777
97 770
159 32
235 1289
436 1317
1136 605
810 443
59 598
360 1012
1357 1298
493 1012
1161 947
1364 205
680 45
472 817
2 392
174 1407
73 318
1128 1151
1266 384
837 511
1332 382
899 1053
598 461
195 1009
516 1478
731 1162
927 351
358 1069
498 661
958 169
1023 1126
839 124
1085 856
963 863
1260 674
166 1293
35 220
1079 1209
345 808
608 834
75 273
513 1367
1378 21
1422 918
1460 1458
929 1444
264 1494
383 800
283 655
1478 819
62 1284
68 1214
313 832
1169 501
984 1371
1498 1487
1103 1412
1305 351
290 1305
1493 1334
597 1398
573 211
1169 1267
1323 543
311 520
114 686
1056 249
497 298
453 1
37 826
1142 11
420 1116
35 912
1422 1316
788 1280
1083 3
1018 671
1443 1269
1431 133
317 1223
558 406
1286 146
856 613
1464 472
751 969
1251 1085
119 788
221 71
1148 1071
997 758
587 877
548 1109
911 804
18 480
940 342
918 1209
954 950
165 1190
976 1113
1456 822
251 802
177 572
832 1362
974 991
962 627
438 281
852 1196
1486 95
645 1002
55 955
276 553
1077 146
323 756
480 666
866 1240
1163 519
534 879
385 1039
135 672
1051 1016
1252 10
1407 53
1461 953
916 1378
515 723
246 932
163 811
596 8
122 1378
1450 651
678 995
204 1103
1157 1043
539 822
833 1124
5 89
133 62
229 805
1067 11
1377 929
490 1095
1192 427
1479 669
1422 170
1231 260
412 578
1085 1368
497 1199
466 157
1164 511
755 573
108 1065
754 959
383 1285
1411 824
92 1350
615 726
536 156
648 1336
434 1486
880 997
189 832
1429 63
453 1343
454 52
598 812
326 292
361 1435
847 118
1190 1076
222 424
1027 1347
463 1480
215 1038
7 1237
582 298
390 542
690 598
1405 304
496 1290
673 257
1034 517
1020 1015
214 1450
850 1284
165 539
34 541
1352 240
1384 388
534 118
1354 1214
1368 836
1037 1119
1488 1061
80 91
1325 1021
385 560
846 1299
37 715
124 1232
1446 938
1471 87
945 190
1402 558
555 896
685 561
209 159
527 1497
1238 361
635 1090
183 1166
526 1403
347 747
993 456
27 103
783 498
730 1408
882 845
443 514
1228 1493
220 1391
531 374
514 61
1253 918
1248 680
512 187
707 1377
261 983
775 289
418 1438
329 236
700 1013
320 809
581 568
1432 398
81 459
377 1126
617 787
674 974
986 31
974 646
823 111
465 435
1071 604
497 989
197 75
862 1381
902 595
138 1338
1030 459
847 782
98 1372
136 988
1267 483
1274 570
125 1
1346 365
236 89
418 750
778 498
143 683
1128 1037
22 1495
1309 149
304 1129
278 110
1459 949
72 138
1185 5
700 631
547 791
1161 252
936 484
373 1303
810 763
551 127
972 135
973 1241
893 974
315 1261
1308 253
372 14
1207 430
591 389
637 640
15 521
432 648
445 423
1464 1363
1278 982
113 1420
33 500
623 606
1090 426
491 710
1481 647
1025 631
680 1241
587 146
888 557
244 1185
859 801
1217 1133
1246 1392
847 1236
999 16
355 192
991 652
50 755
894 1295
224 314
529 1287
1402 97
638 409
266 1493
629 1424
1010 253
369 197
1221 723
937 723
9 103
1494 1088
1131 980
493 263
1404 72
120 1432
1401 1139
1061 1429
658 999
326 978
163 704
976 702
894 372
554 857
1039 290
1472 412
210 1465
316 646
1018 1088
1479 65
938 1407
996 765
1281 773
1315 763
286 1277
1487 1213
521 1463
234 1220
429 375
1384 40
758 1168
300 806
48 1472
477 898
373 357
1049 594
1254 1469
1446 610
1477 1335
79 1407
1127 1046
1084 497
1323 509
1267 701
668 291
1080 302
174 1269
1212 252
367 13
1079 1078
716 699
803 1100
135 446
1187 926
1272 1106
1469 708
1007 1414
627 1346
156 127
1258 502
551 1247
434 552
1066 720
1465 1463
1004 1345
906 1342
611 133
1317 455
630 698
492 37
979 1243
896 514
1363 317
272 949
869 589
1096 925
326 770
530 1266
230 1196
35 224
738 1282
1380 806
1103 1134
142 1334
946 153
1151 1081
761 1476
1338 458
1161 1442
1069 1031
244 445
1093 1131
1487 1431
595 1311
520 1419
198 506
750 830
1386 611
1311 1020
1031 1490
1047 145
1431 877
36 105
260 1084
371 455
881 480
669 992
1306 24
932 1089
552 1377
1116 1407
1480 1246
697 50
818 960
1423 1115
1205 51
194 281
680 533
23 1162
743 557
1500 1460
1217 755
309 567
885 147
84 460
954 13
82 1092
1200 1339
351 268
607 1098
616 918
1066 25
1111 413
826 446
209 133
290 515
61 825
860 115
1240 9
833 278
1177 898
269 417
696 14
1184 37
77 790
548 1188
912 432
386 887
1364 414
1136 546
68 983
1327 948
438 1104
833 1091
635 1041
152 641
1328 897
432 1379
976 877
276 681
839 1467
262 232
987 881
635 1369
63 802
1258 604
603 310
1214 1422
476 858
744 1096
287 173
708 521
1245 522
30 676
1135 771
781 1125
368 345
173 1411
501 823
428 374
1331 1357
860 863
1174 720
358 1082
125 18
1281 1339
1250 1107
1106 259
901 1479
1083 680
244 1463
558 779
1290 803
1350 321
1086 26
964 58
884 1323
379 444
105 1101
618 315
447 202
1456 778
1084 245
710 1250
342 1127
1200 1242
1320 758
573 438
1413 904
959 708
92 410
387 1465
1124 473
827 339
219 368
1280 1386
251 1178
168 1282
1474 1378
133 1361
433 1356
1184 758
1172 1276
761 1497
1023 28
646 842
1057 132
1146 1492
867 178
1215 254
975 1318
484 637
796 956
799 375
761 904
1482 1345
1346 1008
1234 200
989 893
413 1279
355 1033
1033 748
1365 1173
164 300
206 1275
151 1408
1051 914
1379 221
397 1088
1196 230
285 1155
947 279
1057 1475
1299 1085
6 124
1415 1161
917 172
6 1180
224 741
163 190
1299 1374
276 406
1485 644
1298 294
654 49
27 160
1024 101
579 21
167 770
1015 64
1299 684
212 896
860 310
976 932
1034 901
31 740
260 842
897 1013
586 1458
679 1341
1182 1244
585 860
1240 1088
742 1498
1465 690
1430 709
875 1494
501 1153
748 540
781 37
1076 86
1064 1355
946 289
1476 91
917 717
1453 219
404 1259
89 133
1369 360
327 659
24 1077
1193 817
846 471
1137 1429
280 966
26 302
1174 85
664 848
859 1315
101 1003
108 1123
61 1350
423 1276
743 1143
837 116
1005 368
517 1386
747 932
83 1122
877 1004
671 1318
1001 1277
776 62
1244 647
1390 138
465 121
383 625
1138 1322
593 970
1176 699
789 821
729 268
878 692
553 910
186 186
406 312
526 241
170 262
1186 116
969 713
567 470
430 228
1219 276
1395 1470
659 822
57 472
248 943
1165 977
866 768
618 1453
1464 480
717 1035
197 518
1180 395
485 1111
893 1396
531 1206
98 222
350 1353
1297 74
1467 1306
1465 318
530 1123
1251 900
523 1321
298 1371
793 1469
30 576
49 1124
655 965
109 568
1018 478
1141 655
701 42
259 224
73 61
640 740
882 776
359 355
421 581
822 203
264 690
1392 38
870 369
940 52
1006 1265
435 1020
1216 2
505 1266
781 1009
448 1205
839 74
694 484
655 815
1235 384
1208 1126
949 1304
569 394
132 1028
145 1027
1094 730
773 897
295 794
1417 652
990 952
1370 1099
1396 961
524 924
660 876
1442 879
369 1053
387 106
126 484
1113 882
952 1446
630 494
149 1391
474 1364
1149 1462
1178 324
179 1288
605 1022
801 714
530 1168
533 514
542 834
1432 488
1011 617
866 733
1080 1177
689 728
1097 341
229 200
669 684
687 214
211 158
59 696
435 626
945 1044
89 1230
1337 856
1151 991
1320 26
1054 38
26 192
1303 104
1362 650
972 383
946 1371
749 507
983 18
1415 1184
290 793
158 197
102 521
469 1274
609 1047
644 302
267 1136
1210 811
231 366
60 741
1179 132
54 874
65 690
139 1274
1357 257
453 522
580 1379
458 482
212 168
697 709
1224 1441
46 894
337 1143
810 1466
97 1399
1339 916
367 463
873 1454
1217 1091
437 1030
525 659
204 216
767 204
184 1237
1346 1103
1028 1379
864 1128
1062 383
1002 395
1128 1326
6 1384
464 732
831 1138
432 572
1040 1038
39 1473
689 275
1120 956
1057 17
855 973
1208 618
1384 463
906 389
930 764
280 629
1020 400
1224 584
1471 127
501 878
1479 1024
610 725
1242 1336
246 278
136 1403
543 24
595 268
1407 1349
803 252
1498 1321
68 146
706 975
1162 1206
1356 181
92 500
315 360
221 207
1412 48
1059 611
726 813
75 511
879 259
1409 1018
189 945
428 1219
574 9
419 1445
740 1011
1373 1048
607 1200
621 39
1296 1011
1431 649
1141 237
253 533
1193 1301
736 1315
466 797
905 1047
875 1328
889 1333
377 1135
1378 1440
744 1303
1218 658
246 34
840 220
467 786
118 85
671 671
46 1071
495 437
836 334
802 817
772 1310
306 43
1445 863
66 778
953 677
758 1448
796 717
140 1463
572 918
69 545
1448 500
401 1308
994 225
556 240
616 128
561 1177
263 1209
255 608
599 938
93 412
518 928
648 1217
353 1046
737 990
90 516
350 1470
1183 493
775 1468
239 148
1098 751
1207 16
413 143
628 957
831 758
311 638
986 1068
392 1089
132 1202
1314 600
654 441
1179 1295
1040 1134
1473 1438
371 362
1332 1478
1241 836
60 682
605 437
219 689
435 99
952 1355
685 909
913 377
313 887
1030 442
1441 1039
646 315
629 1229
112 261
1161 1194
952 1226
1431 524
127 746
223 757
877 391
1302 456
1335 827
1310 816
1458 1285
817 225
1230 613
580 1062
12 694
1401 902
1225 44
616 450
123 1043
794 1248
781 493
694 225
673 369
1497 12
704 513
1476 1134
274 120
1013 549
1307 534
590 634
462 1318
1383 416
1452 1127
475 904
1338 66
15 355
487 866
59 467
1146 1066
1376 1223
407 3
674 718
126 460
1001 1423
70 448
1062 843
995 191
1016 372
695 1409
1330 1336
905 400
1010 138
126 600
803 1477
902 1345
695 1165
227 577
1170 124
459 819
844 117
1459 248
575 358
166 835
291 29
985 1349
1163 663
217 250
13 610
859 952
333 679
1436 828
859 300
939 361
1305 524
1230 563
908 191
736 818
1115 204
832 507
485 128
866 1068
915 653
526 493
82 784
525 1300
450 895
936 262
1166 566
1074 1010
1434 1105
887 896
617 397
1045 7
109 1374
406 942
1387 1198
196 1260
841 213
55 987
338 899
55 609
1409 487
79 341
128 657
1262 871
449 1474
1093 433
1272 549
1489 1018
24 1127
468 332
479 844
1142 958
593 579
1225 551
742 930
297 812
19 370
1275 1313
110 717
121 709
568 75
679 542
917 637
45 1276
550 63
460 870
57 785
143 1372
235 524
163 641
1011 160
178 260
1052 1011
822 1274
1265 717
414 1365
1135 670
281 1473
941 771
940 157
723 636
991 183
654 991
264 1454
1241 1047
649 1113
1337 146
905 1362
453 680
1028 766
1334 913
222 711
1420 484
23 1185
873 1397
795 1294
460 1043
1137 810
25 673
615 444
1124 1451
615 402
992 85
80 562
428 1332
505 625
211 23
373 1110
1027 693
622 1418
1452 277
550 886
1450 646
372 430
1416 441
1418 1232
683 825
174 549
621 155
1289 1224
1244 17
82 470
173 339
47 607
573 370
120 1
403 1205
319 1301
152 530
759 64
1186 77
386 1146
804 192
1069 850
592 287
1081 1185
97 995
1108 764
1033 220
1394 830
41 672
810 215
799 433
1061 153
1076 1474
204 27
1042 1407
110 43
50 706
449 25
799 1242
3 1125
59 1367
522 339
1149 994
699 914
495 422
1343 677
1306 1108
233 833
66 1468
1353 404
1455 1066
1350 135
84 470
1446 92
1126 118
752 513
695 1056
1121 939
383 1402
707 1299
1255 997
764 1186
1223 174
1425 1433
99 185
924 759
9 240
840 244
743 888
696 469
775 313
420 852
666 963
12 555
368 948
71 75
828 866
1440 275
1380 155
835 943
665 163
973 262
801 124
318 538
422 1213
276 520
714 1042
928 1097
808 992
683 559
245 125
618 1364
1029 1281
1215 911
580 716
1078 588
936 1470
334 1427
334 357
1414 1382
583 910
1166 480
1166 153
69 204
945 194
840 112
1459 254
1276 100
169 1444
745 1084
767 36
601 926
1048 1191
441 564
963 431
356 916
111 1209
799 143
1195 40
404 751
286 408
421 1444
17 98
573 537
774 894
1387 1024
1068 395
844 165
664 814
709 1065
1161 260
148 1423
779 1161
1070 988
218 1423
1256 251
990 846
144 653
1375 1461
1375 514
529 827
590 1478
1145 299
840 353
1196 79
344 1071
664 808
803 571
340 1489
706 246
1086 1343
1207 1424
376 448
581 1210
1272 105
192 494
364 600
827 795
446 580
1219 601
37 1450
1490 386
244 302
1101 272
436 1444
228 92
1311 581
1427 327
275 1088
706 273
2 744
1255 241
1490 651
438 871
552 1029
339 704
1319 933
193 1126
599 1360
768 983
769 319
1262 303
285 1142
1245 283
958 1237
778 1227
436 1463
252 141
224 1467
684 774
434 803
1356 598
47 50
528 314
632 376
1301 1289
529 25
531 271
497 1233
111 607
1247 420
318 352
308 1196
534 1188
428 1320
431 277
817 319
77 321
944 1066
9 584
1475 857
97 1324
83 1140
352 459
126 1119
802 823
1476 1175
1224 1061
1397 467
1257 1008
314 1204
153 388
384 904
821 1187
865 249
1495 76
295 174
856 736
707 702
1308 49
463 509
43 1310
1046 457
181 195
6 522
1457 1252
1338 373
205 175
567 1394
1485 1468
484 1250
1094 207
495 296
1038 831
1489 857
481 58
1248 382
1219 823
159 1021
38 1302
741 1012
1099 647
1271 404
1271 822
1288 1431
122 145
565 456
110 702
776 449
1389 974
900 246
1312 153
540 574
181 461
813 1413
788 450
1374 1132
48 1388
522 1468
114 827
1292 103
1348 833
863 1441
638 836
1234 480
125 116
477 396
1100 734
365 61
1442 608
762 531
600 1379
1182 331
834 547
1289 999
519 841
1320 185
656 314
86 151
426 588
1201 909
1339 1125
580 140
651 1013
832 1357
638 1432
786 1294
1251 859
75 1085
666 1236
1208 1342
967 568
1116 608
1299 422
134 1048
110 1381
980 133
788 514
1026 317
69 605
244 1125
1452 415
604 1193
431 159
216 871
1490 1133
860 1027
1055 807
320 1051
11 149
997 906
1486 335
774 1496
1252 417
491 189
1153 215
1197 945
1371 30
755 230
294 1006
521 506
725 1038
675 999
314 262
211 1120
262 77
395 95
971 77
684 1485
1088 942
568 37
345 122
1466 238
471 1050
423 921
633 1372
53 503
43 630
779 894
1386 852
1371 112
124 241
1427 695
1320 328
130 393
277 700
889 1170
29 502
360 1134
56 1229
176 911
412 1079
1268 749
511 757
56 1184
951 580
1187 353
1049 484
129 1095
1114 929
643 7
354 272
1413 998
451 99
465 1214
463 23
1445 453
21 268
1408 1228
409 493
40 718
242 290
1152 248
668 1202
1162 905
507 1405
321 35
996 418
1479 439
104 1251
1 348
605 153
805 19
577 304
942 711
333 327
529 79
992 485
1319 674
812 782
1241 1182
1324 1318
407 1025
1232 42
6 230
1383 393
1390 558
614 1181
1354 1211
125 1133
1028 332
1189 1338
542 880
228 1459
1487 1053
132 301
1090 701
948 306
633 614
979 491
63 204
882 47
375 1463
585 1105
221 643
528 1128
129 522
369 439
1020 250
850 1424
334 379
329 1341
584 1341
904 990
1302 567
1431 83
639 721
157 86
290 928
1047 529
75 28
1425 610
962 641
924 98
75 643
1222 1110
431 911
67 865
686 148
39 1365
1440 905
645 1320
1142 1403
552 1387
1381 546
392 597
459 1260
178 1102
57 424
1484 1276
151 1476
993 1136
1402 920
297 1357
1215 821
1362 1247
696 473
926 1419
233 695
126 407
1268 397
267 446
107 670
1154 362
807 48
1087 679
816 409
1315 1410
1490 1168
890 266
1395 64
1430 623
739 357
139 30
982 1100
908 1361
1149 69
110 752
137 1100
1021 909
3 1155
1241 1208
1377 210
1353 1111
24 850
91 1122
490 774
1488 512
1304 1407
1057 35
1472 675
631 354
586 234
911 1479
477 483
741 384
524 532
326 55
302 1431
1270 358
507 760
423 1302
16 942
1139 1061
137 595
10 1278
11 3
28 909
718 719
1317 1039
81 315
1160 992
1422 849
532 458
1404 1221
1305 1337
659 433
940 309
320 413
887 336
157 1382
862 1027
1194 1278
384 719
242 581
972 762
774 464
1136 690
595 337
557 1365
655 898
307 83
1248 1374
628 529
1200 1323
1224 1065
942 233
1351 44
880 1122
1323 749
515 788
1368 1334
1394 344
363 148
717 568
1158 1378
933 1481
670 831
1080 499
311 1350
637 1201
603 1186
785 1432
699 415
1167 1224
1016 1073
1214 368
1220 1274
1021 171
1315 1406
1104 210
90 470
1141 43
27 454
426 1315
660 819
542 1076
1059 1481
161 1336
344 778
1155 799
832 262
597 116
1292 1227
764 1141
1253 1114
513 107
1046 835
446 1496
659 1466
33 1326
337 566
935 512
1359 175
936 844
1410 1028
609 1355
654 1308
1076 494
1213 620
495 614
862 567
1290 806
933 1005
1236 1136
762 1467
1060 969
131 466
1500 1311
410 1259
819 1157
632 240
1317 464
807 1230
373 848
1117 446
333 1458
22 342
11 391
567 205
971 429
390 230
1262 284
1003 894
1374 781
1180 375
896 450
570 949
814 501
732 713
860 599
425 812
1344 144
144 373
1033 664
1402 484
104 421
409 201
1400 763
766 614
670 1002
795 69
1218 929
1166 184
445 1244
273 395
745 1031
814 633
51 1123
1180 725
1038 1039
40 398
1262 734
352 631
492 1378
1401 512
217 1336
1018 415
635 904
61 1070
1144 558
82 754
1162 54
746 515
581 253
612 109
48 1428
310 765
242 1475
563 539
1388 71
1027 591
207 785
852 1285
629 301
1440 780
1415 822
1073 1281
1261 619
1368 1021
952 292
1161 1276
188 609
658 833
1296 999
1337 346
344 91
84 18
1229 878
914 205
658 946
1452 51
428 122
49 1356
306 603
936 659
7 183
315 685
839 598
958 889
1255 1403
77 1293
256 395
474 1008
1295 461
1475 848
1382 1218
405 999
1305 1115
996 431
1483 1462
792 1354
1193 231
978 580
1199 976
1037 702
863 1092
352 1288
52 964
230 7
847 1362
966 490
1274 887
177 1025
1174 1072
1081 265
1033 884
1208 25
609 1017
1481 943
940 1391
1105 1444
611 827
809 61
1423 203
1156 397
385 391
333 638
818 630
291 731
675 1294
23 318
69 1224
368 1228
7 762
865 1312
352 1061
1498 13
302 275
354 757
783 87
1143 655
1122 372
454 1483
725 1022
411 1436
1348 668
9 807
265 588
984 399
539 1406
234 665
1114 755
1471 452
1076 469
109 884
379 869
765 1442
1025 1016
388 1481
1154 551
541 910
89 1250
1074 1353
1050 547
1429 90
958 136
559 192
975 863
1348 461
1384 1176
953 36
1000 371
879 658
311 1424
730 849
1266 1121
374 1016
1498 290
395 1063
1424 1247
434 541
117 1292
1077 1059
339 118
502 810
1076 661
662 617
791 1492
1377 614
1042 63
1382 1070
122 646
83 483
554 134
1336 144
1400 1218
383 1346
435 499
992 800
233 1115
41 1257
929 241
467 742
350 894
435 712
675 104
241 1318
511 1216
618 160
449 1312
613 61
1175 354
1175 82
1219 992
241 679
259 873
1317 1425
1463 861
614 967
215 74
489 993
662 1384
292 1282
476 631
1276 1262
853 1344
233 846
193 393
222 329
9 1288
741 998
661 451
1057 1302
112 836
310 656
584 1442
1116 490
647 865
43 573
47 1354
543 1096
1380 277
1334 1126
990 801
1087 917
57 371
1418 1341
193 1203
1179 153
254 122
379 1448
905 55
978 329
1244 148
871 1049
581 1212
563 1377
187 1268
1170 605
519 1302
1403 1188
1038 333
176 815
646 287
355 689
1370 1494
1485 1017
189 347
869 1008
1360 251
493 1178
727 670
112 580
24 753
626 468
1355 1140
69 845
1454 643
726 1360
816 273
812 1125
681 857
1113 356
810 914
6 1108
924 230
1010 1344
1363 1423
1387 1476
664 536
583 1269
1111 326
826 1083
911 1428
1324 648
762 413
317 868
1245 1085
1048 1256
737 776
21 890
186 1361
825 516
964 1123
461 1000
1332 960
416 1430
1355 206
1403 1337
1216 130
592 1294
397 1105
262 1243
1327 1153
931 800
1027 1244
202 528
68 436
1440 445
1385 397
995 1261
58 949
64 905
245 946
289 787
369 1288
1439 967
463 4
801 1265
139 1052
149 1384
980 256
89 6
240 1053
1086 266
947 355
62 350
1239 1257
793 904
532 270
297 1143
1085 53
1236 1497
1428 1437
1084 388
1036 712
1465 697
637 1370
429 373
803 342
162 1290
1392 1066
73 927
1152 709
1329 1391
193 13
52 526
573 1274
802 429
1459 1424
489 198
1069 1270
1275 230
1129 303
160 500
620 803
231 409
953 736
1467 1420
1439 915
95 561
1414 902
848 711
1261 1243
1033 1182
187 617
1058 1357
1315 1036
122 1114
207 1061
585 1197
10 138
1195 213
1269 1466
79 50
815 1195
354 802
234 1346
541 913
1291 45
253 793
212 123
501 959
581 906
1452 1406
1090 1284
1395 705
821 418
210 1433
210 1441
1347 1241
1069 765
765 373
52 1312
1246 1368
455 338
977 57
96 1467
1145 1112
922 1298
1426 1095
222 818
1251 1184
1315 127
84 51
579 1390
212 216
1303 1362
1268 1119
1236 1225
65 856
164 503
1214 553
479 391
1140 181
53 1235
1384 601
544 1194
1240 143
669 824
288 932
641 1367
384 1185
898 142
1425 684
272 799
852 476
754 1051
440 821
72 337
1269 393
680 517
1429 835
1459 682
243 313
97 624
430 1454
48 787
838 1267
955 521
876 868
1214 1435
95 1009
1159 1373
279 1338
1399 36
1439 1466
951 259
348 500
1008 114
968 224
232 632
197 203
1487 601
150 119
604 1256
873 1087
1335 976
1289 262
1216 1211
11 886
194 1287
71 118
32 1363
423 823
308 978
223 832
382 1087
959 1091
602 518
1268 1445
688 1473
954 1059
1239 1408
1199 979
106 1252
112 1097
1435 770
927 732
645 1331
828 293
421 905
666 1179
257 550
1069 110
424 459
634 1087
659 1425
1495 549
278 1050
1018 1209
77 1037
1437 1224
704 1005
812 1223
898 1263
518 378
1281 134
552 755
138 230
213 915
469 369
3 153
176 836
615 447
558 1247
545 354
1444 1086
71 573
800 1145
1241 880
189 191
790 1447
714 200
323 178
1410 1448
736 516
1105 1163
228 396
1348 966
753 446
1121 766
789 714
1402 1140
1443 828
1269 37
1219 284
585 87
873 985
1286 896
876 1386
124 590
1079 1365
927 860
64 204
1261 549
306 985
106 762
640 173
1403 50
153 615
142 360
1095 1164
278 654
1499 404
615 54
1397 1419
269 933
860 386
104 1483
1450 1071
1050 970
388 259
1150 650
1449 732
121 952
69 885
600 1455
1413 1251
578 1162
202 1013
258 1166
759 330
438 1213
1005 585
1390 1475
844 1394
211 51
1230 1302
653 1264
485 996
1289 579
1320 1009
1462 1296
505 954
617 98
1495 1303
1046 1129
783 1288
886 244
1464 1126
585 835
164 482
144 161
38 1131
951 1163
379 1108
1449 806
498 1475
143 1372
1253 1018
1201 284
1308 1185
684 979
198 1034
1126 1068
1086 83
695 1071
926 107
969 921
1011 500
1211 107
171 107
221 428
643 1320
325 745
873 719
591 185
26 318
1072 778
446 329
760 470
673 463
1365 37
337 716
489 420
134 986
1384 878
235 496
1233 173
218 950
736 244
733 1441
1062 1084
65 1325
1461 995
701 1395
1452 788
968 665
1299 1238
954 978
908 323
1412 318
340 464
36 1430
222 1100
1113 1066
92 212
528 1197
577 337
1410 351
541 1354
963 535
435 1302
291 633
64 265
338 496
871 544
1347 354
486 1072
587 45
477 550
531 1222
1446 130
1276 1421
769 102
629 1265
1329 563
1008 386
987 1073
792 599
1329 320
1404 1470
1428 1229
248 911
463 1291
376 596
329 1100
1301 66
212 367
1000 1231
521 324
606 988
28 1243
93 624
1346 1043
757 815
1460 792
200 348
360 1297
206 1057
535 376
734 1389
668 831
721 1240
929 197
622 7
144 1186
1364 793
542 114
602 1082
1119 1459
158 433
396 213
871 982
1027 636
662 108
227 524
307 1259
194 1300
994 521
887 418
494 1222
23 1156
173 256
858 416
618 1237
1416 408
1116 89
24 1163
658 1107
719 658
1312 182
400 1469
739 732
1172 1069
925 134
579 418
228 302
814 704
635 1135
1129 360
1060 653
379 1154
1312 302
596 1012
897 283
1412 920
623 167
488 685
272 745
1346 1376
1145 1431
822 49
286 381
108 932
192 1312
1166 1189
1238 205
638 55
694 1144
495 175
814 853
1173 644
1186 1358
1330 910
685 1035
487 267
1122 1337
249 1469
1152 489
1428 908
172 1479
1340 279
890 1379
145 597
187 719
515 1404
70 1417
655 598
920 480
1397 48
349 999
625 1354
676 1074
1475 163
667 1034
812 984
694 496
1389 1408
471 843
129 1377
1169 548
284 111
169 1222
273 791
1231 1433
216 383
1476 455
11 366
129 475
1360 636
377 1096
1444 81
744 658
664 1048
902 1160
1421 411
977 1277
568 395
108 861
494 152
890 857
965 950
870 319
946 380
54 1351
100 768
1446 1234
1453 1128
900 1003
502 497
762 743
391 657
563 603
346 436
185 314
926 947
1090 754
705 827
1343 1384
1279 185
643 412
639 1244
623 1458
418 923
210 791
242 1498
1031 1207
606 1408
716 1055
1273 225
854 1333
1106 376
1287 344
714 222
675 10
975 1111
701 60
460 1417
1023 1455
913 110
307 363
1490 993
990 428
828 1285
695 307
68 1173
893 163
150 736
72 259
175 856
1260 900
959 381
489 673
672 752
964 485
282 1024
628 1064
1171 64
1036 223
1434 359
1498 84
777 641
1423 146
1319 690
1238 6
1454 843
258 766
1299 562
1223 525
794 169
424 989
524 1151
886 1301
369 116
128 1434
167 422
1046 1094
1253 1296
158 1342
1238 795
762 224
229 851
968 1139
380 51
1067 893
625 1322
57 1500
485 642
725 495
883 1119
924 1498
1028 226
1265 900
354 219
920 282
1113 1154
899 1082
622 1487
750 753
247 440
957 72
345 245
256 968
117 407
682 750
951 299
1124 125
927 793
27 1288
831 570
141 1325
170 987
6 294
1068 659
1396 1349
195 376
1047 1499
1250 113
1264 1012
83 1462
994 1373
49 627
641 1116
122 233
729 363
1323 1306
420 469
997 957
950 563
1414 1
1252 610
492 344
921 523
766 303
1444 286
336 70
885 565
471 1460
348 735
1082 1381
713 1446
352 972
18 369
972 542
509 1371
334 1233
393 1333
369 45
1226 846
804 840
181 1463
132 321
324 739
184 1032
1105 823
705 417
150 1440
1202 562
340 874
483 511
1003 1162
26 718
1283 1477
166 501
1282 1191
1166 1209
482 711
210 33
691 78
301 1389
1472 607
352 1071
311 165
869 511
121 949
243 124
1343 50
538 1030
224 732
1177 910
1336 1070
691 554
48 846
1265 724
1040 696
1440 264
211 1223
759 575
286 247
596 1103
416 6
229 1473
299 216
270 1058
1498 376
1324 220
867 278
473 75
361 111
1379 719
416 593
1126 1120
87 68
1219 710
719 949
607 1356
853 510
89 1377
414 1471
906 751
72 813
369 502
824 144
1400 289
1167 1383
866 211
1426 381
