p td 1500 6000 
447 609
228 1284
930 398
1449 327
1403 365
1036 260
1419 1286
1225 1473
765 1041
1246 346
115 1296
1003 542
32 302
1104 320
1209 905
64 35
1397 464
1465 175
84 316
1394 24
1316 1125
1256 1448
989 476
400 980
935 353
627 68
980 863
1164 716
452 466
199 574
1159 1119
513 1133
1057 944
1461 1365
1259 657
971 12
986 542
1288 1120
209 1406
501 135
1151 415
88 150
1453 925
1394 1149
767 28
1458 842
1484 704
1042 1258
453 1010
62 1440
505 396
835 1300
854 1100
623 1137
826 1106
122 649
768 1420
511 1215
1192 1362
694 1066
1024 213
1102 323
1395 1421
1444 333
544 986
653 541
1148 89
708 746
100 167
797 1034
832 1108
1364 184
35 1187
1155 1394
523 866
77 688
1111 77
1417 78
110 201
1302 904
98 742
1128 951
315 227
473 1472
413 660
53 1043
193 86
989 637
1401 295
125 1500
1010 954
1029 359
837 987
423 856
116 867
766 143
649 1434
736 1415
484 7
347 770
820 938
68 448
653 1479
1137 1264
769 668
1042 680
1156 1447
1309 765
190 1248
75 876
574 1311
355 99
1496 730
722 1047
681 183
447 1280
1431 215
990 1073
34 667
399 938
58 415
1208 892
755 924
48 1046
836 1270
1065 775
913 254
1193 1362
672 1120
1083 456
1494 1284
647 651
842 1235
943 999
1178 796
1339 183
807 1417
329 358
1100 726
858 580
579 647
1003 743
386 762
90 859
928 1163
1361 1419
49 244
133 915
1304 920
1009 1363
934 121
1309 1406
639 641
797 915
545 1361
801 956
208 279
847 81
254 839
1442 597
621 608
81 452
1172 1148
470 394
1032 444
209 41
863 106
1137 893
819 263
88 1362
1068 1037
668 525
330 645
656 240
467 862
876 1358
1204 1102
49 189
933 814
894 288
1340 1254
583 573
69 703
1365 1020
1026 1151
1266 260
683 108
1238 1171
781 1032
43 558
1370 518
813 1206
126 271
1492 384
619 309
207 874
351 349
266 226
1489 325
122 1466
890 86
335 1316
169 440
1270 807
850 656
219 26
1180 994
141 1249
800 912
224 940
824 842
1140 1376
138 663
154 303
1418 619
168 302
829 1045
462 1388
84 1121
361 276
162 1066
1295 809
1280 675
76 295
404 509
1160 200
602 56
1117 1
816 1105
319 662
1030 131
418 318
581 863
1397 360
718 419
149 1039
1217 1179
31 232
841 528
569 879
445 425
486 1275
630 652
913 1188
401 1097
1226 779
1436 894
704 1087
1454 632
878 1433
1410 620
251 12
524 889
1078 642
626 992
1118 347
736 539
459 211
585 251
573 1239
248 1187
678 198
720 655
1357 924
340 837
1442 342
151 1130
1317 691
937 644
771 16
280 351
1481 1144
765 840
276 1452
109 666
1103 509
487 1286
86 1023
199 235
36 240
37 442
992 179
139 714
1087 1207
432 1347
1009 1165
707 25
136 1264
1494 1132
1096 1392
1004 93
1123 1056
684 997
892 1068
1169 519
1256 369
734 465
1225 574
246 246
358 404
892 868
33 48
708 465
1280 504
906 224
1239 220
557 435
127 992
257 592
76 1027
1456 896
733 384
1194 1477
1225 939
505 1194
696 469
1040 910
1369 135
503 1077
1357 546
883 1347
698 116
1049 672
170 359
665 256
460 824
287 898
1238 105
731 935
1144 460
360 1428
856 393
1133 426
650 1409
46 776
1288 1174
193 988
850 1078
270 311
657 855
399 1109
1321 1162
1478 157
1140 43
89 778
1431 1012
1014 386
1464 219
578 304
1443 1298
791 1287
231 207
1167 906
564 68
1209 138
651 936
436 382
369 265
630 421
1257 909
40 134
6 756
280 1365
41 1450
885 764
1412 1171
152 303
347 136
1385 515
100 187
1443 288
562 175
279 555
839 599
625 1462
1484 937
1462 927
1349 1478
1437 601
1439 1172
1471 1207
160 323
1080 104
1024 1480
196 263
941 1327
29 1415
476 1200
1268 744
66 1077
42 1098
1153 145
1364 973
940 316
150 1165
1468 1308
794 367
440 263
1470 1343
352 569
62 218
1112 779
430 552
496 86
1421 650
1347 1439
463 347
1084 155
68 997
1168 135
29 1046
1402 12
839 248
1404 1256
260 1418
763 837
285 1023
1240 522
933 1472
528 584
529 14
384 911
57 853
889 474
292 460
930 1374
48 1083
260 30
319 1142
1044 181
952 1061
298 252
861 168
799 693
488 741
1004 687
1034 1259
1031 376
1179 328
1433 503
311 847
1432 1252
1483 1113
679 1051
1088 585
840 609
900 103
809 1188
1422 1405
993 533
497 388
1292 774
638 904
880 745
1256 841
107 921
1478 739
1495 1429
567 423
1270 1209
1041 901
1418 309
730 314
634 1246
941 333
363 1223
335 1474
890 42
755 974
677 176
1280 632
570 27
913 579
424 1125
803 158
597 230
1274 75
356 1423
952 800
1458 912
1494 1437
476 459
158 1168
402 44
1076 234
872 570
200 1253
1466 841
376 1456
632 599
231 51
1074 756
1147 1037
1495 1046
173 793
49 482
192 847
1276 838
515 933
1125 73
376 762
828 89
549 314
1077 1230
765 574
93 1083
763 1075
1035 1452
91 890
461 200
565 703
282 1243
1009 1235
978 1228
1021 1422
1349 901
476 826
318 333
1184 579
651 344
1458 655
1392 392
839 840
1214 1329
220 1317
583 502
1215 430
1131 1018
520 258
1396 1215
1408 551
718 852
953 1418
561 267
127 113
497 1364
1305 716
1480 301
504 11
902 378
1346 71
1070 742
1310 344
368 1095
1142 1008
1491 751
470 443
403 896
266 594
1469 256
1053 25
255 29
327 1276
214 821
578 1137
797 616
698 630
1484 483
549 763
1242 1333
355 896
1029 896
1450 1454
678 1034
424 390
72 448
883 376
544 1304
96 897
432 759
639 846
447 1325
591 280
290 1226
183 247
1388 212
1089 653
1118 187
1162 1390
1046 335
429 1160
843 1185
324 661
319 538
548 387
109 162
371 1293
1025 42
999 111
861 159
133 517
240 493
1009 83
350 1327
1478 226
1096 10
1210 828
797 320
589 1061
1263 387
1264 631
832 781
231 864
279 315
862 702
49 1169
935 431
135 976
376 893
1204 950
471 921
271 1248
840 171
1033 1375
1135 618
921 728
537 1024
687 1483
1369 348
572 831
1379 1209
880 108
553 741
440 636
49 37
1499 453
1002 127
1447 446
454 695
1142 277
45 770
57 1149
1187 908
1361 1376
1184 1071
939 300
946 853
12 1037
1341 831
210 721
448 127
960 1244
1228 938
872 487
788 58
738 311
1084 1351
41 846
1119 1218
287 124
117 120
56 754
853 680
802 362
814 895
250 1103
113 1086
1226 133
1460 539
536 1403
618 228
367 3
1055 564
1096 755
210 1400
575 1044
683 1030
308 1447
922 1018
35 1005
1276 159
203 1416
814 1478
1460 687
1295 948
231 1245
1055 1088
349 1306
1051 245
1155 193
378 1487
673 479
248 28
786 944
1183 171
674 1112
25 554
1127 446
677 527
458 67
1286 355
1487 1384
1276 308
130 243
826 844
1188 177
214 144
925 1152
835 1022
1377 472
456 322
578 1078
476 1372
1333 703
553 1141
112 1397
1139 1367
38 121
1260 411
513 1009
1371 1279
116 1167
1259 1011
205 431
137 560
711 841
1266 669
1384 16
388 631
1453 1275
530 1481
486 1407
475 1155
422 738
738 1249
265 1189
95 588
1466 563
1082 479
679 92
1375 301
1472 703
488 337
564 1490
1132 119
552 424
386 1081
1477 974
393 1367
529 1347
1128 925
940 828
299 1282
112 1311
784 1260
296 1278
817 737
778 698
95 37
1187 1275
159 1236
476 32
1472 1252
956 900
1355 650
1131 1062
883 1334
1000 316
1299 1177
253 22
427 735
447 740
1054 1444
391 538
1311 231
267 1121
639 427
985 166
25 1141
1018 559
882 546
751 525
119 1300
449 93
1331 1385
1027 912
1001 183
1401 1099
279 1116
666 164
206 236
1169 146
892 1469
257 571
1492 422
1166 1198
1477 26
1309 1012
1435 64
548 432
641 648
1087 1284
615 334
1308 1420
422 485
28 481
1110 448
927 1495
360 954
273 1076
1225 659
926 566
74 88
1005 659
1218 1468
1394 39
978 1363
1430 658
1028 1449
419 1073
486 70
1090 52
642 1345
1323 454
508 1412
1263 926
913 162
330 811
1343 663
614 768
288 65
417 273
121 1376
862 1359
1333 936
468 230
431 700
584 1275
955 1152
560 78
985 1182
1448 336
1479 1129
458 648
926 1480
822 34
285 406
691 566
1416 1155
1038 904
1025 1103
983 610
1246 1197
170 1461
570 200
664 1338
1120 414
1172 404
185 125
712 891
1384 1185
13 564
467 547
1403 243
921 1301
545 939
1178 841
40 734
975 1048
1257 541
641 1300
978 1149
459 165
1112 728
274 1390
316 885
1126 1116
47 967
716 362
1453 175
64 190
55 75
552 1011
1199 528
1497 1046
1007 246
728 858
1179 305
346 1386
136 180
1325 374
848 1494
1323 495
159 38
1105 1077
143 1485
891 1277
375 32
111 360
1364 490
680 1465
97 1182
1488 370
1323 956
321 1209
1160 605
1285 522
251 1004
96 1185
966 888
233 535
328 1056
378 254
1059 72
316 391
1403 1411
472 292
740 1363
250 349
830 1124
433 190
745 363
1075 916
316 1142
400 704
1031 1162
796 811
899 797
10 1179
896 1273
1159 135
804 1385
1259 1293
1246 1386
1279 94
16 804
985 485
1341 212
1226 804
793 1256
1078 1441
241 618
1165 269
318 1062
290 1086
215 982
1278 620
213 565
850 1333
1055 409
470 394
1078 435
932 479
1107 703
1483 597
1442 1244
1370 624
133 785
221 8
1461 1158
7 815
13 743
749 120
390 1334
502 1243
482 1211
482 408
771 738
123 1135
727 946
208 1307
119 1475
215 1386
1079 1191
1465 318
1123 1152
843 75
1319 121
940 395
1477 918
1110 953
1413 968
137 1241
1084 52
1044 1263
346 233
1280 950
1312 246
1406 1276
439 1465
828 1329
868 629
204 410
304 1288
379 634
844 251
932 245
478 602
71 1044
743 346
642 1210
2 668
563 442
1219 1361
1411 736
478 1315
681 1031
988 1104
1227 594
1321 4
1348 601
1025 542
461 955
161 1287
770 1033
254 1232
4 843
920 1164
507 787
1194 1471
16 348
842 343
1272 615
707 750
993 922
840 443
198 987
42 45
317 437
1494 541
1357 570
1232 983
303 1448
453 727
863 911
1265 1302
30 1287
273 965
330 1164
1042 366
8 563
573 151
176 664
1106 941
874 706
342 708
1354 1337
1377 464
336 179
1199 1192
387 1331
1110 1134
779 292
774 7
1314 849
1062 1155
983 28
192 564
623 1444
502 237
1272 896
64 130
188 282
570 108
1196 1028
1126 1069
956 493
303 1291
158 1046
1045 167
1287 582
771 920
274 1259
555 850
1193 570
1153 1157
799 748
1304 323
992 971
323 734
1138 1332
435 107
880 1289
1116 208
632 158
948 476
274 1315
871 665
1355 163
72 457
1020 250
1297 1298
1383 227
1141 810
328 1233
801 1489
321 731
736 838
991 1070
1475 1355
1088 609
1476 1430
997 350
710 277
585 124
235 221
932 864
1124 109
823 1286
571 233
855 102
724 233
1488 1282
260 432
215 373
856 1335
65 1172
243 1310
697 1056
1483 369
964 829
582 1267
279 344
98 571
303 348
1472 949
491 1433
1188 1113
795 1008
569 480
633 1293
1073 15
253 879
955 564
95 27
309 561
1173 600
255 1295
1473 1466
464 1126
1034 1131
966 1113
1327 1167
1137 1009
1100 938
56 418
1067 971
861 206
262 454
948 228
958 977
1117 1120
1135 522
1294 188
638 145
1381 944
323 1106
773 247
199 596
1242 160
691 322
1051 136
1007 907
361 386
1009 785
668 1125
202 1061
409 1399
515 209
1498 711
14 458
866 753
678 976
1375 1429
328 802
329 156
1436 793
653 1070
859 1116
1342 222
764 295
293 893
372 918
1474 420
1125 66
751 5
271 1411
663 878
989 488
279 643
698 1378
578 1213
482 1375
1311 933
1019 1065
568 895
654 1417
949 1341
242 105
807 775
15 745
1371 301
1262 1075
666 826
497 820
1215 1311
1 1325
1031 1239
1155 1482
332 499
835 1448
126 462
454 737
158 309
1057 1109
359 934
81 1317
605 138
1114 699
1173 1247
1339 969
203 949
538 1147
139 1023
1037 166
1322 1105
1217 593
29 1124
758 208
185 1117
83 1035
42 310
298 947
358 307
36 43
582 338
127 205
1153 520
1137 554
363 849
867 84
1142 60
500 620
292 188
1202 1358
128 108
1230 1403
278 1500
1320 28
431 1090
491 436
311 1089
550 1420
706 483
909 615
643 443
375 1084
878 403
405 1124
34 279
946 143
697 1382
919 1190
446 188
328 622
945 443
1386 180
1491 525
1007 548
181 192
707 114
621 1366
1226 1230
999 422
1103 378
1287 893
1352 934
523 1051
1246 1077
879 815
242 1483
139 348
986 1268
1324 620
952 1192
1422 1229
1277 310
284 30
50 1275
916 1336
1113 718
554 1185
1236 338
900 1032
150 1158
631 1456
1240 359
57 1439
1149 90
250 675
1444 397
866 761
1373 198
387 1017
192 1215
858 291
988 1237
448 746
925 718
1483 517
942 35
193 50
488 761
125 1040
787 657
659 69
1135 1043
442 1373
58 1242
359 1111
257 1093
556 24
225 521
92 964
194 880
415 856
1067 552
50 1472
379 900
1389 1462
958 1102
888 747
1337 211
1188 1299
496 262
764 902
703 143
486 1482
718 1058
1383 15
575 819
196 859
560 730
316 1202
1384 672
504 433
1126 44
574 271
762 518
294 556
1403 387
1006 407
73 677
993 653
1326 490
1175 970
32 436
981 689
933 165
838 19
23 1182
75 1232
245 779
228 1422
904 1391
877 1248
943 536
802 302
103 779
788 1448
33 1053
1360 439
1376 981
285 1378
7 671
408 1424
1244 612
340 744
506 1150
1183 1484
1411 794
387 535
387 77
196 275
934 518
1189 34
157 1293
101 1216
901 1248
462 223
310 1394
811 1108
498 381
651 968
1006 1385
874 198
790 126
532 1076
481 1177
1443 318
434 1417
1404 1293
317 1100
1281 423
1080 41
1185 1225
709 311
952 687
647 917
242 451
61 624
1079 1040
861 806
125 1255
907 1042
851 378
56 1433
1300 1157
414 236
475 248
136 493
84 549
1177 656
1178 561
346 400
1081 458
925 348
1185 969
597 871
1469 86
759 934
309 271
1181 953
363 1067
524 1204
616 582
311 868
1081 626
1381 960
933 77
1092 644
1300 839
1032 737
836 791
161 142
1251 214
747 613
179 723
953 552
564 1015
71 696
625 415
1349 35
1476 747
461 717
681 909
1472 767
155 961
192 1115
189 434
578 949
597 728
64 402
1187 704
427 172
36 1385
606 1414
375 559
933 1126
256 1177
907 92
421 248
1332 1199
955 37
1122 90
722 1071
624 573
574 850
984 1064
1395 454
114 494
773 910
1328 1375
522 397
1174 145
747 1089
399 1280
557 162
1406 833
552 436
689 206
862 786
1446 705
258 1483
737 1038
249 47
706 1154
863 113
891 246
582 962
1017 313
178 1193
1387 1299
225 315
530 1157
832 584
832 503
1322 112
4 410
104 809
1368 374
1195 1361
1185 680
580 760
918 856
979 433
379 618
1346 445
799 191
925 1259
1121 96
660 47
945 979
204 770
746 197
387 25
1081 1341
540 182
915 617
1084 592
53 443
1191 589
1395 1196
1500 271
622 236
406 969
1127 23
1371 1311
318 1319
974 989
414 1352
998 1172
778 509
262 890
85 1142
430 1014
157 133
253 949
324 613
1376 1357
1489 1319
630 1291
366 390
116 1362
588 1453
475 927
167 714
418 1
42 592
500 850
233 221
580 412
622 1458
709 1309
109 23
271 1402
870 500
694 481
1237 986
420 1447
356 1113
45 1210
5 960
501 1365
788 229
52 1190
380 679
369 281
1277 682
666 587
541 1396
831 880
392 537
812 845
137 677
1047 206
1007 1455
1082 1289
1399 257
1130 732
1271 248
1333 520
999 1143
744 706
423 581
477 740
442 247
365 698
507 383
397 1050
810 1453
1250 1269
1396 306
436 95
628 779
221 982
865 868
1335 441
98 75
22 175
895 985
1115 1003
615 430
630 959
751 117
980 355
1413 1203
627 122
1478 1332
1241 146
1366 465
525 645
1277 1131
228 1373
278 1299
99 1015
514 684
949 912
1410 1137
124 174
655 414
1216 604
1307 1397
631 1146
839 227
923 151
563 1063
1385 779
1081 1016
18 1011
1316 586
239 994
665 1343
442 574
1209 368
1362 1043
116 163
1079 1394
881 123
253 560
215 695
1091 112
1295 601
679 38
291 115
1268 637
153 460
723 1386
1291 118
471 1403
1397 1274
1455 1487
759 120
1120 696
1497 1325
1136 224
199 118
368 728
1438 1237
665 279
435 1130
1125 420
1488 1398
88 1313
737 965
905 392
290 767
901 358
1484 55
1140 537
637 126
887 1325
779 105
1122 1455
1163 642
928 1337
30 810
639 1433
441 285
82 919
817 1237
1070 729
1058 537
1333 639
409 415
1105 1182
1488 524
176 594
1041 1455
1280 391
777 296
972 241
400 1042
319 1109
1340 1445
1223 736
238 666
1445 817
1075 598
1402 885
395 444
1453 1232
464 1233
1463 780
1357 694
857 399
465 603
1332 1389
952 1409
352 30
925 1187
1384 30
623 901
1338 823
363 641
1484 148
51 1256
15 1392
873 283
387 1255
347 666
7 562
173 266
712 1354
797 1241
697 669
525 1086
1036 793
1210 729
557 587
671 1290
301 404
978 1104
915 208
1236 1031
4 481
735 480
317 266
573 152
974 1049
132 1154
1032 1043
1237 346
1219 1109
95 1483
1267 1337
830 83
1413 1293
569 708
791 995
655 1141
1170 278
176 697
869 1184
930 933
236 82
591 134
717 658
169 35
439 1315
406 211
646 993
1357 564
1305 323
762 1275
421 827
198 1235
1424 1447
1289 859
199 81
880 422
76 583
945 1440
565 1202
446 1339
1219 574
652 1295
985 1225
290 1239
1426 193
904 730
155 951
985 932
1128 602
38 714
435 352
72 1195
415 1069
476 705
1044 723
997 1296
328 167
688 384
58 626
92 1406
83 694
419 958
1094 996
802 955
401 992
99 1468
733 732
1431 285
1365 1188
101 262
731 438
203 1414
233 168
209 446
224 869
79 1175
324 443
768 1116
1393 914
770 215
59 658
1195 1416
861 606
828 250
1052 1187
1367 806
607 108
288 710
954 1481
791 918
509 818
1094 876
1443 555
637 1367
458 99
229 1423
392 755
903 1421
1131 1314
650 1031
1262 1265
925 107
742 1233
74 310
1320 1256
171 591
6 1105
1429 474
397 1499
1306 396
668 12
120 44
560 172
1424 794
1179 940
1396 941
442 99
678 1391
314 851
1292 866
414 162
1010 608
1082 317
1148 1216
1007 1233
713 1214
1301 654
793 1052
796 996
461 1353
699 529
1127 287
379 37
1030 332
74 146
1198 1388
277 1091
363 152
1188 298
1208 794
290 1117
90 815
1297 335
638 1052
1477 410
1317 657
523 289
1230 820
35 473
842 16
417 7
329 286
1049 444
771 556
606 758
387 1383
991 887
1480 511
43 681
5 790
712 236
166 815
597 1167
75 179
396 92
290 465
1048 478
1345 475
869 430
307 264
946 667
1206 671
1360 980
85 668
1344 590
1340 1307
1160 972
1298 187
1070 755
1074 335
1415 1076
711 1140
818 6
271 237
963 240
372 1028
1389 634
858 563
291 1052
1125 794
1132 665
319 865
528 8
276 883
660 950
957 307
958 235
221 5
648 328
566 549
1476 671
1228 1311
1212 1030
869 322
973 555
724 793
880 1128
53 445
91 264
511 767
954 816
1225 956
769 678
170 1336
881 735
136 947
1071 660
600 1421
334 416
488 676
726 1452
151 41
225 1488
393 447
387 411
838 764
261 552
1174 693
785 962
296 20
652 809
10 1448
121 827
942 266
1256 900
485 373
398 345
552 1206
182 893
1185 279
794 539
1447 1046
106 98
1098 612
863 763
1097 218
753 1203
960 671
1179 987
783 1163
1238 996
1310 1388
34 596
597 1470
652 1044
13 65
1096 617
1227 513
101 321
87 446
586 882
287 400
295 1036
327 1405
1397 507
363 913
1075 417
1064 449
1237 397
991 1254
530 325
691 711
228 104
871 317
175 1067
13 839
1331 1376
714 717
1251 672
585 664
645 547
1365 442
132 819
930 60
1489 137
598 464
152 351
235 1441
1173 1455
881 99
437 310
1463 870
358 1470
314 1142
670 453
399 1034
187 335
230 1216
1305 91
58 304
1038 887
1442 1043
862 287
950 443
1088 1088
444 396
652 1150
409 469
712 1362
265 483
312 114
723 332
1452 1451
937 300
609 64
1366 199
600 1046
714 45
187 376
354 387
577 701
260 1247
73 169
585 1487
1358 81
982 373
751 1268
191 1253
183 538
508 545
422 258
1031 123
226 1463
2 1300
1451 413
1262 1183
502 1204
1323 771
661 952
849 493
1153 289
880 1122
59 1392
703 774
484 814
429 1339
190 1019
511 287
49 868
1495 596
839 1357
301 795
47 1486
1379 709
897 939
719 799
252 341
1438 298
629 736
940 498
1113 144
903 536
1294 1337
706 135
672 282
75 121
915 1475
1038 233
717 4
518 711
330 744
471 217
1043 46
1191 411
701 1032
498 993
808 1064
919 489
1363 587
683 105
1491 274
221 1404
751 776
1383 110
389 95
377 929
638 924
262 126
1444 317
1418 85
465 97
321 1045
110 947
1158 252
1321 1176
905 976
370 204
48 547
791 505
1193 271
907 469
1164 712
333 935
282 1126
983 1247
1196 931
1498 110
888 1396
1251 783
1169 175
229 658
309 1133
753 702
238 1293
1192 232
1355 1215
302 68
1212 168
499 155
1354 574
1252 471
989 920
472 1365
1401 1155
506 1432
1229 501
461 110
439 587
39 378
629 190
693 1116
144 547
783 906
1027 500
1244 671
1413 994
1134 507
467 864
1146 1116
1177 1123
1066 1010
949 841
720 1274
549 395
923 931
124 684
596 1326
1078 544
1248 538
858 1142
70 340
1459 925
383 488
423 623
688 637
777 963
335 250
1075 571
1467 861
787 725
833 1428
141 895
867 1275
808 141
1458 497
126 674
31 520
881 1072
618 1368
960 1138
436 571
1192 517
1191 453
1234 672
572 744
169 75
72 862
1063 521
638 899
910 783
626 780
463 1407
1204 875
251 693
1 826
1027 660
281 1298
1140 1291
93 361
983 526
335 1229
842 1221
394 614
969 1107
903 875
621 533
544 496
444 215
1316 153
599 625
535 70
782 152
991 715
193 85
429 64
1232 134
307 298
802 773
341 887
1061 957
724 518
1021 1001
221 939
1392 499
1196 603
899 236
735 132
671 1315
429 1169
1337 896
540 1200
958 732
514 465
690 1272
1050 487
1086 1456
519 1375
1486 455
1043 182
746 546
1297 267
1139 252
481 398
1446 1297
724 898
562 917
1396 1390
810 554
572 1210
1289 850
182 101
999 513
484 91
1389 1044
545 620
1161 963
426 1423
632 326
171 337
1253 322
1437 904
625 469
1434 1351
466 1480
106 891
773 1001
909 1419
249 174
341 513
49 1065
1233 1057
914 262
994 439
823 438
149 814
636 482
1369 102
1345 935
1430 478
287 961
66 1387
672 740
41 621
1247 1377
341 57
947 298
906 1396
189 725
930 554
821 1192
249 1156
603 621
522 1043
343 437
373 1331
1242 468
864 414
515 478
1390 783
482 527
1377 1162
254 1460
837 1213
1158 606
567 997
67 852
52 1406
1448 494
1134 472
253 478
340 142
1035 871
715 167
482 980
570 1478
592 590
1087 540
951 1285
1234 133
74 1321
860 955
489 44
916 271
1478 132
467 121
229 1228
1487 461
1150 845
1311 302
1019 1260
267 165
1010 1277
1421 275
157 86
892 540
640 36
154 258
11 118
718 631
421 209
31 14
1251 671
1074 1040
739 750
396 752
1131 792
562 879
906 375
914 34
343 1395
339 1241
740 585
94 90
1096 599
1389 140
518 1152
1207 170
759 1061
148 100
951 872
642 1204
1478 1223
657 136
856 1104
790 1205
766 1260
979 1348
19 1120
674 332
827 442
313 543
801 627
270 434
146 677
94 274
808 73
1455 230
25 1300
13 604
1360 284
1079 1410
229 1153
156 1232
1372 933
363 545
371 181
576 283
705 851
1270 160
917 704
1281 62
758 32
466 307
39 881
1274 99
1264 1167
521 1435
407 153
225 294
43 656
190 868
146 1485
107 375
346 1009
629 244
787 921
345 472
227 104
1189 1331
987 1001
167 923
133 518
1055 211
473 336
907 1466
637 27
642 246
1365 1475
539 899
698 486
19 689
45 199
1483 1334
509 474
1491 1282
828 841
331 1463
222 1255
237 29
1307 1355
1498 851
292 1344
952 220
171 1103
1338 307
349 1278
180 1278
1438 1292
174 626
678 1343
617 193
943 1444
1484 366
1234 1057
780 9
825 1383
735 1142
471 627
165 1321
917 379
1365 686
194 938
910 442
800 1
1026 1391
661 1416
777 478
981 201
474 1273
467 1140
511 51
1374 119
576 851
12 461
861 824
1463 976
1292 120
656 855
982 522
984 68
857 255
1353 929
1348 1072
1205 1322
985 1312
799 230
482 80
207 1024
697 892
198 1337
507 401
128 923
1392 707
1075 1401
316 1415
1076 1038
1235 429
229 807
856 964
332 1276
674 1265
538 1472
663 777
794 912
1332 596
875 1219
511 340
489 1456
1176 792
918 1089
954 1283
137 854
586 697
43 455
547 1425
1203 78
1263 586
44 824
109 894
703 726
1342 974
479 327
580 900
1059 56
542 1415
525 1447
907 497
1295 418
1328 32
687 989
1168 235
620 1375
188 699
695 1308
1006 889
1345 1039
1066 474
329 1473
1330 634
385 650
1405 1000
111 944
867 885
1367 785
1483 350
1471 694
417 1172
1035 688
1334 607
615 47
983 1176
1154 1104
1280 1499
10 1096
761 374
1055 1353
1162 563
1201 918
1411 14
610 46
1406 971
3 1008
782 144
1316 857
193 25
817 1078
1404 392
1259 11
1482 443
1011 1453
850 531
119 1455
1040 1395
999 436
676 1306
924 1104
46 709
1013 535
327 203
648 677
1301 67
1390 1166
591 807
1092 863
236 329
151 153
822 357
529 1417
62 1452
1388 757
1106 616
338 992
1336 701
143 463
297 1077
1394 585
1192 982
711 342
993 141
1115 193
714 985
1357 415
1413 581
761 248
32 1219
1322 81
155 306
71 883
729 478
464 169
1362 442
1299 973
1435 664
1176 1325
1165 443
342 1047
1358 1233
134 1005
82 439
1352 894
1031 133
1496 876
647 177
631 227
540 179
389 409
650 1050
687 713
980 331
68 950
420 418
385 1198
687 1372
601 553
1308 341
457 1098
908 365
1359 77
793 204
289 981
903 898
965 492
818 158
45 1305
336 1154
996 1257
727 328
709 1171
906 1417
201 772
820 119
884 381
846 1228
209 184
749 1251
1451 130
161 1353
484 1425
226 988
32 1338
1380 111
796 438
85 704
981 65
791 1336
564 152
1152 16
376 451
1022 1392
1241 796
1067 1073
1426 609
942 424
738 650
342 452
752 414
1064 1224
528 170
244 1346
1320 1074
1126 1376
425 299
1194 18
612 512
1033 413
1310 184
702 74
815 1332
1397 623
916 1185
1461 714
1329 1092
853 262
38 166
1347 488
890 854
504 511
1022 590
1376 950
1240 627
724 963
20 335
743 878
181 529
1281 471
1114 563
1013 1248
1112 498
37 1065
856 1406
603 881
1134 740
250 1400
528 967
351 744
475 684
1242 1453
663 648
1368 1264
1486 1491
562 1211
340 1386
1099 253
722 1287
655 1462
551 50
1039 73
1397 481
284 862
1265 1082
774 1270
589 1111
1487 350
526 516
136 77
1467 347
418 1031
1104 1240
771 1220
700 242
50 485
1096 74
1390 477
204 1434
482 558
470 1069
3 208
1259 845
942 1181
625 1216
181 1134
216 830
33 1146
582 88
520 1379
398 533
680 214
145 1483
1047 828
462 484
1030 1313
1121 663
7 1320
1473 833
1402 983
1487 466
727 1147
859 1457
1417 1139
1044 73
857 648
581 131
1061 135
693 1353
387 1484
995 1476
52 951
763 1068
724 292
1072 414
393 732
636 528
768 728
575 4
1272 1036
644 482
850 393
894 729
1098 318
1261 107
689 1459
382 1133
786 59
134 140
651 733
650 798
1496 882
1296 1451
617 613
839 555
144 657
598 109
990 387
1149 1415
517 894
930 984
143 676
220 681
495 744
1457 1071
318 533
168 1326
1258 819
983 1358
1074 854
873 919
583 144
1013 910
243 1100
1416 751
1384 168
1166 1409
508 1407
914 472
784 846
925 947
766 1262
158 966
1192 595
457 1289
442 1340
117 18
246 955
734 555
951 104
293 93
975 1112
966 649
636 154
1033 1363
625 42
1308 732
174 801
1268 384
122 24
1487 1150
441 1477
1338 410
897 1174
1270 725
880 957
972 248
262 803
404 92
689 18
1400 304
1137 124
518 5
886 124
379 681
364 617
714 1335
348 130
619 1125
759 594
79 35
568 1399
739 1020
725 288
699 873
938 343
122 89
191 214
866 116
392 1049
639 1204
1137 155
1096 1472
23 518
1345 472
290 384
1012 1325
65 1080
655 433
218 341
595 917
977 1113
663 1283
743 953
908 960
335 1409
997 1125
1199 409
293 539
960 1310
1269 1079
194 1108
1417 374
853 1336
365 1387
966 1310
1493 184
466 522
993 865
891 1328
447 501
776 271
1336 1275
773 1418
788 808
888 924
85 353
879 540
845 760
1015 1049
1430 981
1409 1285
936 472
279 1290
332 245
950 4
431 590
1037 478
976 1430
347 1074
496 238
420 630
735 75
367 567
624 462
8 506
605 1432
936 262
137 631
37 963
106 660
371 1173
638 1057
1007 1192
753 1389
1451 72
1245 317
9 1047
472 1294
1205 883
1495 1000
138 362
914 495
1166 1374
1140 897
236 606
666 1454
364 139
161 1421
938 370
1309 1108
470 366
214 970
745 174
1411 399
154 1243
208 1328
1177 1467
1213 1342
884 698
1077 783
1313 530
1224 994
1212 186
115 645
674 340
453 304
345 774
947 376
1476 1300
455 73
725 45
567 758
952 583
943 478
740 944
1171 691
211 578
580 418
258 1300
554 741
38 807
176 90
1348 823
947 308
751 1183
618 1193
196 5
407 283
282 13
1312 1191
707 1005
1055 756
106 790
593 1422
1136 826
681 547
474 204
726 1110
1149 1029
253 84
764 951
1401 974
1218 1136
1292 1111
396 734
653 1232
39 240
368 1432
44 1187
212 595
438 490
413 915
1360 1299
835 529
1114 612
693 965
790 1297
581 227
1307 1264
610 1156
1069 169
1178 828
770 688
74 782
191 681
599 1061
1487 569
348 1135
810 1028
997 954
186 833
1364 512
895 408
1404 174
1143 8
1259 216
708 83
1454 1025
886 488
89 877
817 518
3 1030
584 1212
861 1470
78 765
1279 465
320 1228
173 185
637 840
1449 1366
197 369
956 258
1159 349
1227 1343
1442 1337
726 896
967 29
1218 639
602 802
918 1416
565 820
942 113
476 315
810 591
218 675
67 1136
914 316
115 846
651 179
490 1409
1112 84
1433 525
771 1289
1175 811
1395 96
1497 1079
889 803
344 250
55 1056
1136 1266
1130 123
506 1131
974 1470
318 457
1129 837
546 1392
1431 90
962 1346
259 1003
301 1203
243 1368
996 1042
670 1127
657 1154
107 578
638 723
705 745
646 1252
973 47
111 1336
1379 1144
518 803
673 19
424 1300
1215 74
1469 225
1469 1247
580 716
663 1159
611 144
651 1167
592 361
1353 379
1356 592
1001 363
433 1192
911 1387
666 221
1418 458
321 486
269 1202
603 496
131 509
820 1055
1297 1447
280 75
1266 63
981 1196
1250 656
1413 73
337 1359
1266 301
194 1158
1031 20
1489 171
22 251
208 753
736 847
909 1406
1036 34
1353 1251
1082 169
30 327
1335 104
392 802
411 1153
539 1110
534 1144
938 1257
190 5
224 261
873 461
622 1305
624 1245
646 678
1460 570
1479 1123
867 327
856 315
1269 435
773 47
1310 1140
434 702
1062 282
1295 124
1242 66
405 1125
935 91
874 156
255 670
64 1067
742 191
322 621
1027 15
741 373
856 229
352 1092
58 239
1269 1442
469 267
464 510
1414 1289
1004 477
917 1174
52 637
703 89
519 1040
1080 1477
850 1217
814 314
1453 751
1218 34
202 360
1359 534
1286 200
1302 890
935 270
1214 1215
1182 265
88 11
21 1188
1034 581
598 67
170 1491
920 148
849 27
1382 1378
1382 868
620 695
758 1087
1001 898
1004 312
664 469
991 1496
589 580
1288 1233
1412 170
278 1282
10 404
563 436
1469 706
1049 248
397 765
62 718
787 265
179 842
1279 323
1024 1204
353 831
1352 1496
780 1378
1123 880
1267 683
256 617
250 1149
174 579
909 1166
148 275
799 1373
122 134
1182 1127
1120 11
1357 1370
1163 855
328 955
1097 533
660 138
1345 925
78 612
1037 1357
1071 1428
205 776
657 573
694 1464
1458 498
1253 212
1168 950
873 780
614 4
433 318
108 69
689 338
1048 917
1082 590
608 1300
14 1003
121 899
479 757
1180 1218
706 402
656 1143
1125 614
1190 1353
702 651
1108 401
118 1329
346 1373
1227 260
645 1324
903 843
1420 484
803 246
775 91
945 673
652 969
858 1399
109 678
848 1056
136 1230
977 795
378 1057
516 1249
1500 1380
910 728
115 630
767 935
842 1033
19 956
558 45
1045 736
457 315
701 732
791 495
667 473
1419 175
159 660
691 206
998 1485
1063 682
360 1045
606 1248
366 91
314 1493
1090 49
1037 1454
525 1287
209 1384
1135 1079
1346 1396
1423 327
1489 85
665 728
136 999
1385 1321
647 627
1377 1447
1457 872
660 91
1165 305
425 176
1449 1123
1414 398
208 1045
1116 158
866 858
1435 1388
266 460
1099 1403
103 79
1312 841
557 296
163 487
1078 83
915 1480
186 155
433 741
1279 106
104 31
918 143
339 746
79 269
69 410
821 1311
2 493
394 505
1104 141
1174 1002
1265 186
117 1032
1221 1334
12 424
570 1374
1436 841
1487 1494
728 983
93 802
869 490
277 814
662 729
369 330
1493 918
383 706
271 250
1042 972
901 1134
1334 1400
223 572
851 1038
954 1500
1099 1320
759 1392
1349 1251
529 20
1274 1043
888 560
1477 249
757 981
167 332
451 1086
1197 1361
124 807
234 1449
1118 1459
922 867
1135 1123
476 67
393 1000
1333 931
416 1019
219 697
799 109
819 490
416 65
339 1422
505 505
581 985
324 773
1113 956
1357 634
91 931
1467 1496
893 297
41 261
293 1143
1034 525
590 320
1325 409
333 985
1076 1167
1133 1454
735 131
468 1476
1133 726
960 275
1159 1334
544 48
1252 542
567 892
260 655
443 1129
1043 52
993 1148
337 62
797 1121
1031 588
1024 793
1101 1057
1128 1234
1460 594
764 1246
706 995
1072 402
588 1095
125 1434
929 721
1145 180
31 717
149 96
1031 693
292 1441
1404 1237
397 1239
1225 274
1294 537
16 847
292 47
759 997
255 413
935 167
1316 1184
839 900
280 286
290 1386
1066 488
3 1494
133 50
530 1212
996 918
804 965
473 1255
731 545
1044 646
10 620
1107 211
1371 1198
20 578
1307 691
353 25
1279 1000
581 39
1282 759
714 1250
992 1197
578 217
1091 176
1406 896
834 1110
222 1299
1181 948
206 306
292 240
678 1146
40 601
1096 20
677 28
1366 963
1183 1258
97 1238
99 155
918 1243
1469 1001
1164 1380
608 774
993 799
912 1496
1073 253
71 149
1253 148
451 546
658 882
584 739
423 1200
252 365
1255 34
593 300
662 308
757 953
315 1366
892 1389
77 279
408 769
1500 574
744 923
1279 1354
1301 28
779 327
246 969
1110 684
897 45
1362 1423
1138 826
245 805
51 603
971 52
1445 650
607 1268
825 1477
229 1260
215 1334
1032 6
1149 1071
131 193
520 2
1470 1394
821 857
925 240
685 338
864 1023
1274 198
619 1033
176 272
142 266
1350 613
309 1292
1103 1475
1067 817
106 762
460 804
1315 994
639 302
1050 267
1174 1283
1252 419
124 656
620 1122
1251 577
1331 6
371 550
487 251
646 827
1240 1004
395 185
931 269
307 864
518 1177
507 462
726 1
399 50
185 314
434 474
107 213
79 1155
1201 1333
219 1315
1114 23
1452 109
426 1158
1275 222
765 1049
577 300
1083 496
1359 1038
941 1371
1340 695
1428 225
1110 1422
693 82
345 1365
427 700
1171 888
1059 1207
928 298
323 793
860 660
249 38
231 542
1237 1293
948 1360
541 831
1182 55
1461 651
833 1442
1404 1378
422 756
1418 677
787 743
868 729
1159 832
1021 1410
1341 295
268 425
968 798
1078 779
366 1120
1159 1298
47 891
764 132
314 591
287 300
474 188
252 458
1047 692
985 258
54 1437
308 828
318 1336
446 538
462 1203
96 735
858 236
1427 343
416 1009
252 463
1262 397
1050 2
887 1001
489 1492
796 800
1088 414
578 485
1140 6
1464 1153
538 822
31 1397
492 1122
661 294
1162 790
596 989
375 173
1454 1227
835 1463
731 344
1249 1352
477 435
1269 1048
1460 1445
339 1373
1367 1026
1253 95
199 475
357 589
1032 1060
1010 386
1292 800
1344 944
283 1142
744 758
66 1364
75 458
298 1453
1238 1290
501 465
686 479
1491 165
693 308
469 462
69 1356
896 194
380 1391
1431 663
927 592
894 222
724 1363
1039 791
1273 949
739 1312
881 832
368 455
1232 1075
728 322
1240 867
971 292
1272 283
286 980
275 496
1259 1364
565 634
219 645
924 842
903 308
1110 1464
255 747
1058 850
496 259
871 223
1145 381
1269 27
185 341
1147 398
1125 640
173 1136
489 424
1228 718
1144 365
1003 642
25 227
658 998
489 141
1014 592
136 291
1237 887
1150 208
261 1140
488 1283
1125 226
443 1180
1298 1371
998 475
237 1260
399 622
385 111
143 437
1017 162
1297 1169
310 488
1372 261
1106 65
844 1213
472 699
1468 746
282 590
852 212
1225 665
808 37
1352 288
233 1126
181 510
1470 1050
1335 1336
133 960
207 53
603 807
1470 1211
1441 594
607 1285
824 707
218 1355
236 663
1359 442
624 710
77 177
691 1393
131 1446
244 810
1495 818
258 501
392 1418
1472 1178
1334 243
920 68
1197 1367
1404 506
705 1175
648 189
1183 155
289 1381
666 1005
51 214
745 98
9 776
517 1468
615 796
209 630
812 902
101 467
77 1472
632 836
480 1426
782 154
199 1070
458 1162
1043 1425
485 466
1221 284
466 82
1020 753
1365 156
1283 1127
536 415
687 495
109 821
1289 944
414 1356
93 100
1484 1434
658 948
795 675
1477 236
490 503
508 1258
223 925
838 1362
1211 1432
124 988
1465 1075
995 554
1066 702
635 1174
1089 57
693 869
474 1085
430 768
477 994
1073 1071
800 687
404 137
1141 1359
1264 429
1399 816
1179 1108
709 1240
1126 1459
620 93
268 618
519 310
1105 689
644 1479
692 65
1141 661
1420 1127
25 1075
750 335
726 1093
518 137
596 28
518 820
578 1423
676 364
414 1444
1359 371
1190 1408
1478 783
853 852
164 487
553 179
681 1300
1272 228
844 1485
278 499
290 533
798 78
83 443
598 466
1284 635
550 1452
678 939
1499 631
134 1327
572 402
499 43
25 485
1470 185
1305 885
554 388
122 1298
879 687
716 1472
779 816
1024 298
145 809
193 1170
1445 86
1236 1018
146 382
828 198
374 348
591 148
324 394
1004 726
1335 778
8 775
615 121
98 1465
1147 1144
878 140
1085 133
1080 120
138 804
1224 537
1456 935
258 662
713 886
1155 419
695 1379
888 1219
786 549
1204 592
991 217
442 1127
1059 621
699 1350
665 867
1384 642
1315 620
1260 490
954 1422
1010 818
398 1402
875 1430
648 115
814 1151
1166 513
19 1043
453 412
263 170
901 1150
385 1413
260 20
816 762
1299 1073
815 1110
48 455
779 666
1461 262
500 1373
889 302
803 1379
1158 1372
645 1042
1241 1016
249 741
294 357
932 886
1386 493
561 443
88 1159
35 780
380 392
747 1185
447 1001
263 893
1384 272
561 87
259 688
703 16
821 827
168 74
1224 789
368 948
417 881
1499 376
989 89
1184 811
255 570
1267 132
1248 117
916 393
845 58
823 1101
57 1111
761 1129
358 1426
886 1116
576 175
1000 1058
449 1306
658 721
69 349
822 26
239 688
808 1204
225 722
1282 1219
865 1413
207 206
416 3
1368 1321
883 432
575 410
1235 490
203 17
201 321
642 835
1278 164
1279 554
697 841
1187 107
189 35
13 1139
1459 128
731 1168
316 956
1436 318
25 146
302 375
1487 1117
900 605
1274 686
290 479
192 1320
813 1051
1234 844
1386 1190
253 670
1092 1357
1341 511
1117 298
560 1398
196 1118
1189 676
43 1252
663 210
870 809
1106 1002
394 359
890 1414
719 1159
136 1430
52 8
1189 1011
1474 1224
274 41
515 872
119 495
462 568
74 709
406 739
491 1246
645 346
209 89
420 487
676 541
1162 59
1088 515
572 651
329 459
333 610
471 747
1417 434
23 839
248 246
278 300
464 544
665 485
1386 443
1019 1484
1456 1261
1278 285
709 1142
226 1356
1370 1313
1300 533
1059 1243
143 807
884 314
868 1268
774 1358
386 1185
830 75
1252 475
694 866
71 276
69 1160
1132 899
485 759
341 813
331 1439
434 1148
928 612
1483 1129
230 909
842 662
165 447
1079 1092
594 414
506 709
588 94
961 616
804 407
1494 288
50 730
1343 1227
703 1162
542 1074
880 75
669 1283
453 1165
39 1042
911 771
841 1390
370 272
1190 421
1498 1028
485 280
734 592
760 899
1335 806
300 1076
50 214
469 666
1229 165
1409 509
96 116
1127 830
433 1054
144 823
535 737
1167 836
92 733
366 1402
1321 280
1489 1468
604 864
1314 911
1096 1427
304 411
504 531
437 442
467 357
296 213
1284 1432
547 1084
383 969
1427 1165
146 848
345 666
948 1051
266 1272
1369 1403
491 1251
1480 1425
1099 1243
984 1215
1230 1194
971 511
254 426
648 786
531 1082
490 586
1122 87
547 691
839 1086
729 486
754 55
1164 1084
118 824
747 401
90 1403
223 1473
1358 461
453 669
329 900
1005 473
664 865
1195 706
1467 319
241 424
347 805
1408 1164
758 351
1264 1465
1414 1299
261 487
40 3
697 1405
1225 464
881 1338
576 925
837 1175
961 270
564 668
403 51
113 1093
45 1266
1034 380
1325 346
914 153
814 1366
1168 1383
1034 1177
1240 1397
1335 1326
640 1353
1225 864
601 1249
1172 1170
721 250
414 289
985 1207
1389 810
1336 545
579 385
534 458
763 1205
66 1261
173 181
754 910
440 61
926 1152
730 1403
409 440
1401 488
454 943
923 210
1133 882
18 1138
320 476
784 218
1203 829
751 1222
83 1407
403 890
167 1001
624 1417
198 320
1446 617
484 1291
1012 284
451 998
1100 1497
292 1206
739 466
351 302
733 1345
1117 1328
676 1494
1047 1176
802 1175
469 1040
1193 401
1178 901
274 1309
713 17
695 415
1405 864
627 415
376 1303
796 313
1454 978
1191 869
995 549
838 256
858 1224
197 76
780 965
831 907
374 464
1066 1468
1280 245
1086 1349
824 1291
1078 1141
425 1231
574 363
1204 1389
718 1002
312 776
679 249
764 419
742 1481
658 781
67 166
400 935
618 115
784 195
515 341
581 1248
1452 51
654 1057
498 1025
439 29
1227 109
993 891
700 149
718 93
1114 665
902 657
1233 744
1418 183
1005 1483
253 1176
1319 370
1299 1458
781 1171
882 341
1458 862
1054 39
610 169
97 1223
1412 576
357 620
354 247
424 1012
460 1448
116 1451
599 709
182 884
49 1383
1085 1355
1419 204
112 1239
244 118
579 186
1011 827
794 660
901 306
141 932
833 703
1364 118
1340 1323
384 1114
536 195
552 1093
451 357
897 1167
774 867
200 806
689 779
1319 917
265 1246
683 366
894 641
1441 457
649 1370
1430 1049
1043 1063
775 377
215 167
1318 1189
441 1461
1340 1122
77 34
581 739
1286 892
689 224
1079 1095
946 823
394 1251
637 687
1258 1076
552 729
934 1366
169 1014
468 374
827 951
1195 419
143 1328
707 899
1227 1483
158 1372
758 700
1311 1276
802 134
455 329
597 1258
1287 82
729 1500
406 80
281 437
119 525
190 1114
1046 380
1162 419
1210 1208
1463 421
271 927
1314 2
1297 424
637 256
893 580
890 1219
258 1022
68 1307
424 1008
1286 734
661 481
1369 959
1175 1427
1092 12
1344 1497
118 218
101 411
477 779
870 1489
631 1369
1004 31
767 117
909 1322
1101 348
515 663
16 765
336 1245
407 637
260 711
67 1329
1098 163
780 1300
1042 1201
649 1375
171 1281
812 462
90 862
1400 1395
932 802
250 727
572 100
355 1009
680 1495
1102 574
430 1459
35 1030
506 763
1228 1171
1065 1318
1140 390
1434 1091
735 1300
1446 990
99 64
1072 395
1168 706
113 561
1276 787
1316 422
462 70
991 114
43 809
1002 301
1312 1087
330 957
61 574
254 1390
1039 308
828 399
157 1474
1154 323
401 1259
480 214
923 869
525 113
602 1257
708 7
501 304
601 132
219 1040
180 1032
1098 154
414 604
783 213
1409 720
689 1483
1247 879
896 809
317 803
381 262
369 1417
66 292
27 202
351 1495
1201 571
593 75
842 133
1164 1089
1258 439
1477 637
1243 445
1107 810
41 1053
598 346
871 264
992 979
1078 209
1035 772
548 1000
656 1143
974 447
180 445
823 1412
719 122
1368 129
499 84
533 227
325 658
1216 151
867 1320
995 232
435 804
1124 456
209 1239
466 995
189 30
201 989
113 315
1006 259
277 989
1074 424
495 20
443 972
1236 1249
244 539
1044 124
632 42
516 1095
339 786
41 578
892 726
1460 1211
105 384
149 1022
223 839
1110 560
30 34
294 1134
414 1411
559 925
767 873
867 1168
19 1486
1405 1187
1255 1148
85 1489
744 694
1165 578
549 966
968 1158
396 835
1417 440
1334 713
688 202
1003 785
264 1367
691 152
1172 589
913 495
1296 586
1387 466
605 972
1054 403
83 479
508 1450
156 37
998 400
876 455
1224 533
746 933
1289 581
1122 700
320 957
1051 216
871 956
913 43
397 921
968 954
226 592
318 195
125 1300
337 716
1409 205
633 191
1382 1356
1014 146
990 795
630 130
406 1322
980 501
822 499
803 1262
220 272
786 1409
295 288
734 340
144 253
1471 1172
1020 1262
1295 590
622 368
457 1412
179 1402
629 1248
67 143
576 108
112 290
882 1077
1396 1356
337 599
58 523
65 1465
1155 1262
1150 640
485 965
563 281
1494 1229
335 577
224 618
1487 398
52 1307
764 749
1084 496
1148 323
1166 344
401 371
1485 1154
1370 1400
1118 151
945 563
1168 1142
849 1003
1351 1309
883 981
197 1296
363 1493
1012 1056
51 594
1394 472
900 808
1176 437
47 746
220 1333
83 1288
54 930
1260 459
72 307
239 901
877 799
1445 1407
1381 593
983 137
1229 604
562 261
1322 1162
280 1007
999 1500
1237 1357
650 1150
1085 1500
34 1060
146 341
1359 924
414 913
1484 166
338 1254
1455 1260
338 133
818 1436
958 534
479 390
1330 1174
100 85
138 1065
1111 1182
1487 1190
1085 596
775 1037
230 894
80 645
929 286
1497 614
107 1382
58 299
152 651
395 366
459 865
975 520
1269 994
713 579
745 1452
643 155
804 137
48 587
609 182
357 21
792 1052
226 1442
322 844
841 931
1296 935
328 997
781 1086
26 953
612 1043
659 483
1212 1327
472 1112
1492 646
1379 228
210 1227
395 1212
668 663
1212 1210
847 1359
709 150
1265 815
975 195
1479 384
820 586
20 687
969 1181
475 113
448 601
1383 149
271 117
814 742
781 1368
484 1223
298 258
1209 668
113 738
139 1305
734 1394
839 130
1468 229
1067 1238
1237 1289
714 352
424 1020
1054 1046
1371 1466
201 1041
1081 213
1234 1081
1038 375
1153 1313
249 591
623 9
1133 703
920 398
1248 1133
601 1023
1153 971
1472 681
653 802
1037 149
901 487
241 529
1206 1291
1487 628
585 349
410 19
1024 148
767 217
1408 50
729 168
300 752
188 611
79 22
82 330
343 136
305 370
680 710
314 711
254 1095
575 319
1085 405
1264 941
67 144
1340 509
1171 217
423 292
1377 978
1221 572
340 554
811 721
23 120
754 519
17 221
1413 71
1126 1154
862 1361
15 773
1046 358
410 1051
1279 1363
716 261
40 579
789 578
184 21
1287 731
622 631
613 377
116 4
850 723
498 1359
873 630
1392 683
371 501
902 164
814 1439
1201 1110
633 474
205 1243
491 1481
1416 794
953 703
805 1268
315 811
1472 1497
906 1190
686 789
1330 29
1218 1407
1388 404
174 615
262 118
987 283
456 1233
595 966
772 1308
7 1045
668 727
854 1034
1411 1259
277 439
625 896
46 1096
997 355
608 1076
999 594
765 1105
38 901
32 940
1389 247
832 706
684 781
1202 847
604 833
1053 893
1016 1141
752 202
431 259
526 496
1390 655
810 552
451 492
630 853
246 531
1421 725
1153 1312
224 1200
648 13
754 775
854 339
1280 109
511 566
581 1072
710 1493
813 824
1302 518
392 1337
1255 1119
629 286
1200 349
782 1206
35 653
936 196
777 177
1169 156
741 148
784 922
49 437
381 618
657 463
451 763
701 1397
1497 1425
1334 1188
1261 650
718 708
274 820
134 785
1353 303
199 725
595 314
1381 1405
1065 632
540 809
941 1143
1005 805
1170 844
553 1176
787 812
1037 986
937 616
111 670
629 739
62 1004
958 543
1351 1340
101 274
30 1407
915 83
1243 1281
653 670
986 1195
786 63
1341 1462
523 576
988 1123
839 1189
1350 762
744 658
1157 1062
1488 242
961 558
836 793
14 963
207 400
294 248
1177 1209
328 1001
854 143
1142 930
430 943
1421 472
1111 525
182 1321
131 241
592 1260
563 1350
99 570
1216 201
1128 593
252 677
1417 1346
363 741
48 1108
434 670
1359 64
1074 1353
1152 1281
698 1086
870 504
894 1376
1428 713
1217 202
698 88
605 1432
1201 1220
25 1466
1069 230
378 859
182 222
1257 715
629 1037
365 741
361 910
1322 773
230 1275
484 950
1375 1018
895 45
822 251
284 1458
607 1094
1145 326
741 1217
1346 1029
1330 677
1286 818
748 273
284 562
520 949
831 308
696 667
1438 853
613 36
366 911
243 653
683 929
251 735
336 162
102 366
850 1231
193 553
1207 447
425 1103
721 144
1479 1406
782 1199
1211 693
1051 884
1096 288
1021 329
863 667
619 544
620 344
135 18
865 1067
1236 811
944 330
727 313
1398 600
84 398
342 760
652 1305
1500 580
693 974
317 741
249 961
975 105
1100 865
657 91
134 1310
1299 498
1130 1475
996 918
978 673
970 778
728 836
742 646
899 631
122 1205
996 269
1363 470
596 367
1342 1312
88 747
405 658
387 29
958 1289
582 1410
365 965
537 163
1209 890
1066 118
706 804
582 661
441 544
933 1286
87 437
191 1308
197 882
305 1349
318 631
927 196
981 509
683 201
1128 755
508 198
928 841
68 1402
1242 27
1098 496
412 634
1258 1305
1205 419
726 1007
635 754
861 863
416 110
551 1421
102 1444
1425 347
1235 201
123 184
1077 220
1277 744
568 641
1101 443
325 542
540 705
336 416
818 904
1045 374
1364 94
952 1188
1464 1135
963 897
942 124
457 716
565 1461
196 1262
958 742
966 414
1158 586
1144 1397
602 17
1476 576
572 1144
705 1305
891 974
490 1255
857 285
949 541
234 951
950 211
170 11
1318 1321
97 709
515 587
802 16
736 744
349 1041
1309 232
341 545
604 355
119 668
1070 1384
83 241
870 1084
463 1193
864 900
670 1023
435 779
1428 1123
532 1450
13 413
669 304
357 80
1229 11
1221 875
950 527
503 471
1039 485
651 246
1164 76
311 966
1070 628
795 619
371 274
957 715
312 1422
1040 506
750 761
1121 289
1353 603
1337 1485
573 1245
1200 57
240 490
92 1167
416 901
1096 1428
1349 1192
200 1
984 752
1074 1435
927 732
352 1185
507 314
246 632
924 1450
789 631
1197 980
878 1450
1381 12
268 1039
835 952
346 55
1431 228
35 997
692 435
291 913
567 1103
824 1065
1275 314
659 1110
293 829
925 4
632 1349
1128 74
301 841
1389 97
1492 500
1262 703
463 1163
976 1184
1456 488
882 1349
228 427
845 222
462 1020
606 795
848 583
344 1312
895 557
20 1188
1333 827
1309 412
315 66
541 183
852 1303
1015 345
247 422
1028 290
1179 897
1154 346
53 902
167 583
103 1243
459 63
1160 138
369 1219
824 797
92 1336
266 1070
726 527
1248 664
504 1220
1269 1146
1121 468
645 584
75 723
363 613
1498 1320
544 886
1491 1144
808 1414
102 665
484 1432
1298 1058
864 443
1205 287
1309 383
402 639
674 725
183 1056
397 667
587 408
918 387
870 1238
248 762
420 60
1440 295
761 751
403 179
1016 1325
1186 1057
1367 934
1438 911
282 1420
1423 1463
1054 218
698 1251
785 1070
173 288
1225 570
1257 1216
778 5
201 1021
493 128
1465 272
876 1207
1321 145
371 230
129 1088
1450 1364
435 53
1201 47
889 1390
1020 629
1467 146
107 972
98 65
1390 679
445 513
1322 1438
739 778
163 636
84 613
798 645
1222 435
278 134
1052 665
948 418
992 76
868 68
1436 775
1422 633
496 1397
751 1359
1426 431
322 1067
912 685
1346 1234
1350 701
1128 21
666 181
186 156
468 1425
1302 285
244 614
959 1201
575 1081
1110 1368
391 491
1149 1246
720 690
79 307
285 1421
935 598
592 1363
1208 1048
410 254
255 1149
1178 141
81 281
307 1120
63 1356
1251 303
132 542
1128 1016
1171 1103
521 444
1193 703
512 1363
490 1321
290 527
1016 925
1422 531
546 764
675 194
898 573
318 357
1031 481
325 114
1191 472
962 533
734 210
1347 179
257 913
900 1411
1172 860
247 979
827 324
687 406
230 1237
783 207
538 670
1303 335
1459 1076
1041 741
661 161
804 384
1490 1349
1105 1353
520 1090
433 1049
341 1490
654 248
833 157
718 1238
29 857
306 1003
1389 1291
885 513
383 947
682 515
498 272
716 706
388 87
648 1352
872 1414
1481 122
993 482
1123 32
548 565
1442 495
1431 101
531 172
490 1165
217 173
1103 749
852 778
125 1189
42 781
1371 1326
901 94
562 1389
360 1300
653 116
1138 247
623 353
1235 739
675 740
1184 975
521 1176
135 71
115 1025
439 1271
464 450
593 468
1103 368
128 489
45 993
1376 1445
773 1401
306 1069
291 799
75 983
1267 544
438 528
746 1080
1307 247
1023 1452
621 1189
803 1171
507 228
1228 64
1348 1058
291 1166
598 373
1022 12
517 28
377 1347
324 1254
1217 1266
1365 1069
178 571
891 744
1488 943
374 377
116 697
915 627
1426 421
35 69
1269 37
876 797
1094 1322
504 900
363 1410
472 776
1500 1153
79 178
727 1308
982 269
1201 226
884 1089
1154 838
22 593
1434 1311
497 1050
1395 1486
473 446
1385 934
1061 1028
151 784
665 688
654 1005
601 1411
240 1309
446 1218
517 498
1042 336
122 522
254 1397
221 550
838 1066
474 543
775 597
390 385
29 1079
17 549
1381 121
824 938
1103 397
970 1453
62 431
1287 583
834 1210
1052 1165
476 1374
49 874
122 1094
691 462
1455 1260
1237 11
261 1200
1163 913
1183 215
197 714
384 86
1276 987
625 313
1378 409
1145 387
589 727
825 43
636 46
396 62
1182 1258
549 716
534 1315
517 1125
1027 897
264 1318
14 104
1215 1123
119 1172
1498 1285
830 1446
533 840
314 466
414 68
1463 769
973 166
888 235
1066 168
1308 1287
1494 426
1171 225
1140 236
1068 1019
380 920
1445 778
1304 1393
567 492
34 537
688 21
1402 454
1463 1472
1159 717
1220 1253
690 284
144 903
1500 655
875 1495
590 1384
923 914
340 951
802 496
349 1079
1434 27
1434 537
1212 1161
247 294
1249 484
157 3
1008 1186
1011 827
851 249
1263 750
1154 597
1431 632
444 52
12 1018
205 312
756 986
1431 680
154 1431
138 842
312 295
58 1340
66 717
1054 567
1442 35
818 420
839 992
501 1496
180 978
50 703
12 101
663 584
491 1091
1332 985
96 1353
1283 902
1319 979
1321 1203
418 1345
50 521
811 1192
1153 231
837 200
349 1158
1256 395
604 1320
731 357
705 1258
193 1214
560 890
995 1082
238 1492
429 344
482 347
1229 369
1186 1264
1456 796
450 1489
1299 910
1055 561
992 1310
1182 1318
995 493
1073 837
80 941
1308 1092
125 1407
721 1486
1126 479
220 1068
737 1125
1159 1222
1326 599
650 278
718 332
671 1194
1361 561
1015 1076
200 827
1214 988
810 137
351 1065
840 654
1418 1254
592 701
900 834
390 173
1299 37
1220 446
1490 1252
1349 338
168 1274
157 1326
738 967
489 727
868 1039
1495 499
287 1279
342 564
12 534
656 796
508 929
955 1055
134 1480
1343 1164
1119 532
937 850
241 23
175 733
1094 1204
68 483
1433 417
1083 198
70 200
576 1094
901 649
459 139
1094 416
139 1181
1287 1126
653 110
259 1417
703 1465
464 262
1034 349
765 64
730 37
1394 461
927 1312
1479 1369
926 1415
943 890
119 17
177 707
111 1489
445 137
450 629
180 303
421 406
550 645
1345 495
1240 349
133 247
1044 953
166 567
1229 1389
1361 594
703 1203
149 463
882 290
931 736
856 436
77 1224
584 1291
1321 1486
408 722
1464 1103
1228 807
486 428
1364 769
1019 443
182 747
1363 552
167 16
758 121
1280 466
4 1
797 906
431 968
225 1488
104 1390
149 312
1113 872
664 1316
394 319
1242 1187
469 511
141 12
4 1175
790 1105
878 278
410 1164
1158 177
1391 117
17 625
976 838
1155 376
620 208
379 1015
408 554
1243 557
46 1280
1265 475
554 792
690 826
794 271
13 257
550 1114
196 887
1413 655
1439 447
833 1257
827 405
1131 1464
562 1378
785 1345
655 965
356 800
1451 762
1067 937
722 1353
164 414
748 994
317 1319
148 1426
1380 574
915 47
414 711
450 378
312 285
122 603
979 866
696 1405
1193 439
1054 167
360 1452
185 518
1396 667
645 286
633 1396
616 536
1040 1440
1034 446
1247 901
1398 734
605 864
1319 1027
413 1210
1099 748
757 144
638 262
746 1082
1492 290
1481 1115
163 1401
1322 884
971 384
1028 1410
326 1004
1081 184
728 554
230 850
167 136
228 1079
213 1062
128 195
565 383
1334 240
695 1232
153 487
228 283
998 428
186 1422
141 1403
1280 46
384 669
621 288
593 504
1400 607
787 646
549 417
186 1122
256 563
1428 1124
699 974
21 1036
159 12
700 886
808 523
855 941
768 211
744 221
105 1303
192 1149
771 890
219 1102
734 827
585 969
190 200
627 107
1333 731
27 1432
408 737
1176 101
391 901
326 636
316 886
351 143
322 230
453 1360
745 442
953 893
1170 1060
703 652
560 913
571 467
136 427
427 1232
318 1186
561 542
934 326
809 1331
195 386
28 947
87 184
502 151
801 1208
1439 1189
104 537
1468 358
104 330
87 268
1335 93
926 1177
796 1123
127 394
787 374
118 1266
874 1399
186 872
14 240
1048 990
951 1240
452 730
1464 1490
651 65
109 107
1230 62
1187 653
478 919
1374 719
1101 1031
1037 463
70 143
65 1396
4 1130
1106 70
462 1166
1485 1481
504 361
789 494
51 705
1034 691
352 1016
1229 21
167 316
604 177
121 117
565 357
1101 334
829 1258
1103 72
113 1157
1146 77
198 1490
1297 232
356 1376
1415 1483
287 290
1281 868
763 416
256 551
1015 743
881 618
983 128
11 61
1239 1244
1389 1470
536 873
667 595
986 748
410 980
1215 821
812 1120
229 48
4 604
142 1094
617 612
14 441
492 233
121 674
565 233
1285 1269
237 264
546 657
20 329
980 58
262 506
1449 772
28 54
546 1119
364 700
562 1146
142 736
1462 78
1287 1116
1380 1376
464 1358
103 1049
34 1457
807 1330
190 208
1356 1038
175 1113
606 21
141 526
1354 725
832 641
771 708
585 1456
365 1019
1372 1210
786 41
193 624
982 174
565 57
688 936
1192 1168
763 97
69 1217
567 1093
428 1324
224 691
983 1318
881 1441
140 738
649 1095
99 420
499 686
