p td 500 2000 
277 202
71 41
45 38
178 264
291 6
157 341
235 135
218 117
464 392
138 175
81 205
356 38
174 445
311 133
82 22
88 278
272 19
281 199
207 127
304 10
165 326
271 157
167 498
147 360
251 142
371 151
233 352
285 337
446 252
147 283
441 12
93 155
466 22
114 160
47 403
27 110
291 190
7 405
169 450
270 336
179 66
481 118
473 475
196 380
277 221
240 248
295 78
372 292
169 400
217 478
1 19
416 389
304 207
135 471
170 286
45 363
246 75
413 3
87 417
236 91
41 461
150 256
35 53
172 36
192 308
432 489
328 89
75 259
30 483
497 433
327 220
44 272
43 409
118 225
100 286
51 172
250 471
390 323
465 40
479 252
202 153
17 86
91 181
172 306
74 62
231 80
471 443
176 172
76 390
338 8
157 344
103 379
74 318
230 165
471 475
86 423
385 245
25 437
461 345
9 397
226 257
156 173
374 48
282 381
218 445
152 45
480 131
186 465
423 353
124 443
440 283
12 72
127 369
86 198
282 98
386 425
22 382
263 119
61 104
387 440
59 285
247 479
257 408
446 182
206 135
404 114
17 59
461 336
397 159
264 176
164 181
351 323
50 328
492 489
470 11
81 415
96 38
105 412
332 132
130 490
269 443
420 171
113 461
375 159
149 111
111 56
124 446
450 292
170 345
186 124
233 301
449 415
466 394
437 303
133 10
16 35
339 206
477 442
299 175
486 76
290 493
215 239
194 259
184 309
472 117
125 317
54 129
193 145
264 66
64 388
104 346
310 434
26 451
317 206
19 246
226 354
101 288
449 135
7 391
417 496
154 459
249 333
475 174
343 88
160 429
495 290
305 210
341 274
284 449
205 444
357 208
481 268
139 362
155 266
81 51
189 339
489 253
379 151
44 104
422 109
54 353
367 413
378 196
398 206
144 302
48 315
452 323
2 43
473 307
242 159
204 352
152 293
183 370
274 236
152 162
370 60
136 444
56 298
206 225
35 445
449 188
401 357
468 7
128 111
260 48
450 129
476 32
141 468
362 434
283 399
203 358
31 469
143 322
119 48
480 353
289 480
125 324
176 304
355 264
365 161
349 346
89 181
79 123
185 388
286 50
400 38
259 354
283 227
161 54
454 221
379 304
314 89
494 464
362 492
448 450
441 464
256 72
336 156
206 166
239 357
28 89
77 132
496 220
85 315
247 326
127 143
301 48
34 364
96 112
427 396
57 269
472 42
139 17
47 108
75 182
284 37
179 104
364 408
229 498
474 370
132 388
429 147
292 323
88 357
134 32
173 252
41 147
100 249
20 377
485 486
145 389
103 113
295 302
386 428
96 338
388 12
480 213
137 234
138 321
178 11
221 377
476 239
407 394
444 382
19 179
255 467
291 269
497 147
454 244
393 310
60 315
25 98
296 231
74 276
231 256
83 144
126 148
262 240
251 202
231 22
257 228
289 174
66 157
459 93
221 343
415 247
10 209
333 493
481 225
365 323
378 426
462 370
280 54
49 464
124 290
190 334
207 4
259 353
33 330
329 127
142 251
416 68
341 459
461 241
123 216
28 179
380 18
446 348
179 63
216 423
63 52
309 279
393 380
381 110
239 198
8 115
176 59
337 263
265 60
61 305
341 465
56 114
474 410
362 274
54 410
173 146
118 265
304 1
328 334
294 146
158 403
434 371
478 81
361 446
320 168
472 312
346 170
199 449
57 174
173 29
115 372
130 253
200 260
298 402
59 310
324 293
446 130
229 257
473 173
401 43
237 448
253 241
376 439
378 198
2 3
423 259
161 456
122 132
356 115
82 488
271 404
192 268
254 324
380 164
218 384
409 189
320 183
340 232
301 49
341 383
194 346
72 455
249 195
29 277
466 179
124 403
152 344
382 170
301 465
448 459
6 142
31 18
117 447
437 128
161 392
216 411
20 171
60 372
330 376
179 63
367 331
54 198
231 397
11 489
70 4
241 187
302 245
402 194
372 300
221 141
406 443
33 33
187 27
472 233
100 112
194 398
204 155
205 36
187 272
315 211
329 237
29 365
449 283
132 341
409 103
321 36
363 34
186 285
67 153
428 66
196 450
152 205
96 451
320 151
164 93
46 110
381 109
427 435
251 132
188 189
478 417
431 347
490 306
386 62
420 152
290 34
324 492
101 47
205 282
79 468
65 67
236 342
46 294
414 20
171 411
398 44
154 311
329 109
250 72
403 388
312 462
94 399
282 500
255 492
316 378
279 35
334 147
280 113
184 261
394 169
326 135
363 434
384 360
50 498
421 225
430 351
179 204
221 63
488 237
382 216
147 174
171 201
216 279
318 369
389 407
382 347
254 468
255 256
180 85
261 271
449 234
400 471
494 293
1 174
133 254
77 362
17 483
316 132
61 263
438 353
79 99
130 413
290 310
159 284
479 219
67 136
203 150
284 371
61 205
430 438
176 439
287 97
187 125
464 181
364 382
442 120
94 271
307 35
132 273
199 340
243 360
57 229
54 264
269 335
435 475
85 15
311 465
88 433
158 138
446 427
296 386
105 73
121 116
90 147
484 160
325 500
157 457
227 344
366 277
26 404
378 95
129 293
353 205
31 155
131 498
428 432
339 91
104 347
224 365
60 289
98 318
441 53
79 494
163 128
387 134
99 330
9 386
93 432
136 81
70 241
372 150
152 157
24 44
384 33
117 31
103 185
97 425
20 195
203 294
375 89
317 159
35 273
92 118
174 12
195 282
365 202
354 475
472 232
101 37
442 380
78 128
220 498
382 110
359 429
292 182
195 406
267 364
491 470
441 89
359 165
86 234
447 126
44 257
202 347
158 464
74 441
279 37
36 401
261 90
446 221
303 260
466 395
159 152
247 182
405 369
387 117
241 356
237 39
167 409
429 490
232 194
27 123
265 344
367 464
128 449
176 224
11 76
239 452
20 156
151 16
18 429
360 480
361 471
425 386
128 469
212 314
202 33
264 314
195 237
375 218
31 74
3 192
286 108
499 75
316 58
396 257
323 381
330 273
171 425
334 328
281 138
339 196
168 436
277 40
8 109
26 456
20 483
307 390
69 6
206 23
244 40
103 79
306 18
122 14
291 191
121 183
247 350
298 264
444 177
261 465
162 429
217 500
123 403
69 345
233 195
378 498
171 104
374 377
356 197
403 46
262 26
180 433
333 149
109 99
418 494
471 33
394 108
340 344
207 95
130 246
72 224
257 337
302 184
195 77
452 438
118 359
25 84
90 113
288 485
500 70
252 275
282 381
349 339
236 356
157 194
419 373
494 122
113 141
394 463
376 304
456 157
124 9
402 331
391 226
278 45
457 98
310 358
363 184
107 348
287 227
80 427
491 467
320 455
479 235
290 122
366 129
447 400
469 249
131 355
394 269
20 27
266 180
28 81
485 90
370 251
107 256
434 356
68 493
124 475
390 106
479 64
137 433
457 470
457 314
192 24
424 388
232 436
346 357
497 13
325 187
67 51
77 380
3 204
368 57
316 445
176 238
403 260
136 430
315 383
398 355
367 337
87 277
172 22
194 353
409 15
331 171
385 127
422 438
459 58
374 452
199 368
427 329
304 292
35 114
347 243
286 153
210 399
296 50
291 338
466 420
412 254
291 43
28 119
35 458
149 5
363 476
380 483
269 177
119 314
338 21
468 135
480 302
219 195
72 345
471 110
498 422
378 78
246 389
216 50
41 227
179 180
201 388
475 87
96 366
330 87
209 246
161 399
346 286
307 46
270 379
266 301
180 211
466 149
249 330
351 380
54 316
140 439
325 80
310 455
210 76
448 266
303 230
198 14
199 315
160 209
181 444
296 209
110 205
205 168
57 190
120 77
264 215
137 286
418 288
260 16
403 58
484 121
240 309
149 119
489 382
167 423
275 1
406 394
453 118
92 33
423 121
387 334
213 157
336 398
462 393
241 487
451 450
108 79
165 122
243 480
341 88
460 166
471 269
24 198
363 130
150 292
180 74
441 145
20 331
130 180
474 395
495 233
104 45
309 345
72 401
469 224
18 131
50 395
460 356
273 262
355 363
31 9
221 474
422 254
472 235
129 419
145 224
296 93
286 316
234 414
93 334
17 300
183 332
134 227
147 392
307 352
257 122
487 201
278 228
290 84
65 210
186 236
80 443
217 220
159 243
237 427
338 472
41 100
205 437
22 362
81 82
401 289
483 263
351 249
19 223
404 236
482 46
460 326
387 413
361 53
97 474
189 453
495 181
8 390
297 1
449 391
175 319
377 407
271 434
192 67
150 341
181 137
388 138
18 385
322 444
486 107
286 495
267 433
486 214
181 371
424 186
466 128
104 400
107 472
94 412
424 80
192 49
95 178
474 390
117 346
495 136
267 248
289 400
364 77
490 158
267 289
316 435
147 240
94 338
191 12
494 380
181 13
456 443
104 27
455 406
177 99
471 272
292 479
128 288
37 98
164 198
229 49
240 38
420 3
427 375
349 187
235 16
200 90
215 77
95 372
47 200
484 488
445 423
212 391
224 46
386 424
151 410
139 88
480 332
135 323
318 390
124 376
156 171
308 492
311 293
129 326
150 20
445 427
471 55
355 220
340 487
304 237
81 258
417 213
190 395
83 356
237 80
477 412
314 86
91 241
215 266
230 252
430 397
94 184
42 256
410 104
194 481
174 186
251 298
326 250
130 126
412 458
348 389
149 113
301 229
297 183
40 308
429 429
216 463
233 451
343 131
399 41
466 2
462 93
30 337
396 226
204 472
84 292
210 320
141 108
306 427
403 21
127 358
370 233
396 393
293 94
493 55
241 401
185 187
470 227
30 366
223 76
194 479
98 36
312 295
385 397
383 475
391 425
167 218
363 277
46 275
390 258
264 436
204 359
11 363
344 492
306 134
424 394
211 423
313 374
22 438
34 408
38 441
11 170
341 394
61 294
207 77
425 117
176 490
173 282
35 474
239 310
403 377
75 223
185 291
397 469
276 311
50 93
148 312
60 299
366 444
8 220
330 245
456 38
219 227
98 65
90 57
421 70
414 144
418 381
491 229
65 496
144 399
36 188
81 304
240 46
413 467
2 350
457 140
342 230
442 276
273 309
47 479
238 226
269 109
252 128
378 278
58 270
83 50
346 405
443 222
462 500
174 138
389 248
411 414
255 202
48 210
353 167
183 75
37 304
290 216
332 421
92 256
63 418
295 126
375 238
364 277
280 449
368 147
217 297
388 391
212 411
489 321
133 225
366 308
382 447
18 464
282 142
446 359
371 163
129 74
284 354
453 276
331 225
165 451
375 328
449 440
370 370
471 121
154 425
142 228
424 278
105 323
94 48
119 57
45 337
425 293
263 36
329 255
475 457
20 470
498 329
342 409
211 385
351 333
138 209
226 285
199 9
359 68
409 494
433 432
215 127
387 206
11 12
301 368
362 140
222 260
361 476
307 210
111 456
343 108
235 162
405 319
155 259
300 209
12 111
245 326
339 309
357 171
400 205
23 410
459 257
235 441
336 12
427 447
170 23
155 259
72 342
132 33
199 178
135 305
227 218
229 255
3 282
218 186
152 244
351 449
237 424
414 368
110 496
389 33
157 118
462 197
108 227
359 327
316 185
297 390
387 13
380 349
213 170
68 265
162 9
279 476
72 201
169 115
4 232
68 174
438 428
128 80
416 154
431 457
490 4
121 243
378 465
157 419
153 285
400 241
470 389
337 169
80 450
21 91
366 135
102 50
140 57
489 22
281 280
389 325
305 458
492 395
445 482
132 319
28 301
267 45
485 443
313 205
370 350
405 408
105 30
380 142
177 14
88 435
160 409
120 354
423 456
157 239
383 443
116 12
305 393
285 408
279 233
109 137
139 104
224 225
281 162
268 72
138 399
93 32
6 472
457 402
208 213
50 247
181 8
492 282
328 129
212 86
324 88
303 94
259 63
235 371
376 119
159 441
138 321
229 400
492 213
241 277
455 358
268 388
65 453
327 138
374 309
5 350
498 436
175 20
46 217
106 168
23 63
190 25
101 213
306 366
248 204
429 136
496 443
203 385
279 420
309 438
462 152
33 58
304 330
123 190
368 113
100 348
451 472
416 206
260 320
70 417
343 70
146 35
359 415
378 186
256 309
276 345
406 127
362 316
255 129
11 174
139 481
215 10
106 347
169 75
22 191
131 350
476 146
4 267
388 360
139 419
2 467
40 291
14 101
464 423
80 108
114 498
301 33
412 406
446 216
39 170
95 109
434 22
122 266
333 340
59 274
17 81
228 240
34 278
63 443
263 346
375 158
319 379
452 206
276 131
25 338
287 147
229 223
208 297
399 253
476 27
354 481
449 438
123 188
379 192
288 6
449 27
89 58
318 31
319 1
477 464
495 297
270 58
202 6
140 394
97 80
157 272
432 128
240 463
24 73
92 288
26 459
486 350
152 420
23 111
22 322
95 395
317 148
149 378
193 370
216 180
206 407
298 369
128 317
295 204
279 475
212 310
283 149
318 439
323 43
392 307
428 25
223 369
178 26
311 162
82 302
265 216
306 132
53 98
170 122
161 288
410 398
285 128
407 126
299 292
207 404
156 308
43 143
471 207
38 145
73 158
160 281
89 91
47 373
357 190
33 69
494 340
241 253
265 101
324 40
153 276
237 335
204 244
129 231
293 106
415 298
83 35
248 356
52 214
87 370
149 271
379 319
233 39
21 444
366 37
302 358
436 106
223 274
237 460
74 70
203 118
10 24
456 121
356 432
488 341
253 199
466 319
486 83
182 134
369 336
277 314
149 454
218 180
408 339
270 35
445 471
185 246
20 26
32 105
125 228
321 408
391 14
240 234
117 395
33 442
253 311
160 12
247 224
163 410
229 118
363 124
375 304
310 50
456 48
394 86
97 353
99 69
216 254
54 435
168 270
104 497
89 404
343 60
29 422
369 291
351 471
111 388
416 270
369 446
480 154
307 429
240 307
96 332
100 342
494 56
251 218
39 148
138 188
185 250
6 110
433 174
61 315
440 480
84 327
321 288
298 13
320 74
132 253
371 124
328 441
357 343
162 193
359 231
3 211
430 7
462 144
7 247
99 61
336 78
98 144
393 468
485 97
369 299
11 398
269 295
162 51
279 57
491 478
442 49
369 65
217 143
157 20
216 292
354 10
59 477
62 79
337 178
86 207
383 147
329 104
363 293
101 298
114 316
8 357
235 409
144 486
336 396
347 7
339 150
353 449
86 453
166 137
492 333
345 65
66 114
171 8
169 446
80 338
135 381
229 278
403 420
475 412
381 461
369 212
261 413
453 297
206 7
14 482
474 171
397 305
338 446
277 77
356 210
274 176
453 30
291 459
288 109
426 344
181 490
428 364
159 102
429 165
354 101
115 71
488 475
135 294
400 91
30 224
431 192
437 285
105 470
422 23
142 446
405 147
391 56
176 487
152 86
128 430
169 148
79 403
279 154
179 83
262 164
386 141
201 279
298 42
112 408
294 88
494 341
283 214
378 244
199 382
209 53
264 21
165 420
134 58
182 188
217 197
472 13
225 412
382 387
130 447
338 27
462 66
420 222
138 35
66 455
150 65
402 291
361 143
181 204
327 163
138 137
58 109
481 302
210 476
226 12
134 188
286 493
484 333
345 121
325 110
115 156
21 347
107 36
483 419
444 189
487 137
138 302
48 194
328 494
243 60
413 321
462 239
306 147
311 332
487 42
414 85
295 93
340 136
358 295
216 400
331 433
115 217
220 329
208 60
317 253
350 118
433 215
62 162
228 312
102 324
211 76
378 204
11 167
302 147
218 448
409 92
320 453
101 67
420 153
82 283
253 131
492 105
492 156
32 472
90 24
73 242
122 281
480 492
278 229
406 402
283 442
58 258
69 431
493 449
19 5
136 130
370 335
337 39
155 63
416 350
480 36
115 363
136 65
142 168
423 246
124 237
496 282
218 143
291 102
434 428
279 315
488 450
127 164
110 140
71 470
99 177
294 224
418 167
362 159
352 450
407 41
279 148
232 71
171 120
140 96
416 74
108 493
6 41
110 178
10 492
51 293
258 43
278 110
91 111
407 313
165 64
435 84
102 401
156 261
181 125
68 328
108 489
265 451
32 495
272 163
465 6
252 46
293 416
73 213
457 290
121 19
411 461
400 479
4 183
258 125
231 434
420 297
50 452
345 272
310 293
187 324
92 145
274 213
496 278
330 462
249 440
4 292
87 107
191 186
188 266
115 431
114 434
352 267
129 190
287 331
47 13
428 222
499 321
388 28
275 461
55 338
334 494
247 257
36 268
344 83
84 381
259 141
246 170
76 177
18 431
133 285
223 426
136 184
19 402
491 476
314 474
226 40
290 225
371 204
43 84
161 91
93 179
429 371
267 61
60 70
435 110
395 8
493 119
453 384
88 317
300 78
395 327
398 470
91 77
441 171
89 399
33 108
340 458
124 493
397 437
290 240
347 263
375 417
311 364
318 226
52 402
213 262
64 10
278 221
231 115
293 457
352 122
41 215
385 120
318 216
263 97
134 365
162 17
291 451
374 253
110 259
488 116
309 221
452 456
210 284
282 425
76 84
372 191
289 311
430 219
4 236
221 409
283 127
489 122
422 438
392 267
459 253
385 191
338 424
183 76
15 102
498 349
321 304
320 313
340 280
90 11
150 169
17 161
34 112
227 266
380 50
53 285
474 457
299 210
52 151
260 341
453 279
457 319
498 494
235 180
406 40
61 400
346 205
364 12
471 492
392 417
447 197
410 137
55 168
147 62
70 130
267 11
317 310
337 139
29 324
109 423
23 103
434 154
257 49
452 470
492 435
198 422
410 231
493 459
499 30
327 413
181 373
60 437
362 292
111 122
280 217
490 75
153 422
320 468
335 108
202 93
395 400
277 34
413 272
164 267
404 100
170 284
386 206
314 219
263 23
408 257
204 283
328 372
493 71
141 433
187 159
367 230
421 449
380 484
486 350
360 145
175 36
391 264
110 404
458 320
495 38
235 365
395 404
487 23
186 352
370 226
220 250
272 485
334 381
