p td 500 2000 
421 253
379 44
53 382
255 461
377 425
344 4
444 308
415 162
36 467
408 391
69 440
380 108
430 334
96 217
355 347
69 71
299 152
393 472
233 12
426 49
91 223
213 321
447 452
462 55
82 192
465 428
398 90
25 134
436 485
98 20
65 105
349 13
285 194
308 489
434 244
101 166
183 473
149 220
398 336
264 86
490 102
276 466
44 32
452 87
170 95
233 83
340 48
234 382
293 126
447 367
201 275
496 379
386 285
374 63
437 181
380 237
276 173
182 6
315 343
235 46
257 136
13 231
441 487
402 33
214 286
210 363
176 180
197 80
187 464
44 333
24 30
218 297
246 459
327 430
159 369
230 173
89 468
190 280
488 33
36 464
186 311
29 145
174 103
28 272
222 481
163 358
169 444
428 462
248 96
336 418
114 430
73 157
407 82
351 46
477 488
437 205
438 278
41 22
8 88
123 463
102 148
223 350
442 23
266 445
451 86
363 429
132 1
401 50
123 212
257 412
167 277
189 360
483 444
224 271
291 97
438 122
483 132
169 447
500 260
196 456
115 467
104 161
168 332
204 202
244 253
492 409
352 169
224 186
353 372
255 329
413 258
204 157
416 283
353 455
179 330
83 474
141 359
307 235
258 350
156 336
240 57
216 161
193 321
315 250
418 190
474 486
420 436
332 152
177 497
266 470
131 118
257 147
188 8
70 479
338 488
200 368
484 491
170 125
103 486
124 291
160 86
223 152
212 71
348 23
61 393
99 244
167 303
98 176
83 460
479 126
411 189
126 90
184 493
54 258
335 148
22 129
113 322
244 315
304 224
48 339
186 210
37 365
265 140
388 230
245 139
369 80
168 422
418 132
309 73
61 95
481 191
97 24
16 484
141 343
210 94
314 270
61 306
171 269
402 202
281 102
487 55
161 3
2 357
293 357
461 213
337 138
199 233
174 57
357 53
153 315
36 433
455 389
427 429
403 93
15 161
377 266
433 183
183 217
66 441
284 356
497 323
268 212
279 378
250 475
158 425
493 124
207 496
173 473
87 362
347 182
179 55
274 166
279 463
210 290
457 298
239 384
86 437
433 444
211 89
292 272
401 105
158 109
32 469
84 145
278 234
385 50
85 473
51 225
431 389
120 98
468 218
212 119
397 228
195 241
498 271
223 356
160 41
247 423
250 28
7 443
150 18
281 345
311 34
198 237
162 221
106 242
144 97
465 432
495 391
211 371
236 205
101 327
430 217
446 19
249 92
111 105
278 447
310 6
488 54
28 273
484 12
5 171
429 357
3 214
151 286
377 33
343 387
231 365
264 13
249 287
58 87
326 389
350 318
361 383
270 440
161 191
255 271
200 302
113 3
406 336
483 290
163 96
297 114
119 310
92 410
60 462
212 420
253 219
415 200
442 292
256 184
101 445
96 499
35 33
70 220
451 454
472 183
460 486
316 354
88 301
454 64
6 4
488 3
420 191
433 154
295 222
54 336
23 453
330 346
425 5
365 107
398 151
168 488
190 215
81 200
461 80
27 207
473 408
407 343
21 152
309 357
45 143
357 397
189 150
461 242
366 363
97 491
299 247
384 173
349 409
386 292
491 56
192 265
302 164
30 353
391 436
141 299
41 24
367 479
496 13
179 232
233 62
446 252
348 97
243 277
97 25
279 431
457 313
30 496
33 150
141 421
252 482
120 324
217 377
137 264
337 87
220 416
44 192
43 126
482 439
263 11
81 169
58 234
338 37
40 220
236 297
57 123
46 254
227 256
432 146
9 297
280 464
415 433
167 218
275 250
223 57
105 278
81 78
379 17
240 157
391 375
116 395
56 452
155 173
136 58
307 363
424 147
309 267
71 461
98 75
60 322
274 500
344 336
459 449
130 239
399 171
354 258
90 120
126 271
208 378
120 29
303 124
337 114
338 420
390 356
193 483
361 160
306 110
161 380
38 162
400 121
134 470
145 85
163 209
14 30
64 423
173 412
427 480
433 462
49 380
176 385
211 467
326 496
266 371
342 366
200 182
480 433
123 107
435 475
429 404
228 336
175 211
25 158
53 30
353 97
328 286
363 314
102 419
8 183
213 323
263 280
63 79
427 441
293 364
390 421
157 458
410 459
278 276
164 313
403 446
418 21
366 267
160 407
469 460
83 286
123 435
405 114
441 288
327 376
163 396
377 426
424 114
125 269
290 234
454 38
79 236
87 126
343 416
191 150
133 369
282 238
439 112
366 273
410 355
355 149
53 45
215 371
362 400
191 394
45 321
285 217
265 178
437 109
406 317
472 195
465 115
272 488
297 7
374 92
49 202
393 341
424 233
279 257
473 219
345 368
185 474
401 412
249 215
386 103
53 395
306 332
483 287
194 123
92 182
353 249
486 327
403 246
152 193
321 34
343 268
118 236
48 156
150 70
182 85
238 337
20 242
96 407
389 72
329 168
333 298
90 487
351 171
140 343
205 149
222 37
151 429
485 334
338 282
385 261
188 39
32 281
466 260
10 15
178 383
55 230
21 482
143 226
38 166
439 104
102 113
166 421
40 323
234 431
451 138
175 241
306 51
392 310
427 344
198 131
16 46
410 92
233 11
35 150
85 169
489 486
274 23
395 486
266 321
107 159
166 492
167 111
479 63
143 310
271 150
468 294
374 305
293 481
446 11
380 227
431 160
298 255
439 164
347 343
461 409
97 162
318 359
316 498
440 142
117 371
82 409
319 344
188 431
55 396
100 275
246 457
13 206
399 62
444 248
438 409
191 278
457 283
420 299
287 3
318 330
84 473
9 88
107 172
183 487
447 174
442 404
248 106
231 240
112 228
384 329
283 161
330 30
488 332
433 229
442 265
204 192
69 313
269 170
19 281
160 253
311 20
246 218
44 18
317 221
50 77
224 89
417 28
3 113
31 117
450 336
14 391
495 278
59 421
390 103
340 500
369 202
375 361
310 31
288 221
164 96
350 364
415 215
51 33
32 41
260 451
54 154
274 200
93 194
334 459
239 184
407 93
89 209
494 366
419 413
127 118
488 24
275 424
286 484
320 369
281 155
7 493
77 406
488 121
473 295
389 289
373 148
1 187
312 316
56 187
127 496
72 241
235 285
446 327
142 112
95 446
500 173
250 265
61 105
337 64
85 377
140 244
365 449
187 453
301 388
481 103
82 47
98 195
411 332
153 201
270 289
78 109
184 151
345 18
17 147
365 89
197 411
91 235
282 335
314 10
175 279
61 88
370 14
114 110
189 387
324 92
168 203
400 174
327 192
176 232
167 395
369 199
496 243
448 149
261 359
102 305
331 413
139 176
56 183
73 482
40 15
205 159
431 462
448 225
61 33
420 116
303 473
63 430
313 121
467 306
488 31
338 129
310 428
169 119
54 123
169 447
228 485
60 472
297 410
388 45
103 177
34 340
437 215
294 190
360 373
397 462
220 1
400 351
188 335
445 461
121 245
215 456
253 426
473 57
126 120
24 19
84 182
412 490
314 92
472 27
245 356
466 190
157 28
37 498
21 109
319 140
298 146
432 103
150 429
331 437
411 196
92 132
76 437
60 473
8 353
267 52
462 443
456 363
108 9
432 491
154 333
400 113
353 200
393 79
224 264
429 73
471 426
456 25
175 86
261 428
58 488
100 342
359 30
214 449
202 17
74 273
329 253
39 378
334 123
261 76
343 440
337 358
428 67
376 316
195 94
498 341
474 483
56 456
150 181
260 226
470 191
210 251
273 332
204 427
63 308
92 500
51 326
187 129
424 217
242 411
335 482
152 62
373 277
495 93
378 398
30 229
153 182
144 179
23 462
341 293
408 79
466 15
453 216
425 459
189 62
134 179
89 180
426 112
35 346
449 425
372 128
322 189
483 47
421 43
389 454
389 88
422 168
98 341
382 322
30 470
192 409
132 53
241 55
399 323
143 424
457 247
29 221
250 232
251 51
471 10
86 175
338 210
20 306
446 315
181 184
222 128
411 243
269 126
354 428
495 438
192 322
35 163
126 151
225 130
220 58
328 6
441 197
477 89
379 264
495 32
117 306
42 439
28 229
35 364
105 315
298 161
249 187
487 400
401 1
85 213
48 302
329 434
144 265
200 311
463 297
250 234
46 469
396 472
476 330
229 320
80 281
428 398
193 204
274 46
364 478
48 369
340 330
385 101
381 147
413 263
276 347
482 278
472 14
52 75
28 204
418 8
72 29
277 254
33 51
318 203
447 220
283 304
370 264
312 158
73 77
301 192
432 461
121 322
131 378
274 384
480 201
204 44
34 119
482 190
351 125
327 199
180 44
129 223
119 498
355 257
379 361
6 254
94 119
418 395
488 110
471 243
330 462
464 250
227 488
352 117
298 21
232 396
417 340
451 226
150 340
49 369
428 322
80 106
88 406
105 165
400 224
222 135
493 90
409 274
272 373
185 33
36 190
456 315
48 104
7 442
465 267
165 426
181 388
327 420
348 110
238 489
17 80
9 187
440 369
12 299
355 223
278 446
416 19
431 12
371 379
380 179
205 481
429 467
421 190
301 383
478 493
98 362
283 167
3 2
376 65
411 102
209 388
491 472
198 342
232 206
59 27
14 223
321 430
184 195
495 402
306 305
408 52
409 21
87 75
67 48
19 381
252 188
206 478
180 229
262 181
420 159
92 280
316 229
423 487
453 421
64 466
242 478
394 147
379 32
350 58
489 345
135 328
462 223
177 104
412 14
155 261
383 16
348 388
275 282
83 338
65 413
43 338
121 138
194 396
327 285
195 190
138 463
485 234
243 365
128 130
497 165
248 212
239 272
130 190
109 407
378 34
372 177
392 159
337 478
267 385
124 236
438 158
440 234
393 392
350 353
474 107
269 109
196 208
144 126
197 79
401 298
385 217
78 10
30 351
350 291
117 308
105 49
150 223
375 329
91 406
354 427
125 474
384 402
276 498
67 60
252 106
457 5
42 453
294 157
428 204
144 232
223 95
192 394
366 269
77 367
396 387
387 264
48 327
315 371
70 295
125 104
398 77
378 444
252 433
353 278
410 466
412 126
11 490
395 227
490 302
358 123
419 81
403 223
266 186
363 55
20 217
491 274
404 58
495 128
103 116
306 106
483 13
411 59
6 280
94 364
376 379
262 258
198 288
66 412
97 435
477 202
214 303
306 141
395 50
444 453
91 303
82 295
449 231
487 362
76 353
299 67
272 187
344 321
233 368
204 90
129 263
313 337
366 176
37 448
473 53
174 40
346 415
293 437
161 40
368 331
481 144
58 424
54 471
171 233
48 363
430 413
126 246
329 288
408 161
28 277
360 218
69 373
183 497
430 216
4 153
250 415
91 264
18 162
263 94
249 292
379 291
480 398
131 400
323 146
197 58
441 111
82 487
198 195
306 394
7 345
495 280
363 147
65 147
477 18
48 101
299 58
271 298
318 221
94 415
123 215
185 84
220 348
34 118
425 154
371 164
496 329
368 200
272 173
11 473
205 70
368 255
46 457
218 323
346 59
455 425
249 32
227 25
4 367
352 240
49 189
40 290
158 358
50 450
44 36
272 43
430 469
332 64
321 200
430 115
76 34
32 242
67 239
324 13
214 175
238 179
4 181
241 444
430 349
474 480
276 160
43 274
311 35
417 59
466 203
135 139
207 239
496 354
307 477
74 309
186 53
397 107
391 403
282 215
225 338
297 198
130 3
138 28
315 273
342 175
330 154
137 367
139 401
235 363
38 492
157 97
446 335
281 350
126 402
474 168
135 86
177 128
151 204
173 412
190 203
50 206
65 396
313 418
313 136
10 488
348 240
331 95
441 114
428 470
323 62
423 147
68 137
67 19
390 367
268 226
126 144
105 67
22 406
257 458
484 102
456 341
40 98
497 289
144 130
46 322
346 258
145 301
263 278
171 482
372 218
68 465
207 95
6 120
490 420
496 129
168 207
129 331
271 450
351 153
345 425
491 119
149 380
319 187
62 381
177 469
226 499
499 479
234 203
328 452
311 54
485 68
16 154
393 429
332 456
233 306
358 453
5 162
121 204
97 11
348 350
438 32
314 389
394 137
224 287
79 436
283 15
384 166
287 344
296 155
104 33
266 150
184 356
142 490
133 313
392 308
431 475
2 156
380 38
417 17
249 392
487 305
241 63
206 144
283 491
439 53
413 75
53 106
417 495
182 463
108 310
45 481
464 410
239 331
355 100
181 484
101 473
148 438
480 358
158 430
36 175
47 80
97 479
28 235
23 158
428 391
351 66
268 272
63 393
449 222
183 412
281 260
400 416
263 111
405 29
385 55
104 253
421 118
316 422
16 90
150 313
484 95
101 266
145 497
462 250
358 445
150 281
458 266
6 127
104 446
46 498
274 247
127 378
19 451
13 116
322 51
492 180
343 425
40 94
222 103
208 202
485 464
112 139
393 45
127 26
227 192
319 410
304 198
111 429
149 191
297 217
180 257
2 133
111 36
453 117
140 83
278 223
113 262
312 257
24 477
89 209
40 185
95 346
271 469
259 279
254 489
46 47
257 66
58 298
463 369
330 244
402 394
488 498
336 253
470 32
60 179
283 98
439 87
387 6
138 306
214 401
118 66
236 238
84 422
441 84
394 458
300 59
29 87
230 313
332 308
211 137
392 142
212 466
37 79
311 254
6 89
204 437
114 342
332 391
499 414
175 295
236 46
81 457
202 346
323 37
424 226
24 324
322 18
261 423
343 498
489 89
480 115
143 247
78 83
301 20
112 380
281 334
478 211
395 388
352 118
152 222
402 391
408 146
117 89
172 312
482 390
96 265
74 479
80 272
493 496
273 385
4 449
243 256
302 421
366 8
330 401
136 424
466 155
249 302
167 300
47 117
260 427
57 309
23 307
136 455
275 283
45 306
167 200
359 28
29 147
16 324
364 363
477 313
79 263
331 159
374 472
116 489
182 300
43 494
256 376
324 475
453 441
39 466
341 29
143 388
240 468
121 118
477 204
500 326
474 51
438 305
120 280
47 107
381 117
322 445
311 264
308 385
188 471
93 364
48 282
189 30
485 182
288 362
9 217
190 95
37 478
128 421
363 242
87 432
233 76
442 137
354 185
469 127
385 305
202 318
276 250
200 68
165 236
70 406
185 173
166 40
10 451
117 379
185 374
138 191
328 274
161 380
421 48
441 60
448 203
368 160
414 296
103 330
491 423
62 409
19 483
113 369
370 430
15 211
355 133
325 168
58 300
30 38
284 441
91 404
151 11
130 459
256 284
375 309
34 313
38 399
390 219
301 189
120 48
205 360
153 424
209 29
193 251
310 446
155 340
429 84
49 476
137 477
74 109
495 356
365 424
420 12
73 327
210 148
438 12
76 146
429 64
244 341
276 150
190 210
242 252
364 14
9 35
452 419
351 334
383 426
290 415
121 217
393 266
467 179
271 247
454 83
480 197
471 291
198 441
174 96
185 185
180 77
7 281
277 368
351 7
437 116
387 369
427 183
16 178
281 492
56 101
94 139
269 498
213 78
167 371
283 405
443 367
379 202
87 317
6 150
72 146
174 449
64 467
239 275
52 234
117 279
165 495
4 18
488 162
43 157
402 228
16 188
101 218
75 361
386 292
284 314
344 413
419 131
1 298
441 34
66 177
104 45
319 61
45 231
194 265
17 283
469 475
322 344
240 453
208 396
249 453
181 325
113 332
233 116
30 221
319 136
286 334
73 219
435 414
138 215
408 367
114 480
92 469
463 113
153 76
1 389
77 242
13 310
426 356
368 394
77 90
91 156
27 285
396 148
346 76
477 319
424 87
427 72
371 41
441 420
201 131
89 442
120 425
310 492
105 271
268 381
372 321
268 363
310 289
403 188
128 199
303 322
268 436
416 139
111 385
336 343
369 184
375 437
259 420
177 154
409 409
244 97
427 186
122 332
449 373
388 384
361 31
358 225
343 431
276 431
343 130
140 298
215 93
51 159
17 122
215 278
409 192
268 493
17 248
158 10
249 362
33 280
232 136
6 52
147 319
310 359
344 399
496 40
252 347
112 498
484 170
97 189
108 148
299 84
247 30
150 296
257 374
72 101
326 203
87 213
171 29
271 51
17 341
392 181
219 412
436 95
500 34
422 192
454 241
69 145
409 85
354 2
315 74
58 484
248 309
481 122
37 246
164 172
496 495
232 418
461 384
230 152
29 434
112 133
483 448
301 30
125 105
440 272
186 394
405 405
276 210
393 122
328 152
145 335
324 222
313 203
342 411
138 271
21 330
281 316
249 257
453 35
167 34
388 434
141 173
386 496
229 30
483 227
61 487
239 148
166 106
37 456
185 477
427 457
98 189
117 386
254 343
444 40
190 99
344 183
280 88
299 243
196 493
372 131
26 374
366 196
392 491
348 271
491 10
238 165
407 277
45 247
257 383
447 89
210 437
457 112
321 80
57 287
380 191
292 321
38 37
395 86
330 225
188 119
102 238
124 352
406 118
56 434
157 166
289 287
213 430
31 319
423 198
341 398
326 333
270 254
300 206
15 300
311 120
445 495
24 181
486 15
64 479
314 494
341 195
228 278
213 89
427 80
211 77
455 330
179 243
415 398
251 307
249 99
461 276
392 463
349 268
153 491
372 54
490 435
43 26
135 274
332 42
190 273
129 122
295 298
470 191
390 34
16 239
303 7
107 331
326 480
402 280
364 302
351 462
462 360
325 291
287 420
45 172
333 494
252 430
303 32
1 398
412 475
295 334
468 149
256 183
328 24
151 247
228 291
275 396
218 405
52 116
472 295
274 411
247 213
309 218
439 122
354 75
462 217
63 498
112 37
396 145
1 416
429 111
112 268
21 294
292 168
5 187
239 245
464 376
409 25
198 383
294 261
61 244
130 88
481 306
456 12
372 150
120 44
429 308
453 183
271 476
145 429
34 138
375 393
403 371
161 358
339 496
330 146
134 301
82 377
330 441
414 177
327 54
462 3
196 40
476 216
275 44
370 419
240 122
193 196
206 41
8 350
230 492
162 216
425 318
335 454
216 166
453 452
231 364
446 316
345 304
