p td 500 2000 
55 457
246 170
369 447
363 149
489 23
58 209
97 251
421 396
290 308
252 313
73 431
453 311
493 298
141 240
319 154
192 477
418 341
20 86
111 306
472 436
6 292
432 4
275 74
82 459
153 47
474 244
390 58
180 246
363 81
413 71
40 294
130 191
6 427
187 362
461 8
114 329
171 263
81 97
72 274
267 7
414 388
405 141
87 334
490 434
477 279
268 138
92 173
379 109
430 360
496 394
2 84
28 453
382 42
127 142
395 474
412 138
455 486
291 105
104 56
444 415
325 297
252 456
135 235
328 40
103 9
71 488
491 470
90 13
296 303
401 195
415 10
202 20
281 451
64 370
72 388
500 12
102 178
284 241
489 309
438 213
330 423
178 333
200 437
185 171
269 97
16 180
233 186
81 406
47 416
426 291
140 421
433 214
253 446
186 164
119 219
206 155
253 348
496 41
283 353
131 254
434 102
173 187
469 352
134 415
206 28
7 164
386 255
165 343
131 459
171 440
85 395
155 490
416 247
372 321
367 382
35 225
16 126
446 164
113 183
340 193
224 109
227 251
265 476
351 166
169 204
371 33
441 226
444 431
262 488
358 90
415 407
466 281
483 295
431 358
88 129
74 183
129 41
29 393
210 399
19 87
127 31
499 284
448 53
308 435
309 14
285 345
49 56
56 116
350 198
257 376
213 81
81 210
68 198
248 443
290 368
252 135
475 396
495 197
114 383
449 290
104 463
438 203
210 112
303 293
66 253
497 136
485 1
277 148
120 36
150 313
402 76
10 99
2 305
83 477
65 117
397 160
243 465
195 178
11 274
452 278
223 302
111 396
237 231
403 381
345 340
120 208
455 137
264 46
348 295
76 457
459 121
185 479
219 499
157 474
227 195
91 62
37 382
295 430
119 56
281 437
172 467
112 272
255 120
149 294
30 333
392 167
303 321
243 178
293 238
356 2
437 114
209 129
136 289
179 414
434 334
76 456
419 253
174 457
315 370
374 194
348 234
346 8
341 441
357 355
385 498
436 213
337 467
138 445
10 111
157 258
389 265
259 408
238 96
235 274
311 116
109 259
166 310
483 174
179 262
293 451
135 305
353 74
496 250
354 239
200 211
70 499
89 433
136 216
53 167
166 203
190 393
347 42
27 420
116 261
35 158
314 139
109 474
92 113
379 13
412 16
208 14
478 179
227 112
14 368
193 171
277 411
471 155
178 430
84 485
444 24
478 372
363 222
376 120
175 183
321 208
107 301
335 158
70 15
235 453
183 114
351 179
431 446
434 447
379 49
53 208
325 317
349 440
498 110
392 15
195 228
119 195
5 323
2 63
259 450
318 91
37 46
258 64
238 70
314 368
315 390
347 430
434 449
278 185
157 434
303 191
66 462
204 392
330 339
351 436
106 380
316 467
63 490
102 3
213 219
26 63
423 133
128 269
430 499
176 400
297 360
268 408
24 355
211 382
339 171
81 330
460 326
414 86
292 36
327 54
5 1
349 346
286 62
356 454
161 417
264 426
53 160
337 351
348 306
22 322
218 236
117 85
392 288
351 111
177 73
483 83
261 42
210 492
33 425
460 27
66 327
41 15
72 3
2 408
254 20
464 127
80 430
118 137
384 6
278 299
112 60
386 147
3 158
324 87
96 108
6 91
112 160
133 331
446 459
273 390
134 203
231 5
475 469
44 170
164 410
37 237
229 150
91 77
278 43
459 142
190 470
497 116
316 120
304 183
50 489
64 212
439 193
45 383
84 410
314 374
344 32
142 279
250 410
332 151
373 152
31 459
319 341
396 20
51 47
114 465
213 211
375 392
61 99
347 185
84 63
402 377
251 212
455 461
397 89
156 328
299 143
374 229
85 49
98 97
102 445
239 67
98 476
123 157
14 413
154 483
110 407
279 207
249 398
124 226
203 188
177 211
420 155
148 443
271 124
233 43
215 241
186 130
157 151
155 243
320 458
431 37
463 304
465 309
287 158
95 476
413 53
338 370
189 183
365 412
265 64
419 84
313 140
264 341
428 54
450 366
284 58
260 135
96 235
26 39
369 70
374 25
127 301
175 338
351 141
414 299
47 436
454 308
355 42
456 72
425 162
368 192
52 17
182 69
316 172
14 350
264 3
341 268
279 358
475 11
407 120
116 357
102 95
204 165
317 383
108 244
382 280
468 75
419 270
245 161
167 273
43 132
116 362
110 259
349 266
296 364
192 393
217 267
322 384
32 468
303 168
245 199
478 35
241 299
69 494
493 215
416 359
150 278
114 422
83 249
194 472
103 412
160 175
419 362
206 244
28 139
469 211
343 433
459 45
64 256
179 207
278 439
68 461
403 277
449 115
38 96
199 115
141 388
463 112
203 399
166 94
39 165
395 357
470 461
384 131
463 383
261 392
489 323
32 70
483 297
48 108
299 32
91 450
59 19
431 179
384 490
407 110
46 305
495 209
193 217
238 486
40 376
459 407
184 65
442 159
245 330
441 49
25 222
184 401
361 124
14 259
411 277
497 435
22 343
215 436
283 144
335 175
212 100
393 242
298 471
332 241
126 252
412 321
414 41
26 452
39 140
135 52
485 183
451 241
124 443
427 278
187 431
430 489
56 286
488 431
414 428
233 246
282 452
263 385
434 417
438 427
260 316
268 63
102 294
190 112
486 348
203 142
425 67
37 489
247 52
385 137
235 499
355 39
149 10
156 244
296 72
244 197
11 358
461 400
30 409
22 126
50 326
262 362
255 420
411 257
235 168
189 243
128 258
136 260
379 82
381 235
94 139
48 462
87 481
302 314
463 445
216 376
17 500
112 154
392 388
163 302
395 443
447 213
244 129
246 330
291 174
385 297
248 95
110 379
118 283
211 136
126 281
89 7
160 225
499 216
4 341
182 92
205 308
101 229
362 436
145 446
432 390
376 291
391 162
25 292
249 194
293 367
182 149
31 1
465 21
104 72
281 281
442 150
106 58
209 153
420 322
171 357
179 115
187 122
461 255
41 426
200 116
146 456
173 99
419 492
44 463
373 317
453 223
219 488
452 138
289 153
58 337
324 206
170 285
264 80
462 293
12 165
374 258
480 381
106 326
374 302
198 392
415 392
275 449
325 10
305 48
240 109
254 200
108 341
232 109
287 62
342 360
304 68
222 391
261 441
100 145
411 88
81 353
345 292
111 193
196 124
165 320
429 485
61 370
235 430
233 284
290 69
390 116
367 486
497 311
395 358
345 283
414 41
415 249
108 145
262 129
112 469
391 141
162 329
417 65
70 159
71 241
346 212
230 283
369 338
404 406
42 121
228 342
7 156
58 194
405 389
118 402
283 119
62 121
2 246
213 241
282 31
80 287
96 82
427 216
288 223
331 281
190 189
100 277
6 307
117 124
454 18
300 404
299 371
211 446
491 402
369 296
79 89
460 60
225 63
271 397
265 203
102 268
114 98
310 457
307 426
217 223
312 293
147 320
228 225
373 416
186 405
230 72
138 310
460 374
16 93
376 207
428 72
289 96
242 354
22 360
47 431
347 246
471 438
488 133
492 445
204 405
457 170
299 412
485 361
362 357
438 338
179 70
476 205
366 94
207 208
487 412
43 33
42 414
238 19
396 32
500 369
39 367
112 256
330 15
351 180
20 370
489 384
101 401
290 263
170 409
11 146
386 210
13 307
75 183
75 492
365 463
170 8
446 342
329 382
244 138
392 461
304 267
267 198
140 176
442 197
332 223
405 397
98 77
43 450
34 309
129 256
269 368
209 485
86 346
415 257
67 195
106 499
63 7
235 206
232 163
401 178
292 133
465 446
428 189
332 268
394 60
388 52
175 472
417 85
240 328
367 361
83 41
257 71
70 475
145 199
435 416
348 380
419 348
136 218
69 67
248 203
260 165
119 247
441 344
340 362
205 360
498 409
199 279
54 201
353 47
35 238
161 421
494 164
339 456
316 256
148 425
36 284
188 236
332 224
446 292
298 117
462 322
13 145
188 166
191 139
431 20
434 237
359 218
499 8
363 312
108 168
445 226
172 236
492 214
311 481
431 11
174 277
114 361
54 68
221 24
196 57
167 193
236 399
357 167
265 25
65 413
473 487
85 180
72 23
241 13
203 280
24 175
400 179
241 177
98 173
15 22
438 205
133 135
190 204
196 148
272 194
107 349
54 263
348 470
36 188
246 377
210 484
440 163
326 485
27 174
480 485
11 291
36 437
78 30
89 421
144 167
399 112
361 156
314 494
355 212
408 314
431 305
145 239
38 408
450 444
179 5
264 215
171 469
123 128
13 486
196 104
65 279
12 297
333 124
331 90
227 158
476 423
256 369
442 402
140 371
84 111
350 229
276 499
363 497
496 67
393 3
414 177
376 80
306 277
483 447
211 301
385 330
165 357
198 304
479 106
236 253
71 13
412 375
472 53
374 201
48 26
467 392
76 183
32 488
100 12
99 244
383 275
63 444
195 242
397 128
205 388
357 212
236 441
247 219
238 265
166 414
140 149
328 127
311 187
92 471
302 483
348 327
72 119
238 294
144 290
91 321
54 390
483 97
408 136
291 240
309 397
452 234
183 469
450 308
244 268
412 367
429 499
152 127
87 272
368 301
280 314
261 249
266 210
173 271
73 458
483 74
456 433
288 448
390 57
173 267
222 448
379 19
398 187
423 136
206 236
40 113
386 468
480 125
85 146
461 335
469 222
56 261
153 274
77 414
73 441
24 431
187 35
145 84
32 239
397 30
269 58
466 469
173 38
298 232
80 166
82 484
430 298
365 355
126 408
63 131
422 49
197 12
341 142
191 114
238 135
393 91
152 489
386 166
410 404
80 284
143 268
28 245
479 400
171 268
77 138
243 161
71 94
80 478
277 422
486 244
351 254
233 27
161 370
108 359
109 96
133 385
409 330
17 337
158 121
45 449
500 241
460 327
338 395
449 357
339 303
338 338
225 472
4 108
351 288
331 361
377 407
300 452
245 44
328 19
256 316
227 411
77 2
305 8
250 194
367 419
7 428
365 121
354 360
311 452
369 351
409 10
319 185
282 253
372 387
340 494
17 276
354 403
328 443
280 228
351 474
164 289
366 318
46 93
162 446
316 141
296 230
478 22
476 356
289 235
336 195
187 255
349 489
26 341
287 203
12 492
77 382
194 238
252 109
112 38
369 405
388 287
315 458
428 430
348 392
136 266
339 450
398 213
424 129
405 471
180 485
365 216
397 456
364 50
53 485
379 256
210 349
445 124
348 23
190 334
382 141
485 29
447 466
260 254
38 200
474 46
350 257
57 453
75 44
403 159
127 261
369 285
450 225
81 407
175 377
395 339
272 119
450 347
491 224
64 44
74 454
190 182
361 161
384 165
120 104
288 93
116 138
274 267
451 337
140 351
294 70
331 259
287 414
150 276
483 113
19 87
225 393
343 139
205 67
340 408
26 342
344 375
474 52
146 199
492 377
136 154
316 291
463 454
69 335
41 283
46 261
310 2
408 221
498 337
188 88
249 63
153 107
107 485
285 165
474 305
100 91
72 20
361 372
365 438
360 255
185 229
303 77
212 204
41 90
119 428
352 356
240 144
435 72
482 108
131 177
201 125
360 355
207 179
484 216
417 50
245 500
335 42
15 100
194 120
347 241
354 64
75 92
12 476
328 391
459 202
291 467
1 495
371 27
456 51
446 330
111 142
262 374
348 364
472 298
283 369
396 83
57 455
327 430
231 103
329 329
205 263
474 311
151 341
282 414
368 438
422 28
208 51
205 340
300 320
45 35
324 465
17 169
126 484
116 224
209 114
450 238
83 191
79 327
32 460
80 195
238 22
369 235
130 87
400 441
10 261
410 203
264 357
381 85
216 277
392 47
72 389
341 29
102 453
412 207
111 419
108 256
17 457
361 416
494 109
350 115
207 87
190 16
357 135
388 115
224 190
496 87
483 95
169 162
123 344
342 100
425 335
360 358
489 65
301 377
88 471
305 256
386 434
325 375
376 254
413 430
310 377
253 412
232 262
433 49
172 173
189 51
370 56
185 470
453 459
40 33
469 379
115 334
422 395
298 260
275 185
12 371
402 322
493 118
369 418
161 369
245 115
145 223
358 454
235 390
163 341
120 9
241 282
452 488
193 285
178 200
307 399
383 266
474 456
70 422
253 4
114 395
379 152
486 161
348 8
428 411
183 2
383 69
498 344
164 362
30 246
325 79
21 151
203 187
340 150
48 116
160 471
186 305
102 492
402 217
51 354
7 177
370 205
20 16
298 10
147 323
236 60
325 500
457 276
383 114
302 346
260 42
280 311
329 145
427 39
391 205
143 109
229 264
190 89
316 441
209 6
258 218
494 316
483 383
307 120
169 160
221 272
105 91
353 252
280 148
348 45
295 220
136 303
461 252
88 96
8 133
155 42
47 131
16 490
70 175
97 2
97 194
226 166
360 52
71 431
214 227
46 252
81 344
197 164
272 217
418 210
332 52
366 338
265 328
144 31
153 227
127 491
43 162
271 364
413 5
353 222
289 169
298 497
216 392
301 126
14 91
127 54
74 173
233 390
441 364
81 494
295 416
215 32
497 247
233 414
260 437
339 380
120 62
399 238
299 168
286 74
479 39
185 232
434 246
163 288
217 382
193 121
109 210
100 33
133 317
43 279
481 381
152 125
263 158
497 227
139 471
15 394
223 152
384 225
147 290
371 215
201 220
264 331
253 195
415 302
321 163
381 280
324 153
260 401
441 318
160 372
442 388
150 372
408 282
323 440
385 346
414 71
402 55
378 205
442 290
473 394
141 242
387 56
50 413
476 373
188 227
344 336
51 478
217 377
249 291
414 415
206 395
454 34
107 128
213 58
428 180
410 271
43 114
165 371
404 270
136 219
405 424
251 253
31 138
450 255
137 495
326 415
383 260
220 202
312 377
137 499
181 35
392 114
413 435
388 198
10 92
388 172
360 135
382 464
50 333
457 462
351 408
145 302
92 102
387 77
191 2
40 231
24 410
77 254
244 71
85 27
211 135
448 130
267 418
176 298
62 443
246 320
336 216
193 276
264 269
142 207
409 153
381 406
442 133
4 415
260 368
202 188
24 412
351 212
441 311
167 68
289 171
336 182
102 73
246 279
418 324
126 177
448 434
9 401
403 351
160 365
493 173
448 337
177 234
487 453
142 15
230 73
375 88
415 250
279 298
385 43
349 34
483 436
35 306
303 7
110 474
387 222
159 122
80 433
263 137
286 434
318 335
35 323
325 49
13 139
8 312
137 56
322 368
5 403
21 9
461 45
436 149
231 2
102 41
313 105
71 411
454 406
303 191
452 375
172 224
222 138
57 188
54 435
88 359
466 21
259 8
70 25
411 461
41 287
235 237
431 59
355 70
389 407
341 271
389 466
394 268
412 141
357 199
421 144
82 306
159 122
126 181
31 164
239 148
82 68
103 414
284 173
290 77
332 147
31 328
387 227
266 439
441 379
131 273
145 191
109 285
314 170
301 91
211 1
463 56
271 301
40 23
207 421
49 379
407 443
453 227
29 465
486 233
151 367
436 178
245 310
495 118
166 12
392 258
421 297
121 395
116 433
217 7
149 293
431 312
158 188
262 323
86 90
259 66
239 335
143 3
420 256
173 15
335 357
346 372
196 418
86 170
255 285
25 290
65 313
312 261
410 118
439 86
248 75
178 198
439 41
8 381
37 265
243 311
390 96
326 211
457 363
219 144
429 499
302 149
332 296
289 450
191 212
57 77
391 328
458 457
238 483
113 231
389 208
271 287
311 375
319 283
170 65
280 99
232 246
70 383
6 161
411 420
346 195
416 318
37 344
367 432
123 213
427 276
308 189
73 270
331 175
2 384
41 296
274 220
307 286
473 456
40 445
426 97
125 325
33 244
281 169
103 166
459 49
31 196
94 152
33 498
276 446
304 489
337 429
448 383
212 407
277 129
93 449
376 148
458 433
205 414
110 23
370 149
378 278
154 339
115 222
249 285
165 68
30 321
97 214
58 12
419 136
81 287
71 327
159 316
55 204
467 179
50 336
91 283
206 63
158 25
6 479
103 452
166 258
70 82
180 186
122 17
254 12
208 139
76 126
11 76
279 461
13 79
194 75
378 254
141 216
330 324
36 220
88 468
138 332
44 50
337 289
113 15
363 350
306 329
247 171
16 398
480 464
445 149
193 123
129 192
374 212
251 225
358 245
450 14
413 209
216 348
443 332
120 436
369 136
39 380
470 35
304 212
149 32
131 112
375 283
423 419
450 231
387 484
137 449
351 426
107 318
475 384
290 321
24 481
41 134
10 218
220 459
256 338
360 51
359 313
409 286
86 447
219 284
265 149
332 12
52 44
213 276
273 352
488 107
229 297
134 386
193 437
402 72
132 140
316 494
183 216
405 271
55 398
94 344
498 145
212 329
320 112
221 120
212 96
267 86
25 18
83 256
48 231
499 52
244 354
333 127
136 404
491 358
251 88
236 314
218 364
116 421
326 312
442 322
87 184
87 475
32 366
239 10
407 260
311 393
199 51
250 297
464 67
304 77
208 54
377 184
260 47
94 156
340 427
459 229
157 52
260 437
317 147
358 105
200 69
118 78
9 54
338 70
3 232
248 91
176 243
351 470
453 264
202 198
230 180
147 47
293 153
255 338
45 329
303 85
179 197
201 259
375 347
67 250
216 156
238 10
249 200
386 189
394 348
304 359
194 40
464 131
431 57
23 141
491 349
101 400
23 50
178 106
147 264
114 69
265 53
158 49
468 432
403 473
83 323
231 298
397 85
362 464
296 297
92 105
156 338
175 96
11 405
339 92
92 276
476 8
47 61
388 14
236 445
355 26
401 28
77 449
429 67
176 262
281 494
359 365
86 199
262 394
90 212
4 205
203 277
285 150
442 390
300 316
79 241
289 475
342 445
204 245
8 334
245 110
402 93
469 391
303 4
455 208
235 396
36 476
265 426
460 445
72 86
141 31
468 142
479 229
480 358
444 51
35 430
295 407
278 112
119 320
406 486
200 252
368 300
