p td 200 148 
179 116
179 199
170 101
170 109
144 84
144 119
144 176
144 181
91 39
91 133
198 39
198 176
1 110
1 147
1 181
63 80
178 124
16 104
16 105
16 200
134 77
134 129
134 130
8 58
8 154
8 197
123 26
123 46
123 68
123 87
123 93
23 12
23 61
187 104
143 74
143 102
143 114
143 133
18 30
72 85
72 138
193 20
193 65
193 122
193 154
193 160
73 3
73 41
73 122
73 192
92 50
92 156
92 188
76 5
76 10
76 20
76 53
76 78
76 117
76 121
125 64
125 150
62 98
185 162
148 61
148 139
148 184
44 3
44 68
55 13
55 30
55 52
55 69
55 79
55 100
55 160
71 127
2 29
2 135
2 174
75 32
75 176
172 177
172 194
34 29
34 168
137 31
137 50
137 59
66 192
140 30
140 129
140 131
95 9
95 80
95 87
95 119
95 153
95 191
106 136
106 183
175 29
175 87
175 139
141 32
180 116
180 120
180 121
4 78
4 131
70 85
11 29
11 60
11 114
11 145
11 173
112 27
112 150
196 9
56 78
56 94
56 114
56 184
113 80
118 86
118 171
118 173
165 151
163 103
81 50
81 190
38 21
38 43
99 182
97 79
97 138
97 145
155 31
155 32
155 51
155 154
40 77
40 189
107 9
107 117
107 124
107 192
132 119
