p td 200 242 
199 20
199 22
199 33
199 43
199 53
199 98
199 114
199 129
199 144
199 145
199 147
199 168
199 169
199 181
16 7
16 38
16 41
16 45
16 47
16 59
16 68
16 85
16 93
16 121
16 130
16 137
16 153
16 169
16 181
16 193
21 31
21 36
21 46
21 49
21 59
21 77
21 81
21 85
21 120
21 128
21 139
21 155
21 168
21 180
21 189
21 193
21 197
164 11
164 46
164 59
164 60
164 64
164 69
164 85
164 129
164 141
164 145
164 159
164 171
164 176
164 180
164 181
180 8
180 14
180 16
180 19
180 38
180 101
180 103
180 133
180 158
180 166
180 186
53 2
53 3
53 6
53 46
53 48
53 52
53 60
53 68
53 76
53 79
53 85
53 90
53 92
53 97
53 107
53 139
53 143
53 155
53 163
53 174
53 191
1 4
1 9
1 13
1 18
1 22
1 45
1 67
1 90
1 93
1 102
1 110
1 114
1 119
1 129
1 135
1 136
1 143
1 150
1 168
1 175
1 186
1 191
1 199
189 20
189 25
189 33
189 85
189 93
189 100
189 109
189 125
189 126
189 130
189 131
189 132
189 137
189 141
189 143
189 158
189 168
189 194
92 12
92 21
92 26
92 45
92 52
92 54
92 56
92 59
92 69
92 71
92 88
92 104
92 105
92 106
92 107
92 110
92 147
92 149
92 150
92 156
92 174
148 22
148 24
148 31
148 38
148 58
148 60
148 82
148 93
148 105
148 106
148 122
148 124
148 141
148 148
148 178
148 182
148 184
148 191
148 192
50 3
50 10
50 11
50 17
50 22
50 48
50 50
50 78
50 79
50 89
50 106
50 115
50 116
50 124
50 126
50 144
50 160
50 194
27 3
27 11
27 15
27 22
27 49
27 53
27 58
27 59
27 84
27 97
27 107
27 109
27 117
27 131
27 133
27 161
27 179
165 5
165 10
165 45
165 47
165 53
165 64
165 74
165 87
165 92
165 106
165 107
165 108
165 164
165 172
126 2
126 12
126 17
126 30
126 34
126 44
126 73
126 102
126 105
126 113
126 119
126 139
126 151
126 159
126 168
126 170
126 178
126 197
